8jwa2m,2018-05-16 16:26:36,1,r/pics,0,2018-05-16 17:09:53,0,27,2595,0
8jwa2m,2018-05-16 16:26:36,1,r/pics,0,2018-05-16 17:23:05,1,10,1824,0
8jwa2m,2018-05-16 16:26:36,1,r/pics,0,2018-05-16 17:33:11,2,4,1,0
8jwa2m,2018-05-16 16:26:36,1,r/pics,0,2018-05-16 18:19:25,3,2,1,0
8jwa2m,2018-05-16 16:26:36,1,r/pics,0,2018-05-16 18:21:50,4,0,1,0
8jwa2m,2018-05-16 16:26:36,1,r/pics,0,2018-05-16 17:41:26,3,2,1,0
8jwa2m,2018-05-16 16:26:36,1,r/pics,0,2018-05-16 18:19:23,4,6,1,0
8jwa2m,2018-05-16 16:26:36,1,r/pics,0,2018-05-16 18:21:26,5,2,1,0
8jwa2m,2018-05-16 16:26:36,1,r/pics,0,2018-05-16 18:22:49,6,1,1,0
8jwa2m,2018-05-16 16:26:36,1,r/pics,0,2018-05-16 18:23:48,7,1,1,0
8jwa2m,2018-05-16 16:26:36,1,r/pics,0,2018-05-16 18:26:39,8,0,1,0
8jwa2m,2018-05-16 16:26:36,1,r/pics,0,2018-05-16 18:24:24,6,0,1,0
8jwa2m,2018-05-16 16:26:36,1,r/pics,0,2018-05-16 18:22:46,5,1,1,0
8jwa2m,2018-05-16 16:26:36,1,r/pics,0,2018-05-16 18:24:01,6,0,1,0
8jwa2m,2018-05-16 16:26:36,1,r/pics,0,2018-05-16 18:21:35,5,2,1,0
8jwa2m,2018-05-16 16:26:36,1,r/pics,0,2018-05-16 18:24:12,6,0,1,0
8jwa2m,2018-05-16 16:26:36,1,r/pics,0,2018-05-16 18:25:27,6,1,1,0
8jwa2m,2018-05-16 16:26:36,1,r/pics,0,2018-05-16 18:28:04,7,0,1,0
8jwa2m,2018-05-16 16:26:36,1,r/pics,0,2018-05-16 18:25:30,5,0,1,0
8jwa2m,2018-05-16 16:26:36,1,r/pics,0,2018-05-16 18:23:15,5,0,1,0
8jwa2m,2018-05-16 16:26:36,1,r/pics,0,2018-05-16 18:23:43,5,0,1,0
8jwa2m,2018-05-16 16:26:36,1,r/pics,0,2018-05-16 18:22:00,3,0,1,0
8jwa2m,2018-05-16 16:26:36,1,r/pics,0,2018-05-16 17:50:37,2,1,1,0
8jwa2m,2018-05-16 16:26:36,1,r/pics,0,2018-05-16 17:55:17,3,2,1,0
8jwa2m,2018-05-16 16:26:36,1,r/pics,0,2018-05-16 18:01:52,4,5,1,0
8jwa2m,2018-05-16 16:26:36,1,r/pics,0,2018-05-16 18:13:20,5,4,1,0
8jwa2m,2018-05-16 16:26:36,1,r/pics,0,2018-05-16 18:25:50,6,0,1,0
8jwa2m,2018-05-16 16:26:36,1,r/pics,0,2018-05-16 18:15:08,6,8,1,0
8jwa2m,2018-05-16 16:26:36,1,r/pics,0,2018-05-16 18:20:24,7,3,1,0
8jwa2m,2018-05-16 16:26:36,1,r/pics,0,2018-05-16 18:26:00,8,0,1,0
8jwa2m,2018-05-16 16:26:36,1,r/pics,0,2018-05-16 18:27:52,8,0,1,0
8jwa2m,2018-05-16 16:26:36,1,r/pics,0,2018-05-16 18:29:26,8,0,1,0
8jwa2m,2018-05-16 16:26:36,1,r/pics,0,2018-05-16 18:20:10,7,2,1,0
8jwa2m,2018-05-16 16:26:36,1,r/pics,0,2018-05-16 18:29:28,8,0,1,0
8jwa2m,2018-05-16 16:26:36,1,r/pics,0,2018-05-16 18:25:55,7,0,1,0
8jwa2m,2018-05-16 16:26:36,1,r/pics,0,2018-05-16 18:26:15,7,0,1,0
8jwa2m,2018-05-16 16:26:36,1,r/pics,0,2018-05-16 18:26:54,7,0,1,0
8jwa2m,2018-05-16 16:26:36,1,r/pics,0,2018-05-16 18:26:57,7,0,1,0
8jwa2m,2018-05-16 16:26:36,1,r/pics,0,2018-05-16 18:27:15,7,0,1,0
8jwa2m,2018-05-16 16:26:36,1,r/pics,0,2018-05-16 18:21:09,7,1,1,0
8jwa2m,2018-05-16 16:26:36,1,r/pics,0,2018-05-16 18:28:22,8,0,1,0
8jwa2m,2018-05-16 16:26:36,1,r/pics,0,2018-05-16 18:27:59,6,0,1,0
8jwa2m,2018-05-16 16:26:36,1,r/pics,0,2018-05-16 18:27:33,5,0,1,0
8jwa2m,2018-05-16 16:26:36,1,r/pics,0,2018-05-16 18:27:43,5,0,1,0
8jwa2m,2018-05-16 16:26:36,1,r/pics,0,2018-05-16 18:28:49,5,0,1,0
8jwa2m,2018-05-16 16:26:36,1,r/pics,0,2018-05-16 18:26:01,4,0,1,0
8jwa2m,2018-05-16 16:26:36,1,r/pics,0,2018-05-16 18:00:32,2,6,1,0
8jwa2m,2018-05-16 16:26:36,1,r/pics,0,2018-05-16 18:06:22,3,0,1,0
8jwa2m,2018-05-16 16:26:36,1,r/pics,0,2018-05-16 18:07:07,3,0,1,0
8jwa2m,2018-05-16 16:26:36,1,r/pics,0,2018-05-16 18:15:21,3,2,1,0
8jwa2m,2018-05-16 16:26:36,1,r/pics,0,2018-05-16 18:20:42,4,0,1,0
8jwa2m,2018-05-16 16:26:36,1,r/pics,0,2018-05-16 18:20:42,4,0,1,0
8jwa2m,2018-05-16 16:26:36,1,r/pics,0,2018-05-16 18:16:10,3,0,1,0
8jwa2m,2018-05-16 16:26:36,1,r/pics,0,2018-05-16 18:19:46,3,0,1,0
8jwa2m,2018-05-16 16:26:36,1,r/pics,0,2018-05-16 18:27:27,3,0,1,0
8jwa2m,2018-05-16 16:26:36,1,r/pics,0,2018-05-16 18:12:02,2,2,1,0
8jwa2m,2018-05-16 16:26:36,1,r/pics,0,2018-05-16 18:29:40,3,0,1,0
8jwa2m,2018-05-16 16:26:36,1,r/pics,0,2018-05-16 18:23:22,2,0,1,0
8jwa2m,2018-05-16 16:26:36,1,r/pics,0,2018-05-16 17:53:19,2,0,1,0
8jwa2m,2018-05-16 16:26:36,1,r/pics,0,2018-05-16 18:29:15,2,0,1,0
8jwa2m,2018-05-16 16:26:36,1,r/pics,0,2018-05-16 18:19:49,2,0,1,0
8jwa2m,2018-05-16 16:26:36,1,r/pics,0,2018-05-16 18:20:19,2,0,1,0
8jwa2m,2018-05-16 16:26:36,1,r/pics,0,2018-05-16 17:23:59,1,10,529,0
8jwa2m,2018-05-16 16:26:36,1,r/pics,0,2018-05-16 17:30:32,2,5,1,0
8jwa2m,2018-05-16 16:26:36,1,r/pics,0,2018-05-16 17:51:21,3,5,1,0
8jwa2m,2018-05-16 16:26:36,1,r/pics,0,2018-05-16 18:05:20,4,4,1,0
8jwa2m,2018-05-16 16:26:36,1,r/pics,0,2018-05-16 18:09:59,5,3,1,0
8jwa2m,2018-05-16 16:26:36,1,r/pics,0,2018-05-16 18:13:45,6,2,1,0
8jwa2m,2018-05-16 16:26:36,1,r/pics,0,2018-05-16 18:16:09,7,3,1,0
8jwa2m,2018-05-16 16:26:36,1,r/pics,0,2018-05-16 18:21:51,8,0,1,0
8jwa2m,2018-05-16 16:26:36,1,r/pics,0,2018-05-16 18:25:28,8,0,1,0
8jwa2m,2018-05-16 16:26:36,1,r/pics,0,2018-05-16 18:26:20,8,0,1,0
8jwa2m,2018-05-16 16:26:36,1,r/pics,0,2018-05-16 18:18:58,7,1,1,0
8jwa2m,2018-05-16 16:26:36,1,r/pics,0,2018-05-16 18:20:49,8,2,1,0
8jwa2m,2018-05-16 16:26:36,1,r/pics,0,2018-05-16 18:27:11,9,0,1,0
8jwa2m,2018-05-16 16:26:36,1,r/pics,0,2018-05-16 18:27:02,9,0,1,0
8jwa2m,2018-05-16 16:26:36,1,r/pics,0,2018-05-16 18:18:13,6,1,1,0
8jwa2m,2018-05-16 16:26:36,1,r/pics,0,2018-05-16 18:22:49,7,0,1,0
8jwa2m,2018-05-16 16:26:36,1,r/pics,0,2018-05-16 18:14:58,6,0,1,0
8jwa2m,2018-05-16 16:26:36,1,r/pics,0,2018-05-16 18:14:58,5,0,1,0
8jwa2m,2018-05-16 16:26:36,1,r/pics,0,2018-05-16 18:22:41,5,0,1,0
8jwa2m,2018-05-16 16:26:36,1,r/pics,0,2018-05-16 18:11:43,4,2,1,0
8jwa2m,2018-05-16 16:26:36,1,r/pics,0,2018-05-16 18:17:31,5,0,1,0
8jwa2m,2018-05-16 16:26:36,1,r/pics,0,2018-05-16 18:23:26,5,0,1,0
8jwa2m,2018-05-16 16:26:36,1,r/pics,0,2018-05-16 18:15:35,4,0,1,0
8jwa2m,2018-05-16 16:26:36,1,r/pics,0,2018-05-16 18:25:35,4,0,1,0
8jwa2m,2018-05-16 16:26:36,1,r/pics,0,2018-05-16 18:29:45,4,0,1,0
8jwa2m,2018-05-16 16:26:36,1,r/pics,0,2018-05-16 17:56:42,3,0,1,0
8jwa2m,2018-05-16 16:26:36,1,r/pics,0,2018-05-16 17:45:29,3,1,1,0
8jwa2m,2018-05-16 16:26:36,1,r/pics,0,2018-05-16 18:22:50,3,0,1,0
8jwa2m,2018-05-16 16:26:36,1,r/pics,0,2018-05-16 17:59:26,2,1,1,0
8jwa2m,2018-05-16 16:26:36,1,r/pics,0,2018-05-16 18:03:43,3,3,1,0
8jwa2m,2018-05-16 16:26:36,1,r/pics,0,2018-05-16 18:08:34,4,1,1,0
8jwa2m,2018-05-16 16:26:36,1,r/pics,0,2018-05-16 18:23:14,5,1,1,0
8jwa2m,2018-05-16 16:26:36,1,r/pics,0,2018-05-16 18:27:01,6,0,1,0
8jwa2m,2018-05-16 16:26:36,1,r/pics,0,2018-05-16 18:11:40,4,5,1,0
8jwa2m,2018-05-16 16:26:36,1,r/pics,0,2018-05-16 18:17:56,5,0,1,0
8jwa2m,2018-05-16 16:26:36,1,r/pics,0,2018-05-16 18:18:32,5,1,1,0
8jwa2m,2018-05-16 16:26:36,1,r/pics,0,2018-05-16 18:26:55,6,0,1,0
8jwa2m,2018-05-16 16:26:36,1,r/pics,0,2018-05-16 18:22:17,5,0,1,0
8jwa2m,2018-05-16 16:26:36,1,r/pics,0,2018-05-16 18:24:26,5,0,1,0
8jwa2m,2018-05-16 16:26:36,1,r/pics,0,2018-05-16 18:19:26,5,1,1,0
8jwa2m,2018-05-16 16:26:36,1,r/pics,0,2018-05-16 18:25:35,6,0,1,0
8jwa2m,2018-05-16 16:26:36,1,r/pics,0,2018-05-16 18:18:33,4,0,1,0
8jwa2m,2018-05-16 16:26:36,1,r/pics,0,2018-05-16 18:00:47,2,1,1,0
8jwa2m,2018-05-16 16:26:36,1,r/pics,0,2018-05-16 18:27:37,3,0,1,0
8jwa2m,2018-05-16 16:26:36,1,r/pics,0,2018-05-16 18:24:06,2,1,1,0
8jwa2m,2018-05-16 16:26:36,1,r/pics,0,2018-05-16 18:29:40,3,0,1,0
8jwa2m,2018-05-16 16:26:36,1,r/pics,0,2018-05-16 17:41:25,2,1,1,0
8jwa2m,2018-05-16 16:26:36,1,r/pics,0,2018-05-16 17:57:24,3,5,1,0
8jwa2m,2018-05-16 16:26:36,1,r/pics,0,2018-05-16 18:01:05,4,2,1,0
8jwa2m,2018-05-16 16:26:36,1,r/pics,0,2018-05-16 18:17:49,5,0,1,0
8jwa2m,2018-05-16 16:26:36,1,r/pics,0,2018-05-16 18:18:53,5,1,1,0
8jwa2m,2018-05-16 16:26:36,1,r/pics,0,2018-05-16 18:23:48,6,0,1,0
8jwa2m,2018-05-16 16:26:36,1,r/pics,0,2018-05-16 18:08:28,4,1,1,0
8jwa2m,2018-05-16 16:26:36,1,r/pics,0,2018-05-16 18:25:06,5,0,1,0
8jwa2m,2018-05-16 16:26:36,1,r/pics,0,2018-05-16 18:15:23,4,0,1,0
8jwa2m,2018-05-16 16:26:36,1,r/pics,0,2018-05-16 18:20:58,4,0,1,0
8jwa2m,2018-05-16 16:26:36,1,r/pics,0,2018-05-16 18:16:15,4,0,1,0
8jwa2m,2018-05-16 16:26:36,1,r/pics,0,2018-05-16 18:19:07,2,0,1,0
8jwa2m,2018-05-16 16:26:36,1,r/pics,0,2018-05-16 18:21:05,2,0,1,0
8jwa2m,2018-05-16 16:26:36,1,r/pics,0,2018-05-16 18:25:01,2,0,1,0
8jwa2m,2018-05-16 16:26:36,1,r/pics,0,2018-05-16 18:28:23,2,0,1,0
8jwa2m,2018-05-16 16:26:36,1,r/pics,0,2018-05-16 17:35:23,1,4,1,0
8jwa2m,2018-05-16 16:26:36,1,r/pics,0,2018-05-16 17:45:02,2,5,1,0
8jwa2m,2018-05-16 16:26:36,1,r/pics,0,2018-05-16 17:59:33,3,4,1,0
8jwa2m,2018-05-16 16:26:36,1,r/pics,0,2018-05-16 18:02:48,4,4,1,0
8jwa2m,2018-05-16 16:26:36,1,r/pics,0,2018-05-16 18:08:41,5,1,1,0
8jwa2m,2018-05-16 16:26:36,1,r/pics,0,2018-05-16 18:21:48,6,2,1,0
8jwa2m,2018-05-16 16:26:36,1,r/pics,0,2018-05-16 18:26:24,7,0,1,0
8jwa2m,2018-05-16 16:26:36,1,r/pics,0,2018-05-16 18:28:21,7,0,1,0
8jwa2m,2018-05-16 16:26:36,1,r/pics,0,2018-05-16 18:04:26,5,2,1,0
8jwa2m,2018-05-16 16:26:36,1,r/pics,0,2018-05-16 18:06:27,6,1,1,0
8jwa2m,2018-05-16 16:26:36,1,r/pics,0,2018-05-16 18:13:32,7,3,1,0
8jwa2m,2018-05-16 16:26:36,1,r/pics,0,2018-05-16 18:18:20,8,1,1,0
8jwa2m,2018-05-16 16:26:36,1,r/pics,0,2018-05-16 18:16:23,8,1,1,0
8jwa2m,2018-05-16 16:26:36,1,r/pics,0,2018-05-16 18:27:10,9,0,1,0
8jwa2m,2018-05-16 16:26:36,1,r/pics,0,2018-05-16 18:17:25,8,0,1,0
8jwa2m,2018-05-16 16:26:36,1,r/pics,0,2018-05-16 18:16:32,6,1,1,0
8jwa2m,2018-05-16 16:26:36,1,r/pics,0,2018-05-16 18:25:42,7,0,1,0
8jwa2m,2018-05-16 16:26:36,1,r/pics,0,2018-05-16 18:07:20,5,0,1,0
8jwa2m,2018-05-16 16:26:36,1,r/pics,0,2018-05-16 18:06:51,5,0,1,0
8jwa2m,2018-05-16 16:26:36,1,r/pics,0,2018-05-16 18:15:31,4,1,1,0
8jwa2m,2018-05-16 16:26:36,1,r/pics,0,2018-05-16 18:28:27,5,0,1,0
8jwa2m,2018-05-16 16:26:36,1,r/pics,0,2018-05-16 18:18:18,4,0,1,0
8jwa2m,2018-05-16 16:26:36,1,r/pics,0,2018-05-16 18:04:31,3,1,1,0
8jwa2m,2018-05-16 16:26:36,1,r/pics,0,2018-05-16 18:06:16,4,2,1,0
8jwa2m,2018-05-16 16:26:36,1,r/pics,0,2018-05-16 18:07:46,5,0,1,0
8jwa2m,2018-05-16 16:26:36,1,r/pics,0,2018-05-16 18:23:43,5,0,1,0
8jwa2m,2018-05-16 16:26:36,1,r/pics,0,2018-05-16 18:26:11,3,0,1,0
8jwa2m,2018-05-16 16:26:36,1,r/pics,0,2018-05-16 18:27:42,3,0,1,0
8jwa2m,2018-05-16 16:26:36,1,r/pics,0,2018-05-16 18:28:05,3,0,1,0
8jwa2m,2018-05-16 16:26:36,1,r/pics,0,2018-05-16 18:22:15,2,0,1,0
8jwa2m,2018-05-16 16:26:36,1,r/pics,0,2018-05-16 18:22:42,2,0,1,0
8jwa2m,2018-05-16 16:26:36,1,r/pics,0,2018-05-16 17:50:22,1,3,1,0
8jwa2m,2018-05-16 16:26:36,1,r/pics,0,2018-05-16 17:55:14,2,0,1,0
8jwa2m,2018-05-16 16:26:36,1,r/pics,0,2018-05-16 17:54:57,2,0,1,0
8jwa2m,2018-05-16 16:26:36,1,r/pics,0,2018-05-16 18:26:29,2,0,1,0
8jwa2m,2018-05-16 16:26:36,1,r/pics,0,2018-05-16 17:45:12,1,1,1,0
8jwa2m,2018-05-16 16:26:36,1,r/pics,0,2018-05-16 18:29:01,2,0,1,0
8jwa2m,2018-05-16 16:26:36,1,r/pics,0,2018-05-16 18:01:11,1,0,1,0
8jwa2m,2018-05-16 16:26:36,1,r/pics,0,2018-05-16 18:10:53,1,1,1,0
8jwa2m,2018-05-16 16:26:36,1,r/pics,0,2018-05-16 18:18:19,2,0,1,0
8jwa2m,2018-05-16 16:26:36,1,r/pics,0,2018-05-16 18:07:47,1,4,1,0
8jwa2m,2018-05-16 16:26:36,1,r/pics,0,2018-05-16 18:15:48,2,0,1,0
8jwa2m,2018-05-16 16:26:36,1,r/pics,0,2018-05-16 18:19:01,2,0,1,0
8jwa2m,2018-05-16 16:26:36,1,r/pics,0,2018-05-16 18:24:48,2,0,1,0
8jwa2m,2018-05-16 16:26:36,1,r/pics,0,2018-05-16 18:15:30,2,1,1,0
8jwa2m,2018-05-16 16:26:36,1,r/pics,0,2018-05-16 18:20:03,3,1,1,0
8jwa2m,2018-05-16 16:26:36,1,r/pics,0,2018-05-16 18:24:18,4,0,1,0
8jwa2m,2018-05-16 16:26:36,1,r/pics,0,2018-05-16 18:11:51,1,0,1,0
8jwa2m,2018-05-16 16:26:36,1,r/pics,0,2018-05-16 18:13:28,1,0,1,0
8jwa2m,2018-05-16 16:26:36,1,r/pics,0,2018-05-16 18:17:39,1,0,1,0
8jwa2m,2018-05-16 16:26:36,1,r/pics,0,2018-05-16 18:18:57,1,0,1,0
8jwa2m,2018-05-16 16:26:36,1,r/pics,0,2018-05-16 18:19:10,1,0,1,0
8jwa2m,2018-05-16 16:26:36,1,r/pics,0,2018-05-16 18:19:14,1,0,1,0
8jwa2m,2018-05-16 16:26:36,1,r/pics,0,2018-05-16 18:22:18,1,0,1,0
8jwa2m,2018-05-16 16:26:36,1,r/pics,0,2018-05-16 18:23:45,1,0,1,0
8jwa2m,2018-05-16 16:26:36,1,r/pics,0,2018-05-16 18:24:25,1,0,1,0
8jwa2m,2018-05-16 16:26:36,1,r/pics,0,2018-05-16 18:24:25,1,0,1,0
8jwa2m,2018-05-16 16:26:36,1,r/pics,0,2018-05-16 18:25:25,1,0,1,0
8jwa2m,2018-05-16 16:26:36,1,r/pics,0,2018-05-16 18:25:54,1,0,1,0
8jwa2m,2018-05-16 16:26:36,1,r/pics,0,2018-05-16 18:25:57,1,0,1,0
8jwa2m,2018-05-16 16:26:36,1,r/pics,0,2018-05-16 18:26:16,1,0,1,0
8jwa2m,2018-05-16 16:26:36,1,r/pics,0,2018-05-16 18:27:27,1,0,1,0
8jwa2m,2018-05-16 16:26:36,1,r/pics,0,2018-05-16 18:28:37,1,0,1,0
8jwa2m,2018-05-16 16:26:36,1,r/pics,0,2018-05-16 18:28:54,1,0,1,0
8jwa2m,2018-05-16 16:26:36,1,r/pics,0,2018-05-16 18:29:26,1,0,1,0
8jwa2m,2018-05-16 16:26:36,1,r/pics,1,2018-05-16 17:17:22,0,5,371,0
8jwa2m,2018-05-16 16:26:36,1,r/pics,1,2018-05-16 17:59:32,1,2,1,0
8jwa2m,2018-05-16 16:26:36,1,r/pics,1,2018-05-16 18:10:35,2,2,1,0
8jwa2m,2018-05-16 16:26:36,1,r/pics,1,2018-05-16 18:25:56,3,0,1,0
8jwa2m,2018-05-16 16:26:36,1,r/pics,1,2018-05-16 18:17:04,2,1,1,0
8jwa2m,2018-05-16 16:26:36,1,r/pics,1,2018-05-16 18:25:00,3,1,1,0
8jwa2m,2018-05-16 16:26:36,1,r/pics,1,2018-05-16 18:28:38,4,0,1,0
8jwa2m,2018-05-16 16:26:36,1,r/pics,1,2018-05-16 18:24:22,1,0,1,0
8jwa2m,2018-05-16 16:26:36,1,r/pics,1,2018-05-16 18:24:22,1,0,1,0
8jwa2m,2018-05-16 16:26:36,1,r/pics,1,2018-05-16 18:24:27,1,0,1,0
8jwa2m,2018-05-16 16:26:36,1,r/pics,1,2018-05-16 18:15:38,1,1,1,0
8jwa2m,2018-05-16 16:26:36,1,r/pics,1,2018-05-16 18:19:40,2,0,1,0
8jwa2m,2018-05-16 16:26:36,1,r/pics,2,2018-05-16 17:07:02,0,15,1566,0
8jwa2m,2018-05-16 16:26:36,1,r/pics,2,2018-05-16 17:13:29,1,17,1096,0
8jwa2m,2018-05-16 16:26:36,1,r/pics,2,2018-05-16 17:18:04,2,7,405,0
8jwa2m,2018-05-16 16:26:36,1,r/pics,2,2018-05-16 17:41:40,3,1,1,0
8jwa2m,2018-05-16 16:26:36,1,r/pics,2,2018-05-16 17:48:31,4,6,1,0
8jwa2m,2018-05-16 16:26:36,1,r/pics,2,2018-05-16 17:59:22,5,6,1,0
8jwa2m,2018-05-16 16:26:36,1,r/pics,2,2018-05-16 18:22:29,6,0,1,0
8jwa2m,2018-05-16 16:26:36,1,r/pics,2,2018-05-16 18:14:31,6,0,1,0
8jwa2m,2018-05-16 16:26:36,1,r/pics,2,2018-05-16 18:27:27,6,0,1,0
8jwa2m,2018-05-16 16:26:36,1,r/pics,2,2018-05-16 18:28:09,6,0,1,0
8jwa2m,2018-05-16 16:26:36,1,r/pics,2,2018-05-16 18:28:12,6,0,1,0
8jwa2m,2018-05-16 16:26:36,1,r/pics,2,2018-05-16 18:22:56,5,0,1,0
8jwa2m,2018-05-16 16:26:36,1,r/pics,2,2018-05-16 18:10:48,5,0,1,0
8jwa2m,2018-05-16 16:26:36,1,r/pics,2,2018-05-16 18:24:32,5,1,1,0
8jwa2m,2018-05-16 16:26:36,1,r/pics,2,2018-05-16 18:26:22,6,0,1,0
8jwa2m,2018-05-16 16:26:36,1,r/pics,2,2018-05-16 18:28:10,5,0,1,0
8jwa2m,2018-05-16 16:26:36,1,r/pics,2,2018-05-16 18:28:56,5,0,1,0
8jwa2m,2018-05-16 16:26:36,1,r/pics,2,2018-05-16 18:18:27,3,0,1,0
8jwa2m,2018-05-16 16:26:36,1,r/pics,2,2018-05-16 17:48:43,3,2,1,0
8jwa2m,2018-05-16 16:26:36,1,r/pics,2,2018-05-16 17:53:21,4,2,1,0
8jwa2m,2018-05-16 16:26:36,1,r/pics,2,2018-05-16 18:00:21,5,0,1,0
8jwa2m,2018-05-16 16:26:36,1,r/pics,2,2018-05-16 18:22:28,5,0,1,0
8jwa2m,2018-05-16 16:26:36,1,r/pics,2,2018-05-16 18:29:49,4,0,1,0
8jwa2m,2018-05-16 16:26:36,1,r/pics,2,2018-05-16 18:23:45,3,0,1,0
8jwa2m,2018-05-16 16:26:36,1,r/pics,2,2018-05-16 18:08:57,3,1,1,0
8jwa2m,2018-05-16 16:26:36,1,r/pics,2,2018-05-16 18:27:08,4,0,1,0
8jwa2m,2018-05-16 16:26:36,1,r/pics,2,2018-05-16 17:51:43,3,0,1,0
8jwa2m,2018-05-16 16:26:36,1,r/pics,2,2018-05-16 18:05:40,2,0,1,0
8jwa2m,2018-05-16 16:26:36,1,r/pics,2,2018-05-16 18:17:02,2,0,1,0
8jwa2m,2018-05-16 16:26:36,1,r/pics,2,2018-05-16 17:23:53,2,0,12,0
8jwa2m,2018-05-16 16:26:36,1,r/pics,2,2018-05-16 18:00:42,2,0,1,0
8jwa2m,2018-05-16 16:26:36,1,r/pics,2,2018-05-16 17:40:38,2,3,1,0
8jwa2m,2018-05-16 16:26:36,1,r/pics,2,2018-05-16 17:41:52,3,1,1,0
8jwa2m,2018-05-16 16:26:36,1,r/pics,2,2018-05-16 17:44:54,3,1,1,0
8jwa2m,2018-05-16 16:26:36,1,r/pics,2,2018-05-16 17:50:21,4,0,1,0
8jwa2m,2018-05-16 16:26:36,1,r/pics,2,2018-05-16 18:26:09,3,0,1,0
8jwa2m,2018-05-16 16:26:36,1,r/pics,2,2018-05-16 17:46:03,2,0,1,0
8jwa2m,2018-05-16 16:26:36,1,r/pics,2,2018-05-16 17:55:42,2,0,1,0
8jwa2m,2018-05-16 16:26:36,1,r/pics,2,2018-05-16 18:08:43,2,0,1,0
8jwa2m,2018-05-16 16:26:36,1,r/pics,2,2018-05-16 18:12:25,2,0,1,0
8jwa2m,2018-05-16 16:26:36,1,r/pics,2,2018-05-16 18:17:11,2,0,1,0
8jwa2m,2018-05-16 16:26:36,1,r/pics,2,2018-05-16 18:21:09,2,0,1,0
8jwa2m,2018-05-16 16:26:36,1,r/pics,2,2018-05-16 18:24:15,2,0,1,0
8jwa2m,2018-05-16 16:26:36,1,r/pics,2,2018-05-16 18:26:49,2,0,1,0
8jwa2m,2018-05-16 16:26:36,1,r/pics,2,2018-05-16 18:27:14,2,0,1,0
8jwa2m,2018-05-16 16:26:36,1,r/pics,2,2018-05-16 18:27:44,2,0,1,0
8jwa2m,2018-05-16 16:26:36,1,r/pics,2,2018-05-16 17:48:58,2,2,1,0
8jwa2m,2018-05-16 16:26:36,1,r/pics,2,2018-05-16 17:57:16,3,1,1,0
8jwa2m,2018-05-16 16:26:36,1,r/pics,2,2018-05-16 18:00:14,4,3,1,0
8jwa2m,2018-05-16 16:26:36,1,r/pics,2,2018-05-16 18:13:43,5,0,1,0
8jwa2m,2018-05-16 16:26:36,1,r/pics,2,2018-05-16 18:16:19,5,0,1,0
8jwa2m,2018-05-16 16:26:36,1,r/pics,2,2018-05-16 18:17:59,5,0,1,0
8jwa2m,2018-05-16 16:26:36,1,r/pics,2,2018-05-16 18:14:07,3,0,1,0
8jwa2m,2018-05-16 16:26:36,1,r/pics,2,2018-05-16 17:42:32,1,3,1,0
8jwa2m,2018-05-16 16:26:36,1,r/pics,2,2018-05-16 18:13:57,2,0,1,0
8jwa2m,2018-05-16 16:26:36,1,r/pics,2,2018-05-16 18:17:27,2,0,1,0
8jwa2m,2018-05-16 16:26:36,1,r/pics,2,2018-05-16 18:27:44,2,0,1,0
8jwa2m,2018-05-16 16:26:36,1,r/pics,2,2018-05-16 17:13:24,1,2,43,0
8jwa2m,2018-05-16 16:26:36,1,r/pics,2,2018-05-16 17:23:36,2,1,14,0
8jwa2m,2018-05-16 16:26:36,1,r/pics,2,2018-05-16 18:25:25,3,0,1,0
8jwa2m,2018-05-16 16:26:36,1,r/pics,2,2018-05-16 18:24:46,2,0,1,0
8jwa2m,2018-05-16 16:26:36,1,r/pics,2,2018-05-16 17:54:05,1,0,1,0
8jwa2m,2018-05-16 16:26:36,1,r/pics,2,2018-05-16 18:19:45,1,0,1,0
8jwa2m,2018-05-16 16:26:36,1,r/pics,2,2018-05-16 17:12:29,1,0,10,0
8jwa2m,2018-05-16 16:26:36,1,r/pics,2,2018-05-16 17:59:15,1,1,1,0
8jwa2m,2018-05-16 16:26:36,1,r/pics,2,2018-05-16 18:23:33,2,1,1,0
8jwa2m,2018-05-16 16:26:36,1,r/pics,2,2018-05-16 18:28:06,3,0,1,0
8jwa2m,2018-05-16 16:26:36,1,r/pics,2,2018-05-16 17:46:35,1,0,1,0
8jwa2m,2018-05-16 16:26:36,1,r/pics,2,2018-05-16 18:15:04,1,0,1,0
8jwa2m,2018-05-16 16:26:36,1,r/pics,2,2018-05-16 17:48:00,1,0,1,0
8jwa2m,2018-05-16 16:26:36,1,r/pics,2,2018-05-16 18:21:22,1,0,1,0
8jwa2m,2018-05-16 16:26:36,1,r/pics,2,2018-05-16 18:25:44,1,0,1,0
8jwa2m,2018-05-16 16:26:36,1,r/pics,2,2018-05-16 18:27:30,1,0,1,0
8jwa2m,2018-05-16 16:26:36,1,r/pics,2,2018-05-16 18:27:42,1,0,1,0
8jwa2m,2018-05-16 16:26:36,1,r/pics,2,2018-05-16 18:28:07,1,0,1,0
8jwa2m,2018-05-16 16:26:36,1,r/pics,3,2018-05-16 17:27:34,0,5,454,0
8jwa2m,2018-05-16 16:26:36,1,r/pics,3,2018-05-16 17:30:20,1,2,1,0
8jwa2m,2018-05-16 16:26:36,1,r/pics,3,2018-05-16 17:34:00,2,4,1,0
8jwa2m,2018-05-16 16:26:36,1,r/pics,3,2018-05-16 18:10:13,3,3,1,0
8jwa2m,2018-05-16 16:26:36,1,r/pics,3,2018-05-16 18:19:55,4,0,1,0
8jwa2m,2018-05-16 16:26:36,1,r/pics,3,2018-05-16 18:27:41,4,0,1,0
8jwa2m,2018-05-16 16:26:36,1,r/pics,3,2018-05-16 18:28:15,4,0,1,0
8jwa2m,2018-05-16 16:26:36,1,r/pics,3,2018-05-16 17:37:47,3,2,1,0
8jwa2m,2018-05-16 16:26:36,1,r/pics,3,2018-05-16 17:56:30,4,7,1,0
8jwa2m,2018-05-16 16:26:36,1,r/pics,3,2018-05-16 18:05:42,5,2,1,0
8jwa2m,2018-05-16 16:26:36,1,r/pics,3,2018-05-16 18:27:42,6,0,1,0
8jwa2m,2018-05-16 16:26:36,1,r/pics,3,2018-05-16 18:28:38,6,0,1,0
8jwa2m,2018-05-16 16:26:36,1,r/pics,3,2018-05-16 18:16:13,5,1,1,0
8jwa2m,2018-05-16 16:26:36,1,r/pics,3,2018-05-16 18:29:04,6,0,1,0
8jwa2m,2018-05-16 16:26:36,1,r/pics,3,2018-05-16 18:19:51,5,0,1,0
8jwa2m,2018-05-16 16:26:36,1,r/pics,3,2018-05-16 18:26:39,5,0,1,0
8jwa2m,2018-05-16 16:26:36,1,r/pics,3,2018-05-16 18:29:43,5,0,1,0
8jwa2m,2018-05-16 16:26:36,1,r/pics,3,2018-05-16 18:17:58,5,2,1,0
8jwa2m,2018-05-16 16:26:36,1,r/pics,3,2018-05-16 18:29:10,6,0,1,0
8jwa2m,2018-05-16 16:26:36,1,r/pics,3,2018-05-16 18:11:32,4,0,1,0
8jwa2m,2018-05-16 16:26:36,1,r/pics,3,2018-05-16 18:18:19,3,0,1,0
8jwa2m,2018-05-16 16:26:36,1,r/pics,3,2018-05-16 18:25:56,3,0,1,0
8jwa2m,2018-05-16 16:26:36,1,r/pics,3,2018-05-16 18:23:31,2,0,1,0
8jwa2m,2018-05-16 16:26:36,1,r/pics,3,2018-05-16 18:18:33,1,0,1,0
8jwa2m,2018-05-16 16:26:36,1,r/pics,3,2018-05-16 18:22:34,1,0,1,0
8jwa2m,2018-05-16 16:26:36,1,r/pics,3,2018-05-16 18:24:07,1,0,1,0
8jwa2m,2018-05-16 16:26:36,1,r/pics,3,2018-05-16 18:26:59,1,0,1,0
8jwa2m,2018-05-16 16:26:36,1,r/pics,4,2018-05-16 17:09:17,0,4,535,0
8jwa2m,2018-05-16 16:26:36,1,r/pics,4,2018-05-16 17:37:32,1,5,1,0
8jwa2m,2018-05-16 16:26:36,1,r/pics,4,2018-05-16 17:58:14,2,1,1,0
8jwa2m,2018-05-16 16:26:36,1,r/pics,4,2018-05-16 18:17:32,3,2,1,0
8jwa2m,2018-05-16 16:26:36,1,r/pics,4,2018-05-16 18:24:52,4,0,1,0
8jwa2m,2018-05-16 16:26:36,1,r/pics,4,2018-05-16 18:24:03,4,0,1,0
8jwa2m,2018-05-16 16:26:36,1,r/pics,4,2018-05-16 18:17:27,2,0,1,0
8jwa2m,2018-05-16 16:26:36,1,r/pics,4,2018-05-16 18:01:10,2,1,1,0
8jwa2m,2018-05-16 16:26:36,1,r/pics,4,2018-05-16 18:19:48,3,1,1,0
8jwa2m,2018-05-16 16:26:36,1,r/pics,4,2018-05-16 18:22:25,2,0,1,0
8jwa2m,2018-05-16 16:26:36,1,r/pics,4,2018-05-16 18:20:14,2,0,1,0
8jwa2m,2018-05-16 16:26:36,1,r/pics,4,2018-05-16 17:25:06,1,3,21,0
8jwa2m,2018-05-16 16:26:36,1,r/pics,4,2018-05-16 17:48:10,2,3,1,0
8jwa2m,2018-05-16 16:26:36,1,r/pics,4,2018-05-16 18:13:53,3,1,1,0
8jwa2m,2018-05-16 16:26:36,1,r/pics,4,2018-05-16 18:18:11,4,0,1,0
8jwa2m,2018-05-16 16:26:36,1,r/pics,4,2018-05-16 18:23:50,3,0,1,0
8jwa2m,2018-05-16 16:26:36,1,r/pics,4,2018-05-16 18:23:14,2,0,1,0
8jwa2m,2018-05-16 16:26:36,1,r/pics,4,2018-05-16 18:28:37,2,0,1,0
8jwa2m,2018-05-16 16:26:36,1,r/pics,4,2018-05-16 18:28:35,1,0,1,0
8jwa2m,2018-05-16 16:26:36,1,r/pics,5,2018-05-16 17:07:51,0,1,70,0
8jwa2m,2018-05-16 16:26:36,1,r/pics,5,2018-05-16 18:28:02,1,0,1,0
8jwa2m,2018-05-16 16:26:36,1,r/pics,6,2018-05-16 17:19:13,0,12,174,0
8jwa2m,2018-05-16 16:26:36,1,r/pics,6,2018-05-16 18:06:47,1,2,1,0
8jwa2m,2018-05-16 16:26:36,1,r/pics,6,2018-05-16 18:22:55,2,0,1,0
8jwa2m,2018-05-16 16:26:36,1,r/pics,6,2018-05-16 18:28:31,2,0,1,0
8jwa2m,2018-05-16 16:26:36,1,r/pics,6,2018-05-16 17:46:32,1,1,1,0
8jwa2m,2018-05-16 16:26:36,1,r/pics,6,2018-05-16 18:22:18,2,0,1,0
8jwa2m,2018-05-16 16:26:36,1,r/pics,6,2018-05-16 17:24:28,1,2,58,0
8jwa2m,2018-05-16 16:26:36,1,r/pics,6,2018-05-16 17:49:37,2,1,1,0
8jwa2m,2018-05-16 16:26:36,1,r/pics,6,2018-05-16 18:00:54,3,1,1,0
8jwa2m,2018-05-16 16:26:36,1,r/pics,6,2018-05-16 18:16:53,4,3,1,0
8jwa2m,2018-05-16 16:26:36,1,r/pics,6,2018-05-16 18:20:54,5,1,1,0
8jwa2m,2018-05-16 16:26:36,1,r/pics,6,2018-05-16 18:26:16,6,0,1,0
8jwa2m,2018-05-16 16:26:36,1,r/pics,6,2018-05-16 18:21:08,5,0,1,0
8jwa2m,2018-05-16 16:26:36,1,r/pics,6,2018-05-16 18:20:37,5,0,1,0
8jwa2m,2018-05-16 16:26:36,1,r/pics,6,2018-05-16 18:11:42,2,1,1,0
8jwa2m,2018-05-16 16:26:36,1,r/pics,6,2018-05-16 18:20:02,3,0,1,0
8jwa2m,2018-05-16 16:26:36,1,r/pics,6,2018-05-16 18:01:27,1,1,1,0
8jwa2m,2018-05-16 16:26:36,1,r/pics,6,2018-05-16 18:07:00,1,3,1,0
8jwa2m,2018-05-16 16:26:36,1,r/pics,6,2018-05-16 18:19:19,2,0,1,0
8jwa2m,2018-05-16 16:26:36,1,r/pics,6,2018-05-16 18:27:29,2,0,1,0
8jwa2m,2018-05-16 16:26:36,1,r/pics,6,2018-05-16 18:28:14,2,0,1,0
8jwa2m,2018-05-16 16:26:36,1,r/pics,6,2018-05-16 18:13:47,1,0,1,0
8jwa2m,2018-05-16 16:26:36,1,r/pics,6,2018-05-16 18:19:10,1,1,1,0
8jwa2m,2018-05-16 16:26:36,1,r/pics,6,2018-05-16 18:25:14,1,0,1,0
8jwa2m,2018-05-16 16:26:36,1,r/pics,6,2018-05-16 18:25:25,1,0,1,0
8jwa2m,2018-05-16 16:26:36,1,r/pics,6,2018-05-16 18:20:54,1,0,1,0
8jwa2m,2018-05-16 16:26:36,1,r/pics,6,2018-05-16 18:21:49,1,0,1,0
8jwa2m,2018-05-16 16:26:36,1,r/pics,7,2018-05-16 17:11:23,0,2,41,0
8jwa2m,2018-05-16 16:26:36,1,r/pics,7,2018-05-16 18:25:38,1,0,1,0
8jwa2m,2018-05-16 16:26:36,1,r/pics,8,2018-05-16 16:39:53,0,1,70,0
8jwa2m,2018-05-16 16:26:36,1,r/pics,8,2018-05-16 16:40:51,1,1,93,0
8jwa2m,2018-05-16 16:26:36,1,r/pics,8,2018-05-16 16:57:25,2,6,198,0
8jwa2m,2018-05-16 16:26:36,1,r/pics,8,2018-05-16 17:03:52,3,5,69,0
8jwa2m,2018-05-16 16:26:36,1,r/pics,8,2018-05-16 17:08:04,4,3,30,0
8jwa2m,2018-05-16 16:26:36,1,r/pics,8,2018-05-16 17:29:56,5,1,7,0
8jwa2m,2018-05-16 16:26:36,1,r/pics,8,2018-05-16 18:13:00,6,1,1,0
8jwa2m,2018-05-16 16:26:36,1,r/pics,8,2018-05-16 18:26:53,7,0,1,0
8jwa2m,2018-05-16 16:26:36,1,r/pics,8,2018-05-16 17:49:24,5,3,1,0
8jwa2m,2018-05-16 16:26:36,1,r/pics,8,2018-05-16 18:17:38,6,1,1,0
8jwa2m,2018-05-16 16:26:36,1,r/pics,8,2018-05-16 18:28:45,7,0,1,0
8jwa2m,2018-05-16 16:26:36,1,r/pics,8,2018-05-16 18:24:04,6,0,1,0
8jwa2m,2018-05-16 16:26:36,1,r/pics,8,2018-05-16 18:25:12,6,0,1,0
8jwa2m,2018-05-16 16:26:36,1,r/pics,8,2018-05-16 17:58:24,5,0,1,0
8jwa2m,2018-05-16 16:26:36,1,r/pics,8,2018-05-16 17:57:48,4,0,1,0
8jwa2m,2018-05-16 16:26:36,1,r/pics,8,2018-05-16 17:08:47,4,1,17,0
8jwa2m,2018-05-16 16:26:36,1,r/pics,8,2018-05-16 17:17:41,4,0,3,0
8jwa2m,2018-05-16 16:26:36,1,r/pics,8,2018-05-16 18:21:55,4,0,1,0
8jwa2m,2018-05-16 16:26:36,1,r/pics,8,2018-05-16 17:28:02,3,0,13,0
8jwa2m,2018-05-16 16:26:36,1,r/pics,8,2018-05-16 17:23:31,3,0,6,0
8jwa2m,2018-05-16 16:26:36,1,r/pics,8,2018-05-16 17:31:28,3,0,1,0
8jwa2m,2018-05-16 16:26:36,1,r/pics,8,2018-05-16 17:38:58,3,0,1,0
8jwa2m,2018-05-16 16:26:36,1,r/pics,8,2018-05-16 18:13:34,3,0,1,0
8jwa2m,2018-05-16 16:26:36,1,r/pics,9,2018-05-16 17:11:51,0,0,18,0
8jwa2m,2018-05-16 16:26:36,1,r/pics,10,2018-05-16 17:39:25,0,0,1,0
8jwa2m,2018-05-16 16:26:36,1,r/pics,11,2018-05-16 17:04:02,0,0,28,0
8jwa2m,2018-05-16 16:26:36,1,r/pics,12,2018-05-16 17:35:58,0,2,1,0
8jwa2m,2018-05-16 16:26:36,1,r/pics,12,2018-05-16 18:12:31,1,1,1,0
8jwa2m,2018-05-16 16:26:36,1,r/pics,12,2018-05-16 18:26:12,2,0,1,0
8jwa2m,2018-05-16 16:26:36,1,r/pics,12,2018-05-16 17:46:10,1,1,1,0
8jwa2m,2018-05-16 16:26:36,1,r/pics,13,2018-05-16 18:08:13,0,1,1,0
8jwa2m,2018-05-16 16:26:36,1,r/pics,13,2018-05-16 18:27:09,1,0,1,0
8jwa2m,2018-05-16 16:26:36,1,r/pics,14,2018-05-16 17:36:28,0,0,1,0
8jwa2m,2018-05-16 16:26:36,1,r/pics,15,2018-05-16 17:58:36,0,0,1,0
8jwa2m,2018-05-16 16:26:36,1,r/pics,16,2018-05-16 17:49:13,0,1,1,0
8jwa2m,2018-05-16 16:26:36,1,r/pics,16,2018-05-16 18:28:04,1,0,1,0
8jwa2m,2018-05-16 16:26:36,1,r/pics,17,2018-05-16 18:15:06,0,0,1,0
8jwa2m,2018-05-16 16:26:36,1,r/pics,18,2018-05-16 17:53:36,0,0,1,0
8jwa2m,2018-05-16 16:26:36,1,r/pics,19,2018-05-16 18:01:37,0,1,1,0
8jwa2m,2018-05-16 16:26:36,1,r/pics,19,2018-05-16 18:06:43,1,1,1,0
8jwa2m,2018-05-16 16:26:36,1,r/pics,19,2018-05-16 18:11:32,2,1,1,0
8jwa2m,2018-05-16 16:26:36,1,r/pics,19,2018-05-16 18:20:23,3,0,1,0
8jwa2m,2018-05-16 16:26:36,1,r/pics,20,2018-05-16 17:46:24,0,1,1,0
8jwa2m,2018-05-16 16:26:36,1,r/pics,20,2018-05-16 18:27:35,1,0,1,0
8jwa2m,2018-05-16 16:26:36,1,r/pics,21,2018-05-16 18:04:46,0,0,1,0
8jwa2m,2018-05-16 16:26:36,1,r/pics,22,2018-05-16 18:07:53,0,0,1,0
8jwa2m,2018-05-16 16:26:36,1,r/pics,23,2018-05-16 18:25:36,0,0,1,0
8jwa2m,2018-05-16 16:26:36,1,r/pics,24,2018-05-16 18:02:06,0,0,1,0
8jwa2m,2018-05-16 16:26:36,1,r/pics,25,2018-05-16 18:03:57,0,1,1,0
8jwa2m,2018-05-16 16:26:36,1,r/pics,25,2018-05-16 18:28:19,1,0,1,0
8jwa2m,2018-05-16 16:26:36,1,r/pics,26,2018-05-16 18:05:07,0,0,1,0
8jwa2m,2018-05-16 16:26:36,1,r/pics,27,2018-05-16 18:08:51,0,0,1,0
8jwa2m,2018-05-16 16:26:36,1,r/pics,28,2018-05-16 18:14:25,0,0,1,0
8jwa2m,2018-05-16 16:26:36,1,r/pics,29,2018-05-16 18:14:53,0,0,1,0
8jwa2m,2018-05-16 16:26:36,1,r/pics,30,2018-05-16 18:14:59,0,0,1,0
8jwa2m,2018-05-16 16:26:36,1,r/pics,31,2018-05-16 18:17:01,0,1,1,0
8jwa2m,2018-05-16 16:26:36,1,r/pics,31,2018-05-16 18:18:40,1,1,1,0
8jwa2m,2018-05-16 16:26:36,1,r/pics,32,2018-05-16 18:17:12,0,0,1,0
8jwa2m,2018-05-16 16:26:36,1,r/pics,33,2018-05-16 18:17:58,0,0,1,0
8jwa2m,2018-05-16 16:26:36,1,r/pics,34,2018-05-16 18:23:02,0,0,1,0
8jwa2m,2018-05-16 16:26:36,1,r/pics,35,2018-05-16 18:25:17,0,0,1,0
8jwa2m,2018-05-16 16:26:36,1,r/pics,36,2018-05-16 18:25:25,0,0,1,0
8jwa2m,2018-05-16 16:26:36,1,r/pics,37,2018-05-16 18:26:37,0,0,1,0
8jwa2m,2018-05-16 16:26:36,1,r/pics,38,2018-05-16 18:27:15,0,0,1,0
8jwa2m,2018-05-16 16:26:36,1,r/pics,39,2018-05-16 18:27:37,0,0,1,0
8jwa2m,2018-05-16 16:26:36,1,r/pics,40,2018-05-16 18:28:38,0,0,1,0
8jwa2m,2018-05-16 16:26:36,1,r/pics,41,2018-05-16 18:28:50,0,0,1,0
8jwa2m,2018-05-16 16:26:36,1,r/pics,42,2018-05-16 17:16:58,0,0,2,0
8jwa2m,2018-05-16 16:26:36,1,r/pics,43,2018-05-16 18:00:58,0,0,1,0
8jwa2m,2018-05-16 16:26:36,1,r/pics,44,2018-05-16 17:26:18,0,1,3,0
8jwa2m,2018-05-16 16:26:36,1,r/pics,44,2018-05-16 17:30:36,1,1,1,0
8jwa2m,2018-05-16 16:26:36,1,r/pics,44,2018-05-16 17:49:25,2,0,1,0
8jwa2m,2018-05-16 16:26:36,1,r/pics,45,2018-05-16 18:18:49,0,0,1,0
8jwa2m,2018-05-16 16:26:36,1,r/pics,46,2018-05-16 17:33:36,0,0,1,0
8jwa2m,2018-05-16 16:26:36,1,r/pics,47,2018-05-16 17:42:09,0,0,1,0
8jwa2m,2018-05-16 16:26:36,1,r/pics,48,2018-05-16 17:44:09,0,0,1,0
8jwa2m,2018-05-16 16:26:36,1,r/pics,49,2018-05-16 17:47:25,0,0,1,0
8jwa2m,2018-05-16 16:26:36,1,r/pics,50,2018-05-16 17:47:30,0,0,1,0
8jwa2m,2018-05-16 16:26:36,1,r/pics,51,2018-05-16 17:48:12,0,0,1,0
8jwa2m,2018-05-16 16:26:36,1,r/pics,52,2018-05-16 17:51:44,0,1,1,0
8jwa2m,2018-05-16 16:26:36,1,r/pics,52,2018-05-16 18:24:54,1,0,1,0
8jwa2m,2018-05-16 16:26:36,1,r/pics,53,2018-05-16 17:54:20,0,0,1,0
8jwa2m,2018-05-16 16:26:36,1,r/pics,54,2018-05-16 17:55:00,0,0,1,0
8jwa2m,2018-05-16 16:26:36,1,r/pics,55,2018-05-16 17:56:34,0,0,1,0
8jwa2m,2018-05-16 16:26:36,1,r/pics,56,2018-05-16 17:56:54,0,0,1,0
8jwa2m,2018-05-16 16:26:36,1,r/pics,57,2018-05-16 17:57:55,0,0,1,0
8jwa2m,2018-05-16 16:26:36,1,r/pics,58,2018-05-16 18:00:16,0,0,1,0
8jwa2m,2018-05-16 16:26:36,1,r/pics,59,2018-05-16 18:00:34,0,1,1,0
8jwa2m,2018-05-16 16:26:36,1,r/pics,59,2018-05-16 18:22:56,1,0,1,0
8jwa2m,2018-05-16 16:26:36,1,r/pics,60,2018-05-16 18:07:42,0,0,1,0
8jwa2m,2018-05-16 16:26:36,1,r/pics,61,2018-05-16 18:10:34,0,0,1,0
8jwa2m,2018-05-16 16:26:36,1,r/pics,62,2018-05-16 18:10:58,0,0,1,0
8jwa2m,2018-05-16 16:26:36,1,r/pics,63,2018-05-16 18:15:02,0,0,1,0
8jwa2m,2018-05-16 16:26:36,1,r/pics,64,2018-05-16 18:15:45,0,0,1,0
8jwa2m,2018-05-16 16:26:36,1,r/pics,65,2018-05-16 18:16:09,0,0,1,0
8jwa2m,2018-05-16 16:26:36,1,r/pics,66,2018-05-16 18:16:18,0,0,1,0
8jwa2m,2018-05-16 16:26:36,1,r/pics,67,2018-05-16 18:17:34,0,0,1,0
8jwa2m,2018-05-16 16:26:36,1,r/pics,68,2018-05-16 18:18:51,0,0,1,0
8jwa2m,2018-05-16 16:26:36,1,r/pics,69,2018-05-16 18:19:05,0,0,1,0
8jwa2m,2018-05-16 16:26:36,1,r/pics,70,2018-05-16 18:19:15,0,0,1,0
8jwa2m,2018-05-16 16:26:36,1,r/pics,71,2018-05-16 18:19:29,0,0,1,0
8jwa2m,2018-05-16 16:26:36,1,r/pics,72,2018-05-16 18:19:40,0,0,1,0
8jwa2m,2018-05-16 16:26:36,1,r/pics,73,2018-05-16 18:19:57,0,0,1,0
8jwa2m,2018-05-16 16:26:36,1,r/pics,74,2018-05-16 18:21:15,0,0,1,0
8jwa2m,2018-05-16 16:26:36,1,r/pics,75,2018-05-16 18:21:16,0,0,1,0
8jwa2m,2018-05-16 16:26:36,1,r/pics,76,2018-05-16 18:21:25,0,0,1,0
8jwa2m,2018-05-16 16:26:36,1,r/pics,77,2018-05-16 18:21:37,0,0,1,0
8jwa2m,2018-05-16 16:26:36,1,r/pics,78,2018-05-16 18:21:43,0,0,1,0
8jwa2m,2018-05-16 16:26:36,1,r/pics,79,2018-05-16 18:22:12,0,0,1,0
8jwa2m,2018-05-16 16:26:36,1,r/pics,80,2018-05-16 18:22:43,0,0,1,0
8jwa2m,2018-05-16 16:26:36,1,r/pics,81,2018-05-16 18:23:04,0,0,1,0
8jwa2m,2018-05-16 16:26:36,1,r/pics,82,2018-05-16 18:23:37,0,0,1,0
8jwa2m,2018-05-16 16:26:36,1,r/pics,83,2018-05-16 18:24:10,0,0,1,0
8jwa2m,2018-05-16 16:26:36,1,r/pics,84,2018-05-16 18:24:12,0,0,1,0
8jwa2m,2018-05-16 16:26:36,1,r/pics,85,2018-05-16 18:24:18,0,0,1,0
8jwa2m,2018-05-16 16:26:36,1,r/pics,86,2018-05-16 18:24:23,0,0,1,0
8jwa2m,2018-05-16 16:26:36,1,r/pics,87,2018-05-16 18:24:53,0,0,1,0
8jwa2m,2018-05-16 16:26:36,1,r/pics,88,2018-05-16 18:25:07,0,0,1,0
8jwa2m,2018-05-16 16:26:36,1,r/pics,89,2018-05-16 18:25:17,0,0,1,0
8jwa2m,2018-05-16 16:26:36,1,r/pics,90,2018-05-16 18:25:29,0,0,1,0
8jwa2m,2018-05-16 16:26:36,1,r/pics,91,2018-05-16 18:26:45,0,0,1,0
8jwa2m,2018-05-16 16:26:36,1,r/pics,92,2018-05-16 18:27:19,0,0,1,0
8jwa2m,2018-05-16 16:26:36,1,r/pics,93,2018-05-16 18:29:17,0,0,1,0
8jwa2m,2018-05-16 16:26:36,1,r/pics,94,2018-05-16 18:29:23,0,0,1,0
8jwa2m,2018-05-16 16:26:36,1,r/pics,95,2018-05-16 17:41:58,0,1,1,0
8jwa2m,2018-05-16 16:26:36,1,r/pics,96,2018-05-16 17:43:49,0,0,1,0
8jwa2m,2018-05-16 16:26:36,1,r/pics,97,2018-05-16 18:13:41,0,0,1,0
8jwa2m,2018-05-16 16:26:36,1,r/pics,98,2018-05-16 18:15:34,0,0,1,0
8jvd78,2018-05-16 14:31:24,2,r/news,0,2018-05-16 14:57:02,0,15,2880,0
8jvd78,2018-05-16 14:31:24,2,r/news,0,2018-05-16 15:17:41,1,9,897,0
8jvd78,2018-05-16 14:31:24,2,r/news,0,2018-05-16 15:56:33,2,4,383,0
8jvd78,2018-05-16 14:31:24,2,r/news,0,2018-05-16 17:03:37,3,6,240,0
8jvd78,2018-05-16 14:31:24,2,r/news,0,2018-05-16 17:36:10,4,1,1,0
8jvd78,2018-05-16 14:31:24,2,r/news,0,2018-05-16 17:48:26,5,1,1,0
8jvd78,2018-05-16 14:31:24,2,r/news,0,2018-05-16 18:13:43,6,0,1,0
8jvd78,2018-05-16 14:31:24,2,r/news,0,2018-05-16 17:51:59,4,0,1,0
8jvd78,2018-05-16 14:31:24,2,r/news,0,2018-05-16 17:57:39,4,1,1,0
8jvd78,2018-05-16 14:31:24,2,r/news,0,2018-05-16 18:20:35,5,0,1,0
8jvd78,2018-05-16 14:31:24,2,r/news,0,2018-05-16 18:14:09,4,0,1,0
8jvd78,2018-05-16 14:31:24,2,r/news,0,2018-05-16 18:19:00,4,0,1,0
8jvd78,2018-05-16 14:31:24,2,r/news,0,2018-05-16 18:04:19,3,4,1,0
8jvd78,2018-05-16 14:31:24,2,r/news,0,2018-05-16 18:06:32,4,0,1,0
8jvd78,2018-05-16 14:31:24,2,r/news,0,2018-05-16 18:09:44,4,1,1,0
8jvd78,2018-05-16 14:31:24,2,r/news,0,2018-05-16 18:16:44,5,0,1,0
8jvd78,2018-05-16 14:31:24,2,r/news,0,2018-05-16 18:12:13,4,1,1,0
8jvd78,2018-05-16 14:31:24,2,r/news,0,2018-05-16 18:22:07,5,1,1,0
8jvd78,2018-05-16 14:31:24,2,r/news,0,2018-05-16 18:24:10,6,1,1,0
8jvd78,2018-05-16 14:31:24,2,r/news,0,2018-05-16 18:25:58,7,1,1,0
8jvd78,2018-05-16 14:31:24,2,r/news,0,2018-05-16 18:27:17,8,1,1,0
8jvd78,2018-05-16 14:31:24,2,r/news,0,2018-05-16 18:27:56,9,1,1,0
8jvd78,2018-05-16 14:31:24,2,r/news,0,2018-05-16 18:20:10,4,0,1,0
8jvd78,2018-05-16 14:31:24,2,r/news,0,2018-05-16 17:53:59,3,0,1,0
8jvd78,2018-05-16 14:31:24,2,r/news,0,2018-05-16 18:20:26,3,0,1,0
8jvd78,2018-05-16 14:31:24,2,r/news,0,2018-05-16 17:08:01,2,4,71,0
8jvd78,2018-05-16 14:31:24,2,r/news,0,2018-05-16 17:22:04,3,2,35,0
8jvd78,2018-05-16 14:31:24,2,r/news,0,2018-05-16 18:11:37,4,0,1,0
8jvd78,2018-05-16 14:31:24,2,r/news,0,2018-05-16 17:52:06,3,0,1,0
8jvd78,2018-05-16 14:31:24,2,r/news,0,2018-05-16 18:23:14,3,0,1,0
8jvd78,2018-05-16 14:31:24,2,r/news,0,2018-05-16 17:04:26,2,2,25,0
8jvd78,2018-05-16 14:31:24,2,r/news,0,2018-05-16 17:10:25,3,4,80,0
8jvd78,2018-05-16 14:31:24,2,r/news,0,2018-05-16 17:23:27,4,3,40,0
8jvd78,2018-05-16 14:31:24,2,r/news,0,2018-05-16 18:06:22,5,0,1,0
8jvd78,2018-05-16 14:31:24,2,r/news,0,2018-05-16 17:42:22,5,1,1,0
8jvd78,2018-05-16 14:31:24,2,r/news,0,2018-05-16 18:15:41,6,0,1,0
8jvd78,2018-05-16 14:31:24,2,r/news,0,2018-05-16 17:31:43,5,1,1,0
8jvd78,2018-05-16 14:31:24,2,r/news,0,2018-05-16 17:44:47,6,0,1,0
8jvd78,2018-05-16 14:31:24,2,r/news,0,2018-05-16 17:54:04,4,0,1,0
8jvd78,2018-05-16 14:31:24,2,r/news,0,2018-05-16 17:40:33,4,0,1,0
8jvd78,2018-05-16 14:31:24,2,r/news,0,2018-05-16 18:23:39,4,0,1,0
8jvd78,2018-05-16 14:31:24,2,r/news,0,2018-05-16 17:10:07,3,0,4,0
8jvd78,2018-05-16 14:31:24,2,r/news,0,2018-05-16 17:44:08,2,1,1,0
8jvd78,2018-05-16 14:31:24,2,r/news,0,2018-05-16 18:03:12,3,0,1,0
8jvd78,2018-05-16 14:31:24,2,r/news,0,2018-05-16 17:10:51,2,0,1,0
8jvd78,2018-05-16 14:31:24,2,r/news,0,2018-05-16 17:42:30,2,0,1,0
8jvd78,2018-05-16 14:31:24,2,r/news,0,2018-05-16 17:51:57,2,0,1,0
8jvd78,2018-05-16 14:31:24,2,r/news,0,2018-05-16 17:51:59,2,0,1,0
8jvd78,2018-05-16 14:31:24,2,r/news,0,2018-05-16 18:28:05,2,0,1,0
8jvd78,2018-05-16 14:31:24,2,r/news,0,2018-05-16 17:07:40,1,10,276,0
8jvd78,2018-05-16 14:31:24,2,r/news,0,2018-05-16 17:32:19,2,1,1,0
8jvd78,2018-05-16 14:31:24,2,r/news,0,2018-05-16 17:33:10,2,1,1,0
8jvd78,2018-05-16 14:31:24,2,r/news,0,2018-05-16 17:46:21,3,1,1,0
8jvd78,2018-05-16 14:31:24,2,r/news,0,2018-05-16 17:59:58,4,1,1,0
8jvd78,2018-05-16 14:31:24,2,r/news,0,2018-05-16 18:02:00,5,0,1,0
8jvd78,2018-05-16 14:31:24,2,r/news,0,2018-05-16 17:40:50,2,0,1,0
8jvd78,2018-05-16 14:31:24,2,r/news,0,2018-05-16 17:41:19,2,2,1,0
8jvd78,2018-05-16 14:31:24,2,r/news,0,2018-05-16 17:54:46,3,0,1,0
8jvd78,2018-05-16 14:31:24,2,r/news,0,2018-05-16 18:11:21,3,2,1,0
8jvd78,2018-05-16 14:31:24,2,r/news,0,2018-05-16 18:21:38,4,0,1,0
8jvd78,2018-05-16 14:31:24,2,r/news,0,2018-05-16 18:23:22,4,0,1,0
8jvd78,2018-05-16 14:31:24,2,r/news,0,2018-05-16 18:02:59,2,1,1,0
8jvd78,2018-05-16 14:31:24,2,r/news,0,2018-05-16 18:21:59,3,1,1,0
8jvd78,2018-05-16 14:31:24,2,r/news,0,2018-05-16 18:27:04,4,0,1,0
8jvd78,2018-05-16 14:31:24,2,r/news,0,2018-05-16 17:42:12,2,0,1,0
8jvd78,2018-05-16 14:31:24,2,r/news,0,2018-05-16 17:45:54,2,0,1,0
8jvd78,2018-05-16 14:31:24,2,r/news,0,2018-05-16 18:05:30,2,0,1,0
8jvd78,2018-05-16 14:31:24,2,r/news,0,2018-05-16 18:15:48,2,0,1,0
8jvd78,2018-05-16 14:31:24,2,r/news,0,2018-05-16 18:23:32,2,0,1,0
8jvd78,2018-05-16 14:31:24,2,r/news,0,2018-05-16 16:04:21,1,1,20,0
8jvd78,2018-05-16 14:31:24,2,r/news,0,2018-05-16 18:12:27,2,0,1,0
8jvd78,2018-05-16 14:31:24,2,r/news,0,2018-05-16 17:17:39,1,0,8,0
8jvd78,2018-05-16 14:31:24,2,r/news,0,2018-05-16 17:21:32,1,0,4,0
8jvd78,2018-05-16 14:31:24,2,r/news,0,2018-05-16 15:23:22,1,1,3,0
8jvd78,2018-05-16 14:31:24,2,r/news,0,2018-05-16 15:56:42,2,1,19,0
8jvd78,2018-05-16 14:31:24,2,r/news,0,2018-05-16 17:33:19,3,0,1,0
8jvd78,2018-05-16 14:31:24,2,r/news,0,2018-05-16 16:18:53,1,0,3,0
8jvd78,2018-05-16 14:31:24,2,r/news,0,2018-05-16 17:30:33,1,0,1,0
8jvd78,2018-05-16 14:31:24,2,r/news,0,2018-05-16 17:31:55,1,0,1,0
8jvd78,2018-05-16 14:31:24,2,r/news,0,2018-05-16 17:35:21,1,0,1,0
8jvd78,2018-05-16 14:31:24,2,r/news,0,2018-05-16 17:41:46,1,0,1,0
8jvd78,2018-05-16 14:31:24,2,r/news,0,2018-05-16 17:46:17,1,0,1,0
8jvd78,2018-05-16 14:31:24,2,r/news,0,2018-05-16 18:22:43,1,0,1,0
8jvd78,2018-05-16 14:31:24,2,r/news,0,2018-05-16 18:25:32,1,0,1,0
8jvd78,2018-05-16 14:31:24,2,r/news,1,2018-05-16 14:50:25,0,10,984,0
8jvd78,2018-05-16 14:31:24,2,r/news,1,2018-05-16 15:09:22,1,7,464,0
8jvd78,2018-05-16 14:31:24,2,r/news,1,2018-05-16 15:44:10,2,3,426,0
8jvd78,2018-05-16 14:31:24,2,r/news,1,2018-05-16 15:51:39,3,2,233,0
8jvd78,2018-05-16 14:31:24,2,r/news,1,2018-05-16 18:24:43,4,0,1,0
8jvd78,2018-05-16 14:31:24,2,r/news,1,2018-05-16 15:52:43,3,1,37,0
8jvd78,2018-05-16 14:31:24,2,r/news,1,2018-05-16 17:18:55,4,2,17,0
8jvd78,2018-05-16 14:31:24,2,r/news,1,2018-05-16 18:26:38,5,0,1,0
8jvd78,2018-05-16 14:31:24,2,r/news,1,2018-05-16 16:32:29,2,1,20,0
8jvd78,2018-05-16 14:31:24,2,r/news,1,2018-05-16 18:22:29,3,1,1,0
8jvd78,2018-05-16 14:31:24,2,r/news,1,2018-05-16 18:27:46,4,0,1,0
8jvd78,2018-05-16 14:31:24,2,r/news,1,2018-05-16 16:56:54,2,1,7,0
8jvd78,2018-05-16 14:31:24,2,r/news,1,2018-05-16 17:49:41,3,1,1,0
8jvd78,2018-05-16 14:31:24,2,r/news,1,2018-05-16 17:01:23,2,1,10,0
8jvd78,2018-05-16 14:31:24,2,r/news,1,2018-05-16 17:43:31,2,0,1,0
8jvd78,2018-05-16 14:31:24,2,r/news,1,2018-05-16 17:49:20,2,0,1,0
8jvd78,2018-05-16 14:31:24,2,r/news,1,2018-05-16 14:55:12,1,6,84,0
8jvd78,2018-05-16 14:31:24,2,r/news,1,2018-05-16 15:19:02,2,2,49,0
8jvd78,2018-05-16 14:31:24,2,r/news,1,2018-05-16 15:23:05,3,1,42,0
8jvd78,2018-05-16 14:31:24,2,r/news,1,2018-05-16 15:31:39,4,0,19,0
8jvd78,2018-05-16 14:31:24,2,r/news,1,2018-05-16 17:20:25,3,1,4,0
8jvd78,2018-05-16 14:31:24,2,r/news,1,2018-05-16 18:01:36,4,0,1,0
8jvd78,2018-05-16 14:31:24,2,r/news,1,2018-05-16 15:05:44,2,0,8,0
8jvd78,2018-05-16 14:31:24,2,r/news,1,2018-05-16 17:31:46,2,2,1,0
8jvd78,2018-05-16 14:31:24,2,r/news,1,2018-05-16 17:39:36,3,2,1,0
8jvd78,2018-05-16 14:31:24,2,r/news,1,2018-05-16 17:49:13,4,0,1,0
8jvd78,2018-05-16 14:31:24,2,r/news,1,2018-05-16 17:45:44,2,0,1,0
8jvd78,2018-05-16 14:31:24,2,r/news,1,2018-05-16 15:07:20,2,1,-2,0
8jvd78,2018-05-16 14:31:24,2,r/news,1,2018-05-16 15:12:40,3,1,14,0
8jvd78,2018-05-16 14:31:24,2,r/news,1,2018-05-16 17:13:03,4,1,1,0
8jvd78,2018-05-16 14:31:24,2,r/news,1,2018-05-16 15:50:02,1,1,22,0
8jvd78,2018-05-16 14:31:24,2,r/news,1,2018-05-16 17:24:39,1,3,16,0
8jvd78,2018-05-16 14:31:24,2,r/news,1,2018-05-16 17:45:07,2,0,1,0
8jvd78,2018-05-16 14:31:24,2,r/news,1,2018-05-16 18:28:22,2,0,1,0
8jvd78,2018-05-16 14:31:24,2,r/news,1,2018-05-16 17:43:00,1,1,1,0
8jvd78,2018-05-16 14:31:24,2,r/news,1,2018-05-16 17:56:41,2,0,1,0
8jvd78,2018-05-16 14:31:24,2,r/news,1,2018-05-16 18:07:37,1,0,1,0
8jvd78,2018-05-16 14:31:24,2,r/news,1,2018-05-16 18:01:20,1,1,1,0
8jvd78,2018-05-16 14:31:24,2,r/news,1,2018-05-16 18:08:49,2,0,1,0
8jvd78,2018-05-16 14:31:24,2,r/news,1,2018-05-16 18:02:26,1,0,1,0
8jvd78,2018-05-16 14:31:24,2,r/news,1,2018-05-16 18:02:33,1,0,1,0
8jvd78,2018-05-16 14:31:24,2,r/news,1,2018-05-16 18:03:32,1,0,1,0
8jvd78,2018-05-16 14:31:24,2,r/news,2,2018-05-16 17:09:11,0,14,412,0
8jvd78,2018-05-16 14:31:24,2,r/news,2,2018-05-16 17:36:46,1,2,1,0
8jvd78,2018-05-16 14:31:24,2,r/news,2,2018-05-16 18:05:32,2,1,1,0
8jvd78,2018-05-16 14:31:24,2,r/news,2,2018-05-16 18:14:15,3,0,1,0
8jvd78,2018-05-16 14:31:24,2,r/news,2,2018-05-16 17:45:38,2,0,1,0
8jvd78,2018-05-16 14:31:24,2,r/news,2,2018-05-16 17:46:17,1,1,1,0
8jvd78,2018-05-16 14:31:24,2,r/news,2,2018-05-16 17:50:13,2,3,1,0
8jvd78,2018-05-16 14:31:24,2,r/news,2,2018-05-16 18:17:07,3,1,1,0
8jvd78,2018-05-16 14:31:24,2,r/news,2,2018-05-16 18:23:01,4,0,1,0
8jvd78,2018-05-16 14:31:24,2,r/news,2,2018-05-16 18:20:45,3,0,1,0
8jvd78,2018-05-16 14:31:24,2,r/news,2,2018-05-16 17:32:00,1,0,1,0
8jvd78,2018-05-16 14:31:24,2,r/news,2,2018-05-16 17:59:42,1,1,1,0
8jvd78,2018-05-16 14:31:24,2,r/news,2,2018-05-16 18:08:30,2,1,1,0
8jvd78,2018-05-16 14:31:24,2,r/news,2,2018-05-16 18:21:16,3,0,1,0
8jvd78,2018-05-16 14:31:24,2,r/news,2,2018-05-16 18:05:15,1,1,1,0
8jvd78,2018-05-16 14:31:24,2,r/news,2,2018-05-16 17:51:42,1,0,1,0
8jvd78,2018-05-16 14:31:24,2,r/news,2,2018-05-16 18:21:19,1,0,1,0
8jvd78,2018-05-16 14:31:24,2,r/news,2,2018-05-16 17:38:02,1,2,1,0
8jvd78,2018-05-16 14:31:24,2,r/news,2,2018-05-16 17:46:42,2,1,1,0
8jvd78,2018-05-16 14:31:24,2,r/news,2,2018-05-16 18:21:09,2,0,1,0
8jvd78,2018-05-16 14:31:24,2,r/news,2,2018-05-16 18:07:33,1,0,1,0
8jvd78,2018-05-16 14:31:24,2,r/news,2,2018-05-16 18:05:24,1,1,1,0
8jvd78,2018-05-16 14:31:24,2,r/news,2,2018-05-16 18:13:32,2,0,1,0
8jvd78,2018-05-16 14:31:24,2,r/news,2,2018-05-16 18:06:22,1,0,1,0
8jvd78,2018-05-16 14:31:24,2,r/news,2,2018-05-16 18:17:57,1,0,1,0
8jvd78,2018-05-16 14:31:24,2,r/news,2,2018-05-16 18:22:35,1,0,1,0
8jvd78,2018-05-16 14:31:24,2,r/news,3,2018-05-16 14:44:54,0,19,1461,0
8jvd78,2018-05-16 14:31:24,2,r/news,3,2018-05-16 15:25:07,1,3,1121,0
8jvd78,2018-05-16 14:31:24,2,r/news,3,2018-05-16 16:46:23,2,6,256,0
8jvd78,2018-05-16 14:31:24,2,r/news,3,2018-05-16 17:02:44,3,4,238,0
8jvd78,2018-05-16 14:31:24,2,r/news,3,2018-05-16 17:36:55,4,2,1,0
8jvd78,2018-05-16 14:31:24,2,r/news,3,2018-05-16 17:47:57,5,0,1,0
8jvd78,2018-05-16 14:31:24,2,r/news,3,2018-05-16 18:16:30,5,0,1,0
8jvd78,2018-05-16 14:31:24,2,r/news,3,2018-05-16 17:07:46,4,1,49,0
8jvd78,2018-05-16 14:31:24,2,r/news,3,2018-05-16 18:18:49,5,0,1,0
8jvd78,2018-05-16 14:31:24,2,r/news,3,2018-05-16 17:33:40,4,0,1,0
8jvd78,2018-05-16 14:31:24,2,r/news,3,2018-05-16 17:04:11,3,5,34,0
8jvd78,2018-05-16 14:31:24,2,r/news,3,2018-05-16 17:13:07,4,1,26,0
8jvd78,2018-05-16 14:31:24,2,r/news,3,2018-05-16 17:29:51,5,0,15,0
8jvd78,2018-05-16 14:31:24,2,r/news,3,2018-05-16 17:29:55,4,0,10,0
8jvd78,2018-05-16 14:31:24,2,r/news,3,2018-05-16 17:29:26,4,1,4,0
8jvd78,2018-05-16 14:31:24,2,r/news,3,2018-05-16 18:21:32,5,0,1,0
8jvd78,2018-05-16 14:31:24,2,r/news,3,2018-05-16 17:11:20,4,1,0,0
8jvd78,2018-05-16 14:31:24,2,r/news,3,2018-05-16 17:30:26,5,1,1,0
8jvd78,2018-05-16 14:31:24,2,r/news,3,2018-05-16 18:01:17,6,1,1,0
8jvd78,2018-05-16 14:31:24,2,r/news,3,2018-05-16 18:06:14,7,0,1,0
8jvd78,2018-05-16 14:31:24,2,r/news,3,2018-05-16 18:19:44,4,0,1,0
8jvd78,2018-05-16 14:31:24,2,r/news,3,2018-05-16 17:03:00,3,0,16,0
8jvd78,2018-05-16 14:31:24,2,r/news,3,2018-05-16 17:24:07,3,1,5,0
8jvd78,2018-05-16 14:31:24,2,r/news,3,2018-05-16 18:19:06,4,0,1,0
8jvd78,2018-05-16 14:31:24,2,r/news,3,2018-05-16 17:50:35,3,1,1,0
8jvd78,2018-05-16 14:31:24,2,r/news,3,2018-05-16 17:57:47,4,0,1,0
8jvd78,2018-05-16 14:31:24,2,r/news,3,2018-05-16 17:19:54,2,0,2,0
8jvd78,2018-05-16 14:31:24,2,r/news,3,2018-05-16 15:05:56,1,2,301,0
8jvd78,2018-05-16 14:31:24,2,r/news,3,2018-05-16 17:55:04,2,2,1,0
8jvd78,2018-05-16 14:31:24,2,r/news,3,2018-05-16 18:01:51,3,1,1,0
8jvd78,2018-05-16 14:31:24,2,r/news,3,2018-05-16 16:43:46,1,1,22,0
8jvd78,2018-05-16 14:31:24,2,r/news,3,2018-05-16 18:22:30,2,0,1,0
8jvd78,2018-05-16 14:31:24,2,r/news,3,2018-05-16 15:36:22,1,2,64,0
8jvd78,2018-05-16 14:31:24,2,r/news,3,2018-05-16 17:18:53,2,5,42,0
8jvd78,2018-05-16 14:31:24,2,r/news,3,2018-05-16 17:35:35,3,0,1,0
8jvd78,2018-05-16 14:31:24,2,r/news,3,2018-05-16 18:18:42,3,0,1,0
8jvd78,2018-05-16 14:31:24,2,r/news,3,2018-05-16 17:51:10,3,0,1,0
8jvd78,2018-05-16 14:31:24,2,r/news,3,2018-05-16 18:02:02,3,0,1,0
8jvd78,2018-05-16 14:31:24,2,r/news,3,2018-05-16 18:11:46,3,0,1,0
8jvd78,2018-05-16 14:31:24,2,r/news,3,2018-05-16 15:59:05,1,0,24,0
8jvd78,2018-05-16 14:31:24,2,r/news,3,2018-05-16 16:32:58,1,0,10,0
8jvd78,2018-05-16 14:31:24,2,r/news,3,2018-05-16 16:50:13,1,1,9,0
8jvd78,2018-05-16 14:31:24,2,r/news,3,2018-05-16 18:20:00,2,0,1,0
8jvd78,2018-05-16 14:31:24,2,r/news,3,2018-05-16 17:04:56,1,0,10,0
8jvd78,2018-05-16 14:31:24,2,r/news,3,2018-05-16 17:26:25,1,1,3,0
8jvd78,2018-05-16 14:31:24,2,r/news,3,2018-05-16 17:47:53,2,0,1,0
8jvd78,2018-05-16 14:31:24,2,r/news,3,2018-05-16 17:18:05,1,0,4,0
8jvd78,2018-05-16 14:31:24,2,r/news,3,2018-05-16 17:22:22,1,0,2,0
8jvd78,2018-05-16 14:31:24,2,r/news,3,2018-05-16 17:50:48,1,0,1,0
8jvd78,2018-05-16 14:31:24,2,r/news,3,2018-05-16 17:25:55,1,2,4,0
8jvd78,2018-05-16 14:31:24,2,r/news,3,2018-05-16 18:20:55,2,0,1,0
8jvd78,2018-05-16 14:31:24,2,r/news,3,2018-05-16 17:06:13,1,0,2,0
8jvd78,2018-05-16 14:31:24,2,r/news,3,2018-05-16 17:18:18,1,0,1,0
8jvd78,2018-05-16 14:31:24,2,r/news,3,2018-05-16 17:40:56,1,0,1,0
8jvd78,2018-05-16 14:31:24,2,r/news,3,2018-05-16 18:14:42,1,0,1,0
8jvd78,2018-05-16 14:31:24,2,r/news,3,2018-05-16 18:15:44,1,0,1,0
8jvd78,2018-05-16 14:31:24,2,r/news,4,2018-05-16 17:16:05,0,12,282,0
8jvd78,2018-05-16 14:31:24,2,r/news,4,2018-05-16 17:39:17,1,0,1,0
8jvd78,2018-05-16 14:31:24,2,r/news,4,2018-05-16 17:19:39,1,0,60,0
8jvd78,2018-05-16 14:31:24,2,r/news,4,2018-05-16 17:45:13,1,1,1,0
8jvd78,2018-05-16 14:31:24,2,r/news,4,2018-05-16 17:55:09,2,1,1,0
8jvd78,2018-05-16 14:31:24,2,r/news,4,2018-05-16 18:18:36,3,0,1,0
8jvd78,2018-05-16 14:31:24,2,r/news,4,2018-05-16 17:39:08,1,1,1,0
8jvd78,2018-05-16 14:31:24,2,r/news,4,2018-05-16 17:41:50,2,0,1,0
8jvd78,2018-05-16 14:31:24,2,r/news,4,2018-05-16 17:44:42,1,0,1,0
8jvd78,2018-05-16 14:31:24,2,r/news,4,2018-05-16 17:44:59,1,1,1,0
8jvd78,2018-05-16 14:31:24,2,r/news,4,2018-05-16 17:59:27,2,0,1,0
8jvd78,2018-05-16 14:31:24,2,r/news,4,2018-05-16 17:53:32,1,2,1,0
8jvd78,2018-05-16 14:31:24,2,r/news,4,2018-05-16 18:12:50,2,0,1,0
8jvd78,2018-05-16 14:31:24,2,r/news,4,2018-05-16 17:46:43,1,0,1,0
8jvd78,2018-05-16 14:31:24,2,r/news,4,2018-05-16 17:54:14,1,1,1,0
8jvd78,2018-05-16 14:31:24,2,r/news,4,2018-05-16 18:01:18,2,0,1,0
8jvd78,2018-05-16 14:31:24,2,r/news,4,2018-05-16 18:07:07,1,0,1,0
8jvd78,2018-05-16 14:31:24,2,r/news,4,2018-05-16 18:11:20,1,0,1,0
8jvd78,2018-05-16 14:31:24,2,r/news,5,2018-05-16 16:03:26,0,5,280,0
8jvd78,2018-05-16 14:31:24,2,r/news,5,2018-05-16 16:32:51,1,2,165,0
8jvd78,2018-05-16 14:31:24,2,r/news,5,2018-05-16 18:08:38,2,0,1,0
8jvd78,2018-05-16 14:31:24,2,r/news,5,2018-05-16 16:33:04,1,1,75,0
8jvd78,2018-05-16 14:31:24,2,r/news,5,2018-05-16 18:19:21,2,1,1,0
8jvd78,2018-05-16 14:31:24,2,r/news,5,2018-05-16 18:20:39,3,1,1,0
8jvd78,2018-05-16 14:31:24,2,r/news,5,2018-05-16 18:23:07,4,0,1,0
8jvd78,2018-05-16 14:31:24,2,r/news,5,2018-05-16 17:26:45,1,0,20,0
8jvd78,2018-05-16 14:31:24,2,r/news,5,2018-05-16 17:46:39,1,0,1,0
8jvd78,2018-05-16 14:31:24,2,r/news,6,2018-05-16 16:29:17,0,2,35,0
8jvd78,2018-05-16 14:31:24,2,r/news,6,2018-05-16 16:32:32,1,2,18,0
8jvd78,2018-05-16 14:31:24,2,r/news,6,2018-05-16 18:22:11,2,0,1,0
8jvd78,2018-05-16 14:31:24,2,r/news,6,2018-05-16 17:31:37,1,1,1,0
8jvd78,2018-05-16 14:31:24,2,r/news,6,2018-05-16 17:48:53,2,0,1,0
8jvd78,2018-05-16 14:31:24,2,r/news,7,2018-05-16 17:09:13,0,1,35,0
8jvd78,2018-05-16 14:31:24,2,r/news,8,2018-05-16 16:31:22,0,10,207,0
8jvd78,2018-05-16 14:31:24,2,r/news,8,2018-05-16 17:33:59,1,1,1,0
8jvd78,2018-05-16 14:31:24,2,r/news,8,2018-05-16 17:36:06,2,0,1,0
8jvd78,2018-05-16 14:31:24,2,r/news,8,2018-05-16 16:58:11,1,2,153,0
8jvd78,2018-05-16 14:31:24,2,r/news,8,2018-05-16 17:08:07,2,3,62,0
8jvd78,2018-05-16 14:31:24,2,r/news,8,2018-05-16 17:19:47,3,0,41,0
8jvd78,2018-05-16 14:31:24,2,r/news,8,2018-05-16 17:15:36,3,1,54,0
8jvd78,2018-05-16 14:31:24,2,r/news,8,2018-05-16 17:19:29,4,4,44,0
8jvd78,2018-05-16 14:31:24,2,r/news,8,2018-05-16 17:30:25,5,0,1,0
8jvd78,2018-05-16 14:31:24,2,r/news,8,2018-05-16 17:44:11,5,1,1,0
8jvd78,2018-05-16 14:31:24,2,r/news,8,2018-05-16 17:45:47,6,1,1,0
8jvd78,2018-05-16 14:31:24,2,r/news,8,2018-05-16 17:49:25,7,0,1,0
8jvd78,2018-05-16 14:31:24,2,r/news,8,2018-05-16 17:28:04,5,0,12,0
8jvd78,2018-05-16 14:31:24,2,r/news,8,2018-05-16 18:27:16,5,1,1,0
8jvd78,2018-05-16 14:31:24,2,r/news,8,2018-05-16 17:30:48,3,0,1,0
8jvd78,2018-05-16 14:31:24,2,r/news,8,2018-05-16 17:04:17,1,1,17,0
8jvd78,2018-05-16 14:31:24,2,r/news,8,2018-05-16 17:58:23,2,0,1,0
8jvd78,2018-05-16 14:31:24,2,r/news,8,2018-05-16 17:17:46,1,1,16,0
8jvd78,2018-05-16 14:31:24,2,r/news,8,2018-05-16 17:36:09,2,2,1,0
8jvd78,2018-05-16 14:31:24,2,r/news,8,2018-05-16 17:47:22,3,0,1,0
8jvd78,2018-05-16 14:31:24,2,r/news,8,2018-05-16 17:57:07,3,0,1,0
8jvd78,2018-05-16 14:31:24,2,r/news,8,2018-05-16 16:52:21,1,1,16,0
8jvd78,2018-05-16 14:31:24,2,r/news,8,2018-05-16 16:59:55,2,1,9,0
8jvd78,2018-05-16 14:31:24,2,r/news,8,2018-05-16 17:53:33,3,0,1,0
8jvd78,2018-05-16 14:31:24,2,r/news,8,2018-05-16 17:31:44,1,0,1,0
8jvd78,2018-05-16 14:31:24,2,r/news,8,2018-05-16 17:41:22,1,0,1,0
8jvd78,2018-05-16 14:31:24,2,r/news,8,2018-05-16 17:44:31,1,0,1,0
8jvd78,2018-05-16 14:31:24,2,r/news,8,2018-05-16 17:51:13,1,0,1,0
8jvd78,2018-05-16 14:31:24,2,r/news,9,2018-05-16 17:00:32,0,2,11,0
8jvd78,2018-05-16 14:31:24,2,r/news,9,2018-05-16 17:36:07,1,0,1,0
8jvd78,2018-05-16 14:31:24,2,r/news,9,2018-05-16 18:08:00,1,0,1,0
8jvd78,2018-05-16 14:31:24,2,r/news,10,2018-05-16 17:34:33,0,1,1,0
8jvd78,2018-05-16 14:31:24,2,r/news,10,2018-05-16 17:45:14,1,0,1,0
8jvd78,2018-05-16 14:31:24,2,r/news,11,2018-05-16 15:21:41,0,0,32,0
8jvd78,2018-05-16 14:31:24,2,r/news,12,2018-05-16 16:45:35,0,3,46,0
8jvd78,2018-05-16 14:31:24,2,r/news,12,2018-05-16 17:00:15,1,2,26,0
8jvd78,2018-05-16 14:31:24,2,r/news,12,2018-05-16 17:28:57,2,1,26,0
8jvd78,2018-05-16 14:31:24,2,r/news,12,2018-05-16 17:43:04,3,0,1,0
8jvd78,2018-05-16 14:31:24,2,r/news,12,2018-05-16 17:38:52,2,0,1,0
8jvd78,2018-05-16 14:31:24,2,r/news,12,2018-05-16 17:33:43,1,2,1,0
8jvd78,2018-05-16 14:31:24,2,r/news,12,2018-05-16 17:57:28,2,0,1,0
8jvd78,2018-05-16 14:31:24,2,r/news,12,2018-05-16 18:28:15,2,0,1,0
8jvd78,2018-05-16 14:31:24,2,r/news,12,2018-05-16 17:08:06,1,0,9,0
8jvd78,2018-05-16 14:31:24,2,r/news,13,2018-05-16 15:38:02,0,1,18,0
8jvd78,2018-05-16 14:31:24,2,r/news,13,2018-05-16 17:25:16,1,0,6,0
8jvd78,2018-05-16 14:31:24,2,r/news,14,2018-05-16 15:44:52,0,4,36,0
8jvd78,2018-05-16 14:31:24,2,r/news,14,2018-05-16 15:50:00,1,2,71,0
8jvd78,2018-05-16 14:31:24,2,r/news,14,2018-05-16 17:07:39,2,1,3,0
8jvd78,2018-05-16 14:31:24,2,r/news,14,2018-05-16 17:49:00,3,1,1,0
8jvd78,2018-05-16 14:31:24,2,r/news,14,2018-05-16 18:20:55,4,0,1,0
8jvd78,2018-05-16 14:31:24,2,r/news,14,2018-05-16 16:28:52,1,3,16,0
8jvd78,2018-05-16 14:31:24,2,r/news,14,2018-05-16 17:23:21,2,0,4,0
8jvd78,2018-05-16 14:31:24,2,r/news,14,2018-05-16 17:46:58,2,0,1,0
8jvd78,2018-05-16 14:31:24,2,r/news,14,2018-05-16 18:15:46,2,0,1,0
8jvd78,2018-05-16 14:31:24,2,r/news,14,2018-05-16 16:56:04,1,1,1,0
8jvd78,2018-05-16 14:31:24,2,r/news,15,2018-05-16 17:09:37,0,0,14,0
8jvd78,2018-05-16 14:31:24,2,r/news,16,2018-05-16 17:08:42,0,2,16,0
8jvd78,2018-05-16 14:31:24,2,r/news,16,2018-05-16 18:03:20,1,0,1,0
8jvd78,2018-05-16 14:31:24,2,r/news,17,2018-05-16 17:08:51,0,1,8,0
8jvd78,2018-05-16 14:31:24,2,r/news,17,2018-05-16 17:10:08,1,1,7,0
8jvd78,2018-05-16 14:31:24,2,r/news,17,2018-05-16 17:13:31,2,0,2,0
8jvd78,2018-05-16 14:31:24,2,r/news,18,2018-05-16 17:28:17,0,0,4,0
8jvd78,2018-05-16 14:31:24,2,r/news,19,2018-05-16 17:40:55,0,0,1,0
8jvd78,2018-05-16 14:31:24,2,r/news,20,2018-05-16 17:56:20,0,0,1,0
8jvd78,2018-05-16 14:31:24,2,r/news,21,2018-05-16 18:16:05,0,0,1,0
8jvd78,2018-05-16 14:31:24,2,r/news,22,2018-05-16 15:40:47,0,3,29,0
8jvd78,2018-05-16 14:31:24,2,r/news,22,2018-05-16 17:26:58,1,0,4,0
8jvd78,2018-05-16 14:31:24,2,r/news,22,2018-05-16 17:48:15,1,0,1,0
8jvd78,2018-05-16 14:31:24,2,r/news,22,2018-05-16 17:43:30,1,0,1,0
8jvd78,2018-05-16 14:31:24,2,r/news,23,2018-05-16 17:56:58,0,0,1,0
8jvd78,2018-05-16 14:31:24,2,r/news,24,2018-05-16 17:24:35,0,0,4,0
8jvd78,2018-05-16 14:31:24,2,r/news,25,2018-05-16 17:32:56,0,1,1,0
8jvd78,2018-05-16 14:31:24,2,r/news,25,2018-05-16 17:47:45,1,0,1,0
8jvd78,2018-05-16 14:31:24,2,r/news,26,2018-05-16 17:34:09,0,0,1,0
8jvd78,2018-05-16 14:31:24,2,r/news,27,2018-05-16 17:40:38,0,0,1,0
8jvd78,2018-05-16 14:31:24,2,r/news,28,2018-05-16 17:54:46,0,0,1,0
8jvd78,2018-05-16 14:31:24,2,r/news,29,2018-05-16 17:54:53,0,1,1,0
8jvd78,2018-05-16 14:31:24,2,r/news,29,2018-05-16 17:56:17,1,1,1,0
8jvd78,2018-05-16 14:31:24,2,r/news,29,2018-05-16 17:57:01,2,0,1,0
8jvd78,2018-05-16 14:31:24,2,r/news,30,2018-05-16 18:14:37,0,1,1,0
8jvd78,2018-05-16 14:31:24,2,r/news,30,2018-05-16 18:24:48,1,0,1,0
8jvd78,2018-05-16 14:31:24,2,r/news,31,2018-05-16 17:06:43,0,0,4,0
8jvd78,2018-05-16 14:31:24,2,r/news,32,2018-05-16 18:03:46,0,0,1,0
8jvd78,2018-05-16 14:31:24,2,r/news,33,2018-05-16 16:54:41,0,0,7,0
8jvd78,2018-05-16 14:31:24,2,r/news,34,2018-05-16 17:32:16,0,0,1,0
8jvd78,2018-05-16 14:31:24,2,r/news,35,2018-05-16 17:24:33,0,0,4,0
8jvd78,2018-05-16 14:31:24,2,r/news,36,2018-05-16 17:26:08,0,1,4,0
8jvd78,2018-05-16 14:31:24,2,r/news,36,2018-05-16 18:17:27,1,0,1,0
8jvd78,2018-05-16 14:31:24,2,r/news,37,2018-05-16 17:35:53,0,0,1,0
8jvd78,2018-05-16 14:31:24,2,r/news,38,2018-05-16 17:36:47,0,0,1,0
8jvd78,2018-05-16 14:31:24,2,r/news,39,2018-05-16 17:38:23,0,0,1,0
8jvd78,2018-05-16 14:31:24,2,r/news,40,2018-05-16 17:50:20,0,0,1,0
8jvd78,2018-05-16 14:31:24,2,r/news,41,2018-05-16 17:53:34,0,0,1,0
8jvd78,2018-05-16 14:31:24,2,r/news,42,2018-05-16 17:54:37,0,2,1,0
8jvd78,2018-05-16 14:31:24,2,r/news,42,2018-05-16 17:58:38,1,0,1,0
8jvd78,2018-05-16 14:31:24,2,r/news,42,2018-05-16 18:00:33,1,0,1,0
8jvd78,2018-05-16 14:31:24,2,r/news,43,2018-05-16 17:54:53,0,0,1,0
8jvd78,2018-05-16 14:31:24,2,r/news,44,2018-05-16 18:07:12,0,0,1,0
8jvd78,2018-05-16 14:31:24,2,r/news,45,2018-05-16 18:07:25,0,0,1,0
8jvd78,2018-05-16 14:31:24,2,r/news,46,2018-05-16 18:10:39,0,0,1,0
8jvd78,2018-05-16 14:31:24,2,r/news,47,2018-05-16 18:18:53,0,0,1,0
8jvd78,2018-05-16 14:31:24,2,r/news,48,2018-05-16 18:24:00,0,1,1,0
8jvd78,2018-05-16 14:31:24,2,r/news,48,2018-05-16 18:27:36,1,0,1,0
8jvd78,2018-05-16 14:31:24,2,r/news,49,2018-05-16 15:12:46,0,0,4,0
8jvd78,2018-05-16 14:31:24,2,r/news,50,2018-05-16 17:34:33,0,0,1,0
8jvd78,2018-05-16 14:31:24,2,r/news,51,2018-05-16 18:17:42,0,0,1,0
8jvd78,2018-05-16 14:31:24,2,r/news,52,2018-05-16 16:27:13,0,6,10,0
8jvd78,2018-05-16 14:31:24,2,r/news,52,2018-05-16 16:50:28,1,0,20,0
8jvd78,2018-05-16 14:31:24,2,r/news,52,2018-05-16 16:56:06,1,1,37,0
8jvd78,2018-05-16 14:31:24,2,r/news,52,2018-05-16 17:46:29,1,0,1,0
8jvd78,2018-05-16 14:31:24,2,r/news,52,2018-05-16 18:12:20,1,0,1,0
8jvd78,2018-05-16 14:31:24,2,r/news,52,2018-05-16 17:32:43,1,0,1,0
8jvd78,2018-05-16 14:31:24,2,r/news,53,2018-05-16 17:06:54,0,0,4,0
8jvd78,2018-05-16 14:31:24,2,r/news,54,2018-05-16 17:21:45,0,0,3,0
8jvd78,2018-05-16 14:31:24,2,r/news,55,2018-05-16 17:22:01,0,0,3,0
8jvd78,2018-05-16 14:31:24,2,r/news,56,2018-05-16 17:29:49,0,0,3,0
8jvd78,2018-05-16 14:31:24,2,r/news,57,2018-05-16 17:53:04,0,0,1,0
8jvd78,2018-05-16 14:31:24,2,r/news,58,2018-05-16 17:47:25,0,6,1,0
8jvd78,2018-05-16 14:31:24,2,r/news,58,2018-05-16 18:07:25,1,0,1,0
8jvd78,2018-05-16 14:31:24,2,r/news,58,2018-05-16 18:05:19,1,1,1,0
8jvd78,2018-05-16 14:31:24,2,r/news,58,2018-05-16 18:10:03,2,2,1,0
8jvd78,2018-05-16 14:31:24,2,r/news,58,2018-05-16 18:21:08,3,0,1,0
8jvd78,2018-05-16 14:31:24,2,r/news,58,2018-05-16 18:20:06,3,1,1,0
8jvd78,2018-05-16 14:31:24,2,r/news,58,2018-05-16 18:27:32,4,0,1,0
8jvd78,2018-05-16 14:31:24,2,r/news,58,2018-05-16 18:10:09,1,0,1,0
8jvd78,2018-05-16 14:31:24,2,r/news,58,2018-05-16 18:20:20,1,0,1,0
8jvd78,2018-05-16 14:31:24,2,r/news,58,2018-05-16 18:25:51,1,0,1,0
8jvd78,2018-05-16 14:31:24,2,r/news,59,2018-05-16 17:51:19,0,1,1,0
8jvd78,2018-05-16 14:31:24,2,r/news,59,2018-05-16 18:21:05,1,0,1,0
8jvd78,2018-05-16 14:31:24,2,r/news,60,2018-05-16 17:00:28,0,0,1,0
8jvd78,2018-05-16 14:31:24,2,r/news,61,2018-05-16 18:16:05,0,0,1,0
8jvd78,2018-05-16 14:31:24,2,r/news,62,2018-05-16 17:34:25,0,0,1,0
8jvd78,2018-05-16 14:31:24,2,r/news,63,2018-05-16 17:01:17,0,3,-23,0
8jvd78,2018-05-16 14:31:24,2,r/news,63,2018-05-16 17:08:45,1,2,22,0
8jvd78,2018-05-16 14:31:24,2,r/news,63,2018-05-16 17:11:54,2,1,2,0
8jvd78,2018-05-16 14:31:24,2,r/news,63,2018-05-16 17:18:20,3,2,31,0
8jvd78,2018-05-16 14:31:24,2,r/news,63,2018-05-16 17:32:50,4,2,1,0
8jvd78,2018-05-16 14:31:24,2,r/news,63,2018-05-16 18:02:05,5,0,1,0
8jvd78,2018-05-16 14:31:24,2,r/news,63,2018-05-16 17:41:21,5,1,1,0
8jvd78,2018-05-16 14:31:24,2,r/news,63,2018-05-16 17:57:43,1,1,1,0
8jvd78,2018-05-16 14:31:24,2,r/news,63,2018-05-16 18:21:21,2,0,1,0
8jvd78,2018-05-16 14:31:24,2,r/news,63,2018-05-16 17:32:56,1,2,1,0
8jvd78,2018-05-16 14:31:24,2,r/news,63,2018-05-16 17:48:29,2,2,1,0
8jvd78,2018-05-16 14:31:24,2,r/news,63,2018-05-16 17:51:39,3,0,1,0
8jvd78,2018-05-16 14:31:24,2,r/news,63,2018-05-16 17:53:43,3,0,1,0
8jvd78,2018-05-16 14:31:24,2,r/news,64,2018-05-16 17:30:56,0,1,1,0
8jvd78,2018-05-16 14:31:24,2,r/news,64,2018-05-16 17:45:07,1,1,1,0
8jvd78,2018-05-16 14:31:24,2,r/news,65,2018-05-16 17:16:42,0,1,0,0
8jvd78,2018-05-16 14:31:24,2,r/news,65,2018-05-16 17:17:44,1,0,0,0
8jvd78,2018-05-16 14:31:24,2,r/news,66,2018-05-16 17:17:33,0,0,1,0
8jvd78,2018-05-16 14:31:24,2,r/news,67,2018-05-16 17:25:38,0,0,0,0
8jvd78,2018-05-16 14:31:24,2,r/news,68,2018-05-16 17:34:36,0,0,1,0
8jvd78,2018-05-16 14:31:24,2,r/news,69,2018-05-16 17:48:50,0,0,1,0
8jvd78,2018-05-16 14:31:24,2,r/news,70,2018-05-16 17:52:41,0,1,1,0
8jvd78,2018-05-16 14:31:24,2,r/news,70,2018-05-16 17:53:55,1,1,1,0
8jvd78,2018-05-16 14:31:24,2,r/news,70,2018-05-16 17:55:48,2,0,1,0
8jvd78,2018-05-16 14:31:24,2,r/news,71,2018-05-16 17:53:44,0,0,1,0
8jvd78,2018-05-16 14:31:24,2,r/news,72,2018-05-16 17:56:30,0,0,1,0
8jvd78,2018-05-16 14:31:24,2,r/news,73,2018-05-16 18:06:32,0,0,1,0
8jvd78,2018-05-16 14:31:24,2,r/news,74,2018-05-16 18:10:11,0,2,1,0
8jvd78,2018-05-16 14:31:24,2,r/news,74,2018-05-16 18:10:58,1,0,1,0
8jvd78,2018-05-16 14:31:24,2,r/news,74,2018-05-16 18:11:33,1,0,1,0
8jvd78,2018-05-16 14:31:24,2,r/news,75,2018-05-16 18:11:10,0,2,1,0
8jvd78,2018-05-16 14:31:24,2,r/news,75,2018-05-16 18:12:35,1,1,1,0
8jvd78,2018-05-16 14:31:24,2,r/news,75,2018-05-16 18:20:17,2,0,1,0
8jvd78,2018-05-16 14:31:24,2,r/news,75,2018-05-16 18:12:59,1,0,1,0
8jvd78,2018-05-16 14:31:24,2,r/news,76,2018-05-16 18:13:03,0,1,1,0
8jvd78,2018-05-16 14:31:24,2,r/news,76,2018-05-16 18:15:20,1,0,1,0
8jvd78,2018-05-16 14:31:24,2,r/news,77,2018-05-16 18:21:48,0,0,1,0
8jvd78,2018-05-16 14:31:24,2,r/news,78,2018-05-16 18:25:25,0,0,1,0
8jvd78,2018-05-16 14:31:24,2,r/news,79,2018-05-16 18:26:14,0,0,1,0
8jvd78,2018-05-16 14:31:24,2,r/news,80,2018-05-16 18:28:06,0,0,1,0
8juu2p,2018-05-16 13:18:26,3,r/todayilearned,0,2018-05-16 14:56:21,0,11,13902,0
8juu2p,2018-05-16 13:18:26,3,r/todayilearned,0,2018-05-16 15:59:17,1,4,4679,0
8juu2p,2018-05-16 13:18:26,3,r/todayilearned,0,2018-05-16 16:11:42,2,8,1480,0
8juu2p,2018-05-16 13:18:26,3,r/todayilearned,0,2018-05-16 16:15:45,3,5,1475,0
8juu2p,2018-05-16 13:18:26,3,r/todayilearned,0,2018-05-16 16:29:23,4,3,682,0
8juu2p,2018-05-16 13:18:26,3,r/todayilearned,0,2018-05-16 16:38:30,5,2,548,0
8juu2p,2018-05-16 13:18:26,3,r/todayilearned,0,2018-05-16 16:43:41,6,2,444,0
8juu2p,2018-05-16 13:18:26,3,r/todayilearned,0,2018-05-16 16:55:49,7,2,206,0
8juu2p,2018-05-16 13:18:26,3,r/todayilearned,0,2018-05-16 16:58:02,8,1,144,0
8juu2p,2018-05-16 13:18:26,3,r/todayilearned,0,2018-05-16 17:06:18,9,1,103,0
8juu2p,2018-05-16 13:18:26,3,r/todayilearned,0,2018-05-16 17:47:21,8,0,1,0
8juu2p,2018-05-16 13:18:26,3,r/todayilearned,0,2018-05-16 17:20:23,6,1,5,0
8juu2p,2018-05-16 13:18:26,3,r/todayilearned,0,2018-05-16 17:21:13,7,0,5,0
8juu2p,2018-05-16 13:18:26,3,r/todayilearned,0,2018-05-16 17:46:13,5,1,1,0
8juu2p,2018-05-16 13:18:26,3,r/todayilearned,0,2018-05-16 17:53:31,6,0,1,0
8juu2p,2018-05-16 13:18:26,3,r/todayilearned,0,2018-05-16 16:45:29,5,0,12,0
8juu2p,2018-05-16 13:18:26,3,r/todayilearned,0,2018-05-16 16:46:26,4,1,77,0
8juu2p,2018-05-16 13:18:26,3,r/todayilearned,0,2018-05-16 16:37:54,4,1,9,0
8juu2p,2018-05-16 13:18:26,3,r/todayilearned,0,2018-05-16 16:47:30,5,2,7,0
8juu2p,2018-05-16 13:18:26,3,r/todayilearned,0,2018-05-16 16:50:45,6,0,5,0
8juu2p,2018-05-16 13:18:26,3,r/todayilearned,0,2018-05-16 16:59:19,4,0,7,0
8juu2p,2018-05-16 13:18:26,3,r/todayilearned,0,2018-05-16 16:20:46,3,1,103,0
8juu2p,2018-05-16 13:18:26,3,r/todayilearned,0,2018-05-16 16:49:32,4,1,10,0
8juu2p,2018-05-16 13:18:26,3,r/todayilearned,0,2018-05-16 17:15:23,5,0,8,0
8juu2p,2018-05-16 13:18:26,3,r/todayilearned,0,2018-05-16 16:56:08,3,0,4,0
8juu2p,2018-05-16 13:18:26,3,r/todayilearned,0,2018-05-16 16:59:40,3,0,3,0
8juu2p,2018-05-16 13:18:26,3,r/todayilearned,0,2018-05-16 17:08:38,3,0,3,0
8juu2p,2018-05-16 13:18:26,3,r/todayilearned,0,2018-05-16 17:35:59,3,0,1,0
8juu2p,2018-05-16 13:18:26,3,r/todayilearned,0,2018-05-16 16:32:16,3,0,5,0
8juu2p,2018-05-16 13:18:26,3,r/todayilearned,0,2018-05-16 16:26:59,2,1,80,0
8juu2p,2018-05-16 13:18:26,3,r/todayilearned,0,2018-05-16 17:14:26,2,1,3,0
8juu2p,2018-05-16 13:18:26,3,r/todayilearned,0,2018-05-16 16:59:24,1,8,859,0
8juu2p,2018-05-16 13:18:26,3,r/todayilearned,0,2018-05-16 17:32:21,2,2,1,0
8juu2p,2018-05-16 13:18:26,3,r/todayilearned,0,2018-05-16 17:36:20,3,1,1,0
8juu2p,2018-05-16 13:18:26,3,r/todayilearned,0,2018-05-16 17:59:56,4,1,1,0
8juu2p,2018-05-16 13:18:26,3,r/todayilearned,0,2018-05-16 18:02:15,5,1,1,0
8juu2p,2018-05-16 13:18:26,3,r/todayilearned,0,2018-05-16 17:06:20,2,3,479,0
8juu2p,2018-05-16 13:18:26,3,r/todayilearned,0,2018-05-16 17:38:31,3,0,1,0
8juu2p,2018-05-16 13:18:26,3,r/todayilearned,0,2018-05-16 17:07:25,3,0,50,0
8juu2p,2018-05-16 13:18:26,3,r/todayilearned,0,2018-05-16 17:18:25,2,3,227,0
8juu2p,2018-05-16 13:18:26,3,r/todayilearned,0,2018-05-16 17:37:13,3,0,1,0
8juu2p,2018-05-16 13:18:26,3,r/todayilearned,0,2018-05-16 18:00:51,3,0,1,0
8juu2p,2018-05-16 13:18:26,3,r/todayilearned,0,2018-05-16 17:23:17,2,1,103,0
8juu2p,2018-05-16 13:18:26,3,r/todayilearned,0,2018-05-16 17:54:09,3,1,1,0
8juu2p,2018-05-16 13:18:26,3,r/todayilearned,0,2018-05-16 18:05:20,4,1,1,0
8juu2p,2018-05-16 13:18:26,3,r/todayilearned,0,2018-05-16 17:51:27,2,0,1,0
8juu2p,2018-05-16 13:18:26,3,r/todayilearned,0,2018-05-16 17:42:57,2,1,1,0
8juu2p,2018-05-16 13:18:26,3,r/todayilearned,0,2018-05-16 17:48:12,3,1,1,0
8juu2p,2018-05-16 13:18:26,3,r/todayilearned,0,2018-05-16 17:54:31,2,0,1,0
8juu2p,2018-05-16 13:18:26,3,r/todayilearned,0,2018-05-16 17:00:00,1,5,353,0
8juu2p,2018-05-16 13:18:26,3,r/todayilearned,0,2018-05-16 17:15:36,2,1,54,0
8juu2p,2018-05-16 13:18:26,3,r/todayilearned,0,2018-05-16 17:13:40,2,2,54,0
8juu2p,2018-05-16 13:18:26,3,r/todayilearned,0,2018-05-16 17:22:54,3,1,10,0
8juu2p,2018-05-16 13:18:26,3,r/todayilearned,0,2018-05-16 17:31:21,2,0,1,0
8juu2p,2018-05-16 13:18:26,3,r/todayilearned,0,2018-05-16 17:17:53,2,0,3,0
8juu2p,2018-05-16 13:18:26,3,r/todayilearned,0,2018-05-16 16:03:17,1,2,112,0
8juu2p,2018-05-16 13:18:26,3,r/todayilearned,0,2018-05-16 16:09:35,2,4,108,0
8juu2p,2018-05-16 13:18:26,3,r/todayilearned,0,2018-05-16 16:24:47,3,1,53,0
8juu2p,2018-05-16 13:18:26,3,r/todayilearned,0,2018-05-16 16:34:35,4,3,27,0
8juu2p,2018-05-16 13:18:26,3,r/todayilearned,0,2018-05-16 16:46:41,5,1,17,0
8juu2p,2018-05-16 13:18:26,3,r/todayilearned,0,2018-05-16 16:47:06,5,1,9,0
8juu2p,2018-05-16 13:18:26,3,r/todayilearned,0,2018-05-16 16:29:19,3,1,15,0
8juu2p,2018-05-16 13:18:26,3,r/todayilearned,0,2018-05-16 16:42:11,4,1,10,0
8juu2p,2018-05-16 13:18:26,3,r/todayilearned,0,2018-05-16 16:42:26,3,0,4,0
8juu2p,2018-05-16 13:18:26,3,r/todayilearned,0,2018-05-16 17:08:34,1,0,6,0
8juu2p,2018-05-16 13:18:26,3,r/todayilearned,0,2018-05-16 16:44:19,1,4,82,0
8juu2p,2018-05-16 13:18:26,3,r/todayilearned,0,2018-05-16 17:04:26,2,1,48,0
8juu2p,2018-05-16 13:18:26,3,r/todayilearned,0,2018-05-16 17:07:39,2,0,7,0
8juu2p,2018-05-16 13:18:26,3,r/todayilearned,0,2018-05-16 17:17:30,2,0,3,0
8juu2p,2018-05-16 13:18:26,3,r/todayilearned,0,2018-05-16 16:45:44,1,0,3,0
8juu2p,2018-05-16 13:18:26,3,r/todayilearned,0,2018-05-16 17:09:18,1,0,3,0
8juu2p,2018-05-16 13:18:26,3,r/todayilearned,0,2018-05-16 17:27:03,1,0,3,0
8juu2p,2018-05-16 13:18:26,3,r/todayilearned,0,2018-05-16 17:39:54,1,0,1,0
8juu2p,2018-05-16 13:18:26,3,r/todayilearned,1,2018-05-16 15:34:07,0,12,8818,0
8juu2p,2018-05-16 13:18:26,3,r/todayilearned,1,2018-05-16 15:49:27,1,9,6594,0
8juu2p,2018-05-16 13:18:26,3,r/todayilearned,1,2018-05-16 15:58:28,2,6,4184,0
8juu2p,2018-05-16 13:18:26,3,r/todayilearned,1,2018-05-16 16:12:52,3,4,1024,0
8juu2p,2018-05-16 13:18:26,3,r/todayilearned,1,2018-05-16 16:51:14,4,2,716,0
8juu2p,2018-05-16 13:18:26,3,r/todayilearned,1,2018-05-16 17:24:14,5,1,271,0
8juu2p,2018-05-16 13:18:26,3,r/todayilearned,1,2018-05-16 17:34:45,6,3,1,0
8juu2p,2018-05-16 13:18:26,3,r/todayilearned,1,2018-05-16 17:57:59,7,0,1,0
8juu2p,2018-05-16 13:18:26,3,r/todayilearned,1,2018-05-16 18:03:40,7,0,1,0
8juu2p,2018-05-16 13:18:26,3,r/todayilearned,1,2018-05-16 17:49:25,5,0,1,0
8juu2p,2018-05-16 13:18:26,3,r/todayilearned,1,2018-05-16 16:13:50,4,3,282,0
8juu2p,2018-05-16 13:18:26,3,r/todayilearned,1,2018-05-16 16:16:21,5,3,386,0
8juu2p,2018-05-16 13:18:26,3,r/todayilearned,1,2018-05-16 16:31:13,6,3,284,0
8juu2p,2018-05-16 13:18:26,3,r/todayilearned,1,2018-05-16 17:04:26,7,0,13,0
8juu2p,2018-05-16 13:18:26,3,r/todayilearned,1,2018-05-16 18:03:25,7,0,1,0
8juu2p,2018-05-16 13:18:26,3,r/todayilearned,1,2018-05-16 16:32:38,6,0,33,0
8juu2p,2018-05-16 13:18:26,3,r/todayilearned,1,2018-05-16 16:20:58,5,2,35,0
8juu2p,2018-05-16 13:18:26,3,r/todayilearned,1,2018-05-16 16:40:23,6,1,9,0
8juu2p,2018-05-16 13:18:26,3,r/todayilearned,1,2018-05-16 16:53:46,7,1,3,0
8juu2p,2018-05-16 13:18:26,3,r/todayilearned,1,2018-05-16 16:42:32,4,1,33,0
8juu2p,2018-05-16 13:18:26,3,r/todayilearned,1,2018-05-16 17:30:01,5,0,7,0
8juu2p,2018-05-16 13:18:26,3,r/todayilearned,1,2018-05-16 16:22:27,3,3,57,0
8juu2p,2018-05-16 13:18:26,3,r/todayilearned,1,2018-05-16 16:35:48,4,6,111,0
8juu2p,2018-05-16 13:18:26,3,r/todayilearned,1,2018-05-16 16:40:43,5,3,175,0
8juu2p,2018-05-16 13:18:26,3,r/todayilearned,1,2018-05-16 17:00:22,6,2,40,0
8juu2p,2018-05-16 13:18:26,3,r/todayilearned,1,2018-05-16 17:08:07,7,2,48,0
8juu2p,2018-05-16 13:18:26,3,r/todayilearned,1,2018-05-16 17:42:34,8,1,1,0
8juu2p,2018-05-16 13:18:26,3,r/todayilearned,1,2018-05-16 17:46:54,9,0,1,0
8juu2p,2018-05-16 13:18:26,3,r/todayilearned,1,2018-05-16 16:53:30,6,1,37,0
8juu2p,2018-05-16 13:18:26,3,r/todayilearned,1,2018-05-16 17:38:30,7,1,1,0
8juu2p,2018-05-16 13:18:26,3,r/todayilearned,1,2018-05-16 18:02:04,8,0,1,0
8juu2p,2018-05-16 13:18:26,3,r/todayilearned,1,2018-05-16 16:57:36,6,1,4,0
8juu2p,2018-05-16 13:18:26,3,r/todayilearned,1,2018-05-16 16:49:19,5,2,62,0
8juu2p,2018-05-16 13:18:26,3,r/todayilearned,1,2018-05-16 17:06:47,6,0,12,0
8juu2p,2018-05-16 13:18:26,3,r/todayilearned,1,2018-05-16 16:48:28,5,1,24,0
8juu2p,2018-05-16 13:18:26,3,r/todayilearned,1,2018-05-16 17:00:54,5,1,4,0
8juu2p,2018-05-16 13:18:26,3,r/todayilearned,1,2018-05-16 17:10:20,6,1,6,0
8juu2p,2018-05-16 13:18:26,3,r/todayilearned,1,2018-05-16 17:19:30,5,0,3,0
8juu2p,2018-05-16 13:18:26,3,r/todayilearned,1,2018-05-16 17:00:46,4,1,19,0
8juu2p,2018-05-16 13:18:26,3,r/todayilearned,1,2018-05-16 16:14:40,3,8,119,0
8juu2p,2018-05-16 13:18:26,3,r/todayilearned,1,2018-05-16 16:19:30,4,2,89,0
8juu2p,2018-05-16 13:18:26,3,r/todayilearned,1,2018-05-16 16:29:02,5,4,45,0
8juu2p,2018-05-16 13:18:26,3,r/todayilearned,1,2018-05-16 16:49:19,6,2,22,0
8juu2p,2018-05-16 13:18:26,3,r/todayilearned,1,2018-05-16 17:34:12,7,1,1,0
8juu2p,2018-05-16 13:18:26,3,r/todayilearned,1,2018-05-16 17:46:33,8,1,1,0
8juu2p,2018-05-16 13:18:26,3,r/todayilearned,1,2018-05-16 17:50:40,9,0,1,0
8juu2p,2018-05-16 13:18:26,3,r/todayilearned,1,2018-05-16 16:33:03,6,1,9,0
8juu2p,2018-05-16 13:18:26,3,r/todayilearned,1,2018-05-16 16:39:05,7,2,10,0
8juu2p,2018-05-16 13:18:26,3,r/todayilearned,1,2018-05-16 16:44:24,8,1,3,0
8juu2p,2018-05-16 13:18:26,3,r/todayilearned,1,2018-05-16 17:13:19,6,0,4,0
8juu2p,2018-05-16 13:18:26,3,r/todayilearned,1,2018-05-16 17:29:10,5,0,4,0
8juu2p,2018-05-16 13:18:26,3,r/todayilearned,1,2018-05-16 16:20:23,4,6,74,0
8juu2p,2018-05-16 13:18:26,3,r/todayilearned,1,2018-05-16 16:26:20,5,2,42,0
8juu2p,2018-05-16 13:18:26,3,r/todayilearned,1,2018-05-16 16:55:24,6,2,8,0
8juu2p,2018-05-16 13:18:26,3,r/todayilearned,1,2018-05-16 18:08:36,7,0,1,0
8juu2p,2018-05-16 13:18:26,3,r/todayilearned,1,2018-05-16 16:24:43,5,1,4,0
8juu2p,2018-05-16 13:18:26,3,r/todayilearned,1,2018-05-16 16:30:11,5,0,4,0
8juu2p,2018-05-16 13:18:26,3,r/todayilearned,1,2018-05-16 16:52:02,5,0,4,0
8juu2p,2018-05-16 13:18:26,3,r/todayilearned,1,2018-05-16 16:24:11,5,2,18,0
8juu2p,2018-05-16 13:18:26,3,r/todayilearned,1,2018-05-16 16:29:52,6,2,29,0
8juu2p,2018-05-16 13:18:26,3,r/todayilearned,1,2018-05-16 16:36:21,7,1,18,0
8juu2p,2018-05-16 13:18:26,3,r/todayilearned,1,2018-05-16 16:44:37,8,0,9,0
8juu2p,2018-05-16 13:18:26,3,r/todayilearned,1,2018-05-16 17:22:22,7,0,5,0
8juu2p,2018-05-16 13:18:26,3,r/todayilearned,1,2018-05-16 16:30:56,4,1,4,0
8juu2p,2018-05-16 13:18:26,3,r/todayilearned,1,2018-05-16 16:19:42,4,0,9,0
8juu2p,2018-05-16 13:18:26,3,r/todayilearned,1,2018-05-16 16:21:51,4,0,4,0
8juu2p,2018-05-16 13:18:26,3,r/todayilearned,1,2018-05-16 16:18:29,4,1,9,0
8juu2p,2018-05-16 13:18:26,3,r/todayilearned,1,2018-05-16 16:29:46,4,0,3,0
8juu2p,2018-05-16 13:18:26,3,r/todayilearned,1,2018-05-16 16:34:05,3,0,5,0
8juu2p,2018-05-16 13:18:26,3,r/todayilearned,1,2018-05-16 16:22:53,3,5,58,0
8juu2p,2018-05-16 13:18:26,3,r/todayilearned,1,2018-05-16 16:34:41,4,2,31,0
8juu2p,2018-05-16 13:18:26,3,r/todayilearned,1,2018-05-16 16:54:33,5,1,5,0
8juu2p,2018-05-16 13:18:26,3,r/todayilearned,1,2018-05-16 16:40:56,4,0,8,0
8juu2p,2018-05-16 13:18:26,3,r/todayilearned,1,2018-05-16 16:43:54,4,1,4,0
8juu2p,2018-05-16 13:18:26,3,r/todayilearned,1,2018-05-16 16:32:20,4,1,11,0
8juu2p,2018-05-16 13:18:26,3,r/todayilearned,1,2018-05-16 16:08:14,2,7,504,0
8juu2p,2018-05-16 13:18:26,3,r/todayilearned,1,2018-05-16 16:16:31,3,3,128,0
8juu2p,2018-05-16 13:18:26,3,r/todayilearned,1,2018-05-16 16:22:37,4,1,73,0
8juu2p,2018-05-16 13:18:26,3,r/todayilearned,1,2018-05-16 16:34:12,5,1,14,0
8juu2p,2018-05-16 13:18:26,3,r/todayilearned,1,2018-05-16 17:00:54,6,0,4,0
8juu2p,2018-05-16 13:18:26,3,r/todayilearned,1,2018-05-16 17:03:08,4,0,5,0
8juu2p,2018-05-16 13:18:26,3,r/todayilearned,1,2018-05-16 16:15:46,3,4,151,0
8juu2p,2018-05-16 13:18:26,3,r/todayilearned,1,2018-05-16 16:31:11,4,1,55,0
8juu2p,2018-05-16 13:18:26,3,r/todayilearned,1,2018-05-16 17:01:05,5,0,5,0
8juu2p,2018-05-16 13:18:26,3,r/todayilearned,1,2018-05-16 16:40:38,4,0,13,0
8juu2p,2018-05-16 13:18:26,3,r/todayilearned,1,2018-05-16 16:38:05,4,0,3,0
8juu2p,2018-05-16 13:18:26,3,r/todayilearned,1,2018-05-16 16:30:00,3,1,5,0
8juu2p,2018-05-16 13:18:26,3,r/todayilearned,1,2018-05-16 17:04:27,3,1,5,0
8juu2p,2018-05-16 13:18:26,3,r/todayilearned,1,2018-05-16 16:16:17,3,9,23,0
8juu2p,2018-05-16 13:18:26,3,r/todayilearned,1,2018-05-16 16:23:33,4,1,46,0
8juu2p,2018-05-16 13:18:26,3,r/todayilearned,1,2018-05-16 16:20:52,4,2,23,0
8juu2p,2018-05-16 13:18:26,3,r/todayilearned,1,2018-05-16 16:27:42,5,1,10,0
8juu2p,2018-05-16 13:18:26,3,r/todayilearned,1,2018-05-16 16:49:16,6,0,3,0
8juu2p,2018-05-16 13:18:26,3,r/todayilearned,1,2018-05-16 16:21:23,4,0,12,0
8juu2p,2018-05-16 13:18:26,3,r/todayilearned,1,2018-05-16 16:25:13,4,1,6,0
8juu2p,2018-05-16 13:18:26,3,r/todayilearned,1,2018-05-16 16:20:24,4,6,27,0
8juu2p,2018-05-16 13:18:26,3,r/todayilearned,1,2018-05-16 16:26:40,5,1,10,0
8juu2p,2018-05-16 13:18:26,3,r/todayilearned,1,2018-05-16 16:28:23,5,3,20,0
8juu2p,2018-05-16 13:18:26,3,r/todayilearned,1,2018-05-16 16:51:01,6,0,9,0
8juu2p,2018-05-16 13:18:26,3,r/todayilearned,1,2018-05-16 16:37:40,6,0,3,0
8juu2p,2018-05-16 13:18:26,3,r/todayilearned,1,2018-05-16 16:28:02,5,0,6,0
8juu2p,2018-05-16 13:18:26,3,r/todayilearned,1,2018-05-16 16:25:19,5,1,25,0
8juu2p,2018-05-16 13:18:26,3,r/todayilearned,1,2018-05-16 16:32:11,6,1,9,0
8juu2p,2018-05-16 13:18:26,3,r/todayilearned,1,2018-05-16 16:39:51,5,0,3,0
8juu2p,2018-05-16 13:18:26,3,r/todayilearned,1,2018-05-16 16:34:14,4,0,3,0
8juu2p,2018-05-16 13:18:26,3,r/todayilearned,1,2018-05-16 16:38:06,4,1,3,0
8juu2p,2018-05-16 13:18:26,3,r/todayilearned,1,2018-05-16 16:19:58,4,1,13,0
8juu2p,2018-05-16 13:18:26,3,r/todayilearned,1,2018-05-16 16:16:50,3,2,5,0
8juu2p,2018-05-16 13:18:26,3,r/todayilearned,1,2018-05-16 16:25:50,4,1,4,0
8juu2p,2018-05-16 13:18:26,3,r/todayilearned,1,2018-05-16 17:06:24,5,0,3,0
8juu2p,2018-05-16 13:18:26,3,r/todayilearned,1,2018-05-16 16:23:38,2,1,85,0
8juu2p,2018-05-16 13:18:26,3,r/todayilearned,1,2018-05-16 17:11:50,3,0,12,0
8juu2p,2018-05-16 13:18:26,3,r/todayilearned,1,2018-05-16 16:03:29,2,2,43,0
8juu2p,2018-05-16 13:18:26,3,r/todayilearned,1,2018-05-16 17:02:15,3,1,3,0
8juu2p,2018-05-16 13:18:26,3,r/todayilearned,1,2018-05-16 16:19:04,2,1,49,0
8juu2p,2018-05-16 13:18:26,3,r/todayilearned,1,2018-05-16 17:03:49,3,4,12,0
8juu2p,2018-05-16 13:18:26,3,r/todayilearned,1,2018-05-16 17:37:00,4,0,1,0
8juu2p,2018-05-16 13:18:26,3,r/todayilearned,1,2018-05-16 17:50:16,4,0,1,0
8juu2p,2018-05-16 13:18:26,3,r/todayilearned,1,2018-05-16 17:32:30,4,0,1,0
8juu2p,2018-05-16 13:18:26,3,r/todayilearned,1,2018-05-16 16:32:54,2,1,7,0
8juu2p,2018-05-16 13:18:26,3,r/todayilearned,1,2018-05-16 16:20:21,2,1,5,0
8juu2p,2018-05-16 13:18:26,3,r/todayilearned,1,2018-05-16 16:22:19,2,1,8,0
8juu2p,2018-05-16 13:18:26,3,r/todayilearned,1,2018-05-16 16:13:23,1,6,225,0
8juu2p,2018-05-16 13:18:26,3,r/todayilearned,1,2018-05-16 16:51:24,2,0,78,0
8juu2p,2018-05-16 13:18:26,3,r/todayilearned,1,2018-05-16 17:12:05,2,0,7,0
8juu2p,2018-05-16 13:18:26,3,r/todayilearned,1,2018-05-16 17:24:10,2,0,5,0
8juu2p,2018-05-16 13:18:26,3,r/todayilearned,1,2018-05-16 16:59:58,2,2,8,0
8juu2p,2018-05-16 13:18:26,3,r/todayilearned,1,2018-05-16 17:18:55,3,0,7,0
8juu2p,2018-05-16 13:18:26,3,r/todayilearned,1,2018-05-16 17:05:54,2,0,3,0
8juu2p,2018-05-16 13:18:26,3,r/todayilearned,1,2018-05-16 16:01:39,1,5,488,0
8juu2p,2018-05-16 13:18:26,3,r/todayilearned,1,2018-05-16 16:08:44,2,2,408,0
8juu2p,2018-05-16 13:18:26,3,r/todayilearned,1,2018-05-16 16:15:46,3,2,248,0
8juu2p,2018-05-16 13:18:26,3,r/todayilearned,1,2018-05-16 16:22:56,4,2,171,0
8juu2p,2018-05-16 13:18:26,3,r/todayilearned,1,2018-05-16 16:36:34,5,2,98,0
8juu2p,2018-05-16 13:18:26,3,r/todayilearned,1,2018-05-16 16:45:20,6,1,80,0
8juu2p,2018-05-16 13:18:26,3,r/todayilearned,1,2018-05-16 16:53:02,7,1,31,0
8juu2p,2018-05-16 13:18:26,3,r/todayilearned,1,2018-05-16 17:02:48,8,2,5,0
8juu2p,2018-05-16 13:18:26,3,r/todayilearned,1,2018-05-16 17:10:07,9,0,5,0
8juu2p,2018-05-16 13:18:26,3,r/todayilearned,1,2018-05-16 16:46:04,2,1,31,0
8juu2p,2018-05-16 13:18:26,3,r/todayilearned,1,2018-05-16 16:30:40,2,0,7,0
8juu2p,2018-05-16 13:18:26,3,r/todayilearned,1,2018-05-16 16:58:16,2,0,3,0
8juu2p,2018-05-16 13:18:26,3,r/todayilearned,1,2018-05-16 15:53:13,1,1,39,0
8juu2p,2018-05-16 13:18:26,3,r/todayilearned,1,2018-05-16 15:52:17,1,4,225,0
8juu2p,2018-05-16 13:18:26,3,r/todayilearned,1,2018-05-16 16:17:18,2,2,45,0
8juu2p,2018-05-16 13:18:26,3,r/todayilearned,1,2018-05-16 16:26:47,3,0,31,0
8juu2p,2018-05-16 13:18:26,3,r/todayilearned,1,2018-05-16 16:51:19,3,1,4,0
8juu2p,2018-05-16 13:18:26,3,r/todayilearned,1,2018-05-16 17:11:29,4,0,3,0
8juu2p,2018-05-16 13:18:26,3,r/todayilearned,1,2018-05-16 15:57:36,2,4,112,0
8juu2p,2018-05-16 13:18:26,3,r/todayilearned,1,2018-05-16 15:59:39,3,3,478,0
8juu2p,2018-05-16 13:18:26,3,r/todayilearned,1,2018-05-16 16:13:52,4,3,94,0
8juu2p,2018-05-16 13:18:26,3,r/todayilearned,1,2018-05-16 16:54:12,5,0,14,0
8juu2p,2018-05-16 13:18:26,3,r/todayilearned,1,2018-05-16 16:59:30,5,1,3,0
8juu2p,2018-05-16 13:18:26,3,r/todayilearned,1,2018-05-16 16:54:05,4,0,3,0
8juu2p,2018-05-16 13:18:26,3,r/todayilearned,1,2018-05-16 16:00:22,3,0,23,0
8juu2p,2018-05-16 13:18:26,3,r/todayilearned,1,2018-05-16 16:09:02,3,2,12,0
8juu2p,2018-05-16 13:18:26,3,r/todayilearned,1,2018-05-16 16:53:47,4,1,5,0
8juu2p,2018-05-16 13:18:26,3,r/todayilearned,1,2018-05-16 16:19:08,2,1,4,0
8juu2p,2018-05-16 13:18:26,3,r/todayilearned,1,2018-05-16 16:29:15,3,0,4,0
8juu2p,2018-05-16 13:18:26,3,r/todayilearned,1,2018-05-16 16:00:40,1,1,25,0
8juu2p,2018-05-16 13:18:26,3,r/todayilearned,1,2018-05-16 16:09:31,2,0,7,0
8juu2p,2018-05-16 13:18:26,3,r/todayilearned,1,2018-05-16 16:14:27,1,1,23,0
8juu2p,2018-05-16 13:18:26,3,r/todayilearned,1,2018-05-16 17:09:22,2,0,6,0
8juu2p,2018-05-16 13:18:26,3,r/todayilearned,1,2018-05-16 16:48:52,1,0,4,0
8juu2p,2018-05-16 13:18:26,3,r/todayilearned,1,2018-05-16 16:49:58,1,0,3,0
8juu2p,2018-05-16 13:18:26,3,r/todayilearned,1,2018-05-16 16:35:32,1,0,3,0
8juu2p,2018-05-16 13:18:26,3,r/todayilearned,1,2018-05-16 16:48:04,1,0,3,0
8juu2p,2018-05-16 13:18:26,3,r/todayilearned,2,2018-05-16 15:38:28,0,5,2051,0
8juu2p,2018-05-16 13:18:26,3,r/todayilearned,2,2018-05-16 16:30:20,1,2,369,0
8juu2p,2018-05-16 13:18:26,3,r/todayilearned,2,2018-05-16 17:23:01,2,1,21,0
8juu2p,2018-05-16 13:18:26,3,r/todayilearned,2,2018-05-16 16:29:26,1,0,90,0
8juu2p,2018-05-16 13:18:26,3,r/todayilearned,2,2018-05-16 16:54:40,1,0,14,0
8juu2p,2018-05-16 13:18:26,3,r/todayilearned,2,2018-05-16 16:07:38,1,1,39,0
8juu2p,2018-05-16 13:18:26,3,r/todayilearned,3,2018-05-16 15:34:48,0,8,1954,0
8juu2p,2018-05-16 13:18:26,3,r/todayilearned,3,2018-05-16 15:51:06,1,6,965,0
8juu2p,2018-05-16 13:18:26,3,r/todayilearned,3,2018-05-16 17:17:57,2,0,93,0
8juu2p,2018-05-16 13:18:26,3,r/todayilearned,3,2018-05-16 17:12:26,2,1,181,0
8juu2p,2018-05-16 13:18:26,3,r/todayilearned,3,2018-05-16 16:50:48,2,0,215,0
8juu2p,2018-05-16 13:18:26,3,r/todayilearned,3,2018-05-16 17:35:08,2,1,1,0
8juu2p,2018-05-16 13:18:26,3,r/todayilearned,3,2018-05-16 17:47:43,3,1,1,0
8juu2p,2018-05-16 13:18:26,3,r/todayilearned,3,2018-05-16 17:59:23,4,1,1,0
8juu2p,2018-05-16 13:18:26,3,r/todayilearned,3,2018-05-16 18:05:02,5,0,1,0
8juu2p,2018-05-16 13:18:26,3,r/todayilearned,3,2018-05-16 16:55:44,2,2,30,0
8juu2p,2018-05-16 13:18:26,3,r/todayilearned,3,2018-05-16 17:16:32,3,1,47,0
8juu2p,2018-05-16 13:18:26,3,r/todayilearned,3,2018-05-16 17:39:01,3,0,1,0
8juu2p,2018-05-16 13:18:26,3,r/todayilearned,3,2018-05-16 16:29:47,1,4,149,0
8juu2p,2018-05-16 13:18:26,3,r/todayilearned,3,2018-05-16 16:49:31,2,2,96,0
8juu2p,2018-05-16 13:18:26,3,r/todayilearned,3,2018-05-16 16:58:16,3,2,60,0
8juu2p,2018-05-16 13:18:26,3,r/todayilearned,3,2018-05-16 17:22:36,4,0,9,0
8juu2p,2018-05-16 13:18:26,3,r/todayilearned,3,2018-05-16 17:57:57,4,0,1,0
8juu2p,2018-05-16 13:18:26,3,r/todayilearned,3,2018-05-16 16:50:50,2,0,10,0
8juu2p,2018-05-16 13:18:26,3,r/todayilearned,3,2018-05-16 17:25:20,2,0,4,0
8juu2p,2018-05-16 13:18:26,3,r/todayilearned,3,2018-05-16 17:30:54,2,0,1,0
8juu2p,2018-05-16 13:18:26,3,r/todayilearned,3,2018-05-16 16:36:33,1,1,48,0
8juu2p,2018-05-16 13:18:26,3,r/todayilearned,3,2018-05-16 15:47:22,1,2,91,0
8juu2p,2018-05-16 13:18:26,3,r/todayilearned,3,2018-05-16 16:18:06,2,1,103,0
8juu2p,2018-05-16 13:18:26,3,r/todayilearned,3,2018-05-16 16:47:10,3,0,6,0
8juu2p,2018-05-16 13:18:26,3,r/todayilearned,3,2018-05-16 16:35:20,2,0,27,0
8juu2p,2018-05-16 13:18:26,3,r/todayilearned,3,2018-05-16 17:03:19,1,1,4,0
8juu2p,2018-05-16 13:18:26,3,r/todayilearned,3,2018-05-16 17:06:41,1,0,3,0
8juu2p,2018-05-16 13:18:26,3,r/todayilearned,3,2018-05-16 17:07:21,1,0,3,0
8juu2p,2018-05-16 13:18:26,3,r/todayilearned,4,2018-05-16 16:28:08,0,9,1205,1
8juu2p,2018-05-16 13:18:26,3,r/todayilearned,4,2018-05-16 16:53:29,1,1,67,0
8juu2p,2018-05-16 13:18:26,3,r/todayilearned,4,2018-05-16 17:05:40,2,1,72,0
8juu2p,2018-05-16 13:18:26,3,r/todayilearned,4,2018-05-16 17:16:51,3,1,7,0
8juu2p,2018-05-16 13:18:26,3,r/todayilearned,4,2018-05-16 17:58:00,4,0,1,0
8juu2p,2018-05-16 13:18:26,3,r/todayilearned,4,2018-05-16 17:13:43,1,3,28,0
8juu2p,2018-05-16 13:18:26,3,r/todayilearned,4,2018-05-16 17:31:56,2,0,1,0
8juu2p,2018-05-16 13:18:26,3,r/todayilearned,4,2018-05-16 17:39:20,2,1,1,0
8juu2p,2018-05-16 13:18:26,3,r/todayilearned,4,2018-05-16 17:47:27,3,1,1,0
8juu2p,2018-05-16 13:18:26,3,r/todayilearned,4,2018-05-16 17:49:59,4,1,1,0
8juu2p,2018-05-16 13:18:26,3,r/todayilearned,4,2018-05-16 17:55:36,5,1,1,0
8juu2p,2018-05-16 13:18:26,3,r/todayilearned,4,2018-05-16 17:45:34,2,0,1,0
8juu2p,2018-05-16 13:18:26,3,r/todayilearned,4,2018-05-16 16:43:54,1,2,84,0
8juu2p,2018-05-16 13:18:26,3,r/todayilearned,4,2018-05-16 17:07:03,2,0,31,0
8juu2p,2018-05-16 13:18:26,3,r/todayilearned,4,2018-05-16 17:12:44,1,1,10,0
8juu2p,2018-05-16 13:18:26,3,r/todayilearned,4,2018-05-16 17:12:14,1,1,4,0
8juu2p,2018-05-16 13:18:26,3,r/todayilearned,4,2018-05-16 17:49:04,2,1,1,0
8juu2p,2018-05-16 13:18:26,3,r/todayilearned,4,2018-05-16 17:40:22,1,0,1,0
8juu2p,2018-05-16 13:18:26,3,r/todayilearned,4,2018-05-16 17:05:14,1,0,7,0
8juu2p,2018-05-16 13:18:26,3,r/todayilearned,4,2018-05-16 17:29:08,1,1,5,0
8juu2p,2018-05-16 13:18:26,3,r/todayilearned,4,2018-05-16 17:49:53,2,0,1,0
8juu2p,2018-05-16 13:18:26,3,r/todayilearned,5,2018-05-16 14:13:59,0,5,2096,0
8juu2p,2018-05-16 13:18:26,3,r/todayilearned,5,2018-05-16 14:42:31,1,10,1431,0
8juu2p,2018-05-16 13:18:26,3,r/todayilearned,5,2018-05-16 16:12:23,2,3,187,0
8juu2p,2018-05-16 13:18:26,3,r/todayilearned,5,2018-05-16 16:40:24,3,0,44,0
8juu2p,2018-05-16 13:18:26,3,r/todayilearned,5,2018-05-16 17:21:47,3,0,6,0
8juu2p,2018-05-16 13:18:26,3,r/todayilearned,5,2018-05-16 17:26:48,3,1,6,0
8juu2p,2018-05-16 13:18:26,3,r/todayilearned,5,2018-05-16 17:28:19,4,0,4,0
8juu2p,2018-05-16 13:18:26,3,r/todayilearned,5,2018-05-16 16:19:37,2,0,48,0
8juu2p,2018-05-16 13:18:26,3,r/todayilearned,5,2018-05-16 16:34:57,2,0,22,0
8juu2p,2018-05-16 13:18:26,3,r/todayilearned,5,2018-05-16 15:22:31,2,11,755,0
8juu2p,2018-05-16 13:18:26,3,r/todayilearned,5,2018-05-16 16:24:50,3,1,63,0
8juu2p,2018-05-16 13:18:26,3,r/todayilearned,5,2018-05-16 16:56:46,4,2,18,0
8juu2p,2018-05-16 13:18:26,3,r/todayilearned,5,2018-05-16 17:25:13,5,0,9,0
8juu2p,2018-05-16 13:18:26,3,r/todayilearned,5,2018-05-16 17:04:55,5,0,4,0
8juu2p,2018-05-16 13:18:26,3,r/todayilearned,5,2018-05-16 15:45:35,3,4,370,0
8juu2p,2018-05-16 13:18:26,3,r/todayilearned,5,2018-05-16 16:01:30,4,2,207,0
8juu2p,2018-05-16 13:18:26,3,r/todayilearned,5,2018-05-16 16:53:56,5,1,11,0
8juu2p,2018-05-16 13:18:26,3,r/todayilearned,5,2018-05-16 17:14:00,6,0,3,0
8juu2p,2018-05-16 13:18:26,3,r/todayilearned,5,2018-05-16 17:10:11,5,0,3,0
8juu2p,2018-05-16 13:18:26,3,r/todayilearned,5,2018-05-16 16:28:26,4,0,42,0
8juu2p,2018-05-16 13:18:26,3,r/todayilearned,5,2018-05-16 16:57:32,4,0,8,0
8juu2p,2018-05-16 13:18:26,3,r/todayilearned,5,2018-05-16 15:40:35,3,2,80,0
8juu2p,2018-05-16 13:18:26,3,r/todayilearned,5,2018-05-16 15:51:11,4,2,113,0
8juu2p,2018-05-16 13:18:26,3,r/todayilearned,5,2018-05-16 15:54:48,5,4,16,0
8juu2p,2018-05-16 13:18:26,3,r/todayilearned,5,2018-05-16 16:12:11,6,0,31,0
8juu2p,2018-05-16 13:18:26,3,r/todayilearned,5,2018-05-16 16:30:12,6,1,12,0
8juu2p,2018-05-16 13:18:26,3,r/todayilearned,5,2018-05-16 16:39:49,7,2,6,0
8juu2p,2018-05-16 13:18:26,3,r/todayilearned,5,2018-05-16 16:54:10,8,1,7,0
8juu2p,2018-05-16 13:18:26,3,r/todayilearned,5,2018-05-16 17:00:32,8,0,3,0
8juu2p,2018-05-16 13:18:26,3,r/todayilearned,5,2018-05-16 16:30:23,6,1,6,0
8juu2p,2018-05-16 13:18:26,3,r/todayilearned,5,2018-05-16 15:42:39,3,2,62,0
8juu2p,2018-05-16 13:18:26,3,r/todayilearned,5,2018-05-16 17:16:05,4,0,6,0
8juu2p,2018-05-16 13:18:26,3,r/todayilearned,5,2018-05-16 16:42:46,4,0,5,0
8juu2p,2018-05-16 13:18:26,3,r/todayilearned,5,2018-05-16 16:02:49,3,2,53,0
8juu2p,2018-05-16 13:18:26,3,r/todayilearned,5,2018-05-16 16:20:50,4,1,15,0
8juu2p,2018-05-16 13:18:26,3,r/todayilearned,5,2018-05-16 16:10:07,3,1,3,0
8juu2p,2018-05-16 13:18:26,3,r/todayilearned,5,2018-05-16 17:08:17,3,0,3,0
8juu2p,2018-05-16 13:18:26,3,r/todayilearned,5,2018-05-16 17:26:27,3,0,3,0
8juu2p,2018-05-16 13:18:26,3,r/todayilearned,5,2018-05-16 15:57:07,3,1,11,0
8juu2p,2018-05-16 13:18:26,3,r/todayilearned,5,2018-05-16 16:12:51,4,1,6,0
8juu2p,2018-05-16 13:18:26,3,r/todayilearned,5,2018-05-16 16:16:55,5,0,5,0
8juu2p,2018-05-16 13:18:26,3,r/todayilearned,5,2018-05-16 15:55:33,3,1,17,0
8juu2p,2018-05-16 13:18:26,3,r/todayilearned,5,2018-05-16 16:34:10,2,1,11,0
8juu2p,2018-05-16 13:18:26,3,r/todayilearned,5,2018-05-16 16:00:47,2,2,33,0
8juu2p,2018-05-16 13:18:26,3,r/todayilearned,5,2018-05-16 16:10:54,3,1,32,0
8juu2p,2018-05-16 13:18:26,3,r/todayilearned,5,2018-05-16 16:14:38,4,1,31,0
8juu2p,2018-05-16 13:18:26,3,r/todayilearned,5,2018-05-16 17:45:16,5,1,1,0
8juu2p,2018-05-16 13:18:26,3,r/todayilearned,5,2018-05-16 17:37:46,3,0,1,0
8juu2p,2018-05-16 13:18:26,3,r/todayilearned,5,2018-05-16 17:01:28,2,0,6,0
8juu2p,2018-05-16 13:18:26,3,r/todayilearned,5,2018-05-16 16:35:35,2,1,4,0
8juu2p,2018-05-16 13:18:26,3,r/todayilearned,5,2018-05-16 16:47:07,2,0,3,0
8juu2p,2018-05-16 13:18:26,3,r/todayilearned,5,2018-05-16 15:53:31,1,1,241,0
8juu2p,2018-05-16 13:18:26,3,r/todayilearned,5,2018-05-16 16:47:49,2,1,88,0
8juu2p,2018-05-16 13:18:26,3,r/todayilearned,5,2018-05-16 16:21:33,1,0,33,0
8juu2p,2018-05-16 13:18:26,3,r/todayilearned,5,2018-05-16 16:33:16,1,3,12,0
8juu2p,2018-05-16 13:18:26,3,r/todayilearned,5,2018-05-16 16:41:20,2,1,19,0
8juu2p,2018-05-16 13:18:26,3,r/todayilearned,5,2018-05-16 17:39:40,2,0,1,0
8juu2p,2018-05-16 13:18:26,3,r/todayilearned,6,2018-05-16 15:58:34,0,0,127,0
8juu2p,2018-05-16 13:18:26,3,r/todayilearned,7,2018-05-16 13:22:55,0,6,2326,0
8juu2p,2018-05-16 13:18:26,3,r/todayilearned,7,2018-05-16 14:30:25,1,6,909,0
8juu2p,2018-05-16 13:18:26,3,r/todayilearned,7,2018-05-16 14:47:44,2,3,475,0
8juu2p,2018-05-16 13:18:26,3,r/todayilearned,7,2018-05-16 15:54:29,3,3,165,0
8juu2p,2018-05-16 13:18:26,3,r/todayilearned,7,2018-05-16 16:03:04,4,2,176,0
8juu2p,2018-05-16 13:18:26,3,r/todayilearned,7,2018-05-16 16:04:06,5,1,95,0
8juu2p,2018-05-16 13:18:26,3,r/todayilearned,7,2018-05-16 16:51:55,6,1,12,0
8juu2p,2018-05-16 13:18:26,3,r/todayilearned,7,2018-05-16 16:56:10,7,1,9,0
8juu2p,2018-05-16 13:18:26,3,r/todayilearned,7,2018-05-16 15:58:38,4,3,118,0
8juu2p,2018-05-16 13:18:26,3,r/todayilearned,7,2018-05-16 15:59:43,5,1,40,0
8juu2p,2018-05-16 13:18:26,3,r/todayilearned,7,2018-05-16 16:06:50,5,0,8,0
8juu2p,2018-05-16 13:18:26,3,r/todayilearned,7,2018-05-16 16:24:30,5,0,6,0
8juu2p,2018-05-16 13:18:26,3,r/todayilearned,7,2018-05-16 16:00:45,3,6,49,0
8juu2p,2018-05-16 13:18:26,3,r/todayilearned,7,2018-05-16 16:04:12,4,0,71,0
8juu2p,2018-05-16 13:18:26,3,r/todayilearned,7,2018-05-16 16:09:53,4,2,52,0
8juu2p,2018-05-16 13:18:26,3,r/todayilearned,7,2018-05-16 16:23:26,5,0,28,0
8juu2p,2018-05-16 13:18:26,3,r/todayilearned,7,2018-05-16 16:18:39,4,1,11,0
8juu2p,2018-05-16 13:18:26,3,r/todayilearned,7,2018-05-16 16:04:23,4,1,7,0
8juu2p,2018-05-16 13:18:26,3,r/todayilearned,7,2018-05-16 16:18:47,4,1,3,0
8juu2p,2018-05-16 13:18:26,3,r/todayilearned,7,2018-05-16 15:54:47,2,6,145,0
8juu2p,2018-05-16 13:18:26,3,r/todayilearned,7,2018-05-16 15:58:29,3,5,83,0
8juu2p,2018-05-16 13:18:26,3,r/todayilearned,7,2018-05-16 16:06:24,4,1,75,0
8juu2p,2018-05-16 13:18:26,3,r/todayilearned,7,2018-05-16 16:26:51,5,1,7,0
8juu2p,2018-05-16 13:18:26,3,r/todayilearned,7,2018-05-16 16:55:06,6,2,5,0
8juu2p,2018-05-16 13:18:26,3,r/todayilearned,7,2018-05-16 17:31:19,7,0,1,0
8juu2p,2018-05-16 13:18:26,3,r/todayilearned,7,2018-05-16 16:22:34,4,1,16,0
8juu2p,2018-05-16 13:18:26,3,r/todayilearned,7,2018-05-16 16:20:02,4,2,23,0
8juu2p,2018-05-16 13:18:26,3,r/todayilearned,7,2018-05-16 17:14:50,5,0,4,0
8juu2p,2018-05-16 13:18:26,3,r/todayilearned,7,2018-05-16 16:39:30,4,0,3,0
8juu2p,2018-05-16 13:18:26,3,r/todayilearned,7,2018-05-16 16:12:22,3,1,7,0
8juu2p,2018-05-16 13:18:26,3,r/todayilearned,7,2018-05-16 16:24:26,3,0,5,0
8juu2p,2018-05-16 13:18:26,3,r/todayilearned,7,2018-05-16 16:36:11,3,1,3,0
8juu2p,2018-05-16 13:18:26,3,r/todayilearned,7,2018-05-16 17:07:45,4,0,3,0
8juu2p,2018-05-16 13:18:26,3,r/todayilearned,7,2018-05-16 16:23:33,3,0,3,0
8juu2p,2018-05-16 13:18:26,3,r/todayilearned,7,2018-05-16 15:48:30,2,2,51,0
8juu2p,2018-05-16 13:18:26,3,r/todayilearned,7,2018-05-16 15:53:11,3,2,34,0
8juu2p,2018-05-16 13:18:26,3,r/todayilearned,7,2018-05-16 15:55:44,4,2,29,0
8juu2p,2018-05-16 13:18:26,3,r/todayilearned,7,2018-05-16 17:29:05,5,1,4,0
8juu2p,2018-05-16 13:18:26,3,r/todayilearned,7,2018-05-16 15:54:12,2,1,8,0
8juu2p,2018-05-16 13:18:26,3,r/todayilearned,7,2018-05-16 15:58:01,3,1,33,0
8juu2p,2018-05-16 13:18:26,3,r/todayilearned,7,2018-05-16 15:50:13,2,0,12,0
8juu2p,2018-05-16 13:18:26,3,r/todayilearned,7,2018-05-16 15:46:47,1,6,93,0
8juu2p,2018-05-16 13:18:26,3,r/todayilearned,7,2018-05-16 15:49:05,2,0,27,0
8juu2p,2018-05-16 13:18:26,3,r/todayilearned,7,2018-05-16 15:52:59,2,0,12,0
8juu2p,2018-05-16 13:18:26,3,r/todayilearned,7,2018-05-16 15:55:06,2,0,9,0
8juu2p,2018-05-16 13:18:26,3,r/todayilearned,7,2018-05-16 15:48:37,2,1,8,0
8juu2p,2018-05-16 13:18:26,3,r/todayilearned,7,2018-05-16 16:29:56,2,0,3,0
8juu2p,2018-05-16 13:18:26,3,r/todayilearned,7,2018-05-16 15:44:22,1,4,35,0
8juu2p,2018-05-16 13:18:26,3,r/todayilearned,7,2018-05-16 15:45:08,2,0,30,0
8juu2p,2018-05-16 13:18:26,3,r/todayilearned,7,2018-05-16 15:51:06,2,1,26,0
8juu2p,2018-05-16 13:18:26,3,r/todayilearned,7,2018-05-16 15:52:25,2,0,4,0
8juu2p,2018-05-16 13:18:26,3,r/todayilearned,7,2018-05-16 15:48:09,1,0,15,0
8juu2p,2018-05-16 13:18:26,3,r/todayilearned,7,2018-05-16 16:04:01,1,0,3,0
8juu2p,2018-05-16 13:18:26,3,r/todayilearned,8,2018-05-16 15:50:37,0,3,351,0
8juu2p,2018-05-16 13:18:26,3,r/todayilearned,8,2018-05-16 16:11:55,1,1,161,0
8juu2p,2018-05-16 13:18:26,3,r/todayilearned,8,2018-05-16 16:16:27,2,2,69,0
8juu2p,2018-05-16 13:18:26,3,r/todayilearned,8,2018-05-16 16:23:44,3,0,14,0
8juu2p,2018-05-16 13:18:26,3,r/todayilearned,8,2018-05-16 17:33:12,3,0,1,0
8juu2p,2018-05-16 13:18:26,3,r/todayilearned,8,2018-05-16 16:41:24,1,1,8,0
8juu2p,2018-05-16 13:18:26,3,r/todayilearned,8,2018-05-16 16:46:31,2,0,6,0
8juu2p,2018-05-16 13:18:26,3,r/todayilearned,9,2018-05-16 16:06:02,0,2,57,0
8juu2p,2018-05-16 13:18:26,3,r/todayilearned,9,2018-05-16 17:06:24,1,1,7,0
8juu2p,2018-05-16 13:18:26,3,r/todayilearned,9,2018-05-16 17:47:18,2,2,1,0
8juu2p,2018-05-16 13:18:26,3,r/todayilearned,9,2018-05-16 17:53:30,3,0,1,0
8juu2p,2018-05-16 13:18:26,3,r/todayilearned,9,2018-05-16 17:55:11,3,1,1,0
8juu2p,2018-05-16 13:18:26,3,r/todayilearned,10,2018-05-16 13:26:44,0,0,290,0
8juu2p,2018-05-16 13:18:26,3,r/todayilearned,11,2018-05-16 14:45:53,0,4,208,0
8juu2p,2018-05-16 13:18:26,3,r/todayilearned,11,2018-05-16 16:36:26,1,2,20,0
8juu2p,2018-05-16 13:18:26,3,r/todayilearned,11,2018-05-16 16:49:22,2,0,10,0
8juu2p,2018-05-16 13:18:26,3,r/todayilearned,11,2018-05-16 14:50:41,1,1,29,0
8juu2p,2018-05-16 13:18:26,3,r/todayilearned,11,2018-05-16 16:03:56,2,0,32,0
8juu2p,2018-05-16 13:18:26,3,r/todayilearned,11,2018-05-16 16:27:58,1,0,4,0
8juu2p,2018-05-16 13:18:26,3,r/todayilearned,12,2018-05-16 15:48:09,0,0,33,0
8juu2p,2018-05-16 13:18:26,3,r/todayilearned,13,2018-05-16 16:17:00,0,0,49,0
8juu2p,2018-05-16 13:18:26,3,r/todayilearned,14,2018-05-16 16:13:48,0,4,121,0
8juu2p,2018-05-16 13:18:26,3,r/todayilearned,14,2018-05-16 16:37:27,1,1,36,0
8juu2p,2018-05-16 13:18:26,3,r/todayilearned,14,2018-05-16 17:30:59,2,0,1,0
8juu2p,2018-05-16 13:18:26,3,r/todayilearned,14,2018-05-16 16:18:53,1,0,18,0
8juu2p,2018-05-16 13:18:26,3,r/todayilearned,14,2018-05-16 16:23:19,1,0,9,0
8juu2p,2018-05-16 13:18:26,3,r/todayilearned,15,2018-05-16 16:47:47,0,2,22,0
8juu2p,2018-05-16 13:18:26,3,r/todayilearned,15,2018-05-16 16:55:48,1,1,6,0
8juu2p,2018-05-16 13:18:26,3,r/todayilearned,16,2018-05-16 16:04:27,0,0,22,0
8juu2p,2018-05-16 13:18:26,3,r/todayilearned,17,2018-05-16 15:32:42,0,8,405,0
8juu2p,2018-05-16 13:18:26,3,r/todayilearned,17,2018-05-16 15:40:07,1,2,454,0
8juu2p,2018-05-16 13:18:26,3,r/todayilearned,17,2018-05-16 15:51:40,2,1,127,0
8juu2p,2018-05-16 13:18:26,3,r/todayilearned,17,2018-05-16 16:06:53,3,2,77,0
8juu2p,2018-05-16 13:18:26,3,r/todayilearned,17,2018-05-16 16:48:05,4,0,9,0
8juu2p,2018-05-16 13:18:26,3,r/todayilearned,17,2018-05-16 16:00:14,1,3,129,0
8juu2p,2018-05-16 13:18:26,3,r/todayilearned,17,2018-05-16 16:13:26,2,2,51,0
8juu2p,2018-05-16 13:18:26,3,r/todayilearned,17,2018-05-16 17:05:08,3,1,6,0
8juu2p,2018-05-16 13:18:26,3,r/todayilearned,17,2018-05-16 17:15:40,4,0,10,0
8juu2p,2018-05-16 13:18:26,3,r/todayilearned,17,2018-05-16 16:44:10,2,0,7,0
8juu2p,2018-05-16 13:18:26,3,r/todayilearned,17,2018-05-16 16:14:00,1,1,40,0
8juu2p,2018-05-16 13:18:26,3,r/todayilearned,17,2018-05-16 16:45:33,1,0,5,0
8juu2p,2018-05-16 13:18:26,3,r/todayilearned,17,2018-05-16 16:41:23,1,0,4,0
8juu2p,2018-05-16 13:18:26,3,r/todayilearned,17,2018-05-16 16:49:20,1,1,5,0
8juu2p,2018-05-16 13:18:26,3,r/todayilearned,17,2018-05-16 15:58:18,1,2,9,0
8juu2p,2018-05-16 13:18:26,3,r/todayilearned,17,2018-05-16 16:11:33,2,0,25,0
8juu2p,2018-05-16 13:18:26,3,r/todayilearned,18,2018-05-16 14:45:14,0,3,161,0
8juu2p,2018-05-16 13:18:26,3,r/todayilearned,18,2018-05-16 16:00:10,1,2,58,0
8juu2p,2018-05-16 13:18:26,3,r/todayilearned,18,2018-05-16 16:25:05,2,1,14,0
8juu2p,2018-05-16 13:18:26,3,r/todayilearned,18,2018-05-16 16:37:16,3,0,13,0
8juu2p,2018-05-16 13:18:26,3,r/todayilearned,18,2018-05-16 16:53:45,1,0,4,0
8juu2p,2018-05-16 13:18:26,3,r/todayilearned,19,2018-05-16 15:52:36,0,2,17,0
8juu2p,2018-05-16 13:18:26,3,r/todayilearned,19,2018-05-16 15:56:53,1,0,7,0
8juu2p,2018-05-16 13:18:26,3,r/todayilearned,20,2018-05-16 16:03:41,0,1,15,0
8juu2p,2018-05-16 13:18:26,3,r/todayilearned,20,2018-05-16 17:32:48,1,0,1,0
8juu2p,2018-05-16 13:18:26,3,r/todayilearned,21,2018-05-16 16:15:03,0,0,12,0
8juu2p,2018-05-16 13:18:26,3,r/todayilearned,22,2018-05-16 17:04:28,0,0,11,0
8juu2p,2018-05-16 13:18:26,3,r/todayilearned,23,2018-05-16 14:27:39,0,1,59,0
8juu2p,2018-05-16 13:18:26,3,r/todayilearned,23,2018-05-16 14:41:27,1,2,130,0
8juu2p,2018-05-16 13:18:26,3,r/todayilearned,23,2018-05-16 16:02:20,2,1,21,0
8juu2p,2018-05-16 13:18:26,3,r/todayilearned,24,2018-05-16 16:11:08,0,2,17,0
8juu2p,2018-05-16 13:18:26,3,r/todayilearned,24,2018-05-16 16:43:49,1,1,7,0
8juu2p,2018-05-16 13:18:26,3,r/todayilearned,24,2018-05-16 16:54:43,1,0,3,0
8juu2p,2018-05-16 13:18:26,3,r/todayilearned,25,2018-05-16 16:28:03,0,0,8,0
8juu2p,2018-05-16 13:18:26,3,r/todayilearned,26,2018-05-16 15:49:14,0,1,43,0
8juu2p,2018-05-16 13:18:26,3,r/todayilearned,26,2018-05-16 16:16:18,1,0,18,0
8juu2p,2018-05-16 13:18:26,3,r/todayilearned,27,2018-05-16 13:52:04,0,0,11,0
8juu2p,2018-05-16 13:18:26,3,r/todayilearned,28,2018-05-16 16:02:22,0,0,7,0
8juu2p,2018-05-16 13:18:26,3,r/todayilearned,29,2018-05-16 16:29:31,0,0,6,0
8juu2p,2018-05-16 13:18:26,3,r/todayilearned,30,2018-05-16 17:25:33,0,1,6,0
8juu2p,2018-05-16 13:18:26,3,r/todayilearned,30,2018-05-16 17:27:23,1,0,5,0
8juu2p,2018-05-16 13:18:26,3,r/todayilearned,31,2018-05-16 16:35:05,0,0,6,0
8juu2p,2018-05-16 13:18:26,3,r/todayilearned,32,2018-05-16 16:45:59,0,0,4,0
8juu2p,2018-05-16 13:18:26,3,r/todayilearned,33,2018-05-16 16:31:18,0,0,4,0
8juu2p,2018-05-16 13:18:26,3,r/todayilearned,34,2018-05-16 16:43:40,0,0,4,0
8juu2p,2018-05-16 13:18:26,3,r/todayilearned,35,2018-05-16 16:05:27,0,3,14,0
8juu2p,2018-05-16 13:18:26,3,r/todayilearned,35,2018-05-16 16:37:21,1,0,4,0
8juu2p,2018-05-16 13:18:26,3,r/todayilearned,35,2018-05-16 16:32:47,1,1,6,0
8juu2p,2018-05-16 13:18:26,3,r/todayilearned,36,2018-05-16 16:12:13,0,0,7,0
8juu2p,2018-05-16 13:18:26,3,r/todayilearned,37,2018-05-16 15:50:10,0,0,3,0
8juu2p,2018-05-16 13:18:26,3,r/todayilearned,38,2018-05-16 16:19:27,0,0,3,0
8juu2p,2018-05-16 13:18:26,3,r/todayilearned,39,2018-05-16 16:21:41,0,0,3,0
8juu2p,2018-05-16 13:18:26,3,r/todayilearned,40,2018-05-16 16:29:04,0,0,3,0
8juu2p,2018-05-16 13:18:26,3,r/todayilearned,41,2018-05-16 16:34:10,0,0,3,0
8juu2p,2018-05-16 13:18:26,3,r/todayilearned,42,2018-05-16 16:37:29,0,0,3,0
8juu2p,2018-05-16 13:18:26,3,r/todayilearned,43,2018-05-16 16:49:14,0,1,3,0
8juu2p,2018-05-16 13:18:26,3,r/todayilearned,44,2018-05-16 16:50:25,0,1,3,0
8juu2p,2018-05-16 13:18:26,3,r/todayilearned,45,2018-05-16 16:51:07,0,0,3,0
8juu2p,2018-05-16 13:18:26,3,r/todayilearned,46,2018-05-16 16:51:18,0,0,3,0
8juu2p,2018-05-16 13:18:26,3,r/todayilearned,47,2018-05-16 16:58:19,0,0,3,0
8juu2p,2018-05-16 13:18:26,3,r/todayilearned,48,2018-05-16 17:03:03,0,0,3,0
8juu2p,2018-05-16 13:18:26,3,r/todayilearned,49,2018-05-16 17:06:32,0,0,3,0
8juu2p,2018-05-16 13:18:26,3,r/todayilearned,50,2018-05-16 17:06:36,0,0,3,0
8juu2p,2018-05-16 13:18:26,3,r/todayilearned,51,2018-05-16 17:09:13,0,0,3,0
8juu2p,2018-05-16 13:18:26,3,r/todayilearned,52,2018-05-16 17:32:53,0,0,1,0
8juu2p,2018-05-16 13:18:26,3,r/todayilearned,53,2018-05-16 16:08:54,0,0,7,0
8jutbp,2018-05-16 13:15:22,4,r/facepalm,0,2018-05-16 13:36:44,0,24,5446,0
8jutbp,2018-05-16 13:15:22,4,r/facepalm,0,2018-05-16 13:53:32,1,15,1802,0
8jutbp,2018-05-16 13:15:22,4,r/facepalm,0,2018-05-16 13:55:44,2,14,1515,0
8jutbp,2018-05-16 13:15:22,4,r/facepalm,0,2018-05-16 14:01:01,3,9,694,0
8jutbp,2018-05-16 13:15:22,4,r/facepalm,0,2018-05-16 14:55:12,4,4,606,0
8jutbp,2018-05-16 13:15:22,4,r/facepalm,0,2018-05-16 15:27:05,5,2,191,0
8jutbp,2018-05-16 13:15:22,4,r/facepalm,0,2018-05-16 15:43:11,6,2,75,0
8jutbp,2018-05-16 13:15:22,4,r/facepalm,0,2018-05-16 15:51:38,7,3,74,0
8jutbp,2018-05-16 13:15:22,4,r/facepalm,0,2018-05-16 15:55:02,8,4,50,0
8jutbp,2018-05-16 13:15:22,4,r/facepalm,0,2018-05-16 16:14:52,9,1,1,0
8jutbp,2018-05-16 13:15:22,4,r/facepalm,0,2018-05-16 16:17:20,9,1,1,0
8jutbp,2018-05-16 13:15:22,4,r/facepalm,0,2018-05-16 17:35:45,9,0,1,0
8jutbp,2018-05-16 13:15:22,4,r/facepalm,0,2018-05-16 16:19:48,8,1,1,0
8jutbp,2018-05-16 13:15:22,4,r/facepalm,0,2018-05-16 16:18:40,7,0,1,0
8jutbp,2018-05-16 13:15:22,4,r/facepalm,0,2018-05-16 16:07:30,5,1,1,0
8jutbp,2018-05-16 13:15:22,4,r/facepalm,0,2018-05-16 17:36:11,6,0,1,0
8jutbp,2018-05-16 13:15:22,4,r/facepalm,0,2018-05-16 16:17:24,5,0,1,0
8jutbp,2018-05-16 13:15:22,4,r/facepalm,0,2018-05-16 17:39:20,4,1,1,0
8jutbp,2018-05-16 13:15:22,4,r/facepalm,0,2018-05-16 16:33:25,4,0,1,0
8jutbp,2018-05-16 13:15:22,4,r/facepalm,0,2018-05-16 14:17:16,4,0,8,0
8jutbp,2018-05-16 13:15:22,4,r/facepalm,0,2018-05-16 17:30:07,4,0,1,0
8jutbp,2018-05-16 13:15:22,4,r/facepalm,0,2018-05-16 18:23:11,4,0,1,0
8jutbp,2018-05-16 13:15:22,4,r/facepalm,0,2018-05-16 16:25:58,4,0,1,0
8jutbp,2018-05-16 13:15:22,4,r/facepalm,0,2018-05-16 16:32:19,4,1,1,0
8jutbp,2018-05-16 13:15:22,4,r/facepalm,0,2018-05-16 13:58:09,3,1,17,0
8jutbp,2018-05-16 13:15:22,4,r/facepalm,0,2018-05-16 16:18:03,4,0,1,0
8jutbp,2018-05-16 13:15:22,4,r/facepalm,0,2018-05-16 15:36:36,3,2,21,0
8jutbp,2018-05-16 13:15:22,4,r/facepalm,0,2018-05-16 16:36:16,4,1,1,0
8jutbp,2018-05-16 13:15:22,4,r/facepalm,0,2018-05-16 17:31:59,5,1,1,0
8jutbp,2018-05-16 13:15:22,4,r/facepalm,0,2018-05-16 16:19:53,3,1,1,0
8jutbp,2018-05-16 13:15:22,4,r/facepalm,0,2018-05-16 15:40:35,3,0,13,0
8jutbp,2018-05-16 13:15:22,4,r/facepalm,0,2018-05-16 15:23:47,3,1,4,0
8jutbp,2018-05-16 13:15:22,4,r/facepalm,0,2018-05-16 16:22:02,4,0,1,0
8jutbp,2018-05-16 13:15:22,4,r/facepalm,0,2018-05-16 16:05:42,3,0,1,0
8jutbp,2018-05-16 13:15:22,4,r/facepalm,0,2018-05-16 17:14:13,3,0,1,0
8jutbp,2018-05-16 13:15:22,4,r/facepalm,0,2018-05-16 16:19:04,3,0,1,0
8jutbp,2018-05-16 13:15:22,4,r/facepalm,0,2018-05-16 16:17:41,3,0,1,0
8jutbp,2018-05-16 13:15:22,4,r/facepalm,0,2018-05-16 16:25:06,3,0,1,0
8jutbp,2018-05-16 13:15:22,4,r/facepalm,0,2018-05-16 16:25:06,3,0,1,0
8jutbp,2018-05-16 13:15:22,4,r/facepalm,0,2018-05-16 16:48:46,3,0,1,0
8jutbp,2018-05-16 13:15:22,4,r/facepalm,0,2018-05-16 15:32:53,2,2,38,0
8jutbp,2018-05-16 13:15:22,4,r/facepalm,0,2018-05-16 15:36:39,3,1,7,0
8jutbp,2018-05-16 13:15:22,4,r/facepalm,0,2018-05-16 16:15:11,4,0,1,0
8jutbp,2018-05-16 13:15:22,4,r/facepalm,0,2018-05-16 17:04:15,3,0,1,0
8jutbp,2018-05-16 13:15:22,4,r/facepalm,0,2018-05-16 16:15:47,2,0,1,0
8jutbp,2018-05-16 13:15:22,4,r/facepalm,0,2018-05-16 16:04:38,2,0,1,0
8jutbp,2018-05-16 13:15:22,4,r/facepalm,0,2018-05-16 15:40:35,2,1,7,0
8jutbp,2018-05-16 13:15:22,4,r/facepalm,0,2018-05-16 16:28:24,2,0,1,0
8jutbp,2018-05-16 13:15:22,4,r/facepalm,0,2018-05-16 16:25:53,2,0,1,0
8jutbp,2018-05-16 13:15:22,4,r/facepalm,0,2018-05-16 16:44:09,2,0,1,0
8jutbp,2018-05-16 13:15:22,4,r/facepalm,0,2018-05-16 17:19:32,2,0,1,0
8jutbp,2018-05-16 13:15:22,4,r/facepalm,0,2018-05-16 17:33:19,2,0,1,0
8jutbp,2018-05-16 13:15:22,4,r/facepalm,0,2018-05-16 17:33:44,2,0,1,0
8jutbp,2018-05-16 13:15:22,4,r/facepalm,0,2018-05-16 18:18:04,2,0,1,0
8jutbp,2018-05-16 13:15:22,4,r/facepalm,0,2018-05-16 18:25:13,2,0,1,0
8jutbp,2018-05-16 13:15:22,4,r/facepalm,0,2018-05-16 16:58:26,2,0,1,0
8jutbp,2018-05-16 13:15:22,4,r/facepalm,0,2018-05-16 15:43:51,1,5,110,0
8jutbp,2018-05-16 13:15:22,4,r/facepalm,0,2018-05-16 16:43:07,2,0,1,0
8jutbp,2018-05-16 13:15:22,4,r/facepalm,0,2018-05-16 16:46:04,2,0,1,0
8jutbp,2018-05-16 13:15:22,4,r/facepalm,0,2018-05-16 17:08:41,2,0,1,0
8jutbp,2018-05-16 13:15:22,4,r/facepalm,0,2018-05-16 17:29:23,2,0,1,0
8jutbp,2018-05-16 13:15:22,4,r/facepalm,0,2018-05-16 16:20:47,1,4,1,0
8jutbp,2018-05-16 13:15:22,4,r/facepalm,0,2018-05-16 17:04:59,2,0,1,0
8jutbp,2018-05-16 13:15:22,4,r/facepalm,0,2018-05-16 17:05:17,2,0,1,0
8jutbp,2018-05-16 13:15:22,4,r/facepalm,0,2018-05-16 16:41:53,2,0,1,0
8jutbp,2018-05-16 13:15:22,4,r/facepalm,0,2018-05-16 16:04:50,1,0,1,0
8jutbp,2018-05-16 13:15:22,4,r/facepalm,0,2018-05-16 16:18:07,1,0,1,0
8jutbp,2018-05-16 13:15:22,4,r/facepalm,0,2018-05-16 14:54:30,1,1,18,0
8jutbp,2018-05-16 13:15:22,4,r/facepalm,0,2018-05-16 15:48:19,2,3,3,0
8jutbp,2018-05-16 13:15:22,4,r/facepalm,0,2018-05-16 16:01:08,3,0,1,0
8jutbp,2018-05-16 13:15:22,4,r/facepalm,0,2018-05-16 16:02:28,3,1,1,0
8jutbp,2018-05-16 13:15:22,4,r/facepalm,0,2018-05-16 16:17:02,4,2,1,0
8jutbp,2018-05-16 13:15:22,4,r/facepalm,0,2018-05-16 16:19:08,5,0,1,0
8jutbp,2018-05-16 13:15:22,4,r/facepalm,0,2018-05-16 16:32:49,5,0,1,0
8jutbp,2018-05-16 13:15:22,4,r/facepalm,0,2018-05-16 16:08:22,3,1,1,0
8jutbp,2018-05-16 13:15:22,4,r/facepalm,0,2018-05-16 16:15:23,4,0,1,0
8jutbp,2018-05-16 13:15:22,4,r/facepalm,0,2018-05-16 15:59:48,1,2,9,0
8jutbp,2018-05-16 13:15:22,4,r/facepalm,0,2018-05-16 16:14:25,2,0,1,0
8jutbp,2018-05-16 13:15:22,4,r/facepalm,0,2018-05-16 16:45:55,2,0,1,0
8jutbp,2018-05-16 13:15:22,4,r/facepalm,0,2018-05-16 16:18:40,1,0,1,0
8jutbp,2018-05-16 13:15:22,4,r/facepalm,0,2018-05-16 16:33:04,1,2,1,0
8jutbp,2018-05-16 13:15:22,4,r/facepalm,0,2018-05-16 17:48:27,2,0,1,0
8jutbp,2018-05-16 13:15:22,4,r/facepalm,0,2018-05-16 15:51:04,1,0,3,0
8jutbp,2018-05-16 13:15:22,4,r/facepalm,0,2018-05-16 15:56:29,1,0,5,0
8jutbp,2018-05-16 13:15:22,4,r/facepalm,0,2018-05-16 16:06:17,1,0,1,0
8jutbp,2018-05-16 13:15:22,4,r/facepalm,0,2018-05-16 16:32:35,1,0,1,0
8jutbp,2018-05-16 13:15:22,4,r/facepalm,0,2018-05-16 16:37:17,1,0,1,0
8jutbp,2018-05-16 13:15:22,4,r/facepalm,0,2018-05-16 16:38:14,1,0,1,0
8jutbp,2018-05-16 13:15:22,4,r/facepalm,0,2018-05-16 16:38:33,1,0,1,0
8jutbp,2018-05-16 13:15:22,4,r/facepalm,0,2018-05-16 16:41:16,1,0,1,0
8jutbp,2018-05-16 13:15:22,4,r/facepalm,0,2018-05-16 16:42:04,1,0,1,0
8jutbp,2018-05-16 13:15:22,4,r/facepalm,0,2018-05-16 16:52:48,1,0,1,0
8jutbp,2018-05-16 13:15:22,4,r/facepalm,0,2018-05-16 16:53:23,1,0,1,0
8jutbp,2018-05-16 13:15:22,4,r/facepalm,0,2018-05-16 17:01:10,1,0,1,0
8jutbp,2018-05-16 13:15:22,4,r/facepalm,0,2018-05-16 16:44:50,1,0,1,0
8jutbp,2018-05-16 13:15:22,4,r/facepalm,0,2018-05-16 16:46:06,1,0,1,0
8jutbp,2018-05-16 13:15:22,4,r/facepalm,1,2018-05-16 15:15:26,0,8,1189,0
8jutbp,2018-05-16 13:15:22,4,r/facepalm,1,2018-05-16 15:30:28,1,3,352,0
8jutbp,2018-05-16 13:15:22,4,r/facepalm,1,2018-05-16 15:39:18,2,5,193,0
8jutbp,2018-05-16 13:15:22,4,r/facepalm,1,2018-05-16 15:50:05,3,1,167,0
8jutbp,2018-05-16 13:15:22,4,r/facepalm,1,2018-05-16 16:17:25,4,2,1,0
8jutbp,2018-05-16 13:15:22,4,r/facepalm,1,2018-05-16 17:46:42,5,0,1,0
8jutbp,2018-05-16 13:15:22,4,r/facepalm,1,2018-05-16 16:16:17,3,3,1,0
8jutbp,2018-05-16 13:15:22,4,r/facepalm,1,2018-05-16 16:22:04,4,5,1,0
8jutbp,2018-05-16 13:15:22,4,r/facepalm,1,2018-05-16 17:12:44,5,0,1,0
8jutbp,2018-05-16 13:15:22,4,r/facepalm,1,2018-05-16 17:06:00,5,2,1,0
8jutbp,2018-05-16 13:15:22,4,r/facepalm,1,2018-05-16 17:18:22,6,1,1,0
8jutbp,2018-05-16 13:15:22,4,r/facepalm,1,2018-05-16 17:55:45,7,0,1,0
8jutbp,2018-05-16 13:15:22,4,r/facepalm,1,2018-05-16 17:12:18,6,0,1,0
8jutbp,2018-05-16 13:15:22,4,r/facepalm,1,2018-05-16 17:00:29,5,2,1,0
8jutbp,2018-05-16 13:15:22,4,r/facepalm,1,2018-05-16 17:32:57,6,0,1,0
8jutbp,2018-05-16 13:15:22,4,r/facepalm,1,2018-05-16 16:25:28,5,2,1,0
8jutbp,2018-05-16 13:15:22,4,r/facepalm,1,2018-05-16 16:33:23,6,0,1,0
8jutbp,2018-05-16 13:15:22,4,r/facepalm,1,2018-05-16 17:11:24,6,1,1,0
8jutbp,2018-05-16 13:15:22,4,r/facepalm,1,2018-05-16 17:15:37,7,0,1,0
8jutbp,2018-05-16 13:15:22,4,r/facepalm,1,2018-05-16 16:23:34,4,1,1,0
8jutbp,2018-05-16 13:15:22,4,r/facepalm,1,2018-05-16 16:46:27,4,0,1,0
8jutbp,2018-05-16 13:15:22,4,r/facepalm,1,2018-05-16 16:27:13,3,0,1,0
8jutbp,2018-05-16 13:15:22,4,r/facepalm,1,2018-05-16 16:14:29,3,1,1,0
8jutbp,2018-05-16 13:15:22,4,r/facepalm,1,2018-05-16 16:22:04,4,2,1,0
8jutbp,2018-05-16 13:15:22,4,r/facepalm,1,2018-05-16 16:28:23,5,2,1,0
8jutbp,2018-05-16 13:15:22,4,r/facepalm,1,2018-05-16 16:48:00,6,0,1,0
8jutbp,2018-05-16 13:15:22,4,r/facepalm,1,2018-05-16 17:02:15,5,1,1,0
8jutbp,2018-05-16 13:15:22,4,r/facepalm,1,2018-05-16 17:04:27,6,1,1,0
8jutbp,2018-05-16 13:15:22,4,r/facepalm,1,2018-05-16 16:40:21,2,0,1,0
8jutbp,2018-05-16 13:15:22,4,r/facepalm,1,2018-05-16 16:44:38,2,0,1,0
8jutbp,2018-05-16 13:15:22,4,r/facepalm,1,2018-05-16 15:54:12,1,2,19,0
8jutbp,2018-05-16 13:15:22,4,r/facepalm,1,2018-05-16 16:22:57,2,0,1,0
8jutbp,2018-05-16 13:15:22,4,r/facepalm,1,2018-05-16 16:14:44,2,0,1,0
8jutbp,2018-05-16 13:15:22,4,r/facepalm,1,2018-05-16 16:16:07,1,0,1,0
8jutbp,2018-05-16 13:15:22,4,r/facepalm,1,2018-05-16 15:56:02,1,0,9,0
8jutbp,2018-05-16 13:15:22,4,r/facepalm,1,2018-05-16 16:19:06,1,1,1,0
8jutbp,2018-05-16 13:15:22,4,r/facepalm,1,2018-05-16 16:30:32,2,1,1,0
8jutbp,2018-05-16 13:15:22,4,r/facepalm,1,2018-05-16 16:53:03,3,1,1,0
8jutbp,2018-05-16 13:15:22,4,r/facepalm,1,2018-05-16 16:23:11,1,0,1,0
8jutbp,2018-05-16 13:15:22,4,r/facepalm,1,2018-05-16 16:53:24,1,0,1,0
8jutbp,2018-05-16 13:15:22,4,r/facepalm,2,2018-05-16 13:50:00,0,17,1691,0
8jutbp,2018-05-16 13:15:22,4,r/facepalm,2,2018-05-16 14:16:29,1,14,658,0
8jutbp,2018-05-16 13:15:22,4,r/facepalm,2,2018-05-16 14:21:01,2,2,215,0
8jutbp,2018-05-16 13:15:22,4,r/facepalm,2,2018-05-16 15:35:11,3,6,116,0
8jutbp,2018-05-16 13:15:22,4,r/facepalm,2,2018-05-16 15:39:00,4,0,46,0
8jutbp,2018-05-16 13:15:22,4,r/facepalm,2,2018-05-16 15:40:32,4,2,13,0
8jutbp,2018-05-16 13:15:22,4,r/facepalm,2,2018-05-16 16:30:30,5,3,1,0
8jutbp,2018-05-16 13:15:22,4,r/facepalm,2,2018-05-16 17:12:01,6,1,1,0
8jutbp,2018-05-16 13:15:22,4,r/facepalm,2,2018-05-16 17:35:53,7,0,1,0
8jutbp,2018-05-16 13:15:22,4,r/facepalm,2,2018-05-16 16:35:22,6,1,1,0
8jutbp,2018-05-16 13:15:22,4,r/facepalm,2,2018-05-16 16:45:50,7,1,1,0
8jutbp,2018-05-16 13:15:22,4,r/facepalm,2,2018-05-16 16:48:36,8,1,1,0
8jutbp,2018-05-16 13:15:22,4,r/facepalm,2,2018-05-16 17:35:28,9,1,1,0
8jutbp,2018-05-16 13:15:22,4,r/facepalm,2,2018-05-16 16:40:47,6,1,1,0
8jutbp,2018-05-16 13:15:22,4,r/facepalm,2,2018-05-16 16:45:33,7,0,1,0
8jutbp,2018-05-16 13:15:22,4,r/facepalm,2,2018-05-16 16:34:38,4,2,1,0
8jutbp,2018-05-16 13:15:22,4,r/facepalm,2,2018-05-16 16:51:22,5,0,1,0
8jutbp,2018-05-16 13:15:22,4,r/facepalm,2,2018-05-16 17:08:30,5,0,1,0
8jutbp,2018-05-16 13:15:22,4,r/facepalm,2,2018-05-16 16:15:35,4,2,1,0
8jutbp,2018-05-16 13:15:22,4,r/facepalm,2,2018-05-16 16:56:31,5,0,1,0
8jutbp,2018-05-16 13:15:22,4,r/facepalm,2,2018-05-16 17:04:26,5,0,1,0
8jutbp,2018-05-16 13:15:22,4,r/facepalm,2,2018-05-16 16:45:21,4,1,1,0
8jutbp,2018-05-16 13:15:22,4,r/facepalm,2,2018-05-16 16:42:10,4,0,1,0
8jutbp,2018-05-16 13:15:22,4,r/facepalm,2,2018-05-16 16:06:04,3,2,1,0
8jutbp,2018-05-16 13:15:22,4,r/facepalm,2,2018-05-16 16:25:59,4,1,1,0
8jutbp,2018-05-16 13:15:22,4,r/facepalm,2,2018-05-16 16:49:46,5,0,1,0
8jutbp,2018-05-16 13:15:22,4,r/facepalm,2,2018-05-16 16:21:16,4,0,1,0
8jutbp,2018-05-16 13:15:22,4,r/facepalm,2,2018-05-16 14:45:59,2,1,56,0
8jutbp,2018-05-16 13:15:22,4,r/facepalm,2,2018-05-16 16:13:06,3,1,1,0
8jutbp,2018-05-16 13:15:22,4,r/facepalm,2,2018-05-16 16:19:25,4,0,1,0
8jutbp,2018-05-16 13:15:22,4,r/facepalm,2,2018-05-16 15:27:44,2,1,25,0
8jutbp,2018-05-16 13:15:22,4,r/facepalm,2,2018-05-16 15:57:55,2,0,8,0
8jutbp,2018-05-16 13:15:22,4,r/facepalm,2,2018-05-16 15:10:28,2,2,11,0
8jutbp,2018-05-16 13:15:22,4,r/facepalm,2,2018-05-16 15:42:45,3,0,6,0
8jutbp,2018-05-16 13:15:22,4,r/facepalm,2,2018-05-16 15:36:02,2,1,5,0
8jutbp,2018-05-16 13:15:22,4,r/facepalm,2,2018-05-16 15:50:25,3,1,9,0
8jutbp,2018-05-16 13:15:22,4,r/facepalm,2,2018-05-16 16:28:50,4,2,1,0
8jutbp,2018-05-16 13:15:22,4,r/facepalm,2,2018-05-16 16:57:45,5,0,1,0
8jutbp,2018-05-16 13:15:22,4,r/facepalm,2,2018-05-16 16:57:26,5,0,1,0
8jutbp,2018-05-16 13:15:22,4,r/facepalm,2,2018-05-16 16:33:16,2,0,1,0
8jutbp,2018-05-16 13:15:22,4,r/facepalm,2,2018-05-16 15:49:10,2,1,3,0
8jutbp,2018-05-16 13:15:22,4,r/facepalm,2,2018-05-16 16:36:48,3,0,1,0
8jutbp,2018-05-16 13:15:22,4,r/facepalm,2,2018-05-16 14:27:39,2,2,4,0
8jutbp,2018-05-16 13:15:22,4,r/facepalm,2,2018-05-16 15:38:53,3,1,12,0
8jutbp,2018-05-16 13:15:22,4,r/facepalm,2,2018-05-16 15:49:34,2,0,2,0
8jutbp,2018-05-16 13:15:22,4,r/facepalm,2,2018-05-16 15:50:52,2,0,2,0
8jutbp,2018-05-16 13:15:22,4,r/facepalm,2,2018-05-16 16:00:15,2,1,1,0
8jutbp,2018-05-16 13:15:22,4,r/facepalm,2,2018-05-16 18:08:47,3,0,1,0
8jutbp,2018-05-16 13:15:22,4,r/facepalm,2,2018-05-16 16:39:48,2,0,1,0
8jutbp,2018-05-16 13:15:22,4,r/facepalm,2,2018-05-16 15:39:40,1,2,21,0
8jutbp,2018-05-16 13:15:22,4,r/facepalm,2,2018-05-16 16:31:49,2,0,1,0
8jutbp,2018-05-16 13:15:22,4,r/facepalm,2,2018-05-16 17:15:31,2,0,1,0
8jutbp,2018-05-16 13:15:22,4,r/facepalm,2,2018-05-16 15:03:02,1,2,37,0
8jutbp,2018-05-16 13:15:22,4,r/facepalm,2,2018-05-16 15:15:50,2,1,5,0
8jutbp,2018-05-16 13:15:22,4,r/facepalm,2,2018-05-16 16:51:14,2,0,1,0
8jutbp,2018-05-16 13:15:22,4,r/facepalm,2,2018-05-16 14:53:56,1,1,40,0
8jutbp,2018-05-16 13:15:22,4,r/facepalm,2,2018-05-16 15:07:37,2,2,17,0
8jutbp,2018-05-16 13:15:22,4,r/facepalm,2,2018-05-16 15:24:07,3,1,18,0
8jutbp,2018-05-16 13:15:22,4,r/facepalm,2,2018-05-16 16:20:28,4,0,1,0
8jutbp,2018-05-16 13:15:22,4,r/facepalm,2,2018-05-16 15:32:01,3,1,2,0
8jutbp,2018-05-16 13:15:22,4,r/facepalm,2,2018-05-16 15:34:14,4,1,3,0
8jutbp,2018-05-16 13:15:22,4,r/facepalm,2,2018-05-16 16:20:52,5,1,1,0
8jutbp,2018-05-16 13:15:22,4,r/facepalm,2,2018-05-16 16:22:33,6,1,1,0
8jutbp,2018-05-16 13:15:22,4,r/facepalm,2,2018-05-16 17:01:56,7,0,1,0
8jutbp,2018-05-16 13:15:22,4,r/facepalm,2,2018-05-16 15:59:24,1,0,4,0
8jutbp,2018-05-16 13:15:22,4,r/facepalm,2,2018-05-16 15:41:13,1,0,3,0
8jutbp,2018-05-16 13:15:22,4,r/facepalm,2,2018-05-16 15:42:04,1,0,3,0
8jutbp,2018-05-16 13:15:22,4,r/facepalm,2,2018-05-16 15:45:32,1,0,3,0
8jutbp,2018-05-16 13:15:22,4,r/facepalm,2,2018-05-16 16:18:35,1,1,1,0
8jutbp,2018-05-16 13:15:22,4,r/facepalm,2,2018-05-16 16:31:21,1,0,1,0
8jutbp,2018-05-16 13:15:22,4,r/facepalm,2,2018-05-16 16:33:57,1,0,1,0
8jutbp,2018-05-16 13:15:22,4,r/facepalm,2,2018-05-16 14:56:08,1,1,15,0
8jutbp,2018-05-16 13:15:22,4,r/facepalm,2,2018-05-16 16:36:15,1,0,1,0
8jutbp,2018-05-16 13:15:22,4,r/facepalm,2,2018-05-16 18:02:17,1,0,1,0
8jutbp,2018-05-16 13:15:22,4,r/facepalm,2,2018-05-16 18:22:06,1,0,1,0
8jutbp,2018-05-16 13:15:22,4,r/facepalm,2,2018-05-16 15:05:45,1,2,5,0
8jutbp,2018-05-16 13:15:22,4,r/facepalm,2,2018-05-16 15:43:56,2,1,10,0
8jutbp,2018-05-16 13:15:22,4,r/facepalm,2,2018-05-16 16:06:31,3,2,1,0
8jutbp,2018-05-16 13:15:22,4,r/facepalm,2,2018-05-16 16:08:37,4,0,1,0
8jutbp,2018-05-16 13:15:22,4,r/facepalm,2,2018-05-16 16:49:04,4,0,1,0
8jutbp,2018-05-16 13:15:22,4,r/facepalm,2,2018-05-16 15:11:48,2,1,4,0
8jutbp,2018-05-16 13:15:22,4,r/facepalm,2,2018-05-16 15:32:24,3,1,4,0
8jutbp,2018-05-16 13:15:22,4,r/facepalm,2,2018-05-16 15:46:15,4,2,5,0
8jutbp,2018-05-16 13:15:22,4,r/facepalm,2,2018-05-16 15:48:54,5,0,2,0
8jutbp,2018-05-16 13:15:22,4,r/facepalm,2,2018-05-16 16:04:55,5,0,1,0
8jutbp,2018-05-16 13:15:22,4,r/facepalm,3,2018-05-16 13:39:15,0,6,910,0
8jutbp,2018-05-16 13:15:22,4,r/facepalm,3,2018-05-16 15:29:07,1,4,183,0
8jutbp,2018-05-16 13:15:22,4,r/facepalm,3,2018-05-16 15:34:30,2,1,65,0
8jutbp,2018-05-16 13:15:22,4,r/facepalm,3,2018-05-16 15:58:26,3,1,27,0
8jutbp,2018-05-16 13:15:22,4,r/facepalm,3,2018-05-16 16:03:43,4,1,1,0
8jutbp,2018-05-16 13:15:22,4,r/facepalm,3,2018-05-16 16:14:00,5,2,1,0
8jutbp,2018-05-16 13:15:22,4,r/facepalm,3,2018-05-16 16:36:48,6,1,1,0
8jutbp,2018-05-16 13:15:22,4,r/facepalm,3,2018-05-16 16:47:15,7,0,1,0
8jutbp,2018-05-16 13:15:22,4,r/facepalm,3,2018-05-16 16:42:49,6,1,1,0
8jutbp,2018-05-16 13:15:22,4,r/facepalm,3,2018-05-16 16:43:45,7,1,1,0
8jutbp,2018-05-16 13:15:22,4,r/facepalm,3,2018-05-16 16:46:13,8,1,1,0
8jutbp,2018-05-16 13:15:22,4,r/facepalm,3,2018-05-16 17:29:02,9,1,1,0
8jutbp,2018-05-16 13:15:22,4,r/facepalm,3,2018-05-16 15:48:16,2,1,5,0
8jutbp,2018-05-16 13:15:22,4,r/facepalm,3,2018-05-16 17:16:18,3,1,1,0
8jutbp,2018-05-16 13:15:22,4,r/facepalm,3,2018-05-16 16:52:12,2,0,1,0
8jutbp,2018-05-16 13:15:22,4,r/facepalm,3,2018-05-16 16:07:03,1,2,1,0
8jutbp,2018-05-16 13:15:22,4,r/facepalm,3,2018-05-16 16:27:25,2,0,1,0
8jutbp,2018-05-16 13:15:22,4,r/facepalm,3,2018-05-16 16:22:02,1,0,1,0
8jutbp,2018-05-16 13:15:22,4,r/facepalm,3,2018-05-16 16:50:37,1,0,1,0
8jutbp,2018-05-16 13:15:22,4,r/facepalm,3,2018-05-16 17:02:13,1,0,1,0
8jutbp,2018-05-16 13:15:22,4,r/facepalm,4,2018-05-16 14:34:42,0,4,288,0
8jutbp,2018-05-16 13:15:22,4,r/facepalm,4,2018-05-16 14:49:25,1,6,73,0
8jutbp,2018-05-16 13:15:22,4,r/facepalm,4,2018-05-16 15:47:36,2,2,27,0
8jutbp,2018-05-16 13:15:22,4,r/facepalm,4,2018-05-16 15:55:57,3,1,26,0
8jutbp,2018-05-16 13:15:22,4,r/facepalm,4,2018-05-16 17:16:47,4,1,1,0
8jutbp,2018-05-16 13:15:22,4,r/facepalm,4,2018-05-16 17:32:20,5,1,1,0
8jutbp,2018-05-16 13:15:22,4,r/facepalm,4,2018-05-16 17:36:58,6,0,1,0
8jutbp,2018-05-16 13:15:22,4,r/facepalm,4,2018-05-16 16:06:19,3,1,1,0
8jutbp,2018-05-16 13:15:22,4,r/facepalm,4,2018-05-16 15:19:32,2,0,4,0
8jutbp,2018-05-16 13:15:22,4,r/facepalm,4,2018-05-16 16:20:38,2,0,1,0
8jutbp,2018-05-16 13:15:22,4,r/facepalm,4,2018-05-16 17:25:32,2,0,1,0
8jutbp,2018-05-16 13:15:22,4,r/facepalm,4,2018-05-16 15:40:39,2,1,2,0
8jutbp,2018-05-16 13:15:22,4,r/facepalm,4,2018-05-16 15:50:47,3,0,1,0
8jutbp,2018-05-16 13:15:22,4,r/facepalm,4,2018-05-16 16:20:53,2,0,1,0
8jutbp,2018-05-16 13:15:22,4,r/facepalm,4,2018-05-16 15:53:27,1,1,11,0
8jutbp,2018-05-16 13:15:22,4,r/facepalm,4,2018-05-16 16:29:14,2,1,1,0
8jutbp,2018-05-16 13:15:22,4,r/facepalm,4,2018-05-16 17:44:42,3,0,1,0
8jutbp,2018-05-16 13:15:22,4,r/facepalm,4,2018-05-16 15:52:37,1,0,5,0
8jutbp,2018-05-16 13:15:22,4,r/facepalm,4,2018-05-16 16:43:31,1,0,1,0
8jutbp,2018-05-16 13:15:22,4,r/facepalm,5,2018-05-16 15:13:18,0,7,270,0
8jutbp,2018-05-16 13:15:22,4,r/facepalm,5,2018-05-16 15:47:32,1,4,72,0
8jutbp,2018-05-16 13:15:22,4,r/facepalm,5,2018-05-16 16:18:03,2,0,1,0
8jutbp,2018-05-16 13:15:22,4,r/facepalm,5,2018-05-16 16:26:50,2,1,1,0
8jutbp,2018-05-16 13:15:22,4,r/facepalm,5,2018-05-16 17:12:56,3,0,1,0
8jutbp,2018-05-16 13:15:22,4,r/facepalm,5,2018-05-16 16:28:58,2,0,1,0
8jutbp,2018-05-16 13:15:22,4,r/facepalm,5,2018-05-16 17:51:21,2,1,1,0
8jutbp,2018-05-16 13:15:22,4,r/facepalm,5,2018-05-16 16:22:52,1,0,1,0
8jutbp,2018-05-16 13:15:22,4,r/facepalm,5,2018-05-16 15:48:29,1,0,3,0
8jutbp,2018-05-16 13:15:22,4,r/facepalm,5,2018-05-16 16:22:17,1,0,1,0
8jutbp,2018-05-16 13:15:22,4,r/facepalm,5,2018-05-16 16:59:22,1,0,1,0
8jutbp,2018-05-16 13:15:22,4,r/facepalm,5,2018-05-16 17:13:48,1,1,1,0
8jutbp,2018-05-16 13:15:22,4,r/facepalm,5,2018-05-16 17:14:51,2,0,1,0
8jutbp,2018-05-16 13:15:22,4,r/facepalm,6,2018-05-16 15:13:44,0,3,132,0
8jutbp,2018-05-16 13:15:22,4,r/facepalm,6,2018-05-16 15:23:57,1,1,48,0
8jutbp,2018-05-16 13:15:22,4,r/facepalm,6,2018-05-16 15:24:41,2,1,35,0
8jutbp,2018-05-16 13:15:22,4,r/facepalm,6,2018-05-16 16:50:42,3,1,1,0
8jutbp,2018-05-16 13:15:22,4,r/facepalm,6,2018-05-16 16:59:18,4,1,1,0
8jutbp,2018-05-16 13:15:22,4,r/facepalm,6,2018-05-16 15:32:47,1,2,21,0
8jutbp,2018-05-16 13:15:22,4,r/facepalm,6,2018-05-16 15:34:21,2,2,7,0
8jutbp,2018-05-16 13:15:22,4,r/facepalm,6,2018-05-16 15:35:26,3,1,7,0
8jutbp,2018-05-16 13:15:22,4,r/facepalm,6,2018-05-16 15:39:58,4,1,12,0
8jutbp,2018-05-16 13:15:22,4,r/facepalm,6,2018-05-16 16:19:22,3,0,1,0
8jutbp,2018-05-16 13:15:22,4,r/facepalm,6,2018-05-16 18:21:16,2,1,1,0
8jutbp,2018-05-16 13:15:22,4,r/facepalm,7,2018-05-16 14:50:23,0,5,120,0
8jutbp,2018-05-16 13:15:22,4,r/facepalm,7,2018-05-16 15:25:13,1,7,106,0
8jutbp,2018-05-16 13:15:22,4,r/facepalm,7,2018-05-16 15:44:02,2,2,45,0
8jutbp,2018-05-16 13:15:22,4,r/facepalm,7,2018-05-16 15:58:45,3,2,31,0
8jutbp,2018-05-16 13:15:22,4,r/facepalm,7,2018-05-16 16:43:35,4,0,1,0
8jutbp,2018-05-16 13:15:22,4,r/facepalm,7,2018-05-16 16:51:46,4,0,1,0
8jutbp,2018-05-16 13:15:22,4,r/facepalm,7,2018-05-16 15:43:27,2,4,15,0
8jutbp,2018-05-16 13:15:22,4,r/facepalm,7,2018-05-16 15:54:15,3,0,6,0
8jutbp,2018-05-16 13:15:22,4,r/facepalm,7,2018-05-16 17:20:26,3,0,1,0
8jutbp,2018-05-16 13:15:22,4,r/facepalm,7,2018-05-16 16:37:23,3,0,1,0
8jutbp,2018-05-16 13:15:22,4,r/facepalm,7,2018-05-16 15:42:38,2,2,21,0
8jutbp,2018-05-16 13:15:22,4,r/facepalm,7,2018-05-16 16:00:11,3,0,1,0
8jutbp,2018-05-16 13:15:22,4,r/facepalm,7,2018-05-16 16:21:33,3,0,1,0
8jutbp,2018-05-16 13:15:22,4,r/facepalm,7,2018-05-16 15:34:49,2,2,12,0
8jutbp,2018-05-16 13:15:22,4,r/facepalm,7,2018-05-16 15:46:36,3,1,30,0
8jutbp,2018-05-16 13:15:22,4,r/facepalm,7,2018-05-16 15:48:39,4,2,4,0
8jutbp,2018-05-16 13:15:22,4,r/facepalm,7,2018-05-16 16:03:05,5,2,1,0
8jutbp,2018-05-16 13:15:22,4,r/facepalm,7,2018-05-16 16:05:20,6,0,1,0
8jutbp,2018-05-16 13:15:22,4,r/facepalm,7,2018-05-16 17:35:14,6,0,1,0
8jutbp,2018-05-16 13:15:22,4,r/facepalm,7,2018-05-16 15:49:48,2,2,6,0
8jutbp,2018-05-16 13:15:22,4,r/facepalm,7,2018-05-16 17:01:50,3,0,1,0
8jutbp,2018-05-16 13:15:22,4,r/facepalm,7,2018-05-16 16:22:58,2,0,1,0
8jutbp,2018-05-16 13:15:22,4,r/facepalm,7,2018-05-16 16:35:11,1,2,1,0
8jutbp,2018-05-16 13:15:22,4,r/facepalm,7,2018-05-16 17:23:58,2,1,1,0
8jutbp,2018-05-16 13:15:22,4,r/facepalm,7,2018-05-16 15:48:59,1,1,8,0
8jutbp,2018-05-16 13:15:22,4,r/facepalm,7,2018-05-16 16:33:57,2,0,1,0
8jutbp,2018-05-16 13:15:22,4,r/facepalm,7,2018-05-16 15:59:24,1,1,5,0
8jutbp,2018-05-16 13:15:22,4,r/facepalm,7,2018-05-16 16:59:19,2,0,1,0
8jutbp,2018-05-16 13:15:22,4,r/facepalm,8,2018-05-16 15:10:13,0,6,43,0
8jutbp,2018-05-16 13:15:22,4,r/facepalm,8,2018-05-16 15:20:47,1,0,25,0
8jutbp,2018-05-16 13:15:22,4,r/facepalm,8,2018-05-16 15:31:05,1,1,9,0
8jutbp,2018-05-16 13:15:22,4,r/facepalm,8,2018-05-16 15:53:27,2,2,20,0
8jutbp,2018-05-16 13:15:22,4,r/facepalm,8,2018-05-16 16:55:07,3,1,1,0
8jutbp,2018-05-16 13:15:22,4,r/facepalm,8,2018-05-16 17:04:40,4,1,1,0
8jutbp,2018-05-16 13:15:22,4,r/facepalm,8,2018-05-16 17:31:53,5,1,1,0
8jutbp,2018-05-16 13:15:22,4,r/facepalm,8,2018-05-16 17:53:18,6,0,1,0
8jutbp,2018-05-16 13:15:22,4,r/facepalm,8,2018-05-16 16:33:32,3,0,1,0
8jutbp,2018-05-16 13:15:22,4,r/facepalm,8,2018-05-16 16:05:14,1,0,1,0
8jutbp,2018-05-16 13:15:22,4,r/facepalm,8,2018-05-16 15:50:54,1,0,3,0
8jutbp,2018-05-16 13:15:22,4,r/facepalm,8,2018-05-16 16:58:10,1,0,1,0
8jutbp,2018-05-16 13:15:22,4,r/facepalm,9,2018-05-16 14:38:25,0,4,40,0
8jutbp,2018-05-16 13:15:22,4,r/facepalm,9,2018-05-16 16:29:55,1,1,1,0
8jutbp,2018-05-16 13:15:22,4,r/facepalm,9,2018-05-16 17:16:16,2,0,1,0
8jutbp,2018-05-16 13:15:22,4,r/facepalm,9,2018-05-16 15:59:43,1,1,2,0
8jutbp,2018-05-16 13:15:22,4,r/facepalm,9,2018-05-16 17:12:25,2,0,1,0
8jutbp,2018-05-16 13:15:22,4,r/facepalm,9,2018-05-16 16:04:51,1,0,1,0
8jutbp,2018-05-16 13:15:22,4,r/facepalm,10,2018-05-16 14:04:15,0,3,64,0
8jutbp,2018-05-16 13:15:22,4,r/facepalm,10,2018-05-16 14:05:35,1,3,37,0
8jutbp,2018-05-16 13:15:22,4,r/facepalm,10,2018-05-16 15:03:22,2,3,19,0
8jutbp,2018-05-16 13:15:22,4,r/facepalm,10,2018-05-16 15:17:35,3,2,22,0
8jutbp,2018-05-16 13:15:22,4,r/facepalm,10,2018-05-16 15:44:00,4,0,5,0
8jutbp,2018-05-16 13:15:22,4,r/facepalm,10,2018-05-16 15:49:09,4,1,3,0
8jutbp,2018-05-16 13:15:22,4,r/facepalm,10,2018-05-16 16:19:52,5,0,1,0
8jutbp,2018-05-16 13:15:22,4,r/facepalm,10,2018-05-16 15:52:45,3,0,3,0
8jutbp,2018-05-16 13:15:22,4,r/facepalm,10,2018-05-16 16:36:10,3,0,1,0
8jutbp,2018-05-16 13:15:22,4,r/facepalm,10,2018-05-16 16:33:50,2,0,1,0
8jutbp,2018-05-16 13:15:22,4,r/facepalm,10,2018-05-16 15:54:20,1,1,4,0
8jutbp,2018-05-16 13:15:22,4,r/facepalm,10,2018-05-16 16:19:00,2,0,1,0
8jutbp,2018-05-16 13:15:22,4,r/facepalm,11,2018-05-16 14:52:20,0,2,18,0
8jutbp,2018-05-16 13:15:22,4,r/facepalm,11,2018-05-16 15:58:41,1,3,11,0
8jutbp,2018-05-16 13:15:22,4,r/facepalm,11,2018-05-16 16:08:21,2,1,1,0
8jutbp,2018-05-16 13:15:22,4,r/facepalm,11,2018-05-16 16:59:12,2,0,1,0
8jutbp,2018-05-16 13:15:22,4,r/facepalm,12,2018-05-16 16:23:47,0,2,1,0
8jutbp,2018-05-16 13:15:22,4,r/facepalm,12,2018-05-16 16:49:02,1,0,1,0
8jutbp,2018-05-16 13:15:22,4,r/facepalm,12,2018-05-16 16:24:01,1,0,1,0
8jutbp,2018-05-16 13:15:22,4,r/facepalm,13,2018-05-16 15:11:15,0,0,10,0
8jutbp,2018-05-16 13:15:22,4,r/facepalm,14,2018-05-16 14:35:59,0,0,25,0
8jutbp,2018-05-16 13:15:22,4,r/facepalm,15,2018-05-16 15:29:44,0,2,7,0
8jutbp,2018-05-16 13:15:22,4,r/facepalm,15,2018-05-16 15:51:26,1,1,5,0
8jutbp,2018-05-16 13:15:22,4,r/facepalm,15,2018-05-16 17:05:42,2,0,1,0
8jutbp,2018-05-16 13:15:22,4,r/facepalm,16,2018-05-16 15:20:37,0,1,6,0
8jutbp,2018-05-16 13:15:22,4,r/facepalm,17,2018-05-16 15:08:54,0,1,12,0
8jutbp,2018-05-16 13:15:22,4,r/facepalm,18,2018-05-16 15:33:56,0,1,19,0
8jutbp,2018-05-16 13:15:22,4,r/facepalm,18,2018-05-16 16:56:28,1,1,1,0
8jutbp,2018-05-16 13:15:22,4,r/facepalm,19,2018-05-16 16:11:05,0,0,1,0
8jutbp,2018-05-16 13:15:22,4,r/facepalm,20,2018-05-16 15:42:31,0,1,9,0
8jutbp,2018-05-16 13:15:22,4,r/facepalm,20,2018-05-16 17:50:08,1,0,1,0
8jutbp,2018-05-16 13:15:22,4,r/facepalm,21,2018-05-16 15:47:03,0,1,4,0
8jutbp,2018-05-16 13:15:22,4,r/facepalm,22,2018-05-16 15:53:53,0,1,5,0
8jutbp,2018-05-16 13:15:22,4,r/facepalm,23,2018-05-16 16:21:50,0,0,1,0
8jutbp,2018-05-16 13:15:22,4,r/facepalm,24,2018-05-16 15:13:48,0,2,7,0
8jutbp,2018-05-16 13:15:22,4,r/facepalm,24,2018-05-16 15:19:08,1,0,7,0
8jutbp,2018-05-16 13:15:22,4,r/facepalm,25,2018-05-16 15:43:43,0,0,5,0
8jutbp,2018-05-16 13:15:22,4,r/facepalm,26,2018-05-16 15:53:06,0,0,3,0
8jutbp,2018-05-16 13:15:22,4,r/facepalm,27,2018-05-16 17:28:19,0,0,1,0
8jutbp,2018-05-16 13:15:22,4,r/facepalm,28,2018-05-16 17:46:43,0,0,1,0
8jutbp,2018-05-16 13:15:22,4,r/facepalm,29,2018-05-16 17:50:09,0,0,1,0
8jutbp,2018-05-16 13:15:22,4,r/facepalm,30,2018-05-16 17:51:55,0,0,1,0
8jutbp,2018-05-16 13:15:22,4,r/facepalm,31,2018-05-16 17:56:36,0,0,1,0
8jutbp,2018-05-16 13:15:22,4,r/facepalm,32,2018-05-16 17:58:31,0,0,1,0
8jutbp,2018-05-16 13:15:22,4,r/facepalm,33,2018-05-16 18:09:45,0,0,1,0
8jutbp,2018-05-16 13:15:22,4,r/facepalm,34,2018-05-16 18:13:12,0,0,1,0
8jutbp,2018-05-16 13:15:22,4,r/facepalm,35,2018-05-16 16:12:58,0,1,1,0
8jutbp,2018-05-16 13:15:22,4,r/facepalm,36,2018-05-16 15:35:31,0,0,2,0
8jutbp,2018-05-16 13:15:22,4,r/facepalm,37,2018-05-16 15:46:37,0,1,2,0
8jutbp,2018-05-16 13:15:22,4,r/facepalm,37,2018-05-16 16:01:19,1,1,1,0
8jutbp,2018-05-16 13:15:22,4,r/facepalm,37,2018-05-16 16:04:38,2,0,1,0
8jutbp,2018-05-16 13:15:22,4,r/facepalm,38,2018-05-16 15:55:32,0,0,2,0
8jutbp,2018-05-16 13:15:22,4,r/facepalm,39,2018-05-16 16:06:12,0,1,1,0
8jutbp,2018-05-16 13:15:22,4,r/facepalm,40,2018-05-16 16:17:12,0,0,1,0
8jutbp,2018-05-16 13:15:22,4,r/facepalm,41,2018-05-16 16:20:11,0,0,1,0
8jutbp,2018-05-16 13:15:22,4,r/facepalm,42,2018-05-16 16:34:05,0,0,1,0
8jutbp,2018-05-16 13:15:22,4,r/facepalm,43,2018-05-16 16:34:19,0,0,1,0
8jutbp,2018-05-16 13:15:22,4,r/facepalm,44,2018-05-16 16:36:43,0,0,1,0
8jutbp,2018-05-16 13:15:22,4,r/facepalm,45,2018-05-16 16:36:50,0,0,1,0
8jutbp,2018-05-16 13:15:22,4,r/facepalm,46,2018-05-16 16:36:57,0,0,1,0
8jutbp,2018-05-16 13:15:22,4,r/facepalm,47,2018-05-16 16:51:51,0,0,1,0
8jutbp,2018-05-16 13:15:22,4,r/facepalm,48,2018-05-16 16:54:25,0,0,1,0
8jutbp,2018-05-16 13:15:22,4,r/facepalm,49,2018-05-16 16:59:41,0,0,1,0
8jutbp,2018-05-16 13:15:22,4,r/facepalm,50,2018-05-16 17:12:44,0,0,1,0
8jutbp,2018-05-16 13:15:22,4,r/facepalm,51,2018-05-16 17:29:40,0,0,1,0
8jutbp,2018-05-16 13:15:22,4,r/facepalm,52,2018-05-16 17:41:15,0,0,1,0
8jutbp,2018-05-16 13:15:22,4,r/facepalm,53,2018-05-16 17:43:51,0,0,1,0
8jutbp,2018-05-16 13:15:22,4,r/facepalm,54,2018-05-16 17:46:24,0,0,1,0
8jutbp,2018-05-16 13:15:22,4,r/facepalm,55,2018-05-16 17:48:34,0,0,1,0
8jutbp,2018-05-16 13:15:22,4,r/facepalm,56,2018-05-16 17:56:44,0,0,1,0
8jutbp,2018-05-16 13:15:22,4,r/facepalm,57,2018-05-16 17:58:48,0,0,1,0
8jutbp,2018-05-16 13:15:22,4,r/facepalm,58,2018-05-16 17:59:45,0,0,1,0
8jutbp,2018-05-16 13:15:22,4,r/facepalm,59,2018-05-16 18:09:53,0,0,1,0
8jutbp,2018-05-16 13:15:22,4,r/facepalm,60,2018-05-16 18:11:44,0,0,1,0
8jutbp,2018-05-16 13:15:22,4,r/facepalm,61,2018-05-16 18:11:44,0,0,1,0
8jutbp,2018-05-16 13:15:22,4,r/facepalm,62,2018-05-16 18:22:36,0,0,1,0
8jutbp,2018-05-16 13:15:22,4,r/facepalm,63,2018-05-16 18:23:12,0,0,1,0
8jutbp,2018-05-16 13:15:22,4,r/facepalm,64,2018-05-16 15:47:03,0,0,2,0
8jutbp,2018-05-16 13:15:22,4,r/facepalm,65,2018-05-16 16:12:48,0,0,1,0
8jutbp,2018-05-16 13:15:22,4,r/facepalm,66,2018-05-16 15:17:37,0,5,4,0
8jutbp,2018-05-16 13:15:22,4,r/facepalm,66,2018-05-16 16:24:23,1,0,1,0
8jutbp,2018-05-16 13:15:22,4,r/facepalm,66,2018-05-16 15:22:56,1,0,2,0
8jutbp,2018-05-16 13:15:22,4,r/facepalm,66,2018-05-16 15:57:28,1,0,5,0
8jutbp,2018-05-16 13:15:22,4,r/facepalm,66,2018-05-16 15:37:40,1,3,5,0
8jutbp,2018-05-16 13:15:22,4,r/facepalm,66,2018-05-16 16:47:57,2,1,1,0
8jutbp,2018-05-16 13:15:22,4,r/facepalm,66,2018-05-16 16:09:57,2,1,1,0
8jutbp,2018-05-16 13:15:22,4,r/facepalm,67,2018-05-16 15:42:56,0,1,3,0
8jutbp,2018-05-16 13:15:22,4,r/facepalm,67,2018-05-16 15:59:13,1,2,3,0
8jutbp,2018-05-16 13:15:22,4,r/facepalm,67,2018-05-16 16:10:47,2,1,1,0
8jutbp,2018-05-16 13:15:22,4,r/facepalm,67,2018-05-16 16:20:03,3,0,1,0
8jutbp,2018-05-16 13:15:22,4,r/facepalm,67,2018-05-16 16:05:09,2,0,1,0
8jutbp,2018-05-16 13:15:22,4,r/facepalm,68,2018-05-16 14:18:19,0,3,3,0
8jutbp,2018-05-16 13:15:22,4,r/facepalm,68,2018-05-16 15:13:02,1,1,5,0
8jutbp,2018-05-16 13:15:22,4,r/facepalm,68,2018-05-16 15:17:57,2,0,7,0
8jutbp,2018-05-16 13:15:22,4,r/facepalm,68,2018-05-16 14:49:14,1,2,2,0
8jutbp,2018-05-16 13:15:22,4,r/facepalm,68,2018-05-16 15:07:34,2,1,19,0
8jutbp,2018-05-16 13:15:22,4,r/facepalm,68,2018-05-16 17:10:49,3,0,1,0
8jutbp,2018-05-16 13:15:22,4,r/facepalm,68,2018-05-16 15:40:32,2,1,4,0
8jutbp,2018-05-16 13:15:22,4,r/facepalm,68,2018-05-16 14:22:42,1,0,2,0
8jutbp,2018-05-16 13:15:22,4,r/facepalm,69,2018-05-16 16:06:59,0,1,1,0
8jutbp,2018-05-16 13:15:22,4,r/facepalm,70,2018-05-16 16:09:05,0,1,1,0
8jutbp,2018-05-16 13:15:22,4,r/facepalm,70,2018-05-16 16:51:08,1,1,1,0
8jutbp,2018-05-16 13:15:22,4,r/facepalm,71,2018-05-16 16:11:17,0,2,1,0
8jutbp,2018-05-16 13:15:22,4,r/facepalm,71,2018-05-16 16:21:24,1,0,1,0
8jutbp,2018-05-16 13:15:22,4,r/facepalm,71,2018-05-16 17:39:11,1,0,1,0
8jutbp,2018-05-16 13:15:22,4,r/facepalm,72,2018-05-16 16:14:18,0,0,1,0
8jutbp,2018-05-16 13:15:22,4,r/facepalm,73,2018-05-16 15:35:37,0,0,1,0
8jutbp,2018-05-16 13:15:22,4,r/facepalm,74,2018-05-16 15:47:42,0,0,1,0
8jutbp,2018-05-16 13:15:22,4,r/facepalm,75,2018-05-16 15:54:51,0,0,1,0
8jutbp,2018-05-16 13:15:22,4,r/facepalm,76,2018-05-16 15:57:46,0,0,1,0
8jutbp,2018-05-16 13:15:22,4,r/facepalm,77,2018-05-16 16:00:26,0,0,1,0
8jutbp,2018-05-16 13:15:22,4,r/facepalm,78,2018-05-16 16:01:17,0,0,1,0
8jutbp,2018-05-16 13:15:22,4,r/facepalm,79,2018-05-16 16:01:51,0,0,1,0
8jutbp,2018-05-16 13:15:22,4,r/facepalm,80,2018-05-16 16:06:42,0,0,1,0
8jutbp,2018-05-16 13:15:22,4,r/facepalm,81,2018-05-16 16:14:53,0,2,1,0
8jutbp,2018-05-16 13:15:22,4,r/facepalm,81,2018-05-16 16:17:22,1,0,1,0
8jutbp,2018-05-16 13:15:22,4,r/facepalm,82,2018-05-16 16:17:02,0,0,1,0
8jutbp,2018-05-16 13:15:22,4,r/facepalm,83,2018-05-16 16:21:07,0,0,1,0
8jutbp,2018-05-16 13:15:22,4,r/facepalm,84,2018-05-16 16:22:37,0,0,1,0
8jutbp,2018-05-16 13:15:22,4,r/facepalm,85,2018-05-16 16:24:40,0,0,1,0
8jutbp,2018-05-16 13:15:22,4,r/facepalm,86,2018-05-16 16:28:22,0,0,1,0
8jutbp,2018-05-16 13:15:22,4,r/facepalm,87,2018-05-16 16:28:36,0,0,1,0
8jutbp,2018-05-16 13:15:22,4,r/facepalm,88,2018-05-16 16:30:48,0,1,1,0
8jutbp,2018-05-16 13:15:22,4,r/facepalm,88,2018-05-16 16:31:47,1,0,1,0
8jutbp,2018-05-16 13:15:22,4,r/facepalm,89,2018-05-16 16:31:25,0,0,1,0
8jutbp,2018-05-16 13:15:22,4,r/facepalm,90,2018-05-16 16:31:33,0,0,1,0
8jutbp,2018-05-16 13:15:22,4,r/facepalm,91,2018-05-16 16:31:39,0,0,1,0
8jutbp,2018-05-16 13:15:22,4,r/facepalm,92,2018-05-16 16:32:54,0,0,1,0
8jutbp,2018-05-16 13:15:22,4,r/facepalm,93,2018-05-16 16:38:50,0,0,1,0
8jutbp,2018-05-16 13:15:22,4,r/facepalm,94,2018-05-16 16:41:03,0,0,1,0
8jutbp,2018-05-16 13:15:22,4,r/facepalm,95,2018-05-16 16:43:09,0,0,1,0
8jutbp,2018-05-16 13:15:22,4,r/facepalm,96,2018-05-16 16:43:39,0,0,1,0
8jutbp,2018-05-16 13:15:22,4,r/facepalm,97,2018-05-16 16:44:21,0,0,1,0
8jutbp,2018-05-16 13:15:22,4,r/facepalm,98,2018-05-16 16:46:25,0,0,1,0
8jutbp,2018-05-16 13:15:22,4,r/facepalm,99,2018-05-16 16:46:41,0,0,1,0
8jutbp,2018-05-16 13:15:22,4,r/facepalm,100,2018-05-16 16:47:26,0,0,1,0
8jutbp,2018-05-16 13:15:22,4,r/facepalm,101,2018-05-16 16:48:26,0,0,1,0
8jutbp,2018-05-16 13:15:22,4,r/facepalm,102,2018-05-16 16:50:32,0,0,1,0
8jutbp,2018-05-16 13:15:22,4,r/facepalm,103,2018-05-16 16:50:37,0,0,1,0
8jutbp,2018-05-16 13:15:22,4,r/facepalm,104,2018-05-16 16:51:26,0,0,1,0
8jutbp,2018-05-16 13:15:22,4,r/facepalm,105,2018-05-16 16:52:18,0,1,1,0
8jutbp,2018-05-16 13:15:22,4,r/facepalm,106,2018-05-16 16:54:01,0,0,1,0
8jutbp,2018-05-16 13:15:22,4,r/facepalm,107,2018-05-16 16:54:14,0,1,1,0
8jutbp,2018-05-16 13:15:22,4,r/facepalm,107,2018-05-16 16:55:32,1,0,1,0
8jutbp,2018-05-16 13:15:22,4,r/facepalm,108,2018-05-16 16:56:24,0,0,1,0
8jutbp,2018-05-16 13:15:22,4,r/facepalm,109,2018-05-16 16:58:42,0,0,1,0
8jutbp,2018-05-16 13:15:22,4,r/facepalm,110,2018-05-16 16:59:43,0,0,1,0
8jutbp,2018-05-16 13:15:22,4,r/facepalm,111,2018-05-16 17:00:31,0,0,1,0
8jutbp,2018-05-16 13:15:22,4,r/facepalm,112,2018-05-16 17:01:54,0,0,1,0
8jutbp,2018-05-16 13:15:22,4,r/facepalm,113,2018-05-16 17:02:02,0,0,1,0
8juw29,2018-05-16 13:26:18,5,r/gifs,0,2018-05-16 14:15:54,0,22,3928,0
8juw29,2018-05-16 13:26:18,5,r/gifs,0,2018-05-16 14:22:30,1,20,2085,0
8juw29,2018-05-16 13:26:18,5,r/gifs,0,2018-05-16 16:17:49,2,7,362,0
8juw29,2018-05-16 13:26:18,5,r/gifs,0,2018-05-16 16:45:44,3,5,365,0
8juw29,2018-05-16 13:26:18,5,r/gifs,0,2018-05-16 16:58:51,4,1,1,0
8juw29,2018-05-16 13:26:18,5,r/gifs,0,2018-05-16 17:12:47,5,2,1,0
8juw29,2018-05-16 13:26:18,5,r/gifs,0,2018-05-16 17:15:08,6,0,1,0
8juw29,2018-05-16 13:26:18,5,r/gifs,0,2018-05-16 18:10:44,6,1,1,0
8juw29,2018-05-16 13:26:18,5,r/gifs,0,2018-05-16 18:19:16,7,0,1,0
8juw29,2018-05-16 13:26:18,5,r/gifs,0,2018-05-16 17:13:52,4,2,1,0
8juw29,2018-05-16 13:26:18,5,r/gifs,0,2018-05-16 17:40:44,5,2,1,0
8juw29,2018-05-16 13:26:18,5,r/gifs,0,2018-05-16 18:04:48,6,0,1,0
8juw29,2018-05-16 13:26:18,5,r/gifs,0,2018-05-16 17:57:52,6,0,1,0
8juw29,2018-05-16 13:26:18,5,r/gifs,0,2018-05-16 18:21:10,5,0,1,0
8juw29,2018-05-16 13:26:18,5,r/gifs,0,2018-05-16 17:06:32,4,0,1,0
8juw29,2018-05-16 13:26:18,5,r/gifs,0,2018-05-16 17:21:06,4,0,1,0
8juw29,2018-05-16 13:26:18,5,r/gifs,0,2018-05-16 17:38:06,4,0,1,0
8juw29,2018-05-16 13:26:18,5,r/gifs,0,2018-05-16 17:02:04,3,2,1,0
8juw29,2018-05-16 13:26:18,5,r/gifs,0,2018-05-16 17:47:25,4,0,1,0
8juw29,2018-05-16 13:26:18,5,r/gifs,0,2018-05-16 17:55:30,4,0,1,0
8juw29,2018-05-16 13:26:18,5,r/gifs,0,2018-05-16 17:46:07,3,1,1,0
8juw29,2018-05-16 13:26:18,5,r/gifs,0,2018-05-16 17:57:02,4,1,1,0
8juw29,2018-05-16 13:26:18,5,r/gifs,0,2018-05-16 18:04:18,5,1,1,0
8juw29,2018-05-16 13:26:18,5,r/gifs,0,2018-05-16 18:16:51,6,0,1,0
8juw29,2018-05-16 13:26:18,5,r/gifs,0,2018-05-16 17:43:24,3,0,1,0
8juw29,2018-05-16 13:26:18,5,r/gifs,0,2018-05-16 18:04:32,3,0,1,0
8juw29,2018-05-16 13:26:18,5,r/gifs,0,2018-05-16 18:25:00,3,0,1,0
8juw29,2018-05-16 13:26:18,5,r/gifs,0,2018-05-16 17:12:59,3,1,1,0
8juw29,2018-05-16 13:26:18,5,r/gifs,0,2018-05-16 17:19:31,4,0,1,0
8juw29,2018-05-16 13:26:18,5,r/gifs,0,2018-05-16 16:45:07,2,2,53,0
8juw29,2018-05-16 13:26:18,5,r/gifs,0,2018-05-16 17:25:56,3,0,1,0
8juw29,2018-05-16 13:26:18,5,r/gifs,0,2018-05-16 17:13:28,3,0,1,0
8juw29,2018-05-16 13:26:18,5,r/gifs,0,2018-05-16 17:13:16,2,1,1,0
8juw29,2018-05-16 13:26:18,5,r/gifs,0,2018-05-16 18:00:13,3,1,1,0
8juw29,2018-05-16 13:26:18,5,r/gifs,0,2018-05-16 18:24:36,4,0,1,0
8juw29,2018-05-16 13:26:18,5,r/gifs,0,2018-05-16 16:20:56,2,0,14,0
8juw29,2018-05-16 13:26:18,5,r/gifs,0,2018-05-16 17:00:46,2,1,1,0
8juw29,2018-05-16 13:26:18,5,r/gifs,0,2018-05-16 17:25:24,3,0,1,0
8juw29,2018-05-16 13:26:18,5,r/gifs,0,2018-05-16 17:08:15,2,1,1,0
8juw29,2018-05-16 13:26:18,5,r/gifs,0,2018-05-16 17:38:27,3,1,1,0
8juw29,2018-05-16 13:26:18,5,r/gifs,0,2018-05-16 18:05:22,4,0,1,0
8juw29,2018-05-16 13:26:18,5,r/gifs,0,2018-05-16 16:46:46,2,0,7,0
8juw29,2018-05-16 13:26:18,5,r/gifs,0,2018-05-16 16:49:58,2,0,5,0
8juw29,2018-05-16 13:26:18,5,r/gifs,0,2018-05-16 15:46:40,2,7,108,0
8juw29,2018-05-16 13:26:18,5,r/gifs,0,2018-05-16 15:54:43,3,5,138,0
8juw29,2018-05-16 13:26:18,5,r/gifs,0,2018-05-16 16:01:56,4,3,62,0
8juw29,2018-05-16 13:26:18,5,r/gifs,0,2018-05-16 17:04:02,5,2,1,0
8juw29,2018-05-16 13:26:18,5,r/gifs,0,2018-05-16 17:33:11,6,2,1,0
8juw29,2018-05-16 13:26:18,5,r/gifs,0,2018-05-16 17:38:53,7,0,1,0
8juw29,2018-05-16 13:26:18,5,r/gifs,0,2018-05-16 17:39:05,7,0,1,0
8juw29,2018-05-16 13:26:18,5,r/gifs,0,2018-05-16 17:17:54,6,2,1,0
8juw29,2018-05-16 13:26:18,5,r/gifs,0,2018-05-16 17:31:58,7,0,1,0
8juw29,2018-05-16 13:26:18,5,r/gifs,0,2018-05-16 17:53:52,7,0,1,0
8juw29,2018-05-16 13:26:18,5,r/gifs,0,2018-05-16 16:47:43,5,1,4,0
8juw29,2018-05-16 13:26:18,5,r/gifs,0,2018-05-16 16:54:28,6,3,1,0
8juw29,2018-05-16 13:26:18,5,r/gifs,0,2018-05-16 16:57:48,7,0,1,0
8juw29,2018-05-16 13:26:18,5,r/gifs,0,2018-05-16 17:08:03,7,1,1,0
8juw29,2018-05-16 13:26:18,5,r/gifs,0,2018-05-16 17:17:48,8,0,1,0
8juw29,2018-05-16 13:26:18,5,r/gifs,0,2018-05-16 16:58:23,7,1,1,0
8juw29,2018-05-16 13:26:18,5,r/gifs,0,2018-05-16 17:23:54,8,1,1,0
8juw29,2018-05-16 13:26:18,5,r/gifs,0,2018-05-16 17:36:13,9,1,1,0
8juw29,2018-05-16 13:26:18,5,r/gifs,0,2018-05-16 16:52:30,5,0,1,0
8juw29,2018-05-16 13:26:18,5,r/gifs,0,2018-05-16 16:43:15,4,0,9,0
8juw29,2018-05-16 13:26:18,5,r/gifs,0,2018-05-16 17:19:12,4,0,1,0
8juw29,2018-05-16 13:26:18,5,r/gifs,0,2018-05-16 16:42:04,4,0,2,0
8juw29,2018-05-16 13:26:18,5,r/gifs,0,2018-05-16 16:36:25,4,2,0,0
8juw29,2018-05-16 13:26:18,5,r/gifs,0,2018-05-16 16:53:44,5,0,1,0
8juw29,2018-05-16 13:26:18,5,r/gifs,0,2018-05-16 16:44:59,5,4,10,0
8juw29,2018-05-16 13:26:18,5,r/gifs,0,2018-05-16 16:58:06,6,1,1,0
8juw29,2018-05-16 13:26:18,5,r/gifs,0,2018-05-16 17:09:33,7,0,1,0
8juw29,2018-05-16 13:26:18,5,r/gifs,0,2018-05-16 16:49:16,6,1,3,0
8juw29,2018-05-16 13:26:18,5,r/gifs,0,2018-05-16 16:54:28,7,0,1,0
8juw29,2018-05-16 13:26:18,5,r/gifs,0,2018-05-16 17:00:12,6,2,1,0
8juw29,2018-05-16 13:26:18,5,r/gifs,0,2018-05-16 17:14:42,7,0,1,0
8juw29,2018-05-16 13:26:18,5,r/gifs,0,2018-05-16 17:11:38,7,1,1,0
8juw29,2018-05-16 13:26:18,5,r/gifs,0,2018-05-16 17:34:50,8,1,1,0
8juw29,2018-05-16 13:26:18,5,r/gifs,0,2018-05-16 17:51:33,9,1,1,0
8juw29,2018-05-16 13:26:18,5,r/gifs,0,2018-05-16 16:56:16,6,1,1,0
8juw29,2018-05-16 13:26:18,5,r/gifs,0,2018-05-16 17:08:24,7,2,1,0
8juw29,2018-05-16 13:26:18,5,r/gifs,0,2018-05-16 17:31:07,8,1,1,0
8juw29,2018-05-16 13:26:18,5,r/gifs,0,2018-05-16 17:50:14,9,0,1,0
8juw29,2018-05-16 13:26:18,5,r/gifs,0,2018-05-16 17:11:12,8,0,1,0
8juw29,2018-05-16 13:26:18,5,r/gifs,0,2018-05-16 16:05:16,3,0,9,0
8juw29,2018-05-16 13:26:18,5,r/gifs,0,2018-05-16 16:35:11,3,3,22,0
8juw29,2018-05-16 13:26:18,5,r/gifs,0,2018-05-16 16:39:44,4,1,27,0
8juw29,2018-05-16 13:26:18,5,r/gifs,0,2018-05-16 16:54:02,5,1,1,0
8juw29,2018-05-16 13:26:18,5,r/gifs,0,2018-05-16 17:09:01,6,0,1,0
8juw29,2018-05-16 13:26:18,5,r/gifs,0,2018-05-16 17:11:45,4,0,1,0
8juw29,2018-05-16 13:26:18,5,r/gifs,0,2018-05-16 17:27:10,4,2,1,0
8juw29,2018-05-16 13:26:18,5,r/gifs,0,2018-05-16 18:29:52,5,0,1,0
8juw29,2018-05-16 13:26:18,5,r/gifs,0,2018-05-16 18:16:34,5,0,1,0
8juw29,2018-05-16 13:26:18,5,r/gifs,0,2018-05-16 15:55:04,3,4,4,0
8juw29,2018-05-16 13:26:18,5,r/gifs,0,2018-05-16 15:58:55,4,0,11,0
8juw29,2018-05-16 13:26:18,5,r/gifs,0,2018-05-16 15:56:36,4,0,6,0
8juw29,2018-05-16 13:26:18,5,r/gifs,0,2018-05-16 15:59:16,4,2,3,0
8juw29,2018-05-16 13:26:18,5,r/gifs,0,2018-05-16 16:06:02,5,1,7,0
8juw29,2018-05-16 13:26:18,5,r/gifs,0,2018-05-16 16:14:03,6,0,6,0
8juw29,2018-05-16 13:26:18,5,r/gifs,0,2018-05-16 16:44:39,5,0,1,0
8juw29,2018-05-16 13:26:18,5,r/gifs,0,2018-05-16 16:10:00,4,0,2,0
8juw29,2018-05-16 13:26:18,5,r/gifs,0,2018-05-16 17:00:43,3,1,1,0
8juw29,2018-05-16 13:26:18,5,r/gifs,0,2018-05-16 18:17:47,4,0,1,0
8juw29,2018-05-16 13:26:18,5,r/gifs,0,2018-05-16 17:03:14,3,1,1,0
8juw29,2018-05-16 13:26:18,5,r/gifs,0,2018-05-16 18:20:30,4,0,1,0
8juw29,2018-05-16 13:26:18,5,r/gifs,0,2018-05-16 16:42:06,3,0,0,0
8juw29,2018-05-16 13:26:18,5,r/gifs,0,2018-05-16 16:33:04,2,0,3,0
8juw29,2018-05-16 13:26:18,5,r/gifs,0,2018-05-16 17:02:03,2,0,1,0
8juw29,2018-05-16 13:26:18,5,r/gifs,0,2018-05-16 17:07:34,2,0,1,0
8juw29,2018-05-16 13:26:18,5,r/gifs,0,2018-05-16 17:13:47,2,0,1,0
8juw29,2018-05-16 13:26:18,5,r/gifs,0,2018-05-16 17:14:11,2,0,1,0
8juw29,2018-05-16 13:26:18,5,r/gifs,0,2018-05-16 17:20:59,2,0,1,0
8juw29,2018-05-16 13:26:18,5,r/gifs,0,2018-05-16 17:30:28,2,0,1,0
8juw29,2018-05-16 13:26:18,5,r/gifs,0,2018-05-16 17:33:58,2,0,1,0
8juw29,2018-05-16 13:26:18,5,r/gifs,0,2018-05-16 17:39:33,2,0,1,0
8juw29,2018-05-16 13:26:18,5,r/gifs,0,2018-05-16 18:22:43,2,0,1,0
8juw29,2018-05-16 13:26:18,5,r/gifs,0,2018-05-16 16:34:20,2,0,1,0
8juw29,2018-05-16 13:26:18,5,r/gifs,0,2018-05-16 15:42:51,1,3,174,0
8juw29,2018-05-16 13:26:18,5,r/gifs,0,2018-05-16 16:18:33,2,7,57,0
8juw29,2018-05-16 13:26:18,5,r/gifs,0,2018-05-16 16:37:39,3,1,14,0
8juw29,2018-05-16 13:26:18,5,r/gifs,0,2018-05-16 17:56:13,4,0,1,0
8juw29,2018-05-16 13:26:18,5,r/gifs,0,2018-05-16 16:39:50,3,3,18,0
8juw29,2018-05-16 13:26:18,5,r/gifs,0,2018-05-16 17:05:56,4,0,1,0
8juw29,2018-05-16 13:26:18,5,r/gifs,0,2018-05-16 17:07:49,4,0,1,0
8juw29,2018-05-16 13:26:18,5,r/gifs,0,2018-05-16 17:54:39,4,0,1,0
8juw29,2018-05-16 13:26:18,5,r/gifs,0,2018-05-16 16:40:48,3,0,9,0
8juw29,2018-05-16 13:26:18,5,r/gifs,0,2018-05-16 16:39:15,3,1,7,0
8juw29,2018-05-16 13:26:18,5,r/gifs,0,2018-05-16 17:05:38,4,1,1,0
8juw29,2018-05-16 13:26:18,5,r/gifs,0,2018-05-16 17:54:31,5,0,1,0
8juw29,2018-05-16 13:26:18,5,r/gifs,0,2018-05-16 17:54:39,3,0,1,0
8juw29,2018-05-16 13:26:18,5,r/gifs,0,2018-05-16 18:13:46,3,0,1,0
8juw29,2018-05-16 13:26:18,5,r/gifs,0,2018-05-16 17:21:36,3,1,1,0
8juw29,2018-05-16 13:26:18,5,r/gifs,0,2018-05-16 17:41:33,4,1,1,0
8juw29,2018-05-16 13:26:18,5,r/gifs,0,2018-05-16 18:01:07,5,1,1,0
8juw29,2018-05-16 13:26:18,5,r/gifs,0,2018-05-16 18:05:59,6,0,1,0
8juw29,2018-05-16 13:26:18,5,r/gifs,0,2018-05-16 17:07:46,2,0,1,0
8juw29,2018-05-16 13:26:18,5,r/gifs,0,2018-05-16 17:20:01,2,0,1,0
8juw29,2018-05-16 13:26:18,5,r/gifs,0,2018-05-16 16:21:15,1,3,70,0
8juw29,2018-05-16 13:26:18,5,r/gifs,0,2018-05-16 16:50:46,2,2,1,0
8juw29,2018-05-16 13:26:18,5,r/gifs,0,2018-05-16 16:56:58,3,2,1,0
8juw29,2018-05-16 13:26:18,5,r/gifs,0,2018-05-16 16:59:17,4,2,1,0
8juw29,2018-05-16 13:26:18,5,r/gifs,0,2018-05-16 17:02:18,5,1,1,0
8juw29,2018-05-16 13:26:18,5,r/gifs,0,2018-05-16 17:07:27,6,1,1,0
8juw29,2018-05-16 13:26:18,5,r/gifs,0,2018-05-16 17:13:43,7,1,1,0
8juw29,2018-05-16 13:26:18,5,r/gifs,0,2018-05-16 17:23:22,8,0,1,0
8juw29,2018-05-16 13:26:18,5,r/gifs,0,2018-05-16 17:12:35,5,0,1,0
8juw29,2018-05-16 13:26:18,5,r/gifs,0,2018-05-16 17:45:50,4,1,1,0
8juw29,2018-05-16 13:26:18,5,r/gifs,0,2018-05-16 17:51:10,5,1,1,0
8juw29,2018-05-16 13:26:18,5,r/gifs,0,2018-05-16 18:04:51,6,1,1,0
8juw29,2018-05-16 13:26:18,5,r/gifs,0,2018-05-16 18:06:57,7,0,1,0
8juw29,2018-05-16 13:26:18,5,r/gifs,0,2018-05-16 17:03:02,3,0,1,0
8juw29,2018-05-16 13:26:18,5,r/gifs,0,2018-05-16 17:09:38,2,3,1,0
8juw29,2018-05-16 13:26:18,5,r/gifs,0,2018-05-16 17:15:18,3,0,1,0
8juw29,2018-05-16 13:26:18,5,r/gifs,0,2018-05-16 17:28:52,3,0,1,0
8juw29,2018-05-16 13:26:18,5,r/gifs,0,2018-05-16 18:20:56,3,0,1,0
8juw29,2018-05-16 13:26:18,5,r/gifs,0,2018-05-16 17:39:30,2,0,1,0
8juw29,2018-05-16 13:26:18,5,r/gifs,0,2018-05-16 16:36:55,1,3,21,0
8juw29,2018-05-16 13:26:18,5,r/gifs,0,2018-05-16 16:52:28,2,1,1,0
8juw29,2018-05-16 13:26:18,5,r/gifs,0,2018-05-16 16:55:49,3,2,1,0
8juw29,2018-05-16 13:26:18,5,r/gifs,0,2018-05-16 18:06:37,4,0,1,0
8juw29,2018-05-16 13:26:18,5,r/gifs,0,2018-05-16 17:12:25,4,2,1,0
8juw29,2018-05-16 13:26:18,5,r/gifs,0,2018-05-16 17:22:56,5,0,1,0
8juw29,2018-05-16 13:26:18,5,r/gifs,0,2018-05-16 17:31:14,5,0,1,0
8juw29,2018-05-16 13:26:18,5,r/gifs,0,2018-05-16 18:26:54,2,0,1,0
8juw29,2018-05-16 13:26:18,5,r/gifs,0,2018-05-16 17:02:10,2,1,1,0
8juw29,2018-05-16 13:26:18,5,r/gifs,0,2018-05-16 17:16:27,3,0,1,0
8juw29,2018-05-16 13:26:18,5,r/gifs,0,2018-05-16 16:12:53,1,0,6,0
8juw29,2018-05-16 13:26:18,5,r/gifs,0,2018-05-16 16:40:58,1,0,11,0
8juw29,2018-05-16 13:26:18,5,r/gifs,0,2018-05-16 16:35:19,1,1,2,0
8juw29,2018-05-16 13:26:18,5,r/gifs,0,2018-05-16 17:23:24,2,0,1,0
8juw29,2018-05-16 13:26:18,5,r/gifs,0,2018-05-16 16:43:16,1,0,2,0
8juw29,2018-05-16 13:26:18,5,r/gifs,0,2018-05-16 16:46:21,1,0,2,0
8juw29,2018-05-16 13:26:18,5,r/gifs,0,2018-05-16 17:26:30,1,0,1,0
8juw29,2018-05-16 13:26:18,5,r/gifs,0,2018-05-16 17:17:46,1,0,1,0
8juw29,2018-05-16 13:26:18,5,r/gifs,0,2018-05-16 17:29:21,1,0,1,0
8juw29,2018-05-16 13:26:18,5,r/gifs,0,2018-05-16 17:30:27,1,0,1,0
8juw29,2018-05-16 13:26:18,5,r/gifs,0,2018-05-16 17:33:21,1,0,1,0
8juw29,2018-05-16 13:26:18,5,r/gifs,0,2018-05-16 17:36:14,1,0,1,0
8juw29,2018-05-16 13:26:18,5,r/gifs,0,2018-05-16 17:40:17,1,0,1,0
8juw29,2018-05-16 13:26:18,5,r/gifs,0,2018-05-16 17:46:16,1,0,1,0
8juw29,2018-05-16 13:26:18,5,r/gifs,0,2018-05-16 17:54:30,1,0,1,0
8juw29,2018-05-16 13:26:18,5,r/gifs,0,2018-05-16 18:05:58,1,0,1,0
8juw29,2018-05-16 13:26:18,5,r/gifs,0,2018-05-16 18:17:25,1,0,1,0
8juw29,2018-05-16 13:26:18,5,r/gifs,0,2018-05-16 16:12:14,1,0,1,0
8juw29,2018-05-16 13:26:18,5,r/gifs,0,2018-05-16 16:48:27,1,0,-3,0
8juw29,2018-05-16 13:26:18,5,r/gifs,1,2018-05-16 15:19:07,0,12,1039,0
8juw29,2018-05-16 13:26:18,5,r/gifs,1,2018-05-16 16:28:46,1,3,197,0
8juw29,2018-05-16 13:26:18,5,r/gifs,1,2018-05-16 17:03:00,2,4,1,0
8juw29,2018-05-16 13:26:18,5,r/gifs,1,2018-05-16 17:20:20,3,0,1,0
8juw29,2018-05-16 13:26:18,5,r/gifs,1,2018-05-16 17:43:30,3,1,1,0
8juw29,2018-05-16 13:26:18,5,r/gifs,1,2018-05-16 17:50:13,4,1,1,0
8juw29,2018-05-16 13:26:18,5,r/gifs,1,2018-05-16 17:59:29,5,1,1,0
8juw29,2018-05-16 13:26:18,5,r/gifs,1,2018-05-16 18:23:16,6,0,1,0
8juw29,2018-05-16 13:26:18,5,r/gifs,1,2018-05-16 18:01:48,3,0,1,0
8juw29,2018-05-16 13:26:18,5,r/gifs,1,2018-05-16 17:20:35,3,1,1,0
8juw29,2018-05-16 13:26:18,5,r/gifs,1,2018-05-16 17:29:00,4,2,1,0
8juw29,2018-05-16 13:26:18,5,r/gifs,1,2018-05-16 17:31:19,5,0,1,0
8juw29,2018-05-16 13:26:18,5,r/gifs,1,2018-05-16 17:35:42,5,1,1,0
8juw29,2018-05-16 13:26:18,5,r/gifs,1,2018-05-16 17:51:17,6,0,1,0
8juw29,2018-05-16 13:26:18,5,r/gifs,1,2018-05-16 17:18:11,2,0,1,0
8juw29,2018-05-16 13:26:18,5,r/gifs,1,2018-05-16 17:52:17,2,0,1,0
8juw29,2018-05-16 13:26:18,5,r/gifs,1,2018-05-16 16:41:54,1,0,24,0
8juw29,2018-05-16 13:26:18,5,r/gifs,1,2018-05-16 17:06:46,1,1,1,0
8juw29,2018-05-16 13:26:18,5,r/gifs,1,2018-05-16 17:29:51,2,1,1,0
8juw29,2018-05-16 13:26:18,5,r/gifs,1,2018-05-16 18:24:26,3,0,1,0
8juw29,2018-05-16 13:26:18,5,r/gifs,1,2018-05-16 16:30:23,1,5,9,0
8juw29,2018-05-16 13:26:18,5,r/gifs,1,2018-05-16 16:55:19,2,1,1,0
8juw29,2018-05-16 13:26:18,5,r/gifs,1,2018-05-16 17:04:55,3,0,1,0
8juw29,2018-05-16 13:26:18,5,r/gifs,1,2018-05-16 16:49:01,2,2,16,0
8juw29,2018-05-16 13:26:18,5,r/gifs,1,2018-05-16 17:41:20,3,0,1,0
8juw29,2018-05-16 13:26:18,5,r/gifs,1,2018-05-16 18:13:53,3,0,1,0
8juw29,2018-05-16 13:26:18,5,r/gifs,1,2018-05-16 16:45:05,2,0,10,0
8juw29,2018-05-16 13:26:18,5,r/gifs,1,2018-05-16 17:09:50,2,2,1,0
8juw29,2018-05-16 13:26:18,5,r/gifs,1,2018-05-16 17:19:00,3,0,1,0
8juw29,2018-05-16 13:26:18,5,r/gifs,1,2018-05-16 18:09:22,3,0,1,0
8juw29,2018-05-16 13:26:18,5,r/gifs,1,2018-05-16 16:57:11,2,0,1,0
8juw29,2018-05-16 13:26:18,5,r/gifs,1,2018-05-16 16:50:23,1,1,1,0
8juw29,2018-05-16 13:26:18,5,r/gifs,1,2018-05-16 16:56:56,2,2,1,0
8juw29,2018-05-16 13:26:18,5,r/gifs,1,2018-05-16 17:01:23,3,3,1,0
8juw29,2018-05-16 13:26:18,5,r/gifs,1,2018-05-16 17:25:20,4,2,1,0
8juw29,2018-05-16 13:26:18,5,r/gifs,1,2018-05-16 18:06:58,5,0,1,0
8juw29,2018-05-16 13:26:18,5,r/gifs,1,2018-05-16 18:20:24,5,0,1,0
8juw29,2018-05-16 13:26:18,5,r/gifs,1,2018-05-16 18:16:58,4,0,1,0
8juw29,2018-05-16 13:26:18,5,r/gifs,1,2018-05-16 17:06:44,4,0,1,0
8juw29,2018-05-16 13:26:18,5,r/gifs,1,2018-05-16 17:20:49,3,2,1,0
8juw29,2018-05-16 13:26:18,5,r/gifs,1,2018-05-16 17:30:56,4,0,1,0
8juw29,2018-05-16 13:26:18,5,r/gifs,1,2018-05-16 18:24:00,4,0,1,0
8juw29,2018-05-16 13:26:18,5,r/gifs,1,2018-05-16 17:08:24,1,0,1,0
8juw29,2018-05-16 13:26:18,5,r/gifs,1,2018-05-16 17:18:37,1,0,1,0
8juw29,2018-05-16 13:26:18,5,r/gifs,1,2018-05-16 17:31:05,1,0,1,0
8juw29,2018-05-16 13:26:18,5,r/gifs,1,2018-05-16 17:40:20,1,0,1,0
8juw29,2018-05-16 13:26:18,5,r/gifs,1,2018-05-16 18:04:57,1,0,1,0
8juw29,2018-05-16 13:26:18,5,r/gifs,1,2018-05-16 18:16:27,1,0,1,0
8juw29,2018-05-16 13:26:18,5,r/gifs,1,2018-05-16 18:27:15,1,0,1,0
8juw29,2018-05-16 13:26:18,5,r/gifs,2,2018-05-16 15:46:04,0,2,791,0
8juw29,2018-05-16 13:26:18,5,r/gifs,2,2018-05-16 16:33:39,1,2,335,0
8juw29,2018-05-16 13:26:18,5,r/gifs,2,2018-05-16 17:01:36,2,3,1,0
8juw29,2018-05-16 13:26:18,5,r/gifs,2,2018-05-16 17:14:32,3,1,1,0
8juw29,2018-05-16 13:26:18,5,r/gifs,2,2018-05-16 18:18:29,4,0,1,0
8juw29,2018-05-16 13:26:18,5,r/gifs,2,2018-05-16 17:15:15,3,1,1,0
8juw29,2018-05-16 13:26:18,5,r/gifs,2,2018-05-16 17:52:10,4,0,1,0
8juw29,2018-05-16 13:26:18,5,r/gifs,2,2018-05-16 18:10:51,3,0,1,0
8juw29,2018-05-16 13:26:18,5,r/gifs,2,2018-05-16 17:15:08,2,0,1,0
8juw29,2018-05-16 13:26:18,5,r/gifs,2,2018-05-16 17:15:04,1,1,1,0
8juw29,2018-05-16 13:26:18,5,r/gifs,2,2018-05-16 17:41:06,2,1,1,0
8juw29,2018-05-16 13:26:18,5,r/gifs,2,2018-05-16 17:42:24,3,1,1,0
8juw29,2018-05-16 13:26:18,5,r/gifs,2,2018-05-16 18:23:22,4,0,1,0
8juw29,2018-05-16 13:26:18,5,r/gifs,3,2018-05-16 15:36:03,0,12,138,0
8juw29,2018-05-16 13:26:18,5,r/gifs,3,2018-05-16 15:41:22,1,1,584,0
8juw29,2018-05-16 13:26:18,5,r/gifs,3,2018-05-16 17:03:13,2,1,1,0
8juw29,2018-05-16 13:26:18,5,r/gifs,3,2018-05-16 17:30:52,3,0,1,0
8juw29,2018-05-16 13:26:18,5,r/gifs,3,2018-05-16 16:30:32,1,2,82,0
8juw29,2018-05-16 13:26:18,5,r/gifs,3,2018-05-16 16:45:55,2,1,75,0
8juw29,2018-05-16 13:26:18,5,r/gifs,3,2018-05-16 16:53:13,3,0,1,0
8juw29,2018-05-16 13:26:18,5,r/gifs,3,2018-05-16 17:05:59,2,0,1,0
8juw29,2018-05-16 13:26:18,5,r/gifs,3,2018-05-16 16:37:49,1,1,27,0
8juw29,2018-05-16 13:26:18,5,r/gifs,3,2018-05-16 17:35:24,2,1,1,0
8juw29,2018-05-16 13:26:18,5,r/gifs,3,2018-05-16 17:42:04,3,0,1,0
8juw29,2018-05-16 13:26:18,5,r/gifs,3,2018-05-16 17:03:21,1,1,1,0
8juw29,2018-05-16 13:26:18,5,r/gifs,3,2018-05-16 17:09:25,2,1,1,0
8juw29,2018-05-16 13:26:18,5,r/gifs,3,2018-05-16 17:19:53,3,0,1,0
8juw29,2018-05-16 13:26:18,5,r/gifs,3,2018-05-16 15:54:13,1,1,23,0
8juw29,2018-05-16 13:26:18,5,r/gifs,3,2018-05-16 17:28:43,2,0,1,0
8juw29,2018-05-16 13:26:18,5,r/gifs,3,2018-05-16 17:16:41,1,0,1,0
8juw29,2018-05-16 13:26:18,5,r/gifs,3,2018-05-16 17:17:48,1,0,1,0
8juw29,2018-05-16 13:26:18,5,r/gifs,3,2018-05-16 17:40:15,1,0,1,0
8juw29,2018-05-16 13:26:18,5,r/gifs,3,2018-05-16 17:43:51,1,0,1,0
8juw29,2018-05-16 13:26:18,5,r/gifs,3,2018-05-16 18:01:11,1,0,1,0
8juw29,2018-05-16 13:26:18,5,r/gifs,3,2018-05-16 18:10:22,1,0,1,0
8juw29,2018-05-16 13:26:18,5,r/gifs,3,2018-05-16 18:19:44,1,0,1,0
8juw29,2018-05-16 13:26:18,5,r/gifs,4,2018-05-16 15:48:28,0,2,38,0
8juw29,2018-05-16 13:26:18,5,r/gifs,4,2018-05-16 16:57:51,1,0,1,0
8juw29,2018-05-16 13:26:18,5,r/gifs,4,2018-05-16 17:22:00,1,0,1,0
8juw29,2018-05-16 13:26:18,5,r/gifs,5,2018-05-16 14:48:01,0,18,701,0
8juw29,2018-05-16 13:26:18,5,r/gifs,5,2018-05-16 15:18:20,1,1,197,0
8juw29,2018-05-16 13:26:18,5,r/gifs,5,2018-05-16 16:47:56,2,0,34,0
8juw29,2018-05-16 13:26:18,5,r/gifs,5,2018-05-16 15:14:18,1,0,111,0
8juw29,2018-05-16 13:26:18,5,r/gifs,5,2018-05-16 15:08:09,1,0,43,0
8juw29,2018-05-16 13:26:18,5,r/gifs,5,2018-05-16 16:11:12,1,0,21,0
8juw29,2018-05-16 13:26:18,5,r/gifs,5,2018-05-16 17:15:14,1,0,1,0
8juw29,2018-05-16 13:26:18,5,r/gifs,5,2018-05-16 15:44:30,1,0,14,0
8juw29,2018-05-16 13:26:18,5,r/gifs,5,2018-05-16 16:05:07,1,0,13,0
8juw29,2018-05-16 13:26:18,5,r/gifs,5,2018-05-16 16:46:43,1,0,8,0
8juw29,2018-05-16 13:26:18,5,r/gifs,5,2018-05-16 17:08:58,1,0,1,0
8juw29,2018-05-16 13:26:18,5,r/gifs,5,2018-05-16 17:46:55,1,0,1,0
8juw29,2018-05-16 13:26:18,5,r/gifs,5,2018-05-16 17:58:59,1,0,1,0
8juw29,2018-05-16 13:26:18,5,r/gifs,5,2018-05-16 18:01:40,1,0,1,0
8juw29,2018-05-16 13:26:18,5,r/gifs,5,2018-05-16 15:21:46,1,2,-26,0
8juw29,2018-05-16 13:26:18,5,r/gifs,5,2018-05-16 15:59:43,2,1,-24,0
8juw29,2018-05-16 13:26:18,5,r/gifs,5,2018-05-16 18:09:16,3,0,1,0
8juw29,2018-05-16 13:26:18,5,r/gifs,5,2018-05-16 16:53:35,2,0,1,0
8juw29,2018-05-16 13:26:18,5,r/gifs,5,2018-05-16 15:12:35,1,0,-20,0
8juw29,2018-05-16 13:26:18,5,r/gifs,5,2018-05-16 15:10:20,1,1,-22,0
8juw29,2018-05-16 13:26:18,5,r/gifs,5,2018-05-16 16:48:16,2,0,-1,0
8juw29,2018-05-16 13:26:18,5,r/gifs,5,2018-05-16 15:54:30,1,0,-13,0
8juw29,2018-05-16 13:26:18,5,r/gifs,5,2018-05-16 16:04:14,1,1,-18,0
8juw29,2018-05-16 13:26:18,5,r/gifs,5,2018-05-16 16:40:59,2,1,17,0
8juw29,2018-05-16 13:26:18,5,r/gifs,5,2018-05-16 17:40:21,3,0,1,0
8juw29,2018-05-16 13:26:18,5,r/gifs,5,2018-05-16 16:42:14,1,1,-16,0
8juw29,2018-05-16 13:26:18,5,r/gifs,5,2018-05-16 16:46:45,2,0,11,0
8juw29,2018-05-16 13:26:18,5,r/gifs,6,2018-05-16 14:38:16,0,4,185,0
8juw29,2018-05-16 13:26:18,5,r/gifs,6,2018-05-16 17:15:17,1,1,1,0
8juw29,2018-05-16 13:26:18,5,r/gifs,6,2018-05-16 17:34:52,2,2,1,0
8juw29,2018-05-16 13:26:18,5,r/gifs,6,2018-05-16 18:03:48,3,0,1,0
8juw29,2018-05-16 13:26:18,5,r/gifs,6,2018-05-16 18:11:01,3,0,1,0
8juw29,2018-05-16 13:26:18,5,r/gifs,6,2018-05-16 17:16:27,1,0,1,0
8juw29,2018-05-16 13:26:18,5,r/gifs,6,2018-05-16 17:15:50,1,0,1,0
8juw29,2018-05-16 13:26:18,5,r/gifs,6,2018-05-16 16:38:57,1,5,-31,0
8juw29,2018-05-16 13:26:18,5,r/gifs,6,2018-05-16 16:41:54,2,3,23,0
8juw29,2018-05-16 13:26:18,5,r/gifs,6,2018-05-16 16:52:45,3,1,1,0
8juw29,2018-05-16 13:26:18,5,r/gifs,6,2018-05-16 16:54:15,4,0,1,0
8juw29,2018-05-16 13:26:18,5,r/gifs,6,2018-05-16 16:54:19,3,0,1,0
8juw29,2018-05-16 13:26:18,5,r/gifs,6,2018-05-16 17:01:27,3,0,1,0
8juw29,2018-05-16 13:26:18,5,r/gifs,6,2018-05-16 16:44:54,2,0,9,0
8juw29,2018-05-16 13:26:18,5,r/gifs,6,2018-05-16 16:55:43,2,1,1,0
8juw29,2018-05-16 13:26:18,5,r/gifs,6,2018-05-16 17:16:15,3,0,1,0
8juw29,2018-05-16 13:26:18,5,r/gifs,6,2018-05-16 16:45:10,2,0,2,0
8juw29,2018-05-16 13:26:18,5,r/gifs,6,2018-05-16 16:58:09,2,1,1,0
8juw29,2018-05-16 13:26:18,5,r/gifs,6,2018-05-16 16:58:13,3,0,1,0
8juw29,2018-05-16 13:26:18,5,r/gifs,7,2018-05-16 15:47:01,0,3,32,0
8juw29,2018-05-16 13:26:18,5,r/gifs,7,2018-05-16 16:40:41,1,0,8,0
8juw29,2018-05-16 13:26:18,5,r/gifs,7,2018-05-16 17:25:48,1,0,1,0
8juw29,2018-05-16 13:26:18,5,r/gifs,7,2018-05-16 17:29:14,1,0,1,0
8juw29,2018-05-16 13:26:18,5,r/gifs,8,2018-05-16 15:42:00,0,4,53,0
8juw29,2018-05-16 13:26:18,5,r/gifs,8,2018-05-16 15:47:41,1,3,94,0
8juw29,2018-05-16 13:26:18,5,r/gifs,8,2018-05-16 16:01:43,2,3,14,0
8juw29,2018-05-16 13:26:18,5,r/gifs,8,2018-05-16 16:31:47,3,0,29,0
8juw29,2018-05-16 13:26:18,5,r/gifs,8,2018-05-16 16:53:16,3,0,1,0
8juw29,2018-05-16 13:26:18,5,r/gifs,8,2018-05-16 17:29:41,3,0,1,0
8juw29,2018-05-16 13:26:18,5,r/gifs,8,2018-05-16 16:38:41,2,1,3,0
8juw29,2018-05-16 13:26:18,5,r/gifs,8,2018-05-16 16:44:13,3,0,1,0
8juw29,2018-05-16 13:26:18,5,r/gifs,8,2018-05-16 17:01:45,2,0,1,0
8juw29,2018-05-16 13:26:18,5,r/gifs,8,2018-05-16 15:50:24,1,0,16,0
8juw29,2018-05-16 13:26:18,5,r/gifs,8,2018-05-16 17:08:20,1,1,1,0
8juw29,2018-05-16 13:26:18,5,r/gifs,8,2018-05-16 18:22:13,2,0,1,0
8juw29,2018-05-16 13:26:18,5,r/gifs,8,2018-05-16 17:27:47,1,0,1,0
8juw29,2018-05-16 13:26:18,5,r/gifs,9,2018-05-16 16:39:52,0,1,12,0
8juw29,2018-05-16 13:26:18,5,r/gifs,9,2018-05-16 17:14:57,1,0,1,0
8juw29,2018-05-16 13:26:18,5,r/gifs,10,2018-05-16 16:15:30,0,2,10,0
8juw29,2018-05-16 13:26:18,5,r/gifs,10,2018-05-16 17:00:00,1,0,1,0
8juw29,2018-05-16 13:26:18,5,r/gifs,10,2018-05-16 18:19:42,1,0,1,0
8juw29,2018-05-16 13:26:18,5,r/gifs,11,2018-05-16 16:13:59,0,1,13,0
8juw29,2018-05-16 13:26:18,5,r/gifs,11,2018-05-16 16:34:06,1,0,8,0
8juw29,2018-05-16 13:26:18,5,r/gifs,12,2018-05-16 16:34:52,0,0,5,0
8juw29,2018-05-16 13:26:18,5,r/gifs,13,2018-05-16 14:19:18,0,4,55,0
8juw29,2018-05-16 13:26:18,5,r/gifs,13,2018-05-16 14:22:20,1,0,92,0
8juw29,2018-05-16 13:26:18,5,r/gifs,13,2018-05-16 14:29:17,1,1,23,0
8juw29,2018-05-16 13:26:18,5,r/gifs,13,2018-05-16 15:27:14,2,0,9,0
8juw29,2018-05-16 13:26:18,5,r/gifs,13,2018-05-16 17:08:41,1,0,1,0
8juw29,2018-05-16 13:26:18,5,r/gifs,13,2018-05-16 15:54:28,1,1,15,0
8juw29,2018-05-16 13:26:18,5,r/gifs,13,2018-05-16 16:11:26,2,1,8,0
8juw29,2018-05-16 13:26:18,5,r/gifs,13,2018-05-16 16:55:43,3,1,1,0
8juw29,2018-05-16 13:26:18,5,r/gifs,13,2018-05-16 17:08:17,4,0,1,0
8juw29,2018-05-16 13:26:18,5,r/gifs,14,2018-05-16 16:45:52,0,0,4,0
8juw29,2018-05-16 13:26:18,5,r/gifs,15,2018-05-16 17:10:34,0,1,1,0
8juw29,2018-05-16 13:26:18,5,r/gifs,15,2018-05-16 18:10:29,1,0,1,0
8juw29,2018-05-16 13:26:18,5,r/gifs,16,2018-05-16 17:15:36,0,0,1,0
8juw29,2018-05-16 13:26:18,5,r/gifs,17,2018-05-16 18:09:44,0,0,1,0
8juw29,2018-05-16 13:26:18,5,r/gifs,18,2018-05-16 17:20:09,0,1,1,0
8juw29,2018-05-16 13:26:18,5,r/gifs,18,2018-05-16 18:02:36,1,0,1,0
8juw29,2018-05-16 13:26:18,5,r/gifs,19,2018-05-16 17:20:17,0,0,1,0
8juw29,2018-05-16 13:26:18,5,r/gifs,20,2018-05-16 17:35:19,0,0,1,0
8juw29,2018-05-16 13:26:18,5,r/gifs,21,2018-05-16 17:43:27,0,0,1,0
8juw29,2018-05-16 13:26:18,5,r/gifs,22,2018-05-16 17:49:17,0,0,1,0
8juw29,2018-05-16 13:26:18,5,r/gifs,23,2018-05-16 18:00:29,0,0,1,0
8juw29,2018-05-16 13:26:18,5,r/gifs,24,2018-05-16 18:12:22,0,0,1,0
8juw29,2018-05-16 13:26:18,5,r/gifs,25,2018-05-16 18:15:48,0,0,1,0
8juw29,2018-05-16 13:26:18,5,r/gifs,26,2018-05-16 16:07:34,0,1,7,0
8juw29,2018-05-16 13:26:18,5,r/gifs,26,2018-05-16 16:43:45,1,3,4,0
8juw29,2018-05-16 13:26:18,5,r/gifs,26,2018-05-16 16:50:36,2,0,1,0
8juw29,2018-05-16 13:26:18,5,r/gifs,26,2018-05-16 16:53:11,2,1,1,0
8juw29,2018-05-16 13:26:18,5,r/gifs,26,2018-05-16 17:01:24,3,0,1,0
8juw29,2018-05-16 13:26:18,5,r/gifs,26,2018-05-16 16:55:43,2,0,1,0
8juw29,2018-05-16 13:26:18,5,r/gifs,27,2018-05-16 15:51:03,0,0,1,0
8juw29,2018-05-16 13:26:18,5,r/gifs,28,2018-05-16 16:01:40,0,0,1,0
8juw29,2018-05-16 13:26:18,5,r/gifs,29,2018-05-16 16:04:45,0,0,1,0
8juw29,2018-05-16 13:26:18,5,r/gifs,30,2018-05-16 16:12:18,0,0,1,0
8juw29,2018-05-16 13:26:18,5,r/gifs,31,2018-05-16 16:14:40,0,0,1,0
8juw29,2018-05-16 13:26:18,5,r/gifs,32,2018-05-16 16:22:03,0,0,1,0
8juw29,2018-05-16 13:26:18,5,r/gifs,33,2018-05-16 16:24:22,0,0,1,0
8juw29,2018-05-16 13:26:18,5,r/gifs,34,2018-05-16 16:24:44,0,0,1,0
8juw29,2018-05-16 13:26:18,5,r/gifs,35,2018-05-16 16:28:27,0,0,1,0
8juw29,2018-05-16 13:26:18,5,r/gifs,36,2018-05-16 16:36:11,0,0,1,0
8juw29,2018-05-16 13:26:18,5,r/gifs,37,2018-05-16 16:39:38,0,0,1,0
8juw29,2018-05-16 13:26:18,5,r/gifs,38,2018-05-16 16:40:24,0,0,1,0
8juw29,2018-05-16 13:26:18,5,r/gifs,39,2018-05-16 16:45:05,0,0,1,0
8juw29,2018-05-16 13:26:18,5,r/gifs,40,2018-05-16 16:51:13,0,0,1,0
8juw29,2018-05-16 13:26:18,5,r/gifs,41,2018-05-16 16:51:14,0,0,1,0
8juw29,2018-05-16 13:26:18,5,r/gifs,42,2018-05-16 16:52:20,0,0,1,0
8juw29,2018-05-16 13:26:18,5,r/gifs,43,2018-05-16 16:55:18,0,0,1,0
8juw29,2018-05-16 13:26:18,5,r/gifs,44,2018-05-16 16:56:08,0,0,1,0
8juw29,2018-05-16 13:26:18,5,r/gifs,45,2018-05-16 17:11:14,0,0,1,0
8juw29,2018-05-16 13:26:18,5,r/gifs,46,2018-05-16 17:11:21,0,0,1,0
8juw29,2018-05-16 13:26:18,5,r/gifs,47,2018-05-16 17:12:51,0,0,1,0
8juw29,2018-05-16 13:26:18,5,r/gifs,48,2018-05-16 17:13:02,0,0,1,0
8juw29,2018-05-16 13:26:18,5,r/gifs,49,2018-05-16 17:13:45,0,0,1,0
8juw29,2018-05-16 13:26:18,5,r/gifs,50,2018-05-16 17:14:39,0,0,1,0
8juw29,2018-05-16 13:26:18,5,r/gifs,51,2018-05-16 17:14:54,0,0,1,0
8juw29,2018-05-16 13:26:18,5,r/gifs,52,2018-05-16 17:15:11,0,0,1,0
8juw29,2018-05-16 13:26:18,5,r/gifs,53,2018-05-16 17:15:50,0,0,1,0
8juw29,2018-05-16 13:26:18,5,r/gifs,54,2018-05-16 17:19:36,0,0,1,0
8juw29,2018-05-16 13:26:18,5,r/gifs,55,2018-05-16 17:20:21,0,0,1,0
8juw29,2018-05-16 13:26:18,5,r/gifs,56,2018-05-16 17:22:41,0,0,1,0
8juw29,2018-05-16 13:26:18,5,r/gifs,57,2018-05-16 17:22:59,0,0,1,0
8juw29,2018-05-16 13:26:18,5,r/gifs,58,2018-05-16 17:24:24,0,0,1,0
8juw29,2018-05-16 13:26:18,5,r/gifs,59,2018-05-16 17:24:37,0,0,1,0
8juw29,2018-05-16 13:26:18,5,r/gifs,60,2018-05-16 17:25:28,0,0,1,0
8juw29,2018-05-16 13:26:18,5,r/gifs,61,2018-05-16 17:27:31,0,0,1,0
8juw29,2018-05-16 13:26:18,5,r/gifs,62,2018-05-16 17:27:48,0,0,1,0
8juw29,2018-05-16 13:26:18,5,r/gifs,63,2018-05-16 17:27:52,0,0,1,0
8juw29,2018-05-16 13:26:18,5,r/gifs,64,2018-05-16 17:30:54,0,0,1,0
8juw29,2018-05-16 13:26:18,5,r/gifs,65,2018-05-16 17:32:30,0,0,1,0
8juw29,2018-05-16 13:26:18,5,r/gifs,66,2018-05-16 17:32:34,0,0,1,0
8juw29,2018-05-16 13:26:18,5,r/gifs,67,2018-05-16 17:33:12,0,0,1,0
8juw29,2018-05-16 13:26:18,5,r/gifs,68,2018-05-16 17:33:47,0,0,1,0
8juw29,2018-05-16 13:26:18,5,r/gifs,69,2018-05-16 17:35:09,0,0,1,0
8juw29,2018-05-16 13:26:18,5,r/gifs,70,2018-05-16 17:35:45,0,0,1,0
8juw29,2018-05-16 13:26:18,5,r/gifs,71,2018-05-16 17:36:15,0,0,1,0
8juw29,2018-05-16 13:26:18,5,r/gifs,72,2018-05-16 17:37:19,0,0,1,0
8juw29,2018-05-16 13:26:18,5,r/gifs,73,2018-05-16 17:38:48,0,0,1,0
8juw29,2018-05-16 13:26:18,5,r/gifs,74,2018-05-16 17:40:58,0,0,1,0
8juw29,2018-05-16 13:26:18,5,r/gifs,75,2018-05-16 17:43:01,0,0,1,0
8juw29,2018-05-16 13:26:18,5,r/gifs,76,2018-05-16 17:47:25,0,0,1,0
8juw29,2018-05-16 13:26:18,5,r/gifs,77,2018-05-16 17:48:09,0,0,1,0
8juw29,2018-05-16 13:26:18,5,r/gifs,78,2018-05-16 17:52:05,0,0,1,0
8juw29,2018-05-16 13:26:18,5,r/gifs,79,2018-05-16 17:53:47,0,0,1,0
8juw29,2018-05-16 13:26:18,5,r/gifs,80,2018-05-16 17:57:43,0,0,1,0
8juw29,2018-05-16 13:26:18,5,r/gifs,81,2018-05-16 18:00:01,0,0,1,0
8juw29,2018-05-16 13:26:18,5,r/gifs,82,2018-05-16 18:01:14,0,0,1,0
8juw29,2018-05-16 13:26:18,5,r/gifs,83,2018-05-16 18:01:53,0,0,1,0
8juw29,2018-05-16 13:26:18,5,r/gifs,84,2018-05-16 18:02:24,0,0,1,0
8juw29,2018-05-16 13:26:18,5,r/gifs,85,2018-05-16 18:03:18,0,0,1,0
8juw29,2018-05-16 13:26:18,5,r/gifs,86,2018-05-16 18:03:29,0,0,1,0
8juw29,2018-05-16 13:26:18,5,r/gifs,87,2018-05-16 18:09:25,0,0,1,0
8juw29,2018-05-16 13:26:18,5,r/gifs,88,2018-05-16 18:16:24,0,0,1,0
8juw29,2018-05-16 13:26:18,5,r/gifs,89,2018-05-16 18:16:56,0,0,1,0
8juw29,2018-05-16 13:26:18,5,r/gifs,90,2018-05-16 18:20:28,0,0,1,0
8juw29,2018-05-16 13:26:18,5,r/gifs,91,2018-05-16 18:20:32,0,0,1,0
8juw29,2018-05-16 13:26:18,5,r/gifs,92,2018-05-16 18:20:58,0,0,1,0
8juw29,2018-05-16 13:26:18,5,r/gifs,93,2018-05-16 18:22:22,0,0,1,0
8juw29,2018-05-16 13:26:18,5,r/gifs,94,2018-05-16 18:23:07,0,0,1,0
8juw29,2018-05-16 13:26:18,5,r/gifs,95,2018-05-16 18:23:22,0,0,1,0
8juw29,2018-05-16 13:26:18,5,r/gifs,96,2018-05-16 18:28:37,0,0,1,0
8juw29,2018-05-16 13:26:18,5,r/gifs,97,2018-05-16 14:18:25,0,0,0,0
8juw29,2018-05-16 13:26:18,5,r/gifs,98,2018-05-16 14:24:53,0,0,1,0
8juw29,2018-05-16 13:26:18,5,r/gifs,99,2018-05-16 15:22:30,0,2,1,0
8juw29,2018-05-16 13:26:18,5,r/gifs,99,2018-05-16 15:56:21,1,0,6,0
8juw29,2018-05-16 13:26:18,5,r/gifs,99,2018-05-16 16:00:08,1,0,1,0
8juw29,2018-05-16 13:26:18,5,r/gifs,100,2018-05-16 16:39:21,0,0,1,0
8juw29,2018-05-16 13:26:18,5,r/gifs,101,2018-05-16 16:47:21,0,0,1,0
8juw29,2018-05-16 13:26:18,5,r/gifs,102,2018-05-16 16:57:28,0,0,1,0
8juw29,2018-05-16 13:26:18,5,r/gifs,103,2018-05-16 18:13:03,0,0,1,0
8juw29,2018-05-16 13:26:18,5,r/gifs,104,2018-05-16 15:43:50,0,2,-8,0
8juw29,2018-05-16 13:26:18,5,r/gifs,104,2018-05-16 16:12:26,1,2,7,0
8juw29,2018-05-16 13:26:18,5,r/gifs,104,2018-05-16 17:00:13,2,0,1,0
8juw29,2018-05-16 13:26:18,5,r/gifs,104,2018-05-16 16:59:45,2,1,1,0
8juw29,2018-05-16 13:26:18,5,r/gifs,104,2018-05-16 17:25:17,3,0,1,0
8juw29,2018-05-16 13:26:18,5,r/gifs,104,2018-05-16 17:01:11,1,0,1,0
8juw29,2018-05-16 13:26:18,5,r/gifs,105,2018-05-16 16:22:56,0,0,0,0
8juw29,2018-05-16 13:26:18,5,r/gifs,106,2018-05-16 17:01:46,0,0,1,0
8juw29,2018-05-16 13:26:18,5,r/gifs,107,2018-05-16 16:45:16,0,0,-2,0
8juw29,2018-05-16 13:26:18,5,r/gifs,108,2018-05-16 16:19:25,0,0,-1,0
8juw29,2018-05-16 13:26:18,5,r/gifs,109,2018-05-16 16:30:52,0,0,0,0
8juw29,2018-05-16 13:26:18,5,r/gifs,110,2018-05-16 17:11:35,0,0,1,0
8juw29,2018-05-16 13:26:18,5,r/gifs,111,2018-05-16 17:13:10,0,0,1,0
8juw29,2018-05-16 13:26:18,5,r/gifs,112,2018-05-16 17:43:37,0,0,1,0
8juw29,2018-05-16 13:26:18,5,r/gifs,113,2018-05-16 18:00:34,0,0,1,0
8juw29,2018-05-16 13:26:18,5,r/gifs,114,2018-05-16 16:36:02,0,2,-2,0
8juw29,2018-05-16 13:26:18,5,r/gifs,114,2018-05-16 17:11:53,1,0,1,0
8juw29,2018-05-16 13:26:18,5,r/gifs,114,2018-05-16 16:41:05,1,1,0,0
8juw29,2018-05-16 13:26:18,5,r/gifs,114,2018-05-16 16:42:33,2,0,2,0
8juw29,2018-05-16 13:26:18,5,r/gifs,115,2018-05-16 16:44:25,0,0,-1,0
8jupip,2018-05-16 12:59:45,6,r/interestingasfuck,0,2018-05-16 14:20:27,0,15,5347,0
8jupip,2018-05-16 12:59:45,6,r/interestingasfuck,0,2018-05-16 14:37:02,1,7,526,0
8jupip,2018-05-16 12:59:45,6,r/interestingasfuck,0,2018-05-16 15:04:49,2,2,218,0
8jupip,2018-05-16 12:59:45,6,r/interestingasfuck,0,2018-05-16 15:17:43,3,1,118,0
8jupip,2018-05-16 12:59:45,6,r/interestingasfuck,0,2018-05-16 17:34:20,3,0,22,0
8jupip,2018-05-16 12:59:45,6,r/interestingasfuck,0,2018-05-16 14:44:18,2,1,125,0
8jupip,2018-05-16 12:59:45,6,r/interestingasfuck,0,2018-05-16 14:53:51,3,1,48,0
8jupip,2018-05-16 12:59:45,6,r/interestingasfuck,0,2018-05-16 14:58:21,4,1,21,0
8jupip,2018-05-16 12:59:45,6,r/interestingasfuck,0,2018-05-16 16:43:50,5,0,2,0
8jupip,2018-05-16 12:59:45,6,r/interestingasfuck,0,2018-05-16 14:51:41,2,2,77,0
8jupip,2018-05-16 12:59:45,6,r/interestingasfuck,0,2018-05-16 16:16:10,3,0,7,0
8jupip,2018-05-16 12:59:45,6,r/interestingasfuck,0,2018-05-16 17:30:40,3,0,3,0
8jupip,2018-05-16 12:59:45,6,r/interestingasfuck,0,2018-05-16 16:31:55,2,0,19,0
8jupip,2018-05-16 12:59:45,6,r/interestingasfuck,0,2018-05-16 16:05:52,2,0,7,0
8jupip,2018-05-16 12:59:45,6,r/interestingasfuck,0,2018-05-16 16:43:28,2,1,2,0
8jupip,2018-05-16 12:59:45,6,r/interestingasfuck,0,2018-05-16 14:32:18,1,4,1950,0
8jupip,2018-05-16 12:59:45,6,r/interestingasfuck,0,2018-05-16 14:33:07,2,2,322,0
8jupip,2018-05-16 12:59:45,6,r/interestingasfuck,0,2018-05-16 14:35:25,3,8,278,0
8jupip,2018-05-16 12:59:45,6,r/interestingasfuck,0,2018-05-16 14:36:20,4,6,189,0
8jupip,2018-05-16 12:59:45,6,r/interestingasfuck,0,2018-05-16 14:52:34,5,3,85,0
8jupip,2018-05-16 12:59:45,6,r/interestingasfuck,0,2018-05-16 15:42:24,6,2,14,0
8jupip,2018-05-16 12:59:45,6,r/interestingasfuck,0,2018-05-16 17:44:54,7,0,2,0
8jupip,2018-05-16 12:59:45,6,r/interestingasfuck,0,2018-05-16 15:43:09,6,1,25,0
8jupip,2018-05-16 12:59:45,6,r/interestingasfuck,0,2018-05-16 16:21:07,7,1,9,0
8jupip,2018-05-16 12:59:45,6,r/interestingasfuck,0,2018-05-16 15:04:12,5,1,42,0
8jupip,2018-05-16 12:59:45,6,r/interestingasfuck,0,2018-05-16 15:47:54,6,2,29,0
8jupip,2018-05-16 12:59:45,6,r/interestingasfuck,0,2018-05-16 17:11:55,7,0,14,0
8jupip,2018-05-16 12:59:45,6,r/interestingasfuck,0,2018-05-16 15:05:13,5,1,19,0
8jupip,2018-05-16 12:59:45,6,r/interestingasfuck,0,2018-05-16 15:30:14,5,0,6,0
8jupip,2018-05-16 12:59:45,6,r/interestingasfuck,0,2018-05-16 16:46:27,5,0,2,0
8jupip,2018-05-16 12:59:45,6,r/interestingasfuck,0,2018-05-16 15:15:55,4,2,28,0
8jupip,2018-05-16 12:59:45,6,r/interestingasfuck,0,2018-05-16 16:02:32,5,0,10,0
8jupip,2018-05-16 12:59:45,6,r/interestingasfuck,0,2018-05-16 16:05:54,5,1,3,0
8jupip,2018-05-16 12:59:45,6,r/interestingasfuck,0,2018-05-16 16:15:29,6,0,2,0
8jupip,2018-05-16 12:59:45,6,r/interestingasfuck,0,2018-05-16 15:10:04,4,1,19,0
8jupip,2018-05-16 12:59:45,6,r/interestingasfuck,0,2018-05-16 15:43:08,5,3,42,0
8jupip,2018-05-16 12:59:45,6,r/interestingasfuck,0,2018-05-16 15:50:30,6,2,21,0
8jupip,2018-05-16 12:59:45,6,r/interestingasfuck,0,2018-05-16 16:00:56,7,0,9,0
8jupip,2018-05-16 12:59:45,6,r/interestingasfuck,0,2018-05-16 16:01:35,6,1,6,0
8jupip,2018-05-16 12:59:45,6,r/interestingasfuck,0,2018-05-16 15:36:22,4,1,3,0
8jupip,2018-05-16 12:59:45,6,r/interestingasfuck,0,2018-05-16 16:18:05,5,1,2,0
8jupip,2018-05-16 12:59:45,6,r/interestingasfuck,0,2018-05-16 15:53:52,4,1,3,0
8jupip,2018-05-16 12:59:45,6,r/interestingasfuck,0,2018-05-16 15:03:18,4,4,6,0
8jupip,2018-05-16 12:59:45,6,r/interestingasfuck,0,2018-05-16 15:10:22,5,0,14,0
8jupip,2018-05-16 12:59:45,6,r/interestingasfuck,0,2018-05-16 15:38:24,5,1,2,0
8jupip,2018-05-16 12:59:45,6,r/interestingasfuck,0,2018-05-16 15:57:26,6,1,6,0
8jupip,2018-05-16 12:59:45,6,r/interestingasfuck,0,2018-05-16 15:46:33,5,1,2,0
8jupip,2018-05-16 12:59:45,6,r/interestingasfuck,0,2018-05-16 16:01:38,6,1,4,0
8jupip,2018-05-16 12:59:45,6,r/interestingasfuck,0,2018-05-16 15:05:39,4,1,5,0
8jupip,2018-05-16 12:59:45,6,r/interestingasfuck,0,2018-05-16 15:41:32,3,0,2,0
8jupip,2018-05-16 12:59:45,6,r/interestingasfuck,0,2018-05-16 15:07:16,2,0,1,0
8jupip,2018-05-16 12:59:45,6,r/interestingasfuck,0,2018-05-16 15:09:47,2,0,1,0
8jupip,2018-05-16 12:59:45,6,r/interestingasfuck,0,2018-05-16 14:34:37,1,1,24,0
8jupip,2018-05-16 12:59:45,6,r/interestingasfuck,0,2018-05-16 14:37:36,2,3,34,0
8jupip,2018-05-16 12:59:45,6,r/interestingasfuck,0,2018-05-16 15:01:41,3,1,5,0
8jupip,2018-05-16 12:59:45,6,r/interestingasfuck,0,2018-05-16 17:01:10,4,0,2,0
8jupip,2018-05-16 12:59:45,6,r/interestingasfuck,0,2018-05-16 15:40:17,3,0,2,0
8jupip,2018-05-16 12:59:45,6,r/interestingasfuck,0,2018-05-16 15:02:39,1,1,21,0
8jupip,2018-05-16 12:59:45,6,r/interestingasfuck,0,2018-05-16 14:37:51,1,1,10,0
8jupip,2018-05-16 12:59:45,6,r/interestingasfuck,0,2018-05-16 15:04:10,2,1,6,0
8jupip,2018-05-16 12:59:45,6,r/interestingasfuck,0,2018-05-16 14:44:43,1,7,7,0
8jupip,2018-05-16 12:59:45,6,r/interestingasfuck,0,2018-05-16 14:46:57,2,3,56,0
8jupip,2018-05-16 12:59:45,6,r/interestingasfuck,0,2018-05-16 15:04:00,3,2,17,0
8jupip,2018-05-16 12:59:45,6,r/interestingasfuck,0,2018-05-16 15:27:19,4,1,6,0
8jupip,2018-05-16 12:59:45,6,r/interestingasfuck,0,2018-05-16 15:50:18,5,0,3,0
8jupip,2018-05-16 12:59:45,6,r/interestingasfuck,0,2018-05-16 18:06:59,3,0,2,0
8jupip,2018-05-16 12:59:45,6,r/interestingasfuck,0,2018-05-16 14:56:24,2,2,32,0
8jupip,2018-05-16 12:59:45,6,r/interestingasfuck,0,2018-05-16 15:03:40,3,2,17,0
8jupip,2018-05-16 12:59:45,6,r/interestingasfuck,0,2018-05-16 15:09:34,4,0,6,0
8jupip,2018-05-16 12:59:45,6,r/interestingasfuck,0,2018-05-16 15:02:57,2,5,21,0
8jupip,2018-05-16 12:59:45,6,r/interestingasfuck,0,2018-05-16 15:17:50,3,1,3,0
8jupip,2018-05-16 12:59:45,6,r/interestingasfuck,0,2018-05-16 15:24:26,3,1,3,0
8jupip,2018-05-16 12:59:45,6,r/interestingasfuck,0,2018-05-16 15:31:45,3,1,6,0
8jupip,2018-05-16 12:59:45,6,r/interestingasfuck,0,2018-05-16 17:37:10,4,0,2,0
8jupip,2018-05-16 12:59:45,6,r/interestingasfuck,0,2018-05-16 15:04:31,3,0,1,0
8jupip,2018-05-16 12:59:45,6,r/interestingasfuck,0,2018-05-16 14:57:28,2,0,8,0
8jupip,2018-05-16 12:59:45,6,r/interestingasfuck,0,2018-05-16 15:02:37,2,0,1,0
8jupip,2018-05-16 12:59:45,6,r/interestingasfuck,0,2018-05-16 15:09:12,2,0,1,0
8jupip,2018-05-16 12:59:45,6,r/interestingasfuck,0,2018-05-16 14:52:48,1,2,7,0
8jupip,2018-05-16 12:59:45,6,r/interestingasfuck,0,2018-05-16 14:57:21,2,3,10,0
8jupip,2018-05-16 12:59:45,6,r/interestingasfuck,0,2018-05-16 15:06:08,3,0,7,0
8jupip,2018-05-16 12:59:45,6,r/interestingasfuck,0,2018-05-16 15:11:33,3,1,2,0
8jupip,2018-05-16 12:59:45,6,r/interestingasfuck,0,2018-05-16 16:46:17,4,0,2,0
8jupip,2018-05-16 12:59:45,6,r/interestingasfuck,0,2018-05-16 15:05:29,2,1,2,0
8jupip,2018-05-16 12:59:45,6,r/interestingasfuck,0,2018-05-16 15:14:11,3,0,3,0
8jupip,2018-05-16 12:59:45,6,r/interestingasfuck,0,2018-05-16 14:55:49,1,0,1,0
8jupip,2018-05-16 12:59:45,6,r/interestingasfuck,0,2018-05-16 14:58:47,1,0,1,0
8jupip,2018-05-16 12:59:45,6,r/interestingasfuck,0,2018-05-16 15:05:12,1,0,1,0
8jupip,2018-05-16 12:59:45,6,r/interestingasfuck,0,2018-05-16 15:08:09,1,0,1,0
8jupip,2018-05-16 12:59:45,6,r/interestingasfuck,0,2018-05-16 15:09:13,1,1,1,0
8jupip,2018-05-16 12:59:45,6,r/interestingasfuck,0,2018-05-16 15:13:31,2,0,2,0
8jupip,2018-05-16 12:59:45,6,r/interestingasfuck,0,2018-05-16 15:12:54,1,0,1,0
8jupip,2018-05-16 12:59:45,6,r/interestingasfuck,0,2018-05-16 15:14:01,1,0,1,0
8jupip,2018-05-16 12:59:45,6,r/interestingasfuck,1,2018-05-16 14:34:19,0,8,828,0
8jupip,2018-05-16 12:59:45,6,r/interestingasfuck,1,2018-05-16 15:07:17,1,4,190,0
8jupip,2018-05-16 12:59:45,6,r/interestingasfuck,1,2018-05-16 15:49:51,2,0,41,0
8jupip,2018-05-16 12:59:45,6,r/interestingasfuck,1,2018-05-16 16:50:26,2,1,7,0
8jupip,2018-05-16 12:59:45,6,r/interestingasfuck,1,2018-05-16 17:07:07,2,2,3,0
8jupip,2018-05-16 12:59:45,6,r/interestingasfuck,1,2018-05-16 17:23:43,3,1,2,0
8jupip,2018-05-16 12:59:45,6,r/interestingasfuck,1,2018-05-16 15:22:42,2,0,3,0
8jupip,2018-05-16 12:59:45,6,r/interestingasfuck,1,2018-05-16 14:59:11,1,2,67,0
8jupip,2018-05-16 12:59:45,6,r/interestingasfuck,1,2018-05-16 15:47:35,2,0,29,0
8jupip,2018-05-16 12:59:45,6,r/interestingasfuck,1,2018-05-16 17:16:02,2,0,2,0
8jupip,2018-05-16 12:59:45,6,r/interestingasfuck,1,2018-05-16 15:54:23,1,1,5,0
8jupip,2018-05-16 12:59:45,6,r/interestingasfuck,1,2018-05-16 15:03:52,1,1,7,0
8jupip,2018-05-16 12:59:45,6,r/interestingasfuck,1,2018-05-16 15:50:17,2,0,8,0
8jupip,2018-05-16 12:59:45,6,r/interestingasfuck,1,2018-05-16 16:22:30,1,0,3,0
8jupip,2018-05-16 12:59:45,6,r/interestingasfuck,1,2018-05-16 16:42:02,1,0,3,0
8jupip,2018-05-16 12:59:45,6,r/interestingasfuck,1,2018-05-16 15:47:30,1,0,2,0
8jupip,2018-05-16 12:59:45,6,r/interestingasfuck,2,2018-05-16 13:21:17,0,7,1224,0
8jupip,2018-05-16 12:59:45,6,r/interestingasfuck,2,2018-05-16 13:55:13,1,3,683,0
8jupip,2018-05-16 12:59:45,6,r/interestingasfuck,2,2018-05-16 14:45:14,2,4,557,0
8jupip,2018-05-16 12:59:45,6,r/interestingasfuck,2,2018-05-16 15:00:10,3,5,335,0
8jupip,2018-05-16 12:59:45,6,r/interestingasfuck,2,2018-05-16 15:39:08,4,3,93,0
8jupip,2018-05-16 12:59:45,6,r/interestingasfuck,2,2018-05-16 15:55:26,5,3,20,0
8jupip,2018-05-16 12:59:45,6,r/interestingasfuck,2,2018-05-16 16:14:29,6,3,58,0
8jupip,2018-05-16 12:59:45,6,r/interestingasfuck,2,2018-05-16 17:04:36,7,2,13,0
8jupip,2018-05-16 12:59:45,6,r/interestingasfuck,2,2018-05-16 17:06:21,8,2,28,0
8jupip,2018-05-16 12:59:45,6,r/interestingasfuck,2,2018-05-16 17:23:47,9,1,14,0
8jupip,2018-05-16 12:59:45,6,r/interestingasfuck,2,2018-05-16 17:25:35,9,0,3,0
8jupip,2018-05-16 12:59:45,6,r/interestingasfuck,2,2018-05-16 17:21:21,7,0,2,0
8jupip,2018-05-16 12:59:45,6,r/interestingasfuck,2,2018-05-16 16:01:00,6,2,10,0
8jupip,2018-05-16 12:59:45,6,r/interestingasfuck,2,2018-05-16 17:24:19,7,0,2,0
8jupip,2018-05-16 12:59:45,6,r/interestingasfuck,2,2018-05-16 17:22:52,5,0,2,0
8jupip,2018-05-16 12:59:45,6,r/interestingasfuck,2,2018-05-16 15:25:27,4,1,150,0
8jupip,2018-05-16 12:59:45,6,r/interestingasfuck,2,2018-05-16 15:40:50,5,2,54,0
8jupip,2018-05-16 12:59:45,6,r/interestingasfuck,2,2018-05-16 15:59:52,6,1,1,0
8jupip,2018-05-16 12:59:45,6,r/interestingasfuck,2,2018-05-16 16:00:34,7,1,1,0
8jupip,2018-05-16 12:59:45,6,r/interestingasfuck,2,2018-05-16 16:52:54,8,1,2,0
8jupip,2018-05-16 12:59:45,6,r/interestingasfuck,2,2018-05-16 15:56:40,4,3,57,0
8jupip,2018-05-16 12:59:45,6,r/interestingasfuck,2,2018-05-16 16:38:49,5,0,8,0
8jupip,2018-05-16 12:59:45,6,r/interestingasfuck,2,2018-05-16 16:17:15,5,1,16,0
8jupip,2018-05-16 12:59:45,6,r/interestingasfuck,2,2018-05-16 17:11:45,6,1,2,0
8jupip,2018-05-16 12:59:45,6,r/interestingasfuck,2,2018-05-16 17:21:59,4,0,2,0
8jupip,2018-05-16 12:59:45,6,r/interestingasfuck,2,2018-05-16 15:17:14,3,0,9,0
8jupip,2018-05-16 12:59:45,6,r/interestingasfuck,2,2018-05-16 17:35:44,3,0,2,0
8jupip,2018-05-16 12:59:45,6,r/interestingasfuck,2,2018-05-16 15:14:30,2,2,31,0
8jupip,2018-05-16 12:59:45,6,r/interestingasfuck,2,2018-05-16 15:16:30,3,1,19,0
8jupip,2018-05-16 12:59:45,6,r/interestingasfuck,2,2018-05-16 15:30:41,4,0,2,0
8jupip,2018-05-16 12:59:45,6,r/interestingasfuck,2,2018-05-16 14:46:52,1,4,67,0
8jupip,2018-05-16 12:59:45,6,r/interestingasfuck,2,2018-05-16 15:18:25,2,2,88,0
8jupip,2018-05-16 12:59:45,6,r/interestingasfuck,2,2018-05-16 15:30:50,3,3,104,0
8jupip,2018-05-16 12:59:45,6,r/interestingasfuck,2,2018-05-16 15:42:29,4,0,20,0
8jupip,2018-05-16 12:59:45,6,r/interestingasfuck,2,2018-05-16 17:30:27,4,0,6,0
8jupip,2018-05-16 12:59:45,6,r/interestingasfuck,2,2018-05-16 16:40:23,3,0,3,0
8jupip,2018-05-16 12:59:45,6,r/interestingasfuck,2,2018-05-16 14:58:21,2,3,23,0
8jupip,2018-05-16 12:59:45,6,r/interestingasfuck,2,2018-05-16 15:19:29,3,1,54,0
8jupip,2018-05-16 12:59:45,6,r/interestingasfuck,2,2018-05-16 16:00:03,4,2,6,0
8jupip,2018-05-16 12:59:45,6,r/interestingasfuck,2,2018-05-16 16:53:33,5,1,2,0
8jupip,2018-05-16 12:59:45,6,r/interestingasfuck,2,2018-05-16 17:03:24,6,0,3,0
8jupip,2018-05-16 12:59:45,6,r/interestingasfuck,2,2018-05-16 15:24:27,3,0,25,0
8jupip,2018-05-16 12:59:45,6,r/interestingasfuck,2,2018-05-16 15:19:54,3,1,3,0
8jupip,2018-05-16 12:59:45,6,r/interestingasfuck,2,2018-05-16 15:30:09,4,2,2,0
8jupip,2018-05-16 12:59:45,6,r/interestingasfuck,2,2018-05-16 15:31:46,5,1,6,0
8jupip,2018-05-16 12:59:45,6,r/interestingasfuck,2,2018-05-16 15:32:06,6,0,2,0
8jupip,2018-05-16 12:59:45,6,r/interestingasfuck,2,2018-05-16 15:33:06,5,1,4,0
8jupip,2018-05-16 12:59:45,6,r/interestingasfuck,2,2018-05-16 15:16:45,2,1,2,0
8jupip,2018-05-16 12:59:45,6,r/interestingasfuck,2,2018-05-16 15:18:07,1,1,18,0
8jupip,2018-05-16 12:59:45,6,r/interestingasfuck,2,2018-05-16 14:51:20,1,1,17,0
8jupip,2018-05-16 12:59:45,6,r/interestingasfuck,2,2018-05-16 15:35:21,2,1,16,0
8jupip,2018-05-16 12:59:45,6,r/interestingasfuck,2,2018-05-16 15:14:33,1,1,4,0
8jupip,2018-05-16 12:59:45,6,r/interestingasfuck,2,2018-05-16 15:26:07,2,1,9,0
8jupip,2018-05-16 12:59:45,6,r/interestingasfuck,2,2018-05-16 15:09:38,1,1,3,0
8jupip,2018-05-16 12:59:45,6,r/interestingasfuck,2,2018-05-16 15:43:59,2,0,2,0
8jupip,2018-05-16 12:59:45,6,r/interestingasfuck,3,2018-05-16 13:38:17,0,18,1509,0
8jupip,2018-05-16 12:59:45,6,r/interestingasfuck,3,2018-05-16 13:41:35,1,5,1682,0
8jupip,2018-05-16 12:59:45,6,r/interestingasfuck,3,2018-05-16 13:57:25,2,10,692,0
8jupip,2018-05-16 12:59:45,6,r/interestingasfuck,3,2018-05-16 14:01:48,3,6,830,0
8jupip,2018-05-16 12:59:45,6,r/interestingasfuck,3,2018-05-16 14:45:50,4,2,150,0
8jupip,2018-05-16 12:59:45,6,r/interestingasfuck,3,2018-05-16 15:02:24,5,4,107,0
8jupip,2018-05-16 12:59:45,6,r/interestingasfuck,3,2018-05-16 16:06:26,6,1,74,0
8jupip,2018-05-16 12:59:45,6,r/interestingasfuck,3,2018-05-16 17:19:56,7,1,7,0
8jupip,2018-05-16 12:59:45,6,r/interestingasfuck,3,2018-05-16 17:25:14,8,1,3,0
8jupip,2018-05-16 12:59:45,6,r/interestingasfuck,3,2018-05-16 16:04:25,6,2,31,0
8jupip,2018-05-16 12:59:45,6,r/interestingasfuck,3,2018-05-16 16:11:56,7,0,18,0
8jupip,2018-05-16 12:59:45,6,r/interestingasfuck,3,2018-05-16 17:35:34,7,1,2,0
8jupip,2018-05-16 12:59:45,6,r/interestingasfuck,3,2018-05-16 16:12:42,6,0,10,0
8jupip,2018-05-16 12:59:45,6,r/interestingasfuck,3,2018-05-16 17:29:10,6,1,3,0
8jupip,2018-05-16 12:59:45,6,r/interestingasfuck,3,2018-05-16 17:38:32,7,1,2,0
8jupip,2018-05-16 12:59:45,6,r/interestingasfuck,3,2018-05-16 15:25:37,5,0,18,0
8jupip,2018-05-16 12:59:45,6,r/interestingasfuck,3,2018-05-16 15:31:09,4,0,6,0
8jupip,2018-05-16 12:59:45,6,r/interestingasfuck,3,2018-05-16 15:25:31,4,0,10,0
8jupip,2018-05-16 12:59:45,6,r/interestingasfuck,3,2018-05-16 15:11:01,4,0,3,0
8jupip,2018-05-16 12:59:45,6,r/interestingasfuck,3,2018-05-16 15:30:28,4,0,3,0
8jupip,2018-05-16 12:59:45,6,r/interestingasfuck,3,2018-05-16 16:06:46,4,0,2,0
8jupip,2018-05-16 12:59:45,6,r/interestingasfuck,3,2018-05-16 14:01:02,3,2,73,0
8jupip,2018-05-16 12:59:45,6,r/interestingasfuck,3,2018-05-16 14:46:55,4,3,16,0
8jupip,2018-05-16 12:59:45,6,r/interestingasfuck,3,2018-05-16 15:10:47,5,3,24,0
8jupip,2018-05-16 12:59:45,6,r/interestingasfuck,3,2018-05-16 15:28:58,6,3,20,0
8jupip,2018-05-16 12:59:45,6,r/interestingasfuck,3,2018-05-16 15:32:34,7,0,9,0
8jupip,2018-05-16 12:59:45,6,r/interestingasfuck,3,2018-05-16 16:05:36,7,0,3,0
8jupip,2018-05-16 12:59:45,6,r/interestingasfuck,3,2018-05-16 16:45:03,7,0,3,0
8jupip,2018-05-16 12:59:45,6,r/interestingasfuck,3,2018-05-16 15:37:39,6,0,7,0
8jupip,2018-05-16 12:59:45,6,r/interestingasfuck,3,2018-05-16 15:25:07,5,0,2,0
8jupip,2018-05-16 12:59:45,6,r/interestingasfuck,3,2018-05-16 15:14:35,4,0,1,0
8jupip,2018-05-16 12:59:45,6,r/interestingasfuck,3,2018-05-16 14:25:55,3,4,39,0
8jupip,2018-05-16 12:59:45,6,r/interestingasfuck,3,2018-05-16 14:54:44,4,1,14,0
8jupip,2018-05-16 12:59:45,6,r/interestingasfuck,3,2018-05-16 15:45:39,5,0,5,0
8jupip,2018-05-16 12:59:45,6,r/interestingasfuck,3,2018-05-16 15:03:36,4,0,10,0
8jupip,2018-05-16 12:59:45,6,r/interestingasfuck,3,2018-05-16 16:12:27,4,0,2,0
8jupip,2018-05-16 12:59:45,6,r/interestingasfuck,3,2018-05-16 14:38:29,3,0,8,0
8jupip,2018-05-16 12:59:45,6,r/interestingasfuck,3,2018-05-16 15:13:19,3,0,3,0
8jupip,2018-05-16 12:59:45,6,r/interestingasfuck,3,2018-05-16 15:43:29,3,0,2,0
8jupip,2018-05-16 12:59:45,6,r/interestingasfuck,3,2018-05-16 15:49:22,3,0,2,0
8jupip,2018-05-16 12:59:45,6,r/interestingasfuck,3,2018-05-16 16:04:36,3,0,2,0
8jupip,2018-05-16 12:59:45,6,r/interestingasfuck,3,2018-05-16 16:14:08,3,0,2,0
8jupip,2018-05-16 12:59:45,6,r/interestingasfuck,3,2018-05-16 16:22:53,3,0,2,0
8jupip,2018-05-16 12:59:45,6,r/interestingasfuck,3,2018-05-16 14:22:27,2,1,15,0
8jupip,2018-05-16 12:59:45,6,r/interestingasfuck,3,2018-05-16 15:25:59,3,1,2,0
8jupip,2018-05-16 12:59:45,6,r/interestingasfuck,3,2018-05-16 15:13:35,2,1,7,0
8jupip,2018-05-16 12:59:45,6,r/interestingasfuck,3,2018-05-16 16:16:32,2,1,2,0
8jupip,2018-05-16 12:59:45,6,r/interestingasfuck,3,2018-05-16 14:07:04,1,4,190,0
8jupip,2018-05-16 12:59:45,6,r/interestingasfuck,3,2018-05-16 14:49:21,2,0,45,0
8jupip,2018-05-16 12:59:45,6,r/interestingasfuck,3,2018-05-16 15:04:59,2,2,22,0
8jupip,2018-05-16 12:59:45,6,r/interestingasfuck,3,2018-05-16 15:14:11,3,2,14,0
8jupip,2018-05-16 12:59:45,6,r/interestingasfuck,3,2018-05-16 16:23:23,4,0,2,0
8jupip,2018-05-16 12:59:45,6,r/interestingasfuck,3,2018-05-16 15:14:18,3,1,4,0
8jupip,2018-05-16 12:59:45,6,r/interestingasfuck,3,2018-05-16 15:08:43,2,0,7,0
8jupip,2018-05-16 12:59:45,6,r/interestingasfuck,3,2018-05-16 14:43:57,1,1,43,0
8jupip,2018-05-16 12:59:45,6,r/interestingasfuck,3,2018-05-16 15:09:28,2,2,15,0
8jupip,2018-05-16 12:59:45,6,r/interestingasfuck,3,2018-05-16 15:49:13,3,0,2,0
8jupip,2018-05-16 12:59:45,6,r/interestingasfuck,3,2018-05-16 15:13:23,1,1,9,0
8jupip,2018-05-16 12:59:45,6,r/interestingasfuck,3,2018-05-16 15:59:39,2,0,3,0
8jupip,2018-05-16 12:59:45,6,r/interestingasfuck,3,2018-05-16 15:05:18,1,2,37,0
8jupip,2018-05-16 12:59:45,6,r/interestingasfuck,3,2018-05-16 15:12:20,2,0,6,0
8jupip,2018-05-16 12:59:45,6,r/interestingasfuck,3,2018-05-16 15:56:54,2,0,2,0
8jupip,2018-05-16 12:59:45,6,r/interestingasfuck,3,2018-05-16 15:23:19,1,0,7,0
8jupip,2018-05-16 12:59:45,6,r/interestingasfuck,3,2018-05-16 15:27:31,1,0,6,0
8jupip,2018-05-16 12:59:45,6,r/interestingasfuck,3,2018-05-16 15:27:17,1,0,5,0
8jupip,2018-05-16 12:59:45,6,r/interestingasfuck,3,2018-05-16 15:03:02,1,4,9,0
8jupip,2018-05-16 12:59:45,6,r/interestingasfuck,3,2018-05-16 15:18:39,2,1,7,0
8jupip,2018-05-16 12:59:45,6,r/interestingasfuck,3,2018-05-16 15:14:53,2,1,3,0
8jupip,2018-05-16 12:59:45,6,r/interestingasfuck,3,2018-05-16 16:33:54,2,1,2,0
8jupip,2018-05-16 12:59:45,6,r/interestingasfuck,3,2018-05-16 15:16:36,1,1,2,0
8jupip,2018-05-16 12:59:45,6,r/interestingasfuck,3,2018-05-16 15:46:47,2,0,2,0
8jupip,2018-05-16 12:59:45,6,r/interestingasfuck,3,2018-05-16 15:17:22,1,0,2,0
8jupip,2018-05-16 12:59:45,6,r/interestingasfuck,3,2018-05-16 15:19:51,1,0,2,0
8jupip,2018-05-16 12:59:45,6,r/interestingasfuck,3,2018-05-16 15:20:01,1,0,2,0
8jupip,2018-05-16 12:59:45,6,r/interestingasfuck,3,2018-05-16 15:21:50,1,0,2,0
8jupip,2018-05-16 12:59:45,6,r/interestingasfuck,3,2018-05-16 15:37:21,1,0,2,0
8jupip,2018-05-16 12:59:45,6,r/interestingasfuck,3,2018-05-16 15:23:54,1,2,2,0
8jupip,2018-05-16 12:59:45,6,r/interestingasfuck,3,2018-05-16 16:35:44,2,0,2,0
8jupip,2018-05-16 12:59:45,6,r/interestingasfuck,3,2018-05-16 14:19:54,1,2,2,0
8jupip,2018-05-16 12:59:45,6,r/interestingasfuck,3,2018-05-16 14:40:51,2,1,28,0
8jupip,2018-05-16 12:59:45,6,r/interestingasfuck,3,2018-05-16 15:09:29,3,0,12,0
8jupip,2018-05-16 12:59:45,6,r/interestingasfuck,3,2018-05-16 14:38:15,2,2,7,0
8jupip,2018-05-16 12:59:45,6,r/interestingasfuck,3,2018-05-16 15:18:09,3,1,4,0
8jupip,2018-05-16 12:59:45,6,r/interestingasfuck,3,2018-05-16 15:19:42,4,0,3,0
8jupip,2018-05-16 12:59:45,6,r/interestingasfuck,4,2018-05-16 13:24:40,0,7,630,0
8jupip,2018-05-16 12:59:45,6,r/interestingasfuck,4,2018-05-16 13:43:59,1,2,201,0
8jupip,2018-05-16 12:59:45,6,r/interestingasfuck,4,2018-05-16 14:00:53,2,4,325,0
8jupip,2018-05-16 12:59:45,6,r/interestingasfuck,4,2018-05-16 14:30:21,3,4,324,0
8jupip,2018-05-16 12:59:45,6,r/interestingasfuck,4,2018-05-16 14:32:43,4,3,172,0
8jupip,2018-05-16 12:59:45,6,r/interestingasfuck,4,2018-05-16 14:34:26,5,1,133,0
8jupip,2018-05-16 12:59:45,6,r/interestingasfuck,4,2018-05-16 15:01:45,6,2,81,0
8jupip,2018-05-16 12:59:45,6,r/interestingasfuck,4,2018-05-16 15:09:00,7,1,52,0
8jupip,2018-05-16 12:59:45,6,r/interestingasfuck,4,2018-05-16 15:29:56,7,0,2,0
8jupip,2018-05-16 12:59:45,6,r/interestingasfuck,4,2018-05-16 15:03:06,5,3,53,0
8jupip,2018-05-16 12:59:45,6,r/interestingasfuck,4,2018-05-16 15:08:41,6,0,38,0
8jupip,2018-05-16 12:59:45,6,r/interestingasfuck,4,2018-05-16 15:08:09,6,1,85,0
8jupip,2018-05-16 12:59:45,6,r/interestingasfuck,4,2018-05-16 17:06:54,7,0,3,0
8jupip,2018-05-16 12:59:45,6,r/interestingasfuck,4,2018-05-16 15:13:25,6,3,26,0
8jupip,2018-05-16 12:59:45,6,r/interestingasfuck,4,2018-05-16 15:31:27,7,0,8,0
8jupip,2018-05-16 12:59:45,6,r/interestingasfuck,4,2018-05-16 15:59:58,7,0,2,0
8jupip,2018-05-16 12:59:45,6,r/interestingasfuck,4,2018-05-16 16:12:34,7,1,2,0
8jupip,2018-05-16 12:59:45,6,r/interestingasfuck,4,2018-05-16 15:04:18,4,0,11,0
8jupip,2018-05-16 12:59:45,6,r/interestingasfuck,4,2018-05-16 15:17:05,4,0,13,0
8jupip,2018-05-16 12:59:45,6,r/interestingasfuck,4,2018-05-16 14:28:36,3,3,6,0
8jupip,2018-05-16 12:59:45,6,r/interestingasfuck,4,2018-05-16 14:32:32,4,0,61,0
8jupip,2018-05-16 12:59:45,6,r/interestingasfuck,4,2018-05-16 14:31:30,4,1,24,0
8jupip,2018-05-16 12:59:45,6,r/interestingasfuck,4,2018-05-16 14:39:58,5,2,8,0
8jupip,2018-05-16 12:59:45,6,r/interestingasfuck,4,2018-05-16 14:40:34,6,1,21,0
8jupip,2018-05-16 12:59:45,6,r/interestingasfuck,4,2018-05-16 14:54:41,7,0,1,0
8jupip,2018-05-16 12:59:45,6,r/interestingasfuck,4,2018-05-16 14:45:59,4,2,17,0
8jupip,2018-05-16 12:59:45,6,r/interestingasfuck,4,2018-05-16 15:14:29,5,2,10,0
8jupip,2018-05-16 12:59:45,6,r/interestingasfuck,4,2018-05-16 15:25:32,6,1,3,0
8jupip,2018-05-16 12:59:45,6,r/interestingasfuck,4,2018-05-16 15:40:44,7,0,4,0
8jupip,2018-05-16 12:59:45,6,r/interestingasfuck,4,2018-05-16 14:47:50,3,9,30,0
8jupip,2018-05-16 12:59:45,6,r/interestingasfuck,4,2018-05-16 14:54:30,4,0,67,0
8jupip,2018-05-16 12:59:45,6,r/interestingasfuck,4,2018-05-16 14:55:52,4,0,57,0
8jupip,2018-05-16 12:59:45,6,r/interestingasfuck,4,2018-05-16 15:13:55,4,0,21,0
8jupip,2018-05-16 12:59:45,6,r/interestingasfuck,4,2018-05-16 15:08:05,4,0,14,0
8jupip,2018-05-16 12:59:45,6,r/interestingasfuck,4,2018-05-16 15:41:35,4,0,13,0
8jupip,2018-05-16 12:59:45,6,r/interestingasfuck,4,2018-05-16 15:24:01,4,1,8,0
8jupip,2018-05-16 12:59:45,6,r/interestingasfuck,4,2018-05-16 14:56:55,4,0,8,0
8jupip,2018-05-16 12:59:45,6,r/interestingasfuck,4,2018-05-16 15:01:31,4,1,5,0
8jupip,2018-05-16 12:59:45,6,r/interestingasfuck,4,2018-05-16 15:04:18,5,2,6,0
8jupip,2018-05-16 12:59:45,6,r/interestingasfuck,4,2018-05-16 17:54:42,6,0,2,0
8jupip,2018-05-16 12:59:45,6,r/interestingasfuck,4,2018-05-16 15:14:08,6,1,2,0
8jupip,2018-05-16 12:59:45,6,r/interestingasfuck,4,2018-05-16 15:29:22,7,1,3,0
8jupip,2018-05-16 12:59:45,6,r/interestingasfuck,4,2018-05-16 15:07:58,2,0,5,0
8jupip,2018-05-16 12:59:45,6,r/interestingasfuck,4,2018-05-16 14:43:39,1,3,25,0
8jupip,2018-05-16 12:59:45,6,r/interestingasfuck,4,2018-05-16 15:35:57,2,0,9,0
8jupip,2018-05-16 12:59:45,6,r/interestingasfuck,4,2018-05-16 15:06:21,2,0,1,0
8jupip,2018-05-16 12:59:45,6,r/interestingasfuck,4,2018-05-16 14:43:10,1,1,15,0
8jupip,2018-05-16 12:59:45,6,r/interestingasfuck,4,2018-05-16 16:30:15,2,0,2,0
8jupip,2018-05-16 12:59:45,6,r/interestingasfuck,4,2018-05-16 14:57:11,1,0,13,0
8jupip,2018-05-16 12:59:45,6,r/interestingasfuck,4,2018-05-16 14:57:29,1,0,3,0
8jupip,2018-05-16 12:59:45,6,r/interestingasfuck,4,2018-05-16 15:51:56,1,1,2,0
8jupip,2018-05-16 12:59:45,6,r/interestingasfuck,5,2018-05-16 13:42:43,0,11,361,0
8jupip,2018-05-16 12:59:45,6,r/interestingasfuck,5,2018-05-16 14:30:05,1,4,184,0
8jupip,2018-05-16 12:59:45,6,r/interestingasfuck,5,2018-05-16 15:02:02,2,2,71,0
8jupip,2018-05-16 12:59:45,6,r/interestingasfuck,5,2018-05-16 15:03:55,3,0,12,0
8jupip,2018-05-16 12:59:45,6,r/interestingasfuck,5,2018-05-16 14:58:44,2,1,5,0
8jupip,2018-05-16 12:59:45,6,r/interestingasfuck,5,2018-05-16 15:01:18,3,0,6,0
8jupip,2018-05-16 12:59:45,6,r/interestingasfuck,5,2018-05-16 15:01:35,2,0,10,0
8jupip,2018-05-16 12:59:45,6,r/interestingasfuck,5,2018-05-16 15:11:01,2,0,3,0
8jupip,2018-05-16 12:59:45,6,r/interestingasfuck,5,2018-05-16 15:05:55,1,1,28,0
8jupip,2018-05-16 12:59:45,6,r/interestingasfuck,5,2018-05-16 15:41:37,1,0,3,0
8jupip,2018-05-16 12:59:45,6,r/interestingasfuck,5,2018-05-16 16:02:05,1,0,3,0
8jupip,2018-05-16 12:59:45,6,r/interestingasfuck,5,2018-05-16 16:17:46,1,0,3,0
8jupip,2018-05-16 12:59:45,6,r/interestingasfuck,5,2018-05-16 15:31:22,1,0,2,0
8jupip,2018-05-16 12:59:45,6,r/interestingasfuck,5,2018-05-16 15:33:46,1,0,2,0
8jupip,2018-05-16 12:59:45,6,r/interestingasfuck,5,2018-05-16 16:24:33,1,0,2,0
8jupip,2018-05-16 12:59:45,6,r/interestingasfuck,5,2018-05-16 16:48:26,1,0,2,0
8jupip,2018-05-16 12:59:45,6,r/interestingasfuck,5,2018-05-16 17:09:40,1,0,2,0
8jupip,2018-05-16 12:59:45,6,r/interestingasfuck,5,2018-05-16 17:18:47,1,0,2,0
8jupip,2018-05-16 12:59:45,6,r/interestingasfuck,6,2018-05-16 14:00:02,0,5,110,0
8jupip,2018-05-16 12:59:45,6,r/interestingasfuck,6,2018-05-16 15:16:30,1,0,15,0
8jupip,2018-05-16 12:59:45,6,r/interestingasfuck,6,2018-05-16 15:12:10,1,1,33,0
8jupip,2018-05-16 12:59:45,6,r/interestingasfuck,6,2018-05-16 17:08:56,1,0,3,0
8jupip,2018-05-16 12:59:45,6,r/interestingasfuck,6,2018-05-16 15:12:02,1,0,4,0
8jupip,2018-05-16 12:59:45,6,r/interestingasfuck,7,2018-05-16 14:15:12,0,3,29,0
8jupip,2018-05-16 12:59:45,6,r/interestingasfuck,7,2018-05-16 15:27:16,1,1,32,0
8jupip,2018-05-16 12:59:45,6,r/interestingasfuck,7,2018-05-16 16:45:14,2,1,4,0
8jupip,2018-05-16 12:59:45,6,r/interestingasfuck,7,2018-05-16 16:18:30,1,0,2,0
8jupip,2018-05-16 12:59:45,6,r/interestingasfuck,8,2018-05-16 13:11:34,0,3,245,0
8jupip,2018-05-16 12:59:45,6,r/interestingasfuck,8,2018-05-16 13:15:02,1,4,303,0
8jupip,2018-05-16 12:59:45,6,r/interestingasfuck,8,2018-05-16 13:39:30,2,3,414,0
8jupip,2018-05-16 12:59:45,6,r/interestingasfuck,8,2018-05-16 14:00:39,3,2,103,0
8jupip,2018-05-16 12:59:45,6,r/interestingasfuck,8,2018-05-16 14:29:56,4,1,59,0
8jupip,2018-05-16 12:59:45,6,r/interestingasfuck,8,2018-05-16 16:29:09,5,1,3,0
8jupip,2018-05-16 12:59:45,6,r/interestingasfuck,8,2018-05-16 16:40:40,6,0,2,0
8jupip,2018-05-16 12:59:45,6,r/interestingasfuck,8,2018-05-16 16:09:12,4,0,2,0
8jupip,2018-05-16 12:59:45,6,r/interestingasfuck,8,2018-05-16 14:07:19,3,0,7,0
8jupip,2018-05-16 12:59:45,6,r/interestingasfuck,8,2018-05-16 15:11:21,3,1,3,0
8jupip,2018-05-16 12:59:45,6,r/interestingasfuck,8,2018-05-16 15:23:10,4,0,2,0
8jupip,2018-05-16 12:59:45,6,r/interestingasfuck,8,2018-05-16 13:45:26,2,1,35,0
8jupip,2018-05-16 12:59:45,6,r/interestingasfuck,8,2018-05-16 15:06:32,3,4,17,0
8jupip,2018-05-16 12:59:45,6,r/interestingasfuck,8,2018-05-16 15:16:27,4,1,22,0
8jupip,2018-05-16 12:59:45,6,r/interestingasfuck,8,2018-05-16 15:29:07,5,1,6,0
8jupip,2018-05-16 12:59:45,6,r/interestingasfuck,8,2018-05-16 17:37:09,4,0,3,0
8jupip,2018-05-16 12:59:45,6,r/interestingasfuck,8,2018-05-16 15:24:58,4,0,5,0
8jupip,2018-05-16 12:59:45,6,r/interestingasfuck,8,2018-05-16 14:30:24,2,0,15,0
8jupip,2018-05-16 12:59:45,6,r/interestingasfuck,8,2018-05-16 14:05:27,1,2,37,0
8jupip,2018-05-16 12:59:45,6,r/interestingasfuck,8,2018-05-16 15:23:30,2,2,10,0
8jupip,2018-05-16 12:59:45,6,r/interestingasfuck,8,2018-05-16 15:55:26,3,1,2,0
8jupip,2018-05-16 12:59:45,6,r/interestingasfuck,8,2018-05-16 15:40:40,3,0,2,0
8jupip,2018-05-16 12:59:45,6,r/interestingasfuck,8,2018-05-16 17:41:52,2,0,2,0
8jupip,2018-05-16 12:59:45,6,r/interestingasfuck,9,2018-05-16 13:18:18,0,2,76,0
8jupip,2018-05-16 12:59:45,6,r/interestingasfuck,9,2018-05-16 15:24:33,1,0,18,0
8jupip,2018-05-16 12:59:45,6,r/interestingasfuck,9,2018-05-16 16:06:08,1,0,3,0
8jupip,2018-05-16 12:59:45,6,r/interestingasfuck,10,2018-05-16 15:02:38,0,3,25,0
8jupip,2018-05-16 12:59:45,6,r/interestingasfuck,10,2018-05-16 17:25:55,1,0,5,0
8jupip,2018-05-16 12:59:45,6,r/interestingasfuck,10,2018-05-16 17:38:01,1,0,4,0
8jupip,2018-05-16 12:59:45,6,r/interestingasfuck,10,2018-05-16 17:46:12,1,0,4,0
8jupip,2018-05-16 12:59:45,6,r/interestingasfuck,11,2018-05-16 15:16:38,0,1,21,0
8jupip,2018-05-16 12:59:45,6,r/interestingasfuck,11,2018-05-16 16:59:17,1,0,4,0
8jupip,2018-05-16 12:59:45,6,r/interestingasfuck,12,2018-05-16 13:36:52,0,4,36,0
8jupip,2018-05-16 12:59:45,6,r/interestingasfuck,12,2018-05-16 15:21:18,1,2,21,0
8jupip,2018-05-16 12:59:45,6,r/interestingasfuck,12,2018-05-16 17:39:01,2,0,2,0
8jupip,2018-05-16 12:59:45,6,r/interestingasfuck,12,2018-05-16 18:04:37,2,0,2,0
8jupip,2018-05-16 12:59:45,6,r/interestingasfuck,12,2018-05-16 15:46:04,1,1,12,0
8jupip,2018-05-16 12:59:45,6,r/interestingasfuck,12,2018-05-16 17:40:43,2,0,2,0
8jupip,2018-05-16 12:59:45,6,r/interestingasfuck,12,2018-05-16 14:34:00,1,1,2,0
8jupip,2018-05-16 12:59:45,6,r/interestingasfuck,12,2018-05-16 15:12:52,2,1,17,0
8jupip,2018-05-16 12:59:45,6,r/interestingasfuck,13,2018-05-16 13:25:50,0,5,28,0
8jupip,2018-05-16 12:59:45,6,r/interestingasfuck,13,2018-05-16 14:09:46,1,0,39,0
8jupip,2018-05-16 12:59:45,6,r/interestingasfuck,13,2018-05-16 15:47:53,1,0,6,0
8jupip,2018-05-16 12:59:45,6,r/interestingasfuck,13,2018-05-16 16:03:49,1,1,3,0
8jupip,2018-05-16 12:59:45,6,r/interestingasfuck,13,2018-05-16 16:43:48,1,0,2,0
8jupip,2018-05-16 12:59:45,6,r/interestingasfuck,13,2018-05-16 17:31:19,1,1,2,0
8jupip,2018-05-16 12:59:45,6,r/interestingasfuck,14,2018-05-16 15:46:32,0,1,32,0
8jupip,2018-05-16 12:59:45,6,r/interestingasfuck,15,2018-05-16 14:41:05,0,2,17,0
8jupip,2018-05-16 12:59:45,6,r/interestingasfuck,15,2018-05-16 17:20:21,1,1,4,0
8jupip,2018-05-16 12:59:45,6,r/interestingasfuck,16,2018-05-16 15:56:35,0,1,8,0
8jupip,2018-05-16 12:59:45,6,r/interestingasfuck,17,2018-05-16 15:31:56,0,2,6,0
8jupip,2018-05-16 12:59:45,6,r/interestingasfuck,17,2018-05-16 17:24:12,1,0,3,0
8jupip,2018-05-16 12:59:45,6,r/interestingasfuck,18,2018-05-16 14:21:38,0,0,14,0
8jupip,2018-05-16 12:59:45,6,r/interestingasfuck,19,2018-05-16 13:16:00,0,0,5,0
8jupip,2018-05-16 12:59:45,6,r/interestingasfuck,20,2018-05-16 13:34:40,0,0,5,0
8jupip,2018-05-16 12:59:45,6,r/interestingasfuck,21,2018-05-16 14:03:09,0,0,8,0
8jupip,2018-05-16 12:59:45,6,r/interestingasfuck,22,2018-05-16 13:53:28,0,0,5,0
8jupip,2018-05-16 12:59:45,6,r/interestingasfuck,23,2018-05-16 14:35:54,0,0,4,0
8jupip,2018-05-16 12:59:45,6,r/interestingasfuck,24,2018-05-16 14:39:44,0,0,5,0
8jupip,2018-05-16 12:59:45,6,r/interestingasfuck,25,2018-05-16 15:03:23,0,3,4,0
8jupip,2018-05-16 12:59:45,6,r/interestingasfuck,25,2018-05-16 15:03:27,1,1,3,0
8jupip,2018-05-16 12:59:45,6,r/interestingasfuck,25,2018-05-16 15:12:10,2,0,2,0
8jupip,2018-05-16 12:59:45,6,r/interestingasfuck,25,2018-05-16 16:44:27,1,0,3,0
8jupip,2018-05-16 12:59:45,6,r/interestingasfuck,26,2018-05-16 13:32:14,0,6,17,0
8jupip,2018-05-16 12:59:45,6,r/interestingasfuck,26,2018-05-16 13:52:00,1,0,14,0
8jupip,2018-05-16 12:59:45,6,r/interestingasfuck,26,2018-05-16 14:53:23,1,1,7,0
8jupip,2018-05-16 12:59:45,6,r/interestingasfuck,26,2018-05-16 14:56:11,1,0,3,0
8jupip,2018-05-16 12:59:45,6,r/interestingasfuck,26,2018-05-16 14:53:39,1,0,1,0
8jupip,2018-05-16 12:59:45,6,r/interestingasfuck,26,2018-05-16 15:15:00,1,0,1,0
8jupip,2018-05-16 12:59:45,6,r/interestingasfuck,27,2018-05-16 13:59:05,0,2,3,0
8jupip,2018-05-16 12:59:45,6,r/interestingasfuck,27,2018-05-16 14:25:18,1,1,6,0
8jupip,2018-05-16 12:59:45,6,r/interestingasfuck,28,2018-05-16 14:15:10,0,0,3,0
8jupip,2018-05-16 12:59:45,6,r/interestingasfuck,29,2018-05-16 14:26:37,0,0,3,0
8jupip,2018-05-16 12:59:45,6,r/interestingasfuck,30,2018-05-16 15:09:11,0,1,3,0
8jupip,2018-05-16 12:59:45,6,r/interestingasfuck,30,2018-05-16 15:49:22,1,0,2,0
8jupip,2018-05-16 12:59:45,6,r/interestingasfuck,31,2018-05-16 15:11:56,0,1,3,0
8jupip,2018-05-16 12:59:45,6,r/interestingasfuck,32,2018-05-16 15:16:39,0,1,3,0
8jupip,2018-05-16 12:59:45,6,r/interestingasfuck,32,2018-05-16 15:39:59,1,1,2,0
8jupip,2018-05-16 12:59:45,6,r/interestingasfuck,33,2018-05-16 15:23:39,0,0,3,0
8jupip,2018-05-16 12:59:45,6,r/interestingasfuck,34,2018-05-16 15:43:34,0,0,3,0
8jupip,2018-05-16 12:59:45,6,r/interestingasfuck,35,2018-05-16 15:44:38,0,0,3,0
8jupip,2018-05-16 12:59:45,6,r/interestingasfuck,36,2018-05-16 16:06:28,0,0,3,0
8jupip,2018-05-16 12:59:45,6,r/interestingasfuck,37,2018-05-16 17:12:11,0,0,3,0
8jupip,2018-05-16 12:59:45,6,r/interestingasfuck,38,2018-05-16 17:28:19,0,1,3,0
8jupip,2018-05-16 12:59:45,6,r/interestingasfuck,38,2018-05-16 17:57:50,1,1,2,0
8jupip,2018-05-16 12:59:45,6,r/interestingasfuck,39,2018-05-16 14:29:13,0,0,2,0
8jupip,2018-05-16 12:59:45,6,r/interestingasfuck,40,2018-05-16 14:57:20,0,1,2,0
8jupip,2018-05-16 12:59:45,6,r/interestingasfuck,40,2018-05-16 15:20:30,1,1,2,0
8jupip,2018-05-16 12:59:45,6,r/interestingasfuck,41,2018-05-16 14:59:54,0,0,2,0
8jupip,2018-05-16 12:59:45,6,r/interestingasfuck,42,2018-05-16 15:18:29,0,0,2,0
8jupip,2018-05-16 12:59:45,6,r/interestingasfuck,43,2018-05-16 15:19:09,0,0,2,0
8jupip,2018-05-16 12:59:45,6,r/interestingasfuck,44,2018-05-16 15:24:21,0,3,2,0
8jupip,2018-05-16 12:59:45,6,r/interestingasfuck,44,2018-05-16 15:44:07,1,0,2,0
8jupip,2018-05-16 12:59:45,6,r/interestingasfuck,44,2018-05-16 15:49:32,1,0,2,0
8jupip,2018-05-16 12:59:45,6,r/interestingasfuck,44,2018-05-16 16:07:11,1,0,2,0
8jupip,2018-05-16 12:59:45,6,r/interestingasfuck,45,2018-05-16 15:28:33,0,1,2,0
8jupip,2018-05-16 12:59:45,6,r/interestingasfuck,46,2018-05-16 15:42:09,0,1,2,0
8jupip,2018-05-16 12:59:45,6,r/interestingasfuck,47,2018-05-16 15:52:32,0,0,2,0
8jupip,2018-05-16 12:59:45,6,r/interestingasfuck,48,2018-05-16 15:55:36,0,0,2,0
8jupip,2018-05-16 12:59:45,6,r/interestingasfuck,49,2018-05-16 16:25:46,0,2,2,0
8jupip,2018-05-16 12:59:45,6,r/interestingasfuck,49,2018-05-16 18:03:16,1,0,2,0
8jupip,2018-05-16 12:59:45,6,r/interestingasfuck,50,2018-05-16 16:36:36,0,0,2,0
8jupip,2018-05-16 12:59:45,6,r/interestingasfuck,51,2018-05-16 16:37:11,0,0,2,0
8jupip,2018-05-16 12:59:45,6,r/interestingasfuck,52,2018-05-16 16:38:10,0,0,2,0
8jupip,2018-05-16 12:59:45,6,r/interestingasfuck,53,2018-05-16 17:08:41,0,0,2,0
8jupip,2018-05-16 12:59:45,6,r/interestingasfuck,54,2018-05-16 17:12:19,0,0,2,0
8jupip,2018-05-16 12:59:45,6,r/interestingasfuck,55,2018-05-16 17:28:48,0,1,2,0
8jupip,2018-05-16 12:59:45,6,r/interestingasfuck,56,2018-05-16 17:30:15,0,0,2,0
8jupip,2018-05-16 12:59:45,6,r/interestingasfuck,57,2018-05-16 17:32:51,0,0,1,0
8jupip,2018-05-16 12:59:45,6,r/interestingasfuck,58,2018-05-16 17:39:34,0,0,2,0
8jupip,2018-05-16 12:59:45,6,r/interestingasfuck,59,2018-05-16 13:23:51,0,0,2,0
8jupip,2018-05-16 12:59:45,6,r/interestingasfuck,60,2018-05-16 14:15:41,0,2,4,0
8jupip,2018-05-16 12:59:45,6,r/interestingasfuck,60,2018-05-16 14:42:33,1,0,3,0
8jupip,2018-05-16 12:59:45,6,r/interestingasfuck,60,2018-05-16 14:36:53,1,1,4,0
8jupip,2018-05-16 12:59:45,6,r/interestingasfuck,61,2018-05-16 15:12:14,0,2,-1,0
8jupip,2018-05-16 12:59:45,6,r/interestingasfuck,61,2018-05-16 15:32:25,1,1,2,0
8jupip,2018-05-16 12:59:45,6,r/interestingasfuck,62,2018-05-16 14:03:03,0,0,1,0
8jupip,2018-05-16 12:59:45,6,r/interestingasfuck,63,2018-05-16 14:32:49,0,0,1,0
8jupip,2018-05-16 12:59:45,6,r/interestingasfuck,64,2018-05-16 14:37:29,0,2,1,0
8jupip,2018-05-16 12:59:45,6,r/interestingasfuck,64,2018-05-16 15:28:26,1,0,3,0
8jupip,2018-05-16 12:59:45,6,r/interestingasfuck,64,2018-05-16 15:34:50,1,0,2,0
8jupip,2018-05-16 12:59:45,6,r/interestingasfuck,65,2018-05-16 14:38:19,0,0,1,0
8jupip,2018-05-16 12:59:45,6,r/interestingasfuck,66,2018-05-16 14:40:35,0,0,1,0
8jupip,2018-05-16 12:59:45,6,r/interestingasfuck,67,2018-05-16 14:41:02,0,0,1,0
8jupip,2018-05-16 12:59:45,6,r/interestingasfuck,68,2018-05-16 14:43:54,0,0,1,0
8jupip,2018-05-16 12:59:45,6,r/interestingasfuck,69,2018-05-16 14:44:15,0,0,1,0
8jupip,2018-05-16 12:59:45,6,r/interestingasfuck,70,2018-05-16 14:44:40,0,0,1,0
8jupip,2018-05-16 12:59:45,6,r/interestingasfuck,71,2018-05-16 14:45:40,0,0,1,0
8jupip,2018-05-16 12:59:45,6,r/interestingasfuck,72,2018-05-16 14:46:35,0,0,1,0
8jupip,2018-05-16 12:59:45,6,r/interestingasfuck,73,2018-05-16 14:48:24,0,0,1,0
8jupip,2018-05-16 12:59:45,6,r/interestingasfuck,74,2018-05-16 14:51:36,0,0,1,0
8jupip,2018-05-16 12:59:45,6,r/interestingasfuck,75,2018-05-16 14:51:53,0,0,1,0
8jupip,2018-05-16 12:59:45,6,r/interestingasfuck,76,2018-05-16 14:52:05,0,1,1,0
8jupip,2018-05-16 12:59:45,6,r/interestingasfuck,76,2018-05-16 15:14:12,1,0,2,0
8jupip,2018-05-16 12:59:45,6,r/interestingasfuck,77,2018-05-16 14:53:22,0,0,1,0
8jupip,2018-05-16 12:59:45,6,r/interestingasfuck,78,2018-05-16 14:54:47,0,0,1,0
8jupip,2018-05-16 12:59:45,6,r/interestingasfuck,79,2018-05-16 14:57:09,0,0,1,0
8jupip,2018-05-16 12:59:45,6,r/interestingasfuck,80,2018-05-16 14:57:11,0,0,1,0
8jupip,2018-05-16 12:59:45,6,r/interestingasfuck,81,2018-05-16 14:58:53,0,2,1,0
8jupip,2018-05-16 12:59:45,6,r/interestingasfuck,81,2018-05-16 15:06:52,1,0,3,0
8jupip,2018-05-16 12:59:45,6,r/interestingasfuck,82,2018-05-16 14:58:59,0,1,1,0
8jupip,2018-05-16 12:59:45,6,r/interestingasfuck,82,2018-05-16 15:13:33,1,0,1,0
8jupip,2018-05-16 12:59:45,6,r/interestingasfuck,83,2018-05-16 15:00:46,0,4,1,0
8jupip,2018-05-16 12:59:45,6,r/interestingasfuck,83,2018-05-16 15:07:04,1,0,2,0
8jupip,2018-05-16 12:59:45,6,r/interestingasfuck,83,2018-05-16 15:10:07,1,1,2,0
8jupip,2018-05-16 12:59:45,6,r/interestingasfuck,83,2018-05-16 15:12:41,2,1,2,0
8jupip,2018-05-16 12:59:45,6,r/interestingasfuck,83,2018-05-16 15:21:24,3,0,2,0
8jupip,2018-05-16 12:59:45,6,r/interestingasfuck,83,2018-05-16 15:13:55,1,0,2,0
8jupip,2018-05-16 12:59:45,6,r/interestingasfuck,83,2018-05-16 15:15:06,1,0,2,0
8jupip,2018-05-16 12:59:45,6,r/interestingasfuck,84,2018-05-16 15:00:55,0,1,1,0
8jupip,2018-05-16 12:59:45,6,r/interestingasfuck,84,2018-05-16 15:01:35,1,0,1,0
8jupip,2018-05-16 12:59:45,6,r/interestingasfuck,85,2018-05-16 15:01:19,0,0,1,0
8jupip,2018-05-16 12:59:45,6,r/interestingasfuck,86,2018-05-16 15:02:55,0,0,1,0
8jupip,2018-05-16 12:59:45,6,r/interestingasfuck,87,2018-05-16 15:02:59,0,0,1,0
8jupip,2018-05-16 12:59:45,6,r/interestingasfuck,88,2018-05-16 15:03:05,0,0,1,0
8jupip,2018-05-16 12:59:45,6,r/interestingasfuck,89,2018-05-16 15:04:24,0,0,1,0
8jupip,2018-05-16 12:59:45,6,r/interestingasfuck,90,2018-05-16 15:04:25,0,0,1,0
8jupip,2018-05-16 12:59:45,6,r/interestingasfuck,91,2018-05-16 15:05:00,0,0,1,0
8jupip,2018-05-16 12:59:45,6,r/interestingasfuck,92,2018-05-16 15:06:04,0,0,1,0
8jupip,2018-05-16 12:59:45,6,r/interestingasfuck,93,2018-05-16 15:06:19,0,0,1,0
8jupip,2018-05-16 12:59:45,6,r/interestingasfuck,94,2018-05-16 15:09:29,0,0,1,0
8jupip,2018-05-16 12:59:45,6,r/interestingasfuck,95,2018-05-16 15:09:31,0,0,1,0
8jupip,2018-05-16 12:59:45,6,r/interestingasfuck,96,2018-05-16 15:11:49,0,0,1,0
8jupip,2018-05-16 12:59:45,6,r/interestingasfuck,97,2018-05-16 15:12:53,0,0,1,0
8jupip,2018-05-16 12:59:45,6,r/interestingasfuck,98,2018-05-16 15:12:58,0,0,1,0
8jupip,2018-05-16 12:59:45,6,r/interestingasfuck,99,2018-05-16 15:13:29,0,0,1,0
8jupip,2018-05-16 12:59:45,6,r/interestingasfuck,100,2018-05-16 15:14:20,0,0,1,0
8jupip,2018-05-16 12:59:45,6,r/interestingasfuck,101,2018-05-16 15:14:51,0,0,1,0
8jupip,2018-05-16 12:59:45,6,r/interestingasfuck,102,2018-05-16 15:15:19,0,0,1,0
8jup3a,2018-05-16 12:57:55,7,r/Awwducational,0,2018-05-16 12:58:33,0,10,924,0
8jup3a,2018-05-16 12:57:55,7,r/Awwducational,0,2018-05-16 13:59:32,1,7,398,0
8jup3a,2018-05-16 12:57:55,7,r/Awwducational,0,2018-05-16 14:04:38,2,1,103,0
8jup3a,2018-05-16 12:57:55,7,r/Awwducational,0,2018-05-16 14:05:31,3,2,38,0
8jup3a,2018-05-16 12:57:55,7,r/Awwducational,0,2018-05-16 14:14:43,4,1,97,0
8jup3a,2018-05-16 12:57:55,7,r/Awwducational,0,2018-05-16 14:15:12,5,2,21,0
8jup3a,2018-05-16 12:57:55,7,r/Awwducational,0,2018-05-16 15:15:56,6,4,62,0
8jup3a,2018-05-16 12:57:55,7,r/Awwducational,0,2018-05-16 15:56:03,7,2,40,0
8jup3a,2018-05-16 12:57:55,7,r/Awwducational,0,2018-05-16 16:06:26,8,1,45,0
8jup3a,2018-05-16 12:57:55,7,r/Awwducational,0,2018-05-16 17:38:42,9,1,13,0
8jup3a,2018-05-16 12:57:55,7,r/Awwducational,0,2018-05-16 17:36:29,8,0,7,0
8jup3a,2018-05-16 12:57:55,7,r/Awwducational,0,2018-05-16 15:16:58,7,0,7,0
8jup3a,2018-05-16 12:57:55,7,r/Awwducational,0,2018-05-16 16:57:48,7,1,6,0
8jup3a,2018-05-16 12:57:55,7,r/Awwducational,0,2018-05-16 17:03:35,8,0,5,0
8jup3a,2018-05-16 12:57:55,7,r/Awwducational,0,2018-05-16 17:41:03,7,1,5,0
8jup3a,2018-05-16 12:57:55,7,r/Awwducational,0,2018-05-16 17:50:09,8,0,7,0
8jup3a,2018-05-16 12:57:55,7,r/Awwducational,0,2018-05-16 15:57:12,6,0,5,0
8jup3a,2018-05-16 12:57:55,7,r/Awwducational,0,2018-05-16 16:14:16,4,0,4,0
8jup3a,2018-05-16 12:57:55,7,r/Awwducational,0,2018-05-16 16:16:23,2,1,27,0
8jup3a,2018-05-16 12:57:55,7,r/Awwducational,0,2018-05-16 17:32:57,3,0,4,0
8jup3a,2018-05-16 12:57:55,7,r/Awwducational,0,2018-05-16 15:21:31,2,2,14,0
8jup3a,2018-05-16 12:57:55,7,r/Awwducational,0,2018-05-16 15:28:22,3,1,7,0
8jup3a,2018-05-16 12:57:55,7,r/Awwducational,0,2018-05-16 15:36:54,4,2,18,0
8jup3a,2018-05-16 12:57:55,7,r/Awwducational,0,2018-05-16 18:08:40,5,0,1,0
8jup3a,2018-05-16 12:57:55,7,r/Awwducational,0,2018-05-16 18:09:42,5,0,1,0
8jup3a,2018-05-16 12:57:55,7,r/Awwducational,0,2018-05-16 16:05:37,3,2,1,0
8jup3a,2018-05-16 12:57:55,7,r/Awwducational,0,2018-05-16 16:12:01,4,1,3,0
8jup3a,2018-05-16 12:57:55,7,r/Awwducational,0,2018-05-16 17:09:18,5,1,7,0
8jup3a,2018-05-16 12:57:55,7,r/Awwducational,0,2018-05-16 17:49:40,6,0,2,0
8jup3a,2018-05-16 12:57:55,7,r/Awwducational,0,2018-05-16 16:07:35,4,0,2,0
8jup3a,2018-05-16 12:57:55,7,r/Awwducational,0,2018-05-16 15:12:58,2,0,7,0
8jup3a,2018-05-16 12:57:55,7,r/Awwducational,0,2018-05-16 15:59:43,2,2,6,0
8jup3a,2018-05-16 12:57:55,7,r/Awwducational,0,2018-05-16 17:09:50,3,1,4,0
8jup3a,2018-05-16 12:57:55,7,r/Awwducational,0,2018-05-16 17:33:04,4,1,1,0
8jup3a,2018-05-16 12:57:55,7,r/Awwducational,0,2018-05-16 17:37:25,5,1,2,0
8jup3a,2018-05-16 12:57:55,7,r/Awwducational,0,2018-05-16 17:40:07,6,0,2,0
8jup3a,2018-05-16 12:57:55,7,r/Awwducational,0,2018-05-16 17:11:52,3,0,2,0
8jup3a,2018-05-16 12:57:55,7,r/Awwducational,0,2018-05-16 14:37:10,2,0,3,0
8jup3a,2018-05-16 12:57:55,7,r/Awwducational,0,2018-05-16 16:47:16,2,0,1,0
8jup3a,2018-05-16 12:57:55,7,r/Awwducational,0,2018-05-16 15:15:18,1,3,60,0
8jup3a,2018-05-16 12:57:55,7,r/Awwducational,0,2018-05-16 15:39:00,2,0,8,0
8jup3a,2018-05-16 12:57:55,7,r/Awwducational,0,2018-05-16 16:30:24,2,0,3,0
8jup3a,2018-05-16 12:57:55,7,r/Awwducational,0,2018-05-16 17:14:44,2,1,3,0
8jup3a,2018-05-16 12:57:55,7,r/Awwducational,0,2018-05-16 17:46:38,3,2,4,0
8jup3a,2018-05-16 12:57:55,7,r/Awwducational,0,2018-05-16 17:59:41,4,0,2,0
8jup3a,2018-05-16 12:57:55,7,r/Awwducational,0,2018-05-16 18:22:32,4,0,1,0
8jup3a,2018-05-16 12:57:55,7,r/Awwducational,0,2018-05-16 15:49:54,1,1,14,0
8jup3a,2018-05-16 12:57:55,7,r/Awwducational,0,2018-05-16 17:00:49,2,0,1,0
8jup3a,2018-05-16 12:57:55,7,r/Awwducational,0,2018-05-16 14:48:49,1,0,7,0
8jup3a,2018-05-16 12:57:55,7,r/Awwducational,0,2018-05-16 15:26:34,1,0,5,0
8jup3a,2018-05-16 12:57:55,7,r/Awwducational,0,2018-05-16 16:18:49,1,0,3,0
8jup3a,2018-05-16 12:57:55,7,r/Awwducational,0,2018-05-16 16:39:32,1,0,1,0
8jup3a,2018-05-16 12:57:55,7,r/Awwducational,0,2018-05-16 17:20:08,1,0,1,0
8jup3a,2018-05-16 12:57:55,7,r/Awwducational,0,2018-05-16 17:34:09,1,0,1,0
8jup3a,2018-05-16 12:57:55,7,r/Awwducational,0,2018-05-16 17:49:35,1,0,1,0
8jup3a,2018-05-16 12:57:55,7,r/Awwducational,1,2018-05-16 15:14:38,0,18,418,0
8jup3a,2018-05-16 12:57:55,7,r/Awwducational,1,2018-05-16 15:26:54,1,1,75,0
8jup3a,2018-05-16 12:57:55,7,r/Awwducational,1,2018-05-16 15:58:02,2,5,159,0
8jup3a,2018-05-16 12:57:55,7,r/Awwducational,1,2018-05-16 16:52:23,3,1,19,0
8jup3a,2018-05-16 12:57:55,7,r/Awwducational,1,2018-05-16 16:57:41,4,0,25,0
8jup3a,2018-05-16 12:57:55,7,r/Awwducational,1,2018-05-16 17:19:32,3,1,18,0
8jup3a,2018-05-16 12:57:55,7,r/Awwducational,1,2018-05-16 17:42:30,4,1,24,0
8jup3a,2018-05-16 12:57:55,7,r/Awwducational,1,2018-05-16 18:26:00,5,0,2,0
8jup3a,2018-05-16 12:57:55,7,r/Awwducational,1,2018-05-16 17:44:04,3,1,9,0
8jup3a,2018-05-16 12:57:55,7,r/Awwducational,1,2018-05-16 17:49:05,4,0,4,0
8jup3a,2018-05-16 12:57:55,7,r/Awwducational,1,2018-05-16 18:02:41,3,1,5,0
8jup3a,2018-05-16 12:57:55,7,r/Awwducational,1,2018-05-16 18:10:58,4,0,2,0
8jup3a,2018-05-16 12:57:55,7,r/Awwducational,1,2018-05-16 17:21:24,3,0,-1,0
8jup3a,2018-05-16 12:57:55,7,r/Awwducational,1,2018-05-16 15:38:57,1,1,38,0
8jup3a,2018-05-16 12:57:55,7,r/Awwducational,1,2018-05-16 16:01:56,2,3,60,0
8jup3a,2018-05-16 12:57:55,7,r/Awwducational,1,2018-05-16 16:40:56,3,1,11,0
8jup3a,2018-05-16 12:57:55,7,r/Awwducational,1,2018-05-16 16:49:55,4,4,33,0
8jup3a,2018-05-16 12:57:55,7,r/Awwducational,1,2018-05-16 17:33:13,5,0,7,0
8jup3a,2018-05-16 12:57:55,7,r/Awwducational,1,2018-05-16 18:03:54,5,1,2,0
8jup3a,2018-05-16 12:57:55,7,r/Awwducational,1,2018-05-16 18:10:12,6,0,3,0
8jup3a,2018-05-16 12:57:55,7,r/Awwducational,1,2018-05-16 18:18:50,5,0,1,0
8jup3a,2018-05-16 12:57:55,7,r/Awwducational,1,2018-05-16 18:26:22,5,0,1,0
8jup3a,2018-05-16 12:57:55,7,r/Awwducational,1,2018-05-16 17:48:14,3,1,5,0
8jup3a,2018-05-16 12:57:55,7,r/Awwducational,1,2018-05-16 17:56:12,4,0,9,0
8jup3a,2018-05-16 12:57:55,7,r/Awwducational,1,2018-05-16 17:31:02,3,1,4,0
8jup3a,2018-05-16 12:57:55,7,r/Awwducational,1,2018-05-16 17:38:30,4,3,14,0
8jup3a,2018-05-16 12:57:55,7,r/Awwducational,1,2018-05-16 17:46:23,5,0,8,0
8jup3a,2018-05-16 12:57:55,7,r/Awwducational,1,2018-05-16 17:47:07,5,0,7,0
8jup3a,2018-05-16 12:57:55,7,r/Awwducational,1,2018-05-16 17:55:33,5,0,6,0
8jup3a,2018-05-16 12:57:55,7,r/Awwducational,1,2018-05-16 16:26:32,1,1,24,0
8jup3a,2018-05-16 12:57:55,7,r/Awwducational,1,2018-05-16 16:32:53,2,1,21,0
8jup3a,2018-05-16 12:57:55,7,r/Awwducational,1,2018-05-16 16:41:31,3,0,8,0
8jup3a,2018-05-16 12:57:55,7,r/Awwducational,1,2018-05-16 15:57:28,1,1,19,0
8jup3a,2018-05-16 12:57:55,7,r/Awwducational,1,2018-05-16 16:05:54,2,3,57,0
8jup3a,2018-05-16 12:57:55,7,r/Awwducational,1,2018-05-16 17:24:56,3,1,5,0
8jup3a,2018-05-16 12:57:55,7,r/Awwducational,1,2018-05-16 17:41:00,4,1,7,0
8jup3a,2018-05-16 12:57:55,7,r/Awwducational,1,2018-05-16 17:57:07,5,1,3,0
8jup3a,2018-05-16 12:57:55,7,r/Awwducational,1,2018-05-16 18:03:30,6,0,1,0
8jup3a,2018-05-16 12:57:55,7,r/Awwducational,1,2018-05-16 17:59:07,3,1,2,0
8jup3a,2018-05-16 12:57:55,7,r/Awwducational,1,2018-05-16 17:59:56,4,0,4,0
8jup3a,2018-05-16 12:57:55,7,r/Awwducational,1,2018-05-16 18:06:01,3,1,1,0
8jup3a,2018-05-16 12:57:55,7,r/Awwducational,1,2018-05-16 18:08:42,4,0,1,0
8jup3a,2018-05-16 12:57:55,7,r/Awwducational,1,2018-05-16 16:19:07,1,1,9,0
8jup3a,2018-05-16 12:57:55,7,r/Awwducational,1,2018-05-16 16:28:56,2,1,37,0
8jup3a,2018-05-16 12:57:55,7,r/Awwducational,1,2018-05-16 16:31:07,3,0,12,0
8jup3a,2018-05-16 12:57:55,7,r/Awwducational,1,2018-05-16 16:22:13,1,1,10,0
8jup3a,2018-05-16 12:57:55,7,r/Awwducational,1,2018-05-16 16:23:28,2,2,29,0
8jup3a,2018-05-16 12:57:55,7,r/Awwducational,1,2018-05-16 16:26:51,3,0,8,0
8jup3a,2018-05-16 12:57:55,7,r/Awwducational,1,2018-05-16 17:31:22,3,0,2,0
8jup3a,2018-05-16 12:57:55,7,r/Awwducational,1,2018-05-16 16:25:39,1,1,9,0
8jup3a,2018-05-16 12:57:55,7,r/Awwducational,1,2018-05-16 16:56:46,2,1,8,0
8jup3a,2018-05-16 12:57:55,7,r/Awwducational,1,2018-05-16 17:44:42,3,1,3,0
8jup3a,2018-05-16 12:57:55,7,r/Awwducational,1,2018-05-16 17:48:22,4,0,3,0
8jup3a,2018-05-16 12:57:55,7,r/Awwducational,1,2018-05-16 16:28:25,1,1,9,0
8jup3a,2018-05-16 12:57:55,7,r/Awwducational,1,2018-05-16 16:42:09,2,1,13,0
8jup3a,2018-05-16 12:57:55,7,r/Awwducational,1,2018-05-16 16:55:38,3,1,2,0
8jup3a,2018-05-16 12:57:55,7,r/Awwducational,1,2018-05-16 16:57:05,4,0,1,0
8jup3a,2018-05-16 12:57:55,7,r/Awwducational,1,2018-05-16 16:59:45,1,1,3,0
8jup3a,2018-05-16 12:57:55,7,r/Awwducational,1,2018-05-16 17:08:21,2,1,6,0
8jup3a,2018-05-16 12:57:55,7,r/Awwducational,1,2018-05-16 18:02:04,3,1,2,0
8jup3a,2018-05-16 12:57:55,7,r/Awwducational,1,2018-05-16 18:11:55,4,0,1,0
8jup3a,2018-05-16 12:57:55,7,r/Awwducational,1,2018-05-16 16:34:18,1,1,4,0
8jup3a,2018-05-16 12:57:55,7,r/Awwducational,1,2018-05-16 16:51:28,2,0,11,0
8jup3a,2018-05-16 12:57:55,7,r/Awwducational,1,2018-05-16 17:18:30,1,1,2,0
8jup3a,2018-05-16 12:57:55,7,r/Awwducational,1,2018-05-16 17:44:21,2,0,2,0
8jup3a,2018-05-16 12:57:55,7,r/Awwducational,1,2018-05-16 17:52:47,1,1,2,0
8jup3a,2018-05-16 12:57:55,7,r/Awwducational,1,2018-05-16 17:58:07,2,0,1,0
8jup3a,2018-05-16 12:57:55,7,r/Awwducational,1,2018-05-16 18:04:26,1,1,2,0
8jup3a,2018-05-16 12:57:55,7,r/Awwducational,1,2018-05-16 18:06:51,2,0,1,0
8jup3a,2018-05-16 12:57:55,7,r/Awwducational,1,2018-05-16 17:14:27,1,1,1,0
8jup3a,2018-05-16 12:57:55,7,r/Awwducational,1,2018-05-16 17:35:37,2,0,4,0
8jup3a,2018-05-16 12:57:55,7,r/Awwducational,1,2018-05-16 17:41:11,1,1,1,0
8jup3a,2018-05-16 12:57:55,7,r/Awwducational,1,2018-05-16 17:49:38,2,0,2,0
8jup3a,2018-05-16 12:57:55,7,r/Awwducational,1,2018-05-16 17:48:55,1,1,1,0
8jup3a,2018-05-16 12:57:55,7,r/Awwducational,1,2018-05-16 17:52:00,2,0,2,0
8jup3a,2018-05-16 12:57:55,7,r/Awwducational,1,2018-05-16 17:57:53,1,1,1,0
8jup3a,2018-05-16 12:57:55,7,r/Awwducational,1,2018-05-16 18:02:24,2,0,1,0
8jup3a,2018-05-16 12:57:55,7,r/Awwducational,1,2018-05-16 18:13:10,1,0,1,0
8jup3a,2018-05-16 12:57:55,7,r/Awwducational,2,2018-05-16 13:32:50,0,7,1286,0
8jup3a,2018-05-16 12:57:55,7,r/Awwducational,2,2018-05-16 13:34:18,1,5,407,0
8jup3a,2018-05-16 12:57:55,7,r/Awwducational,2,2018-05-16 13:55:47,2,2,200,0
8jup3a,2018-05-16 12:57:55,7,r/Awwducational,2,2018-05-16 15:56:56,3,0,17,0
8jup3a,2018-05-16 12:57:55,7,r/Awwducational,2,2018-05-16 16:33:21,3,0,4,0
8jup3a,2018-05-16 12:57:55,7,r/Awwducational,2,2018-05-16 15:10:22,2,0,22,0
8jup3a,2018-05-16 12:57:55,7,r/Awwducational,2,2018-05-16 15:10:57,2,0,1,0
8jup3a,2018-05-16 12:57:55,7,r/Awwducational,2,2018-05-16 17:22:18,2,0,1,0
8jup3a,2018-05-16 12:57:55,7,r/Awwducational,2,2018-05-16 15:16:24,2,0,-1,0
8jup3a,2018-05-16 12:57:55,7,r/Awwducational,2,2018-05-16 14:49:18,1,1,46,0
8jup3a,2018-05-16 12:57:55,7,r/Awwducational,2,2018-05-16 15:32:02,2,1,16,0
8jup3a,2018-05-16 12:57:55,7,r/Awwducational,2,2018-05-16 15:53:08,3,1,13,0
8jup3a,2018-05-16 12:57:55,7,r/Awwducational,2,2018-05-16 15:55:09,4,1,9,0
8jup3a,2018-05-16 12:57:55,7,r/Awwducational,2,2018-05-16 15:57:41,5,0,1,0
8jup3a,2018-05-16 12:57:55,7,r/Awwducational,2,2018-05-16 16:32:15,1,1,3,0
8jup3a,2018-05-16 12:57:55,7,r/Awwducational,2,2018-05-16 17:12:55,2,0,5,0
8jup3a,2018-05-16 12:57:55,7,r/Awwducational,2,2018-05-16 15:31:38,1,0,4,0
8jup3a,2018-05-16 12:57:55,7,r/Awwducational,2,2018-05-16 16:59:34,1,0,2,0
8jup3a,2018-05-16 12:57:55,7,r/Awwducational,2,2018-05-16 15:42:22,1,1,3,0
8jup3a,2018-05-16 12:57:55,7,r/Awwducational,2,2018-05-16 15:58:20,2,1,2,0
8jup3a,2018-05-16 12:57:55,7,r/Awwducational,2,2018-05-16 16:01:43,3,1,4,0
8jup3a,2018-05-16 12:57:55,7,r/Awwducational,2,2018-05-16 16:32:58,4,0,6,0
8jup3a,2018-05-16 12:57:55,7,r/Awwducational,2,2018-05-16 17:38:13,1,0,1,0
8jup3a,2018-05-16 12:57:55,7,r/Awwducational,3,2018-05-16 14:39:08,0,3,163,0
8jup3a,2018-05-16 12:57:55,7,r/Awwducational,3,2018-05-16 15:42:56,1,3,65,0
8jup3a,2018-05-16 12:57:55,7,r/Awwducational,3,2018-05-16 15:49:01,2,1,40,0
8jup3a,2018-05-16 12:57:55,7,r/Awwducational,3,2018-05-16 17:17:22,3,0,4,0
8jup3a,2018-05-16 12:57:55,7,r/Awwducational,3,2018-05-16 16:09:28,2,1,13,0
8jup3a,2018-05-16 12:57:55,7,r/Awwducational,3,2018-05-16 17:57:38,3,0,1,0
8jup3a,2018-05-16 12:57:55,7,r/Awwducational,3,2018-05-16 16:16:26,2,0,3,0
8jup3a,2018-05-16 12:57:55,7,r/Awwducational,3,2018-05-16 16:02:03,1,1,20,0
8jup3a,2018-05-16 12:57:55,7,r/Awwducational,3,2018-05-16 17:15:12,2,0,7,0
8jup3a,2018-05-16 12:57:55,7,r/Awwducational,3,2018-05-16 15:12:28,1,0,25,0
8jup3a,2018-05-16 12:57:55,7,r/Awwducational,4,2018-05-16 13:34:55,0,1,52,0
8jup3a,2018-05-16 12:57:55,7,r/Awwducational,4,2018-05-16 13:39:04,1,2,51,0
8jup3a,2018-05-16 12:57:55,7,r/Awwducational,4,2018-05-16 15:16:45,2,0,33,0
8jup3a,2018-05-16 12:57:55,7,r/Awwducational,4,2018-05-16 15:24:39,2,0,11,0
8jup3a,2018-05-16 12:57:55,7,r/Awwducational,5,2018-05-16 13:57:45,0,0,135,0
8jup3a,2018-05-16 12:57:55,7,r/Awwducational,6,2018-05-16 15:16:08,0,1,22,0
8jup3a,2018-05-16 12:57:55,7,r/Awwducational,6,2018-05-16 16:35:38,1,1,10,0
8jup3a,2018-05-16 12:57:55,7,r/Awwducational,6,2018-05-16 16:53:03,2,0,4,0
8jup3a,2018-05-16 12:57:55,7,r/Awwducational,7,2018-05-16 14:45:26,0,3,44,0
8jup3a,2018-05-16 12:57:55,7,r/Awwducational,7,2018-05-16 15:19:20,1,0,18,0
8jup3a,2018-05-16 12:57:55,7,r/Awwducational,7,2018-05-16 16:12:49,1,0,10,0
8jup3a,2018-05-16 12:57:55,7,r/Awwducational,7,2018-05-16 16:42:41,1,0,3,0
8jup3a,2018-05-16 12:57:55,7,r/Awwducational,8,2018-05-16 13:52:09,0,5,64,0
8jup3a,2018-05-16 12:57:55,7,r/Awwducational,8,2018-05-16 15:18:22,1,1,47,0
8jup3a,2018-05-16 12:57:55,7,r/Awwducational,8,2018-05-16 15:45:51,2,0,13,0
8jup3a,2018-05-16 12:57:55,7,r/Awwducational,8,2018-05-16 15:32:31,1,1,14,0
8jup3a,2018-05-16 12:57:55,7,r/Awwducational,8,2018-05-16 15:46:36,2,0,3,0
8jup3a,2018-05-16 12:57:55,7,r/Awwducational,8,2018-05-16 15:57:25,1,0,8,0
8jup3a,2018-05-16 12:57:55,7,r/Awwducational,8,2018-05-16 14:01:40,1,1,11,0
8jup3a,2018-05-16 12:57:55,7,r/Awwducational,8,2018-05-16 14:22:34,2,1,-37,0
8jup3a,2018-05-16 12:57:55,7,r/Awwducational,8,2018-05-16 14:24:26,3,1,22,0
8jup3a,2018-05-16 12:57:55,7,r/Awwducational,8,2018-05-16 14:32:34,4,1,-28,0
8jup3a,2018-05-16 12:57:55,7,r/Awwducational,8,2018-05-16 14:41:35,5,1,23,0
8jup3a,2018-05-16 12:57:55,7,r/Awwducational,8,2018-05-16 15:05:17,6,0,10,0
8jup3a,2018-05-16 12:57:55,7,r/Awwducational,8,2018-05-16 18:25:06,1,0,1,0
8jup3a,2018-05-16 12:57:55,7,r/Awwducational,9,2018-05-16 14:04:12,0,1,37,0
8jup3a,2018-05-16 12:57:55,7,r/Awwducational,9,2018-05-16 15:09:22,1,2,35,0
8jup3a,2018-05-16 12:57:55,7,r/Awwducational,9,2018-05-16 15:19:12,2,1,47,0
8jup3a,2018-05-16 12:57:55,7,r/Awwducational,9,2018-05-16 15:48:22,3,1,14,0
8jup3a,2018-05-16 12:57:55,7,r/Awwducational,9,2018-05-16 16:09:49,4,0,14,0
8jup3a,2018-05-16 12:57:55,7,r/Awwducational,9,2018-05-16 15:44:41,2,1,11,0
8jup3a,2018-05-16 12:57:55,7,r/Awwducational,9,2018-05-16 17:15:01,3,0,3,0
8jup3a,2018-05-16 12:57:55,7,r/Awwducational,10,2018-05-16 14:06:08,0,1,29,0
8jup3a,2018-05-16 12:57:55,7,r/Awwducational,10,2018-05-16 17:16:01,1,0,3,0
8jup3a,2018-05-16 12:57:55,7,r/Awwducational,11,2018-05-16 13:53:49,0,0,25,0
8jup3a,2018-05-16 12:57:55,7,r/Awwducational,12,2018-05-16 15:46:16,0,2,6,0
8jup3a,2018-05-16 12:57:55,7,r/Awwducational,12,2018-05-16 17:16:51,1,0,2,0
8jup3a,2018-05-16 12:57:55,7,r/Awwducational,12,2018-05-16 15:47:28,1,1,1,0
8jup3a,2018-05-16 12:57:55,7,r/Awwducational,12,2018-05-16 15:51:13,2,1,0,0
8jup3a,2018-05-16 12:57:55,7,r/Awwducational,12,2018-05-16 15:51:24,3,1,0,0
8jup3a,2018-05-16 12:57:55,7,r/Awwducational,12,2018-05-16 15:52:04,4,0,0,0
8jup3a,2018-05-16 12:57:55,7,r/Awwducational,13,2018-05-16 13:59:29,0,2,26,0
8jup3a,2018-05-16 12:57:55,7,r/Awwducational,13,2018-05-16 14:29:40,1,1,11,0
8jup3a,2018-05-16 12:57:55,7,r/Awwducational,13,2018-05-16 17:38:56,2,0,2,0
8jup3a,2018-05-16 12:57:55,7,r/Awwducational,13,2018-05-16 17:17:37,1,1,2,0
8jup3a,2018-05-16 12:57:55,7,r/Awwducational,13,2018-05-16 17:38:46,2,0,2,0
8jup3a,2018-05-16 12:57:55,7,r/Awwducational,14,2018-05-16 13:46:14,0,2,16,0
8jup3a,2018-05-16 12:57:55,7,r/Awwducational,14,2018-05-16 15:56:19,1,1,15,0
8jup3a,2018-05-16 12:57:55,7,r/Awwducational,14,2018-05-16 16:36:10,2,1,7,0
8jup3a,2018-05-16 12:57:55,7,r/Awwducational,14,2018-05-16 17:16:31,3,0,5,0
8jup3a,2018-05-16 12:57:55,7,r/Awwducational,14,2018-05-16 14:44:39,1,3,1,0
8jup3a,2018-05-16 12:57:55,7,r/Awwducational,14,2018-05-16 15:09:20,2,0,14,0
8jup3a,2018-05-16 12:57:55,7,r/Awwducational,14,2018-05-16 16:36:37,2,0,7,0
8jup3a,2018-05-16 12:57:55,7,r/Awwducational,14,2018-05-16 15:15:20,2,0,8,0
8jup3a,2018-05-16 12:57:55,7,r/Awwducational,15,2018-05-16 14:57:34,0,1,5,0
8jup3a,2018-05-16 12:57:55,7,r/Awwducational,15,2018-05-16 15:21:38,1,1,14,0
8jup3a,2018-05-16 12:57:55,7,r/Awwducational,15,2018-05-16 15:34:07,2,1,5,0
8jup3a,2018-05-16 12:57:55,7,r/Awwducational,15,2018-05-16 15:51:10,3,2,17,0
8jup3a,2018-05-16 12:57:55,7,r/Awwducational,15,2018-05-16 15:53:48,4,1,9,0
8jup3a,2018-05-16 12:57:55,7,r/Awwducational,15,2018-05-16 16:07:05,5,1,12,0
8jup3a,2018-05-16 12:57:55,7,r/Awwducational,15,2018-05-16 16:27:54,6,0,5,0
8jup3a,2018-05-16 12:57:55,7,r/Awwducational,15,2018-05-16 17:28:52,4,1,4,0
8jup3a,2018-05-16 12:57:55,7,r/Awwducational,15,2018-05-16 17:39:10,5,0,2,0
8jup3a,2018-05-16 12:57:55,7,r/Awwducational,16,2018-05-16 15:43:51,0,1,5,0
8jup3a,2018-05-16 12:57:55,7,r/Awwducational,16,2018-05-16 16:25:40,1,1,8,0
8jup3a,2018-05-16 12:57:55,7,r/Awwducational,16,2018-05-16 17:31:27,2,0,2,0
8jup3a,2018-05-16 12:57:55,7,r/Awwducational,17,2018-05-16 16:46:59,0,1,3,0
8jup3a,2018-05-16 12:57:55,7,r/Awwducational,17,2018-05-16 17:38:19,1,1,3,0
8jup3a,2018-05-16 12:57:55,7,r/Awwducational,17,2018-05-16 17:39:57,2,0,4,0
8jup3a,2018-05-16 12:57:55,7,r/Awwducational,18,2018-05-16 17:34:47,0,0,4,0
8jup3a,2018-05-16 12:57:55,7,r/Awwducational,19,2018-05-16 14:58:58,0,0,6,0
8jup3a,2018-05-16 12:57:55,7,r/Awwducational,20,2018-05-16 15:20:02,0,3,3,0
8jup3a,2018-05-16 12:57:55,7,r/Awwducational,20,2018-05-16 15:31:37,1,0,6,0
8jup3a,2018-05-16 12:57:55,7,r/Awwducational,20,2018-05-16 15:55:17,1,1,4,0
8jup3a,2018-05-16 12:57:55,7,r/Awwducational,20,2018-05-16 16:07:31,2,0,5,0
8jup3a,2018-05-16 12:57:55,7,r/Awwducational,20,2018-05-16 17:18:13,1,0,2,0
8jup3a,2018-05-16 12:57:55,7,r/Awwducational,21,2018-05-16 16:25:27,0,0,3,0
8jup3a,2018-05-16 12:57:55,7,r/Awwducational,22,2018-05-16 17:37:52,0,1,3,0
8jup3a,2018-05-16 12:57:55,7,r/Awwducational,22,2018-05-16 18:18:37,1,0,1,0
8jup3a,2018-05-16 12:57:55,7,r/Awwducational,23,2018-05-16 18:00:26,0,0,3,0
8jup3a,2018-05-16 12:57:55,7,r/Awwducational,24,2018-05-16 18:01:04,0,0,3,0
8jup3a,2018-05-16 12:57:55,7,r/Awwducational,25,2018-05-16 15:14:03,0,0,4,0
8jup3a,2018-05-16 12:57:55,7,r/Awwducational,26,2018-05-16 14:35:21,0,0,3,0
8jup3a,2018-05-16 12:57:55,7,r/Awwducational,27,2018-05-16 15:25:55,0,1,2,0
8jup3a,2018-05-16 12:57:55,7,r/Awwducational,27,2018-05-16 16:23:23,1,0,3,0
8jup3a,2018-05-16 12:57:55,7,r/Awwducational,28,2018-05-16 15:44:07,0,1,2,0
8jup3a,2018-05-16 12:57:55,7,r/Awwducational,28,2018-05-16 17:18:51,1,0,2,0
8jup3a,2018-05-16 12:57:55,7,r/Awwducational,29,2018-05-16 16:21:21,0,1,2,0
8jup3a,2018-05-16 12:57:55,7,r/Awwducational,29,2018-05-16 17:58:14,1,0,2,0
8jup3a,2018-05-16 12:57:55,7,r/Awwducational,30,2018-05-16 16:40:06,0,0,2,0
8jup3a,2018-05-16 12:57:55,7,r/Awwducational,31,2018-05-16 16:41:32,0,1,2,0
8jup3a,2018-05-16 12:57:55,7,r/Awwducational,31,2018-05-16 17:27:03,1,0,2,0
8jup3a,2018-05-16 12:57:55,7,r/Awwducational,32,2018-05-16 16:42:26,0,0,2,0
8jup3a,2018-05-16 12:57:55,7,r/Awwducational,33,2018-05-16 17:03:11,0,0,2,0
8jup3a,2018-05-16 12:57:55,7,r/Awwducational,34,2018-05-16 17:14:57,0,0,2,0
8jup3a,2018-05-16 12:57:55,7,r/Awwducational,35,2018-05-16 17:18:36,0,0,2,0
8jup3a,2018-05-16 12:57:55,7,r/Awwducational,36,2018-05-16 17:29:35,0,0,2,0
8jup3a,2018-05-16 12:57:55,7,r/Awwducational,37,2018-05-16 17:32:27,0,0,2,0
8jup3a,2018-05-16 12:57:55,7,r/Awwducational,38,2018-05-16 17:36:52,0,0,2,0
8jup3a,2018-05-16 12:57:55,7,r/Awwducational,39,2018-05-16 17:38:53,0,0,2,0
8jup3a,2018-05-16 12:57:55,7,r/Awwducational,40,2018-05-16 17:40:22,0,0,2,0
8jup3a,2018-05-16 12:57:55,7,r/Awwducational,41,2018-05-16 17:52:14,0,0,2,0
8jup3a,2018-05-16 12:57:55,7,r/Awwducational,42,2018-05-16 17:57:49,0,0,2,0
8jup3a,2018-05-16 12:57:55,7,r/Awwducational,43,2018-05-16 17:59:17,0,0,2,0
8jup3a,2018-05-16 12:57:55,7,r/Awwducational,44,2018-05-16 18:03:07,0,0,2,0
8jup3a,2018-05-16 12:57:55,7,r/Awwducational,45,2018-05-16 18:05:34,0,1,2,0
8jup3a,2018-05-16 12:57:55,7,r/Awwducational,45,2018-05-16 18:15:52,1,0,1,0
8jup3a,2018-05-16 12:57:55,7,r/Awwducational,46,2018-05-16 18:06:42,0,0,2,0
8jup3a,2018-05-16 12:57:55,7,r/Awwducational,47,2018-05-16 18:08:28,0,0,2,0
8jup3a,2018-05-16 12:57:55,7,r/Awwducational,48,2018-05-16 18:08:59,0,0,2,0
8jup3a,2018-05-16 12:57:55,7,r/Awwducational,49,2018-05-16 13:39:57,0,3,7,0
8jup3a,2018-05-16 12:57:55,7,r/Awwducational,49,2018-05-16 15:21:15,1,2,21,0
8jup3a,2018-05-16 12:57:55,7,r/Awwducational,49,2018-05-16 15:31:18,2,1,11,0
8jup3a,2018-05-16 12:57:55,7,r/Awwducational,49,2018-05-16 15:53:15,3,1,9,0
8jup3a,2018-05-16 12:57:55,7,r/Awwducational,49,2018-05-16 15:55:28,4,0,7,0
8jup3a,2018-05-16 12:57:55,7,r/Awwducational,49,2018-05-16 16:10:40,2,0,4,0
8jup3a,2018-05-16 12:57:55,7,r/Awwducational,49,2018-05-16 13:51:09,1,0,17,0
8jup3a,2018-05-16 12:57:55,7,r/Awwducational,49,2018-05-16 13:43:40,1,0,22,0
8jup3a,2018-05-16 12:57:55,7,r/Awwducational,50,2018-05-16 13:44:17,0,1,4,0
8jup3a,2018-05-16 12:57:55,7,r/Awwducational,50,2018-05-16 17:19:22,1,0,2,0
8jup3a,2018-05-16 12:57:55,7,r/Awwducational,51,2018-05-16 15:29:19,0,4,3,0
8jup3a,2018-05-16 12:57:55,7,r/Awwducational,51,2018-05-16 16:29:21,1,1,7,0
8jup3a,2018-05-16 12:57:55,7,r/Awwducational,51,2018-05-16 16:37:04,2,1,1,0
8jup3a,2018-05-16 12:57:55,7,r/Awwducational,51,2018-05-16 16:38:54,3,1,3,0
8jup3a,2018-05-16 12:57:55,7,r/Awwducational,51,2018-05-16 16:54:58,4,0,1,0
8jup3a,2018-05-16 12:57:55,7,r/Awwducational,51,2018-05-16 15:50:49,1,1,5,0
8jup3a,2018-05-16 12:57:55,7,r/Awwducational,51,2018-05-16 15:59:03,2,1,4,0
8jup3a,2018-05-16 12:57:55,7,r/Awwducational,51,2018-05-16 16:02:51,3,0,5,0
8jup3a,2018-05-16 12:57:55,7,r/Awwducational,51,2018-05-16 15:51:13,1,1,5,0
8jup3a,2018-05-16 12:57:55,7,r/Awwducational,51,2018-05-16 15:57:36,2,1,5,0
8jup3a,2018-05-16 12:57:55,7,r/Awwducational,51,2018-05-16 16:06:25,3,1,3,0
8jup3a,2018-05-16 12:57:55,7,r/Awwducational,51,2018-05-16 17:23:33,4,0,4,0
8jup3a,2018-05-16 12:57:55,7,r/Awwducational,51,2018-05-16 16:15:53,1,0,1,0
8jup3a,2018-05-16 12:57:55,7,r/Awwducational,52,2018-05-16 14:23:17,0,0,2,0
8jup3a,2018-05-16 12:57:55,7,r/Awwducational,53,2018-05-16 14:47:26,0,0,2,0
8jup3a,2018-05-16 12:57:55,7,r/Awwducational,54,2018-05-16 15:33:13,0,0,2,0
8jup3a,2018-05-16 12:57:55,7,r/Awwducational,55,2018-05-16 15:35:35,0,0,2,0
8jup3a,2018-05-16 12:57:55,7,r/Awwducational,56,2018-05-16 15:50:24,0,0,2,0
8jup3a,2018-05-16 12:57:55,7,r/Awwducational,57,2018-05-16 15:53:01,0,0,2,0
8jup3a,2018-05-16 12:57:55,7,r/Awwducational,58,2018-05-16 16:07:28,0,0,2,0
8jup3a,2018-05-16 12:57:55,7,r/Awwducational,59,2018-05-16 16:22:30,0,1,1,0
8jup3a,2018-05-16 12:57:55,7,r/Awwducational,59,2018-05-16 17:24:59,1,1,3,0
8jup3a,2018-05-16 12:57:55,7,r/Awwducational,59,2018-05-16 18:29:55,2,0,1,0
8jup3a,2018-05-16 12:57:55,7,r/Awwducational,60,2018-05-16 16:24:48,0,0,1,0
8jup3a,2018-05-16 12:57:55,7,r/Awwducational,61,2018-05-16 16:26:24,0,0,1,0
8jup3a,2018-05-16 12:57:55,7,r/Awwducational,62,2018-05-16 16:31:26,0,0,1,0
8jup3a,2018-05-16 12:57:55,7,r/Awwducational,63,2018-05-16 16:35:36,0,0,1,0
8jup3a,2018-05-16 12:57:55,7,r/Awwducational,64,2018-05-16 16:36:28,0,0,1,0
8jup3a,2018-05-16 12:57:55,7,r/Awwducational,65,2018-05-16 16:37:42,0,0,1,0
8jup3a,2018-05-16 12:57:55,7,r/Awwducational,66,2018-05-16 16:38:54,0,0,1,0
8jup3a,2018-05-16 12:57:55,7,r/Awwducational,67,2018-05-16 16:39:03,0,0,1,0
8jup3a,2018-05-16 12:57:55,7,r/Awwducational,68,2018-05-16 16:39:36,0,0,1,0
8jup3a,2018-05-16 12:57:55,7,r/Awwducational,69,2018-05-16 16:40:35,0,0,1,0
8jup3a,2018-05-16 12:57:55,7,r/Awwducational,70,2018-05-16 16:44:18,0,0,1,0
8jup3a,2018-05-16 12:57:55,7,r/Awwducational,71,2018-05-16 16:48:18,0,1,1,0
8jup3a,2018-05-16 12:57:55,7,r/Awwducational,71,2018-05-16 17:27:22,1,0,4,0
8jup3a,2018-05-16 12:57:55,7,r/Awwducational,72,2018-05-16 16:50:28,0,1,1,0
8jup3a,2018-05-16 12:57:55,7,r/Awwducational,72,2018-05-16 17:27:51,1,1,1,0
8jup3a,2018-05-16 12:57:55,7,r/Awwducational,72,2018-05-16 18:09:05,2,0,1,0
8jup3a,2018-05-16 12:57:55,7,r/Awwducational,73,2018-05-16 16:51:35,0,0,1,0
8jup3a,2018-05-16 12:57:55,7,r/Awwducational,74,2018-05-16 16:52:17,0,0,1,0
8jup3a,2018-05-16 12:57:55,7,r/Awwducational,75,2018-05-16 16:53:02,0,0,1,0
8jup3a,2018-05-16 12:57:55,7,r/Awwducational,76,2018-05-16 16:54:32,0,0,1,0
8jup3a,2018-05-16 12:57:55,7,r/Awwducational,77,2018-05-16 16:55:31,0,0,1,0
8jup3a,2018-05-16 12:57:55,7,r/Awwducational,78,2018-05-16 16:58:06,0,2,1,0
8jup3a,2018-05-16 12:57:55,7,r/Awwducational,78,2018-05-16 17:22:59,1,1,1,0
8jup3a,2018-05-16 12:57:55,7,r/Awwducational,78,2018-05-16 17:48:19,2,0,1,0
8jup3a,2018-05-16 12:57:55,7,r/Awwducational,78,2018-05-16 17:28:19,1,1,1,0
8jup3a,2018-05-16 12:57:55,7,r/Awwducational,78,2018-05-16 17:47:30,2,0,2,0
8jup3a,2018-05-16 12:57:55,7,r/Awwducational,79,2018-05-16 16:58:56,0,1,1,0
8jup3a,2018-05-16 12:57:55,7,r/Awwducational,79,2018-05-16 17:23:50,1,1,1,0
8jup3a,2018-05-16 12:57:55,7,r/Awwducational,79,2018-05-16 17:30:34,2,0,1,0
8jup3a,2018-05-16 12:57:55,7,r/Awwducational,80,2018-05-16 16:59:14,0,0,1,0
8jup3a,2018-05-16 12:57:55,7,r/Awwducational,81,2018-05-16 17:02:47,0,1,1,0
8jup3a,2018-05-16 12:57:55,7,r/Awwducational,81,2018-05-16 17:28:45,1,0,1,0
8jup3a,2018-05-16 12:57:55,7,r/Awwducational,82,2018-05-16 17:05:19,0,0,1,0
8jup3a,2018-05-16 12:57:55,7,r/Awwducational,83,2018-05-16 17:06:23,0,0,1,0
8jup3a,2018-05-16 12:57:55,7,r/Awwducational,84,2018-05-16 17:07:01,0,0,1,0
8jup3a,2018-05-16 12:57:55,7,r/Awwducational,85,2018-05-16 17:10:53,0,1,1,0
8jup3a,2018-05-16 12:57:55,7,r/Awwducational,85,2018-05-16 17:29:32,1,0,1,0
8jup3a,2018-05-16 12:57:55,7,r/Awwducational,86,2018-05-16 17:16:46,0,0,1,0
8jup3a,2018-05-16 12:57:55,7,r/Awwducational,87,2018-05-16 17:16:56,0,0,1,0
8jup3a,2018-05-16 12:57:55,7,r/Awwducational,88,2018-05-16 17:17:07,0,0,1,0
8jup3a,2018-05-16 12:57:55,7,r/Awwducational,89,2018-05-16 17:21:13,0,0,1,0
8jup3a,2018-05-16 12:57:55,7,r/Awwducational,90,2018-05-16 17:24:51,0,0,1,0
8jup3a,2018-05-16 12:57:55,7,r/Awwducational,91,2018-05-16 17:26:39,0,0,1,0
8jup3a,2018-05-16 12:57:55,7,r/Awwducational,92,2018-05-16 18:18:32,0,1,1,0
8jup3a,2018-05-16 12:57:55,7,r/Awwducational,92,2018-05-16 18:23:50,1,0,1,0
8jup3a,2018-05-16 12:57:55,7,r/Awwducational,93,2018-05-16 18:23:48,0,0,1,0
8jup3a,2018-05-16 12:57:55,7,r/Awwducational,94,2018-05-16 18:29:18,0,0,1,0
8jup3a,2018-05-16 12:57:55,7,r/Awwducational,95,2018-05-16 18:29:52,0,0,1,0
8jup3a,2018-05-16 12:57:55,7,r/Awwducational,96,2018-05-16 15:27:01,0,1,1,0
8jup3a,2018-05-16 12:57:55,7,r/Awwducational,96,2018-05-16 17:03:18,1,0,2,0
8jup3a,2018-05-16 12:57:55,7,r/Awwducational,97,2018-05-16 14:49:28,0,0,1,0
8jup3a,2018-05-16 12:57:55,7,r/Awwducational,98,2018-05-16 14:53:02,0,0,1,0
8jup3a,2018-05-16 12:57:55,7,r/Awwducational,99,2018-05-16 15:08:27,0,0,1,0
8jup3a,2018-05-16 12:57:55,7,r/Awwducational,100,2018-05-16 15:20:12,0,1,1,0
8jup3a,2018-05-16 12:57:55,7,r/Awwducational,100,2018-05-16 17:04:10,1,0,2,0
8jup3a,2018-05-16 12:57:55,7,r/Awwducational,101,2018-05-16 15:20:19,0,1,1,0
8jup3a,2018-05-16 12:57:55,7,r/Awwducational,101,2018-05-16 16:17:29,1,0,3,0
8jup3a,2018-05-16 12:57:55,7,r/Awwducational,102,2018-05-16 15:20:25,0,0,1,0
8jup3a,2018-05-16 12:57:55,7,r/Awwducational,103,2018-05-16 15:22:22,0,0,1,0
8jup3a,2018-05-16 12:57:55,7,r/Awwducational,104,2018-05-16 15:24:14,0,1,1,0
8jup3a,2018-05-16 12:57:55,7,r/Awwducational,104,2018-05-16 17:25:01,1,0,1,0
8jup3a,2018-05-16 12:57:55,7,r/Awwducational,105,2018-05-16 15:26:38,0,0,1,0
8jup3a,2018-05-16 12:57:55,7,r/Awwducational,106,2018-05-16 16:00:43,0,1,1,0
8jup3a,2018-05-16 12:57:55,7,r/Awwducational,106,2018-05-16 17:25:23,1,0,1,0
8jup3a,2018-05-16 12:57:55,7,r/Awwducational,107,2018-05-16 16:05:41,0,1,1,0
8jup3a,2018-05-16 12:57:55,7,r/Awwducational,107,2018-05-16 16:40:03,1,0,2,0
8jup3a,2018-05-16 12:57:55,7,r/Awwducational,108,2018-05-16 16:11:17,0,1,1,0
8jup3a,2018-05-16 12:57:55,7,r/Awwducational,108,2018-05-16 17:31:08,1,0,2,0
8jup3a,2018-05-16 12:57:55,7,r/Awwducational,109,2018-05-16 16:17:14,0,0,1,0
8jup3a,2018-05-16 12:57:55,7,r/Awwducational,110,2018-05-16 16:18:07,0,0,1,0
8jup3a,2018-05-16 12:57:55,7,r/Awwducational,111,2018-05-16 16:41:35,0,0,1,0
8jup3a,2018-05-16 12:57:55,7,r/Awwducational,112,2018-05-16 16:55:51,0,1,1,0
8jup3a,2018-05-16 12:57:55,7,r/Awwducational,112,2018-05-16 17:26:22,1,0,1,0
8jup3a,2018-05-16 12:57:55,7,r/Awwducational,113,2018-05-16 17:29:52,0,1,0,0
8jup3a,2018-05-16 12:57:55,7,r/Awwducational,113,2018-05-16 18:22:23,1,0,1,0
8jup3a,2018-05-16 12:57:55,7,r/Awwducational,114,2018-05-16 14:34:00,0,5,-4,0
8jup3a,2018-05-16 12:57:55,7,r/Awwducational,114,2018-05-16 14:39:44,1,0,20,0
8jup3a,2018-05-16 12:57:55,7,r/Awwducational,114,2018-05-16 14:49:40,1,0,13,0
8jup3a,2018-05-16 12:57:55,7,r/Awwducational,114,2018-05-16 15:12:37,1,1,10,0
8jup3a,2018-05-16 12:57:55,7,r/Awwducational,114,2018-05-16 15:39:08,2,0,3,0
8jup3a,2018-05-16 12:57:55,7,r/Awwducational,114,2018-05-16 15:17:26,1,0,3,0
8jup3a,2018-05-16 12:57:55,7,r/Awwducational,114,2018-05-16 15:55:40,1,0,2,0
8jup3a,2018-05-16 12:57:55,7,r/Awwducational,115,2018-05-16 15:39:13,0,0,0,0
8jup3a,2018-05-16 12:57:55,7,r/Awwducational,116,2018-05-16 15:39:30,0,0,0,0
8jup3a,2018-05-16 12:57:55,7,r/Awwducational,117,2018-05-16 15:41:48,0,0,0,0
8jup3a,2018-05-16 12:57:55,7,r/Awwducational,118,2018-05-16 15:43:57,0,0,0,0
8jup3a,2018-05-16 12:57:55,7,r/Awwducational,119,2018-05-16 15:53:34,0,0,0,0
8jup3a,2018-05-16 12:57:55,7,r/Awwducational,120,2018-05-16 15:55:19,0,0,0,0
8jup3a,2018-05-16 12:57:55,7,r/Awwducational,121,2018-05-16 16:04:05,0,0,0,0
8jup3a,2018-05-16 12:57:55,7,r/Awwducational,122,2018-05-16 16:04:56,0,0,0,0
8jup3a,2018-05-16 12:57:55,7,r/Awwducational,123,2018-05-16 16:06:49,0,0,0,0
8jup3a,2018-05-16 12:57:55,7,r/Awwducational,124,2018-05-16 16:07:39,0,0,0,0
8jup3a,2018-05-16 12:57:55,7,r/Awwducational,125,2018-05-16 16:10:24,0,0,0,0
8jup3a,2018-05-16 12:57:55,7,r/Awwducational,126,2018-05-16 16:14:26,0,0,0,0
8jup3a,2018-05-16 12:57:55,7,r/Awwducational,127,2018-05-16 16:17:59,0,0,0,0
8jup3a,2018-05-16 12:57:55,7,r/Awwducational,128,2018-05-16 16:21:35,0,0,0,0
8jup3a,2018-05-16 12:57:55,7,r/Awwducational,129,2018-05-16 16:22:15,0,0,0,0
8jup3a,2018-05-16 12:57:55,7,r/Awwducational,130,2018-05-16 16:20:43,0,1,-2,0
8jup3a,2018-05-16 12:57:55,7,r/Awwducational,130,2018-05-16 16:43:43,1,0,4,0
8jup3a,2018-05-16 12:57:55,7,r/Awwducational,131,2018-05-16 14:43:22,0,0,-1,0
8jup3a,2018-05-16 12:57:55,7,r/Awwducational,132,2018-05-16 15:08:56,0,0,-1,0
8jup3a,2018-05-16 12:57:55,7,r/Awwducational,133,2018-05-16 15:27:46,0,1,-1,0
8jup3a,2018-05-16 12:57:55,7,r/Awwducational,133,2018-05-16 17:33:07,1,0,1,0
8jup3a,2018-05-16 12:57:55,7,r/Awwducational,134,2018-05-16 15:29:07,0,0,-1,0
8jup3a,2018-05-16 12:57:55,7,r/Awwducational,135,2018-05-16 15:29:46,0,1,-1,0
8jup3a,2018-05-16 12:57:55,7,r/Awwducational,135,2018-05-16 16:44:54,1,0,1,0
8jup3a,2018-05-16 12:57:55,7,r/Awwducational,136,2018-05-16 15:31:54,0,1,-1,0
8jup3a,2018-05-16 12:57:55,7,r/Awwducational,136,2018-05-16 15:32:17,1,0,4,0
8jup3a,2018-05-16 12:57:55,7,r/Awwducational,137,2018-05-16 16:06:27,0,0,-1,0
8jup3a,2018-05-16 12:57:55,7,r/Awwducational,138,2018-05-16 16:07:00,0,0,-1,0
8jup3a,2018-05-16 12:57:55,7,r/Awwducational,139,2018-05-16 16:17:23,0,1,-1,0
8jup3a,2018-05-16 12:57:55,7,r/Awwducational,139,2018-05-16 17:33:52,1,0,1,0
8jup3a,2018-05-16 12:57:55,7,r/Awwducational,140,2018-05-16 15:32:35,0,1,-5,0
8jup3a,2018-05-16 12:57:55,7,r/Awwducational,140,2018-05-16 16:41:37,1,0,3,0
8jv27e,2018-05-16 13:50:46,8,r/gaming,0,2018-05-16 17:10:34,0,2,143,0
8jv27e,2018-05-16 13:50:46,8,r/gaming,0,2018-05-16 17:44:31,1,2,21,0
8jv27e,2018-05-16 13:50:46,8,r/gaming,0,2018-05-16 17:59:49,2,0,21,0
8jv27e,2018-05-16 13:50:46,8,r/gaming,0,2018-05-16 18:11:54,2,0,4,0
8jv27e,2018-05-16 13:50:46,8,r/gaming,0,2018-05-16 18:05:36,1,0,12,0
8jv27e,2018-05-16 13:50:46,8,r/gaming,1,2018-05-16 15:10:24,0,2,197,0
8jv27e,2018-05-16 13:50:46,8,r/gaming,1,2018-05-16 16:07:44,1,4,70,0
8jv27e,2018-05-16 13:50:46,8,r/gaming,1,2018-05-16 17:41:21,2,4,42,0
8jv27e,2018-05-16 13:50:46,8,r/gaming,1,2018-05-16 18:11:52,3,0,9,0
8jv27e,2018-05-16 13:50:46,8,r/gaming,1,2018-05-16 18:09:22,3,0,3,0
8jv27e,2018-05-16 13:50:46,8,r/gaming,1,2018-05-16 17:46:00,3,1,3,0
8jv27e,2018-05-16 13:50:46,8,r/gaming,1,2018-05-16 18:11:06,4,1,6,0
8jv27e,2018-05-16 13:50:46,8,r/gaming,1,2018-05-16 18:20:42,5,0,1,0
8jv27e,2018-05-16 13:50:46,8,r/gaming,1,2018-05-16 18:18:36,3,0,1,0
8jv27e,2018-05-16 13:50:46,8,r/gaming,1,2018-05-16 16:15:13,2,2,40,0
8jv27e,2018-05-16 13:50:46,8,r/gaming,1,2018-05-16 16:16:48,3,1,32,0
8jv27e,2018-05-16 13:50:46,8,r/gaming,1,2018-05-16 17:55:16,4,0,2,0
8jv27e,2018-05-16 13:50:46,8,r/gaming,1,2018-05-16 17:31:30,3,0,6,0
8jv27e,2018-05-16 13:50:46,8,r/gaming,1,2018-05-16 17:59:56,2,0,2,0
8jv27e,2018-05-16 13:50:46,8,r/gaming,1,2018-05-16 18:08:19,2,1,0,0
8jv27e,2018-05-16 13:50:46,8,r/gaming,1,2018-05-16 18:11:22,3,2,1,0
8jv27e,2018-05-16 13:50:46,8,r/gaming,1,2018-05-16 18:21:37,4,1,1,0
8jv27e,2018-05-16 13:50:46,8,r/gaming,1,2018-05-16 18:22:35,5,0,1,0
8jv27e,2018-05-16 13:50:46,8,r/gaming,1,2018-05-16 18:26:57,4,0,1,0
8jv27e,2018-05-16 13:50:46,8,r/gaming,1,2018-05-16 16:35:40,1,0,9,0
8jv27e,2018-05-16 13:50:46,8,r/gaming,2,2018-05-16 17:07:38,0,2,80,0
8jv27e,2018-05-16 13:50:46,8,r/gaming,2,2018-05-16 17:51:31,1,0,8,0
8jv27e,2018-05-16 13:50:46,8,r/gaming,2,2018-05-16 17:52:26,1,3,11,0
8jv27e,2018-05-16 13:50:46,8,r/gaming,2,2018-05-16 17:57:22,2,1,3,0
8jv27e,2018-05-16 13:50:46,8,r/gaming,2,2018-05-16 18:09:05,3,0,4,0
8jv27e,2018-05-16 13:50:46,8,r/gaming,2,2018-05-16 18:23:55,2,0,1,0
8jv27e,2018-05-16 13:50:46,8,r/gaming,2,2018-05-16 18:27:14,2,0,1,0
8jv27e,2018-05-16 13:50:46,8,r/gaming,3,2018-05-16 14:44:14,0,19,300,0
8jv27e,2018-05-16 13:50:46,8,r/gaming,3,2018-05-16 15:43:31,1,2,210,0
8jv27e,2018-05-16 13:50:46,8,r/gaming,3,2018-05-16 17:59:18,2,2,9,0
8jv27e,2018-05-16 13:50:46,8,r/gaming,3,2018-05-16 18:01:20,3,1,8,0
8jv27e,2018-05-16 13:50:46,8,r/gaming,3,2018-05-16 18:01:46,4,2,9,0
8jv27e,2018-05-16 13:50:46,8,r/gaming,3,2018-05-16 18:25:11,5,0,2,0
8jv27e,2018-05-16 13:50:46,8,r/gaming,3,2018-05-16 18:25:56,5,0,1,0
8jv27e,2018-05-16 13:50:46,8,r/gaming,3,2018-05-16 18:13:07,3,0,1,0
8jv27e,2018-05-16 13:50:46,8,r/gaming,3,2018-05-16 18:13:21,2,0,2,0
8jv27e,2018-05-16 13:50:46,8,r/gaming,3,2018-05-16 15:34:34,1,5,30,0
8jv27e,2018-05-16 13:50:46,8,r/gaming,3,2018-05-16 17:23:01,2,2,19,0
8jv27e,2018-05-16 13:50:46,8,r/gaming,3,2018-05-16 17:37:19,3,0,6,0
8jv27e,2018-05-16 13:50:46,8,r/gaming,3,2018-05-16 18:04:52,3,3,2,0
8jv27e,2018-05-16 13:50:46,8,r/gaming,3,2018-05-16 18:11:52,4,1,2,0
8jv27e,2018-05-16 13:50:46,8,r/gaming,3,2018-05-16 18:14:01,5,1,1,0
8jv27e,2018-05-16 13:50:46,8,r/gaming,3,2018-05-16 18:27:29,6,1,1,0
8jv27e,2018-05-16 13:50:46,8,r/gaming,3,2018-05-16 18:29:18,7,0,1,0
8jv27e,2018-05-16 13:50:46,8,r/gaming,3,2018-05-16 18:16:52,4,0,1,0
8jv27e,2018-05-16 13:50:46,8,r/gaming,3,2018-05-16 18:17:16,4,0,1,0
8jv27e,2018-05-16 13:50:46,8,r/gaming,3,2018-05-16 17:45:27,2,2,5,0
8jv27e,2018-05-16 13:50:46,8,r/gaming,3,2018-05-16 18:17:23,3,1,2,0
8jv27e,2018-05-16 13:50:46,8,r/gaming,3,2018-05-16 18:19:28,4,0,1,0
8jv27e,2018-05-16 13:50:46,8,r/gaming,3,2018-05-16 18:18:38,3,1,1,0
8jv27e,2018-05-16 13:50:46,8,r/gaming,3,2018-05-16 18:20:05,4,0,1,0
8jv27e,2018-05-16 13:50:46,8,r/gaming,3,2018-05-16 17:10:31,2,1,3,0
8jv27e,2018-05-16 13:50:46,8,r/gaming,3,2018-05-16 17:33:09,3,2,5,0
8jv27e,2018-05-16 13:50:46,8,r/gaming,3,2018-05-16 17:58:18,4,0,2,0
8jv27e,2018-05-16 13:50:46,8,r/gaming,3,2018-05-16 18:06:13,4,2,1,0
8jv27e,2018-05-16 13:50:46,8,r/gaming,3,2018-05-16 18:13:25,5,0,1,0
8jv27e,2018-05-16 13:50:46,8,r/gaming,3,2018-05-16 18:22:59,5,0,1,0
8jv27e,2018-05-16 13:50:46,8,r/gaming,3,2018-05-16 18:17:23,2,0,1,0
8jv27e,2018-05-16 13:50:46,8,r/gaming,3,2018-05-16 16:04:24,2,0,1,0
8jv27e,2018-05-16 13:50:46,8,r/gaming,3,2018-05-16 14:51:26,1,3,104,0
8jv27e,2018-05-16 13:50:46,8,r/gaming,3,2018-05-16 15:49:04,2,2,22,0
8jv27e,2018-05-16 13:50:46,8,r/gaming,3,2018-05-16 15:50:58,3,1,30,0
8jv27e,2018-05-16 13:50:46,8,r/gaming,3,2018-05-16 15:59:13,4,2,16,0
8jv27e,2018-05-16 13:50:46,8,r/gaming,3,2018-05-16 16:02:18,5,0,7,0
8jv27e,2018-05-16 13:50:46,8,r/gaming,3,2018-05-16 17:48:17,5,1,1,0
8jv27e,2018-05-16 13:50:46,8,r/gaming,3,2018-05-16 17:56:40,6,0,1,0
8jv27e,2018-05-16 13:50:46,8,r/gaming,3,2018-05-16 18:03:53,3,0,1,0
8jv27e,2018-05-16 13:50:46,8,r/gaming,3,2018-05-16 18:19:38,2,0,1,0
8jv27e,2018-05-16 13:50:46,8,r/gaming,3,2018-05-16 17:28:28,2,1,1,0
8jv27e,2018-05-16 13:50:46,8,r/gaming,3,2018-05-16 17:30:02,3,2,8,0
8jv27e,2018-05-16 13:50:46,8,r/gaming,3,2018-05-16 17:43:25,4,1,4,0
8jv27e,2018-05-16 13:50:46,8,r/gaming,3,2018-05-16 18:05:02,5,1,3,0
8jv27e,2018-05-16 13:50:46,8,r/gaming,3,2018-05-16 18:07:11,6,0,1,0
8jv27e,2018-05-16 13:50:46,8,r/gaming,3,2018-05-16 17:57:44,4,1,1,0
8jv27e,2018-05-16 13:50:46,8,r/gaming,3,2018-05-16 18:09:36,5,0,1,0
8jv27e,2018-05-16 13:50:46,8,r/gaming,3,2018-05-16 15:33:15,1,4,9,0
8jv27e,2018-05-16 13:50:46,8,r/gaming,3,2018-05-16 17:46:08,2,1,3,0
8jv27e,2018-05-16 13:50:46,8,r/gaming,3,2018-05-16 18:00:06,3,4,4,0
8jv27e,2018-05-16 13:50:46,8,r/gaming,3,2018-05-16 18:13:56,4,0,2,0
8jv27e,2018-05-16 13:50:46,8,r/gaming,3,2018-05-16 18:15:08,4,0,1,0
8jv27e,2018-05-16 13:50:46,8,r/gaming,3,2018-05-16 18:20:55,4,0,1,0
8jv27e,2018-05-16 13:50:46,8,r/gaming,3,2018-05-16 18:25:08,4,0,1,0
8jv27e,2018-05-16 13:50:46,8,r/gaming,3,2018-05-16 15:43:25,2,0,16,0
8jv27e,2018-05-16 13:50:46,8,r/gaming,3,2018-05-16 15:49:26,2,0,5,0
8jv27e,2018-05-16 13:50:46,8,r/gaming,3,2018-05-16 18:20:46,2,0,1,0
8jv27e,2018-05-16 13:50:46,8,r/gaming,3,2018-05-16 17:44:59,1,0,3,0
8jv27e,2018-05-16 13:50:46,8,r/gaming,3,2018-05-16 18:04:43,1,1,3,0
8jv27e,2018-05-16 13:50:46,8,r/gaming,3,2018-05-16 18:15:50,2,0,3,0
8jv27e,2018-05-16 13:50:46,8,r/gaming,3,2018-05-16 18:12:37,1,0,3,0
8jv27e,2018-05-16 13:50:46,8,r/gaming,3,2018-05-16 17:06:07,1,0,4,0
8jv27e,2018-05-16 13:50:46,8,r/gaming,3,2018-05-16 17:34:58,1,1,2,0
8jv27e,2018-05-16 13:50:46,8,r/gaming,3,2018-05-16 18:19:07,2,0,1,0
8jv27e,2018-05-16 13:50:46,8,r/gaming,3,2018-05-16 18:05:16,1,0,2,0
8jv27e,2018-05-16 13:50:46,8,r/gaming,3,2018-05-16 18:13:40,1,0,2,0
8jv27e,2018-05-16 13:50:46,8,r/gaming,3,2018-05-16 17:30:11,1,0,2,0
8jv27e,2018-05-16 13:50:46,8,r/gaming,3,2018-05-16 18:00:12,1,0,1,0
8jv27e,2018-05-16 13:50:46,8,r/gaming,3,2018-05-16 17:48:21,1,0,1,0
8jv27e,2018-05-16 13:50:46,8,r/gaming,3,2018-05-16 18:15:46,1,0,0,0
8jv27e,2018-05-16 13:50:46,8,r/gaming,3,2018-05-16 16:20:07,1,3,-39,0
8jv27e,2018-05-16 13:50:46,8,r/gaming,3,2018-05-16 17:10:17,2,2,9,0
8jv27e,2018-05-16 13:50:46,8,r/gaming,3,2018-05-16 17:28:38,3,1,1,0
8jv27e,2018-05-16 13:50:46,8,r/gaming,3,2018-05-16 17:32:23,4,1,4,0
8jv27e,2018-05-16 13:50:46,8,r/gaming,3,2018-05-16 17:36:04,5,0,-1,0
8jv27e,2018-05-16 13:50:46,8,r/gaming,3,2018-05-16 18:05:45,3,0,0,0
8jv27e,2018-05-16 13:50:46,8,r/gaming,3,2018-05-16 17:37:44,2,0,2,0
8jv27e,2018-05-16 13:50:46,8,r/gaming,3,2018-05-16 16:28:38,2,3,-9,0
8jv27e,2018-05-16 13:50:46,8,r/gaming,3,2018-05-16 17:38:45,3,1,2,0
8jv27e,2018-05-16 13:50:46,8,r/gaming,3,2018-05-16 17:42:01,4,2,-5,0
8jv27e,2018-05-16 13:50:46,8,r/gaming,3,2018-05-16 18:01:03,5,1,2,0
8jv27e,2018-05-16 13:50:46,8,r/gaming,3,2018-05-16 18:03:55,6,1,0,0
8jv27e,2018-05-16 13:50:46,8,r/gaming,3,2018-05-16 18:10:57,7,1,1,0
8jv27e,2018-05-16 13:50:46,8,r/gaming,3,2018-05-16 18:15:43,8,1,0,0
8jv27e,2018-05-16 13:50:46,8,r/gaming,3,2018-05-16 18:18:58,9,0,1,0
8jv27e,2018-05-16 13:50:46,8,r/gaming,3,2018-05-16 17:54:05,5,2,2,0
8jv27e,2018-05-16 13:50:46,8,r/gaming,3,2018-05-16 18:07:43,6,1,1,0
8jv27e,2018-05-16 13:50:46,8,r/gaming,3,2018-05-16 18:13:19,7,1,1,0
8jv27e,2018-05-16 13:50:46,8,r/gaming,3,2018-05-16 18:24:25,8,0,1,0
8jv27e,2018-05-16 13:50:46,8,r/gaming,3,2018-05-16 18:00:04,6,1,0,0
8jv27e,2018-05-16 13:50:46,8,r/gaming,3,2018-05-16 18:10:01,7,1,1,0
8jv27e,2018-05-16 13:50:46,8,r/gaming,3,2018-05-16 18:12:36,8,1,-1,0
8jv27e,2018-05-16 13:50:46,8,r/gaming,3,2018-05-16 18:20:11,9,1,1,0
8jv27e,2018-05-16 13:50:46,8,r/gaming,3,2018-05-16 17:39:07,3,1,2,0
8jv27e,2018-05-16 13:50:46,8,r/gaming,3,2018-05-16 17:43:59,4,1,1,0
8jv27e,2018-05-16 13:50:46,8,r/gaming,3,2018-05-16 17:52:08,5,1,1,0
8jv27e,2018-05-16 13:50:46,8,r/gaming,3,2018-05-16 17:56:49,6,0,1,0
8jv27e,2018-05-16 13:50:46,8,r/gaming,3,2018-05-16 17:01:10,3,1,-7,0
8jv27e,2018-05-16 13:50:46,8,r/gaming,3,2018-05-16 17:27:49,4,3,-4,0
8jv27e,2018-05-16 13:50:46,8,r/gaming,3,2018-05-16 17:33:46,5,0,0,0
8jv27e,2018-05-16 13:50:46,8,r/gaming,3,2018-05-16 18:09:40,5,0,0,0
8jv27e,2018-05-16 13:50:46,8,r/gaming,3,2018-05-16 17:31:53,5,2,-1,0
8jv27e,2018-05-16 13:50:46,8,r/gaming,3,2018-05-16 17:36:49,6,0,-1,0
8jv27e,2018-05-16 13:50:46,8,r/gaming,3,2018-05-16 17:37:23,6,1,-2,0
8jv27e,2018-05-16 13:50:46,8,r/gaming,3,2018-05-16 17:58:15,7,1,1,0
8jv27e,2018-05-16 13:50:46,8,r/gaming,3,2018-05-16 18:02:21,8,1,-1,0
8jv27e,2018-05-16 13:50:46,8,r/gaming,3,2018-05-16 18:07:10,9,1,2,0
8jv27e,2018-05-16 13:50:46,8,r/gaming,3,2018-05-16 17:22:41,1,0,-8,0
8jv27e,2018-05-16 13:50:46,8,r/gaming,3,2018-05-16 17:30:41,1,1,-4,0
8jv27e,2018-05-16 13:50:46,8,r/gaming,3,2018-05-16 18:05:45,2,0,1,0
8jv27e,2018-05-16 13:50:46,8,r/gaming,3,2018-05-16 17:33:04,1,0,-4,0
8jv27e,2018-05-16 13:50:46,8,r/gaming,4,2018-05-16 13:51:37,0,7,79,0
8jv27e,2018-05-16 13:50:46,8,r/gaming,4,2018-05-16 17:46:47,1,1,8,0
8jv27e,2018-05-16 13:50:46,8,r/gaming,4,2018-05-16 18:06:40,2,1,3,0
8jv27e,2018-05-16 13:50:46,8,r/gaming,4,2018-05-16 18:13:44,3,0,1,0
8jv27e,2018-05-16 13:50:46,8,r/gaming,4,2018-05-16 17:52:29,1,1,4,0
8jv27e,2018-05-16 13:50:46,8,r/gaming,4,2018-05-16 18:00:15,2,0,4,0
8jv27e,2018-05-16 13:50:46,8,r/gaming,4,2018-05-16 18:17:30,1,0,1,0
8jv27e,2018-05-16 13:50:46,8,r/gaming,4,2018-05-16 15:12:04,1,0,1,0
8jv27e,2018-05-16 13:50:46,8,r/gaming,4,2018-05-16 16:18:59,1,0,1,0
8jv27e,2018-05-16 13:50:46,8,r/gaming,4,2018-05-16 17:34:40,1,0,0,0
8jv27e,2018-05-16 13:50:46,8,r/gaming,4,2018-05-16 17:38:48,1,0,0,0
8jv27e,2018-05-16 13:50:46,8,r/gaming,5,2018-05-16 17:23:11,0,1,17,0
8jv27e,2018-05-16 13:50:46,8,r/gaming,5,2018-05-16 17:31:18,1,0,4,0
8jv27e,2018-05-16 13:50:46,8,r/gaming,6,2018-05-16 15:13:05,0,3,30,0
8jv27e,2018-05-16 13:50:46,8,r/gaming,6,2018-05-16 15:35:32,1,0,20,0
8jv27e,2018-05-16 13:50:46,8,r/gaming,6,2018-05-16 17:47:15,1,0,5,0
8jv27e,2018-05-16 13:50:46,8,r/gaming,6,2018-05-16 17:41:53,1,0,2,0
8jv27e,2018-05-16 13:50:46,8,r/gaming,7,2018-05-16 17:13:59,0,0,8,0
8jv27e,2018-05-16 13:50:46,8,r/gaming,8,2018-05-16 17:52:54,0,2,8,0
8jv27e,2018-05-16 13:50:46,8,r/gaming,8,2018-05-16 18:15:37,1,0,2,0
8jv27e,2018-05-16 13:50:46,8,r/gaming,8,2018-05-16 18:26:41,1,0,1,0
8jv27e,2018-05-16 13:50:46,8,r/gaming,9,2018-05-16 16:57:11,0,9,136,0
8jv27e,2018-05-16 13:50:46,8,r/gaming,9,2018-05-16 17:04:11,1,0,68,0
8jv27e,2018-05-16 13:50:46,8,r/gaming,9,2018-05-16 17:15:35,1,0,45,0
8jv27e,2018-05-16 13:50:46,8,r/gaming,9,2018-05-16 17:19:25,1,2,47,0
8jv27e,2018-05-16 13:50:46,8,r/gaming,9,2018-05-16 17:48:17,2,0,12,0
8jv27e,2018-05-16 13:50:46,8,r/gaming,9,2018-05-16 17:23:38,2,2,1,0
8jv27e,2018-05-16 13:50:46,8,r/gaming,9,2018-05-16 17:34:19,3,1,-3,0
8jv27e,2018-05-16 13:50:46,8,r/gaming,9,2018-05-16 18:03:42,4,0,4,0
8jv27e,2018-05-16 13:50:46,8,r/gaming,9,2018-05-16 17:29:52,3,1,-6,0
8jv27e,2018-05-16 13:50:46,8,r/gaming,9,2018-05-16 18:02:06,4,0,3,0
8jv27e,2018-05-16 13:50:46,8,r/gaming,9,2018-05-16 17:21:06,1,0,13,0
8jv27e,2018-05-16 13:50:46,8,r/gaming,9,2018-05-16 18:11:36,1,0,5,0
8jv27e,2018-05-16 13:50:46,8,r/gaming,9,2018-05-16 17:32:38,1,0,2,0
8jv27e,2018-05-16 13:50:46,8,r/gaming,9,2018-05-16 17:12:42,1,1,-7,0
8jv27e,2018-05-16 13:50:46,8,r/gaming,9,2018-05-16 17:41:03,2,1,-10,0
8jv27e,2018-05-16 13:50:46,8,r/gaming,9,2018-05-16 18:03:24,3,0,4,0
8jv27e,2018-05-16 13:50:46,8,r/gaming,9,2018-05-16 18:28:10,1,0,1,0
8jv27e,2018-05-16 13:50:46,8,r/gaming,9,2018-05-16 17:47:22,1,1,-6,0
8jv27e,2018-05-16 13:50:46,8,r/gaming,9,2018-05-16 17:59:47,2,1,3,0
8jv27e,2018-05-16 13:50:46,8,r/gaming,9,2018-05-16 18:25:17,3,0,1,0
8jv27e,2018-05-16 13:50:46,8,r/gaming,10,2018-05-16 17:03:41,0,0,7,0
8jv27e,2018-05-16 13:50:46,8,r/gaming,11,2018-05-16 17:21:00,0,0,3,0
8jv27e,2018-05-16 13:50:46,8,r/gaming,12,2018-05-16 17:33:38,0,0,3,0
8jv27e,2018-05-16 13:50:46,8,r/gaming,13,2018-05-16 18:04:38,0,0,8,0
8jv27e,2018-05-16 13:50:46,8,r/gaming,14,2018-05-16 18:16:32,0,0,4,0
8jv27e,2018-05-16 13:50:46,8,r/gaming,15,2018-05-16 17:31:26,0,0,2,0
8jv27e,2018-05-16 13:50:46,8,r/gaming,16,2018-05-16 18:05:41,0,1,2,0
8jv27e,2018-05-16 13:50:46,8,r/gaming,16,2018-05-16 18:28:06,1,0,1,0
8jv27e,2018-05-16 13:50:46,8,r/gaming,17,2018-05-16 15:26:32,0,1,4,0
8jv27e,2018-05-16 13:50:46,8,r/gaming,17,2018-05-16 18:21:53,1,0,1,0
8jv27e,2018-05-16 13:50:46,8,r/gaming,18,2018-05-16 17:01:23,0,0,2,0
8jv27e,2018-05-16 13:50:46,8,r/gaming,19,2018-05-16 15:20:53,0,0,2,0
8jv27e,2018-05-16 13:50:46,8,r/gaming,20,2018-05-16 15:24:40,0,0,1,0
8jv27e,2018-05-16 13:50:46,8,r/gaming,21,2018-05-16 15:51:26,0,0,2,0
8jv27e,2018-05-16 13:50:46,8,r/gaming,22,2018-05-16 15:16:45,0,3,1,0
8jv27e,2018-05-16 13:50:46,8,r/gaming,22,2018-05-16 17:10:53,1,1,13,0
8jv27e,2018-05-16 13:50:46,8,r/gaming,22,2018-05-16 17:21:01,2,0,-3,0
8jv27e,2018-05-16 13:50:46,8,r/gaming,22,2018-05-16 15:48:08,1,3,7,0
8jv27e,2018-05-16 13:50:46,8,r/gaming,22,2018-05-16 17:40:41,2,0,2,0
8jv27e,2018-05-16 13:50:46,8,r/gaming,22,2018-05-16 15:55:49,2,1,1,0
8jv27e,2018-05-16 13:50:46,8,r/gaming,22,2018-05-16 18:21:43,3,0,1,0
8jv27e,2018-05-16 13:50:46,8,r/gaming,22,2018-05-16 17:48:19,2,2,-4,0
8jv27e,2018-05-16 13:50:46,8,r/gaming,22,2018-05-16 18:01:38,3,1,1,0
8jv27e,2018-05-16 13:50:46,8,r/gaming,22,2018-05-16 18:10:43,4,0,0,0
8jv27e,2018-05-16 13:50:46,8,r/gaming,22,2018-05-16 18:07:31,3,1,1,0
8jv27e,2018-05-16 13:50:46,8,r/gaming,22,2018-05-16 18:09:51,4,0,1,0
8jv27e,2018-05-16 13:50:46,8,r/gaming,22,2018-05-16 18:19:30,1,0,0,0
8jv27e,2018-05-16 13:50:46,8,r/gaming,23,2018-05-16 17:22:18,0,0,0,0
8jv27e,2018-05-16 13:50:46,8,r/gaming,24,2018-05-16 14:24:20,0,2,1,0
8jv27e,2018-05-16 13:50:46,8,r/gaming,24,2018-05-16 14:43:42,1,0,1,0
8jv27e,2018-05-16 13:50:46,8,r/gaming,24,2018-05-16 16:17:00,1,0,2,0
8jv27e,2018-05-16 13:50:46,8,r/gaming,25,2018-05-16 17:23:34,0,0,1,0
8jv27e,2018-05-16 13:50:46,8,r/gaming,26,2018-05-16 17:25:39,0,0,1,0
8jv27e,2018-05-16 13:50:46,8,r/gaming,27,2018-05-16 17:27:05,0,0,1,0
8jv27e,2018-05-16 13:50:46,8,r/gaming,28,2018-05-16 17:29:34,0,0,1,0
8jv27e,2018-05-16 13:50:46,8,r/gaming,29,2018-05-16 17:30:14,0,0,1,0
8jv27e,2018-05-16 13:50:46,8,r/gaming,30,2018-05-16 17:32:37,0,0,1,0
8jv27e,2018-05-16 13:50:46,8,r/gaming,31,2018-05-16 17:33:55,0,0,1,0
8jv27e,2018-05-16 13:50:46,8,r/gaming,32,2018-05-16 17:36:58,0,0,1,0
8jv27e,2018-05-16 13:50:46,8,r/gaming,33,2018-05-16 17:38:01,0,0,1,0
8jv27e,2018-05-16 13:50:46,8,r/gaming,34,2018-05-16 17:40:44,0,0,1,0
8jv27e,2018-05-16 13:50:46,8,r/gaming,35,2018-05-16 17:48:02,0,0,1,0
8jv27e,2018-05-16 13:50:46,8,r/gaming,36,2018-05-16 17:49:20,0,0,1,0
8jv27e,2018-05-16 13:50:46,8,r/gaming,37,2018-05-16 17:49:21,0,0,1,0
8jv27e,2018-05-16 13:50:46,8,r/gaming,38,2018-05-16 17:51:12,0,0,1,0
8jv27e,2018-05-16 13:50:46,8,r/gaming,39,2018-05-16 17:53:26,0,0,1,0
8jv27e,2018-05-16 13:50:46,8,r/gaming,40,2018-05-16 17:54:37,0,0,1,0
8jv27e,2018-05-16 13:50:46,8,r/gaming,41,2018-05-16 17:54:47,0,0,1,0
8jv27e,2018-05-16 13:50:46,8,r/gaming,42,2018-05-16 17:57:21,0,0,1,0
8jv27e,2018-05-16 13:50:46,8,r/gaming,43,2018-05-16 17:58:33,0,0,1,0
8jv27e,2018-05-16 13:50:46,8,r/gaming,44,2018-05-16 17:59:08,0,0,1,0
8jv27e,2018-05-16 13:50:46,8,r/gaming,45,2018-05-16 18:03:46,0,0,1,0
8jv27e,2018-05-16 13:50:46,8,r/gaming,46,2018-05-16 18:05:14,0,0,1,0
8jv27e,2018-05-16 13:50:46,8,r/gaming,47,2018-05-16 18:09:09,0,0,1,0
8jv27e,2018-05-16 13:50:46,8,r/gaming,48,2018-05-16 18:09:28,0,0,1,0
8jv27e,2018-05-16 13:50:46,8,r/gaming,49,2018-05-16 18:10:27,0,0,1,0
8jv27e,2018-05-16 13:50:46,8,r/gaming,50,2018-05-16 18:11:13,0,0,1,0
8jv27e,2018-05-16 13:50:46,8,r/gaming,51,2018-05-16 18:11:17,0,0,1,0
8jv27e,2018-05-16 13:50:46,8,r/gaming,52,2018-05-16 18:11:33,0,0,1,0
8jv27e,2018-05-16 13:50:46,8,r/gaming,53,2018-05-16 18:12:04,0,0,1,0
8jv27e,2018-05-16 13:50:46,8,r/gaming,54,2018-05-16 18:12:26,0,0,1,0
8jv27e,2018-05-16 13:50:46,8,r/gaming,55,2018-05-16 18:12:48,0,0,1,0
8jv27e,2018-05-16 13:50:46,8,r/gaming,56,2018-05-16 18:13:42,0,0,1,0
8jv27e,2018-05-16 13:50:46,8,r/gaming,57,2018-05-16 18:13:47,0,0,1,0
8jv27e,2018-05-16 13:50:46,8,r/gaming,58,2018-05-16 18:14:07,0,0,1,0
8jv27e,2018-05-16 13:50:46,8,r/gaming,59,2018-05-16 18:15:30,0,0,1,0
8jv27e,2018-05-16 13:50:46,8,r/gaming,60,2018-05-16 18:15:33,0,0,1,0
8jv27e,2018-05-16 13:50:46,8,r/gaming,61,2018-05-16 18:15:54,0,0,1,0
8jv27e,2018-05-16 13:50:46,8,r/gaming,62,2018-05-16 18:17:07,0,0,1,0
8jv27e,2018-05-16 13:50:46,8,r/gaming,63,2018-05-16 18:18:20,0,0,1,0
8jv27e,2018-05-16 13:50:46,8,r/gaming,64,2018-05-16 18:19:31,0,0,1,0
8jv27e,2018-05-16 13:50:46,8,r/gaming,65,2018-05-16 18:20:41,0,0,1,0
8jv27e,2018-05-16 13:50:46,8,r/gaming,66,2018-05-16 18:20:46,0,0,1,0
8jv27e,2018-05-16 13:50:46,8,r/gaming,67,2018-05-16 18:21:36,0,0,1,0
8jv27e,2018-05-16 13:50:46,8,r/gaming,68,2018-05-16 18:24:55,0,0,1,0
8jv27e,2018-05-16 13:50:46,8,r/gaming,69,2018-05-16 18:27:49,0,0,1,0
8jv27e,2018-05-16 13:50:46,8,r/gaming,70,2018-05-16 18:28:30,0,0,1,0
8jv27e,2018-05-16 13:50:46,8,r/gaming,71,2018-05-16 14:06:14,0,0,1,0
8jv27e,2018-05-16 13:50:46,8,r/gaming,72,2018-05-16 14:29:19,0,0,1,0
8jv27e,2018-05-16 13:50:46,8,r/gaming,73,2018-05-16 14:30:00,0,0,-1,0
8jv27e,2018-05-16 13:50:46,8,r/gaming,74,2018-05-16 17:21:52,0,1,-1,0
8jv27e,2018-05-16 13:50:46,8,r/gaming,74,2018-05-16 18:05:24,1,0,0,0
8jv27e,2018-05-16 13:50:46,8,r/gaming,75,2018-05-16 16:03:41,0,0,2,0
8jv27e,2018-05-16 13:50:46,8,r/gaming,76,2018-05-16 16:58:42,0,0,1,0
8jv27e,2018-05-16 13:50:46,8,r/gaming,77,2018-05-16 17:27:08,0,0,1,0
8jv27e,2018-05-16 13:50:46,8,r/gaming,78,2018-05-16 18:05:38,0,0,1,0
8jv27e,2018-05-16 13:50:46,8,r/gaming,79,2018-05-16 18:07:22,0,0,1,0
8jv27e,2018-05-16 13:50:46,8,r/gaming,80,2018-05-16 18:23:24,0,0,1,0
8jv27e,2018-05-16 13:50:46,8,r/gaming,81,2018-05-16 18:26:05,0,0,1,0
8jv27e,2018-05-16 13:50:46,8,r/gaming,82,2018-05-16 14:15:20,0,1,-2,0
8jv27e,2018-05-16 13:50:46,8,r/gaming,82,2018-05-16 14:42:24,1,0,-12,0
8jv27e,2018-05-16 13:50:46,8,r/gaming,83,2018-05-16 14:34:52,0,0,0,0
8jv27e,2018-05-16 13:50:46,8,r/gaming,84,2018-05-16 14:49:30,0,0,-2,0
8jv27e,2018-05-16 13:50:46,8,r/gaming,85,2018-05-16 16:32:48,0,0,0,0
8jv27e,2018-05-16 13:50:46,8,r/gaming,86,2018-05-16 17:01:03,0,1,-1,0
8jv27e,2018-05-16 13:50:46,8,r/gaming,86,2018-05-16 18:16:17,1,1,1,0
8jv27e,2018-05-16 13:50:46,8,r/gaming,86,2018-05-16 18:29:31,2,0,1,0
8jv27e,2018-05-16 13:50:46,8,r/gaming,87,2018-05-16 16:06:44,0,1,-1,0
8jv27e,2018-05-16 13:50:46,8,r/gaming,87,2018-05-16 18:18:49,1,1,2,0
8jv27e,2018-05-16 13:50:46,8,r/gaming,87,2018-05-16 18:22:13,2,0,1,0
8jv27e,2018-05-16 13:50:46,8,r/gaming,88,2018-05-16 16:00:49,0,0,0,0
8jv27e,2018-05-16 13:50:46,8,r/gaming,89,2018-05-16 16:11:55,0,1,0,0
8jv27e,2018-05-16 13:50:46,8,r/gaming,89,2018-05-16 16:35:23,1,1,1,0
8jv27e,2018-05-16 13:50:46,8,r/gaming,89,2018-05-16 16:51:58,2,1,3,0
8jv27e,2018-05-16 13:50:46,8,r/gaming,89,2018-05-16 16:53:49,3,0,2,0
8jv27e,2018-05-16 13:50:46,8,r/gaming,90,2018-05-16 16:34:23,0,1,0,0
8jv27e,2018-05-16 13:50:46,8,r/gaming,90,2018-05-16 18:17:31,1,0,1,0
8jv27e,2018-05-16 13:50:46,8,r/gaming,91,2018-05-16 16:59:02,0,1,0,0
8jv27e,2018-05-16 13:50:46,8,r/gaming,91,2018-05-16 18:16:32,1,0,0,0
8jv27e,2018-05-16 13:50:46,8,r/gaming,92,2018-05-16 17:44:52,0,0,-1,0
8jv27e,2018-05-16 13:50:46,8,r/gaming,93,2018-05-16 14:24:37,0,0,1,0
8jv27e,2018-05-16 13:50:46,8,r/gaming,94,2018-05-16 15:09:29,0,0,0,0
8jv27e,2018-05-16 13:50:46,8,r/gaming,95,2018-05-16 15:58:52,0,0,0,0
8jv27e,2018-05-16 13:50:46,8,r/gaming,96,2018-05-16 16:13:26,0,0,0,0
8jv27e,2018-05-16 13:50:46,8,r/gaming,97,2018-05-16 16:15:49,0,0,0,0
8jv27e,2018-05-16 13:50:46,8,r/gaming,98,2018-05-16 16:58:34,0,0,0,0
8jv27e,2018-05-16 13:50:46,8,r/gaming,99,2018-05-16 17:52:42,0,0,0,0
8jv27e,2018-05-16 13:50:46,8,r/gaming,100,2018-05-16 18:07:18,0,0,0,0
8jv27e,2018-05-16 13:50:46,8,r/gaming,101,2018-05-16 16:50:29,0,0,-1,0
8jv27e,2018-05-16 13:50:46,8,r/gaming,102,2018-05-16 14:27:14,0,2,-11,0
8jv27e,2018-05-16 13:50:46,8,r/gaming,102,2018-05-16 14:42:39,1,1,4,0
8jv27e,2018-05-16 13:50:46,8,r/gaming,102,2018-05-16 15:30:01,2,1,5,0
8jv27e,2018-05-16 13:50:46,8,r/gaming,102,2018-05-16 15:47:42,3,0,4,0
8jv27e,2018-05-16 13:50:46,8,r/gaming,102,2018-05-16 16:32:32,1,1,0,0
8jv27e,2018-05-16 13:50:46,8,r/gaming,102,2018-05-16 17:28:52,2,0,1,0
8jv27e,2018-05-16 13:50:46,8,r/gaming,103,2018-05-16 16:33:38,0,1,-13,0
8jv27e,2018-05-16 13:50:46,8,r/gaming,103,2018-05-16 17:08:05,1,1,7,0
8jv27e,2018-05-16 13:50:46,8,r/gaming,103,2018-05-16 17:39:44,2,1,-3,0
8jv27e,2018-05-16 13:50:46,8,r/gaming,103,2018-05-16 17:40:27,3,1,3,0
8jv27e,2018-05-16 13:50:46,8,r/gaming,103,2018-05-16 17:41:18,4,1,-2,0
8jv27e,2018-05-16 13:50:46,8,r/gaming,103,2018-05-16 17:42:45,5,1,3,0
8jv27e,2018-05-16 13:50:46,8,r/gaming,103,2018-05-16 17:44:10,6,1,-3,0
8jv27e,2018-05-16 13:50:46,8,r/gaming,103,2018-05-16 18:07:35,7,1,0,0
8jv27e,2018-05-16 13:50:46,8,r/gaming,103,2018-05-16 18:23:07,8,0,-1,0
8jv27e,2018-05-16 13:50:46,8,r/gaming,104,2018-05-16 16:31:07,0,0,-1,0
8jv27e,2018-05-16 13:50:46,8,r/gaming,105,2018-05-16 17:21:44,0,0,-1,0
8jv27e,2018-05-16 13:50:46,8,r/gaming,106,2018-05-16 17:11:01,0,1,0,0
8jv27e,2018-05-16 13:50:46,8,r/gaming,106,2018-05-16 18:15:42,1,0,1,0
8jv27e,2018-05-16 13:50:46,8,r/gaming,107,2018-05-16 17:26:03,0,0,0,0
8jv27e,2018-05-16 13:50:46,8,r/gaming,108,2018-05-16 17:26:04,0,0,0,0
8jv27e,2018-05-16 13:50:46,8,r/gaming,109,2018-05-16 17:26:34,0,0,0,0
8jv27e,2018-05-16 13:50:46,8,r/gaming,110,2018-05-16 17:33:44,0,0,0,0
8jv27e,2018-05-16 13:50:46,8,r/gaming,111,2018-05-16 17:35:11,0,0,0,0
8jv27e,2018-05-16 13:50:46,8,r/gaming,112,2018-05-16 17:35:17,0,1,0,0
8jv27e,2018-05-16 13:50:46,8,r/gaming,112,2018-05-16 18:10:02,1,0,2,0
8jv27e,2018-05-16 13:50:46,8,r/gaming,113,2018-05-16 17:38:53,0,0,0,0
8jv27e,2018-05-16 13:50:46,8,r/gaming,114,2018-05-16 17:41:04,0,0,0,0
8jv27e,2018-05-16 13:50:46,8,r/gaming,115,2018-05-16 17:41:20,0,0,0,0
8jv27e,2018-05-16 13:50:46,8,r/gaming,116,2018-05-16 17:50:28,0,0,0,0
8jv27e,2018-05-16 13:50:46,8,r/gaming,117,2018-05-16 17:50:53,0,0,0,0
8jv27e,2018-05-16 13:50:46,8,r/gaming,118,2018-05-16 17:53:37,0,0,0,0
8jv27e,2018-05-16 13:50:46,8,r/gaming,119,2018-05-16 17:59:02,0,0,0,0
8jv27e,2018-05-16 13:50:46,8,r/gaming,120,2018-05-16 18:00:02,0,0,0,0
8jv27e,2018-05-16 13:50:46,8,r/gaming,121,2018-05-16 18:00:31,0,0,0,0
8jv27e,2018-05-16 13:50:46,8,r/gaming,122,2018-05-16 18:01:53,0,1,0,0
8jv27e,2018-05-16 13:50:46,8,r/gaming,122,2018-05-16 18:08:38,1,0,1,0
8jv27e,2018-05-16 13:50:46,8,r/gaming,123,2018-05-16 18:04:55,0,0,0,0
8jv27e,2018-05-16 13:50:46,8,r/gaming,124,2018-05-16 18:08:28,0,0,0,0
8jv27e,2018-05-16 13:50:46,8,r/gaming,125,2018-05-16 18:18:29,0,0,0,0
8jv27e,2018-05-16 13:50:46,8,r/gaming,126,2018-05-16 18:25:32,0,0,0,0
8jv27e,2018-05-16 13:50:46,8,r/gaming,127,2018-05-16 16:26:34,0,0,-3,0
8jv27e,2018-05-16 13:50:46,8,r/gaming,128,2018-05-16 17:09:14,0,0,-1,0
8jv27e,2018-05-16 13:50:46,8,r/gaming,129,2018-05-16 18:10:23,0,0,-1,0
8jv27e,2018-05-16 13:50:46,8,r/gaming,130,2018-05-16 18:25:16,0,0,0,0
8jv27e,2018-05-16 13:50:46,8,r/gaming,131,2018-05-16 17:46:15,0,0,-2,0
8jv27e,2018-05-16 13:50:46,8,r/gaming,132,2018-05-16 17:49:22,0,0,-2,0
8jv27e,2018-05-16 13:50:46,8,r/gaming,133,2018-05-16 16:20:45,0,0,-3,0
8jv27e,2018-05-16 13:50:46,8,r/gaming,134,2018-05-16 17:37:59,0,0,-3,0
8jv27e,2018-05-16 13:50:46,8,r/gaming,135,2018-05-16 17:48:24,0,0,-3,0
8jv27e,2018-05-16 13:50:46,8,r/gaming,136,2018-05-16 16:30:27,0,0,-3,0
8jv27e,2018-05-16 13:50:46,8,r/gaming,137,2018-05-16 17:16:01,0,0,-4,0
8jv27e,2018-05-16 13:50:46,8,r/gaming,138,2018-05-16 17:44:37,0,0,-5,0
8jv27e,2018-05-16 13:50:46,8,r/gaming,139,2018-05-16 16:34:21,0,0,-6,0
8jvfnd,2018-05-16 14:40:31,9,r/GifRecipes,0,2018-05-16 15:07:06,0,54,2675,0
8jvfnd,2018-05-16 14:40:31,9,r/GifRecipes,0,2018-05-16 15:17:15,1,11,376,0
8jvfnd,2018-05-16 14:40:31,9,r/GifRecipes,0,2018-05-16 15:19:33,2,1,62,0
8jvfnd,2018-05-16 14:40:31,9,r/GifRecipes,0,2018-05-16 16:20:25,3,3,-33,0
8jvfnd,2018-05-16 14:40:31,9,r/GifRecipes,0,2018-05-16 16:38:26,4,1,29,0
8jvfnd,2018-05-16 14:40:31,9,r/GifRecipes,0,2018-05-16 16:50:26,5,0,-8,0
8jvfnd,2018-05-16 14:40:31,9,r/GifRecipes,0,2018-05-16 16:39:02,4,2,9,0
8jvfnd,2018-05-16 14:40:31,9,r/GifRecipes,0,2018-05-16 17:49:41,5,1,2,0
8jvfnd,2018-05-16 14:40:31,9,r/GifRecipes,0,2018-05-16 18:09:01,6,0,1,0
8jvfnd,2018-05-16 14:40:31,9,r/GifRecipes,0,2018-05-16 17:36:17,5,0,1,0
8jvfnd,2018-05-16 14:40:31,9,r/GifRecipes,0,2018-05-16 17:07:06,4,0,1,0
8jvfnd,2018-05-16 14:40:31,9,r/GifRecipes,0,2018-05-16 15:49:47,2,0,19,0
8jvfnd,2018-05-16 14:40:31,9,r/GifRecipes,0,2018-05-16 17:59:50,2,0,7,0
8jvfnd,2018-05-16 14:40:31,9,r/GifRecipes,0,2018-05-16 16:05:37,2,0,6,0
8jvfnd,2018-05-16 14:40:31,9,r/GifRecipes,0,2018-05-16 15:19:00,2,4,114,0
8jvfnd,2018-05-16 14:40:31,9,r/GifRecipes,0,2018-05-16 15:49:32,3,2,159,0
8jvfnd,2018-05-16 14:40:31,9,r/GifRecipes,0,2018-05-16 15:51:47,4,3,58,0
8jvfnd,2018-05-16 14:40:31,9,r/GifRecipes,0,2018-05-16 15:58:07,5,1,57,0
8jvfnd,2018-05-16 14:40:31,9,r/GifRecipes,0,2018-05-16 16:00:34,6,2,36,0
8jvfnd,2018-05-16 14:40:31,9,r/GifRecipes,0,2018-05-16 16:26:02,7,1,83,0
8jvfnd,2018-05-16 14:40:31,9,r/GifRecipes,0,2018-05-16 16:28:26,8,4,32,0
8jvfnd,2018-05-16 14:40:31,9,r/GifRecipes,0,2018-05-16 16:36:36,9,1,47,0
8jvfnd,2018-05-16 14:40:31,9,r/GifRecipes,0,2018-05-16 17:09:27,9,1,8,0
8jvfnd,2018-05-16 14:40:31,9,r/GifRecipes,0,2018-05-16 17:45:00,9,0,4,0
8jvfnd,2018-05-16 14:40:31,9,r/GifRecipes,0,2018-05-16 17:05:45,9,1,6,0
8jvfnd,2018-05-16 14:40:31,9,r/GifRecipes,0,2018-05-16 16:58:45,7,0,4,0
8jvfnd,2018-05-16 14:40:31,9,r/GifRecipes,0,2018-05-16 18:05:51,5,0,1,0
8jvfnd,2018-05-16 14:40:31,9,r/GifRecipes,0,2018-05-16 17:35:18,5,1,-4,0
8jvfnd,2018-05-16 14:40:31,9,r/GifRecipes,0,2018-05-16 18:23:36,6,0,0,0
8jvfnd,2018-05-16 14:40:31,9,r/GifRecipes,0,2018-05-16 15:52:14,4,1,-16,0
8jvfnd,2018-05-16 14:40:31,9,r/GifRecipes,0,2018-05-16 15:59:00,5,0,3,0
8jvfnd,2018-05-16 14:40:31,9,r/GifRecipes,0,2018-05-16 15:53:57,3,0,5,0
8jvfnd,2018-05-16 14:40:31,9,r/GifRecipes,0,2018-05-16 16:19:35,3,1,20,0
8jvfnd,2018-05-16 14:40:31,9,r/GifRecipes,0,2018-05-16 17:05:14,4,2,25,0
8jvfnd,2018-05-16 14:40:31,9,r/GifRecipes,0,2018-05-16 17:13:22,5,0,16,0
8jvfnd,2018-05-16 14:40:31,9,r/GifRecipes,0,2018-05-16 17:29:03,5,0,1,0
8jvfnd,2018-05-16 14:40:31,9,r/GifRecipes,0,2018-05-16 18:23:01,3,0,1,0
8jvfnd,2018-05-16 14:40:31,9,r/GifRecipes,0,2018-05-16 17:13:48,2,0,2,0
8jvfnd,2018-05-16 14:40:31,9,r/GifRecipes,0,2018-05-16 17:38:57,2,0,1,0
8jvfnd,2018-05-16 14:40:31,9,r/GifRecipes,0,2018-05-16 17:49:56,2,0,1,0
8jvfnd,2018-05-16 14:40:31,9,r/GifRecipes,0,2018-05-16 18:01:25,2,0,1,0
8jvfnd,2018-05-16 14:40:31,9,r/GifRecipes,0,2018-05-16 18:17:25,2,1,1,0
8jvfnd,2018-05-16 14:40:31,9,r/GifRecipes,0,2018-05-16 18:17:39,3,0,1,0
8jvfnd,2018-05-16 14:40:31,9,r/GifRecipes,0,2018-05-16 18:28:41,2,0,1,0
8jvfnd,2018-05-16 14:40:31,9,r/GifRecipes,0,2018-05-16 15:25:41,1,10,214,0
8jvfnd,2018-05-16 14:40:31,9,r/GifRecipes,0,2018-05-16 15:57:45,2,3,77,0
8jvfnd,2018-05-16 14:40:31,9,r/GifRecipes,0,2018-05-16 16:14:48,3,1,27,0
8jvfnd,2018-05-16 14:40:31,9,r/GifRecipes,0,2018-05-16 18:14:58,4,0,1,0
8jvfnd,2018-05-16 14:40:31,9,r/GifRecipes,0,2018-05-16 17:37:45,3,0,4,0
8jvfnd,2018-05-16 14:40:31,9,r/GifRecipes,0,2018-05-16 17:44:53,3,0,2,0
8jvfnd,2018-05-16 14:40:31,9,r/GifRecipes,0,2018-05-16 15:43:14,2,0,15,0
8jvfnd,2018-05-16 14:40:31,9,r/GifRecipes,0,2018-05-16 17:56:14,2,1,6,0
8jvfnd,2018-05-16 14:40:31,9,r/GifRecipes,0,2018-05-16 18:29:39,3,0,1,0
8jvfnd,2018-05-16 14:40:31,9,r/GifRecipes,0,2018-05-16 16:50:21,2,0,4,0
8jvfnd,2018-05-16 14:40:31,9,r/GifRecipes,0,2018-05-16 17:20:36,2,3,5,0
8jvfnd,2018-05-16 14:40:31,9,r/GifRecipes,0,2018-05-16 17:29:12,3,1,3,0
8jvfnd,2018-05-16 14:40:31,9,r/GifRecipes,0,2018-05-16 17:49:30,4,1,10,0
8jvfnd,2018-05-16 14:40:31,9,r/GifRecipes,0,2018-05-16 18:12:06,5,0,1,0
8jvfnd,2018-05-16 14:40:31,9,r/GifRecipes,0,2018-05-16 17:36:46,3,0,1,0
8jvfnd,2018-05-16 14:40:31,9,r/GifRecipes,0,2018-05-16 18:17:32,3,1,0,0
8jvfnd,2018-05-16 14:40:31,9,r/GifRecipes,0,2018-05-16 18:26:13,4,0,1,0
8jvfnd,2018-05-16 14:40:31,9,r/GifRecipes,0,2018-05-16 17:29:40,2,1,2,0
8jvfnd,2018-05-16 14:40:31,9,r/GifRecipes,0,2018-05-16 17:50:19,3,1,1,0
8jvfnd,2018-05-16 14:40:31,9,r/GifRecipes,0,2018-05-16 17:53:55,4,1,1,0
8jvfnd,2018-05-16 14:40:31,9,r/GifRecipes,0,2018-05-16 18:08:24,5,0,2,0
8jvfnd,2018-05-16 14:40:31,9,r/GifRecipes,0,2018-05-16 17:36:11,2,1,2,0
8jvfnd,2018-05-16 14:40:31,9,r/GifRecipes,0,2018-05-16 17:59:21,3,1,1,0
8jvfnd,2018-05-16 14:40:31,9,r/GifRecipes,0,2018-05-16 18:05:21,4,0,1,0
8jvfnd,2018-05-16 14:40:31,9,r/GifRecipes,0,2018-05-16 18:03:07,2,0,2,0
8jvfnd,2018-05-16 14:40:31,9,r/GifRecipes,0,2018-05-16 17:56:58,2,0,1,0
8jvfnd,2018-05-16 14:40:31,9,r/GifRecipes,0,2018-05-16 18:26:04,2,0,1,0
8jvfnd,2018-05-16 14:40:31,9,r/GifRecipes,0,2018-05-16 15:33:18,1,1,17,0
8jvfnd,2018-05-16 14:40:31,9,r/GifRecipes,0,2018-05-16 17:27:55,2,0,2,0
8jvfnd,2018-05-16 14:40:31,9,r/GifRecipes,0,2018-05-16 15:20:13,1,8,149,0
8jvfnd,2018-05-16 14:40:31,9,r/GifRecipes,0,2018-05-16 15:27:47,2,2,96,0
8jvfnd,2018-05-16 14:40:31,9,r/GifRecipes,0,2018-05-16 15:33:37,3,2,72,0
8jvfnd,2018-05-16 14:40:31,9,r/GifRecipes,0,2018-05-16 15:34:18,4,0,4,0
8jvfnd,2018-05-16 14:40:31,9,r/GifRecipes,0,2018-05-16 16:00:38,4,1,1,0
8jvfnd,2018-05-16 14:40:31,9,r/GifRecipes,0,2018-05-16 16:12:00,5,1,1,0
8jvfnd,2018-05-16 14:40:31,9,r/GifRecipes,0,2018-05-16 16:21:32,6,3,3,0
8jvfnd,2018-05-16 14:40:31,9,r/GifRecipes,0,2018-05-16 16:34:22,7,0,3,0
8jvfnd,2018-05-16 14:40:31,9,r/GifRecipes,0,2018-05-16 16:37:12,7,0,2,0
8jvfnd,2018-05-16 14:40:31,9,r/GifRecipes,0,2018-05-16 16:46:40,7,1,2,0
8jvfnd,2018-05-16 14:40:31,9,r/GifRecipes,0,2018-05-16 16:58:57,8,0,1,0
8jvfnd,2018-05-16 14:40:31,9,r/GifRecipes,0,2018-05-16 15:53:33,3,1,9,0
8jvfnd,2018-05-16 14:40:31,9,r/GifRecipes,0,2018-05-16 16:23:49,4,2,2,0
8jvfnd,2018-05-16 14:40:31,9,r/GifRecipes,0,2018-05-16 16:33:23,5,1,1,0
8jvfnd,2018-05-16 14:40:31,9,r/GifRecipes,0,2018-05-16 16:48:18,6,0,1,0
8jvfnd,2018-05-16 14:40:31,9,r/GifRecipes,0,2018-05-16 17:57:23,5,0,1,0
8jvfnd,2018-05-16 14:40:31,9,r/GifRecipes,0,2018-05-16 15:43:46,2,2,24,0
8jvfnd,2018-05-16 14:40:31,9,r/GifRecipes,0,2018-05-16 15:58:05,3,1,14,0
8jvfnd,2018-05-16 14:40:31,9,r/GifRecipes,0,2018-05-16 17:41:23,4,0,3,0
8jvfnd,2018-05-16 14:40:31,9,r/GifRecipes,0,2018-05-16 17:34:30,3,0,1,0
8jvfnd,2018-05-16 14:40:31,9,r/GifRecipes,0,2018-05-16 16:59:51,2,0,10,0
8jvfnd,2018-05-16 14:40:31,9,r/GifRecipes,0,2018-05-16 16:41:32,2,3,3,0
8jvfnd,2018-05-16 14:40:31,9,r/GifRecipes,0,2018-05-16 17:04:46,3,1,3,0
8jvfnd,2018-05-16 14:40:31,9,r/GifRecipes,0,2018-05-16 17:55:34,4,0,3,0
8jvfnd,2018-05-16 14:40:31,9,r/GifRecipes,0,2018-05-16 18:02:15,3,0,1,0
8jvfnd,2018-05-16 14:40:31,9,r/GifRecipes,0,2018-05-16 18:09:35,3,0,1,0
8jvfnd,2018-05-16 14:40:31,9,r/GifRecipes,0,2018-05-16 15:23:41,2,0,7,0
8jvfnd,2018-05-16 14:40:31,9,r/GifRecipes,0,2018-05-16 16:39:53,2,0,1,0
8jvfnd,2018-05-16 14:40:31,9,r/GifRecipes,0,2018-05-16 17:44:44,2,0,1,0
8jvfnd,2018-05-16 14:40:31,9,r/GifRecipes,0,2018-05-16 15:27:48,2,0,-4,0
8jvfnd,2018-05-16 14:40:31,9,r/GifRecipes,0,2018-05-16 15:33:37,1,0,9,0
8jvfnd,2018-05-16 14:40:31,9,r/GifRecipes,0,2018-05-16 15:37:01,1,1,10,0
8jvfnd,2018-05-16 14:40:31,9,r/GifRecipes,0,2018-05-16 15:39:58,2,0,3,0
8jvfnd,2018-05-16 14:40:31,9,r/GifRecipes,0,2018-05-16 16:54:03,1,0,10,0
8jvfnd,2018-05-16 14:40:31,9,r/GifRecipes,0,2018-05-16 17:20:09,1,2,7,0
8jvfnd,2018-05-16 14:40:31,9,r/GifRecipes,0,2018-05-16 18:03:42,2,1,1,0
8jvfnd,2018-05-16 14:40:31,9,r/GifRecipes,0,2018-05-16 18:07:16,3,0,1,0
8jvfnd,2018-05-16 14:40:31,9,r/GifRecipes,0,2018-05-16 18:04:41,2,0,1,0
8jvfnd,2018-05-16 14:40:31,9,r/GifRecipes,0,2018-05-16 15:53:15,1,0,27,0
8jvfnd,2018-05-16 14:40:31,9,r/GifRecipes,0,2018-05-16 16:47:06,1,1,6,0
8jvfnd,2018-05-16 14:40:31,9,r/GifRecipes,0,2018-05-16 17:19:53,2,2,5,0
8jvfnd,2018-05-16 14:40:31,9,r/GifRecipes,0,2018-05-16 17:24:51,3,0,1,0
8jvfnd,2018-05-16 14:40:31,9,r/GifRecipes,0,2018-05-16 17:41:51,3,0,1,0
8jvfnd,2018-05-16 14:40:31,9,r/GifRecipes,0,2018-05-16 15:55:13,1,1,3,0
8jvfnd,2018-05-16 14:40:31,9,r/GifRecipes,0,2018-05-16 15:56:50,2,0,5,0
8jvfnd,2018-05-16 14:40:31,9,r/GifRecipes,0,2018-05-16 16:37:44,1,1,6,0
8jvfnd,2018-05-16 14:40:31,9,r/GifRecipes,0,2018-05-16 16:49:30,2,0,7,0
8jvfnd,2018-05-16 14:40:31,9,r/GifRecipes,0,2018-05-16 16:44:27,1,0,3,0
8jvfnd,2018-05-16 14:40:31,9,r/GifRecipes,0,2018-05-16 17:03:17,1,0,3,0
8jvfnd,2018-05-16 14:40:31,9,r/GifRecipes,0,2018-05-16 17:14:37,1,0,3,0
8jvfnd,2018-05-16 14:40:31,9,r/GifRecipes,0,2018-05-16 15:46:57,1,3,5,0
8jvfnd,2018-05-16 14:40:31,9,r/GifRecipes,0,2018-05-16 15:52:48,2,3,26,0
8jvfnd,2018-05-16 14:40:31,9,r/GifRecipes,0,2018-05-16 15:55:29,3,1,5,0
8jvfnd,2018-05-16 14:40:31,9,r/GifRecipes,0,2018-05-16 18:08:50,4,0,1,0
8jvfnd,2018-05-16 14:40:31,9,r/GifRecipes,0,2018-05-16 17:07:01,3,1,1,0
8jvfnd,2018-05-16 14:40:31,9,r/GifRecipes,0,2018-05-16 17:08:57,4,0,2,0
8jvfnd,2018-05-16 14:40:31,9,r/GifRecipes,0,2018-05-16 18:18:04,3,0,1,0
8jvfnd,2018-05-16 14:40:31,9,r/GifRecipes,0,2018-05-16 16:34:47,2,0,1,0
8jvfnd,2018-05-16 14:40:31,9,r/GifRecipes,0,2018-05-16 17:03:13,2,1,1,0
8jvfnd,2018-05-16 14:40:31,9,r/GifRecipes,0,2018-05-16 17:04:58,3,0,1,0
8jvfnd,2018-05-16 14:40:31,9,r/GifRecipes,0,2018-05-16 15:22:12,1,1,9,0
8jvfnd,2018-05-16 14:40:31,9,r/GifRecipes,0,2018-05-16 15:29:50,2,1,33,0
8jvfnd,2018-05-16 14:40:31,9,r/GifRecipes,0,2018-05-16 15:56:49,3,0,7,0
8jvfnd,2018-05-16 14:40:31,9,r/GifRecipes,0,2018-05-16 17:00:51,1,0,2,0
8jvfnd,2018-05-16 14:40:31,9,r/GifRecipes,0,2018-05-16 17:05:02,1,0,2,0
8jvfnd,2018-05-16 14:40:31,9,r/GifRecipes,0,2018-05-16 17:25:01,1,1,2,0
8jvfnd,2018-05-16 14:40:31,9,r/GifRecipes,0,2018-05-16 17:29:01,2,0,1,0
8jvfnd,2018-05-16 14:40:31,9,r/GifRecipes,0,2018-05-16 16:18:13,1,0,3,0
8jvfnd,2018-05-16 14:40:31,9,r/GifRecipes,0,2018-05-16 15:32:45,1,0,2,0
8jvfnd,2018-05-16 14:40:31,9,r/GifRecipes,0,2018-05-16 15:31:36,1,1,1,0
8jvfnd,2018-05-16 14:40:31,9,r/GifRecipes,0,2018-05-16 15:36:57,2,0,2,0
8jvfnd,2018-05-16 14:40:31,9,r/GifRecipes,0,2018-05-16 16:45:30,1,0,1,0
8jvfnd,2018-05-16 14:40:31,9,r/GifRecipes,0,2018-05-16 16:56:06,1,1,1,0
8jvfnd,2018-05-16 14:40:31,9,r/GifRecipes,0,2018-05-16 17:12:01,2,0,2,0
8jvfnd,2018-05-16 14:40:31,9,r/GifRecipes,0,2018-05-16 17:07:51,1,2,1,0
8jvfnd,2018-05-16 14:40:31,9,r/GifRecipes,0,2018-05-16 17:13:22,2,0,3,0
8jvfnd,2018-05-16 14:40:31,9,r/GifRecipes,0,2018-05-16 17:25:51,2,0,2,0
8jvfnd,2018-05-16 14:40:31,9,r/GifRecipes,0,2018-05-16 17:15:50,1,0,1,0
8jvfnd,2018-05-16 14:40:31,9,r/GifRecipes,0,2018-05-16 17:16:00,1,0,1,0
8jvfnd,2018-05-16 14:40:31,9,r/GifRecipes,0,2018-05-16 17:17:25,1,0,1,0
8jvfnd,2018-05-16 14:40:31,9,r/GifRecipes,0,2018-05-16 17:17:29,1,0,1,0
8jvfnd,2018-05-16 14:40:31,9,r/GifRecipes,0,2018-05-16 17:46:55,1,0,1,0
8jvfnd,2018-05-16 14:40:31,9,r/GifRecipes,0,2018-05-16 17:51:01,1,0,1,0
8jvfnd,2018-05-16 14:40:31,9,r/GifRecipes,0,2018-05-16 17:55:56,1,0,1,0
8jvfnd,2018-05-16 14:40:31,9,r/GifRecipes,0,2018-05-16 18:02:04,1,0,1,0
8jvfnd,2018-05-16 14:40:31,9,r/GifRecipes,0,2018-05-16 18:04:03,1,0,1,0
8jvfnd,2018-05-16 14:40:31,9,r/GifRecipes,0,2018-05-16 18:06:57,1,0,1,0
8jvfnd,2018-05-16 14:40:31,9,r/GifRecipes,0,2018-05-16 18:07:59,1,0,1,0
8jvfnd,2018-05-16 14:40:31,9,r/GifRecipes,0,2018-05-16 18:09:18,1,0,1,0
8jvfnd,2018-05-16 14:40:31,9,r/GifRecipes,0,2018-05-16 18:10:05,1,0,1,0
8jvfnd,2018-05-16 14:40:31,9,r/GifRecipes,0,2018-05-16 18:11:40,1,0,1,0
8jvfnd,2018-05-16 14:40:31,9,r/GifRecipes,0,2018-05-16 18:16:08,1,0,1,0
8jvfnd,2018-05-16 14:40:31,9,r/GifRecipes,0,2018-05-16 18:17:22,1,0,1,0
8jvfnd,2018-05-16 14:40:31,9,r/GifRecipes,0,2018-05-16 18:22:34,1,0,1,0
8jvfnd,2018-05-16 14:40:31,9,r/GifRecipes,0,2018-05-16 18:24:17,1,0,1,0
8jvfnd,2018-05-16 14:40:31,9,r/GifRecipes,0,2018-05-16 18:25:18,1,0,1,0
8jvfnd,2018-05-16 14:40:31,9,r/GifRecipes,0,2018-05-16 18:27:07,1,0,1,0
8jvfnd,2018-05-16 14:40:31,9,r/GifRecipes,0,2018-05-16 18:29:55,1,0,1,0
8jvfnd,2018-05-16 14:40:31,9,r/GifRecipes,0,2018-05-16 15:44:13,1,0,1,0
8jvfnd,2018-05-16 14:40:31,9,r/GifRecipes,0,2018-05-16 15:44:42,1,0,1,0
8jvfnd,2018-05-16 14:40:31,9,r/GifRecipes,0,2018-05-16 15:26:46,1,2,0,0
8jvfnd,2018-05-16 14:40:31,9,r/GifRecipes,0,2018-05-16 15:32:09,2,0,9,0
8jvfnd,2018-05-16 14:40:31,9,r/GifRecipes,0,2018-05-16 15:34:58,2,2,-16,0
8jvfnd,2018-05-16 14:40:31,9,r/GifRecipes,0,2018-05-16 15:57:24,3,1,12,0
8jvfnd,2018-05-16 14:40:31,9,r/GifRecipes,0,2018-05-16 16:06:50,4,5,-16,0
8jvfnd,2018-05-16 14:40:31,9,r/GifRecipes,0,2018-05-16 16:15:16,5,0,11,0
8jvfnd,2018-05-16 14:40:31,9,r/GifRecipes,0,2018-05-16 16:20:47,5,0,7,0
8jvfnd,2018-05-16 14:40:31,9,r/GifRecipes,0,2018-05-16 16:38:38,5,1,8,0
8jvfnd,2018-05-16 14:40:31,9,r/GifRecipes,0,2018-05-16 16:42:54,6,1,0,0
8jvfnd,2018-05-16 14:40:31,9,r/GifRecipes,0,2018-05-16 17:12:59,7,1,5,0
8jvfnd,2018-05-16 14:40:31,9,r/GifRecipes,0,2018-05-16 17:15:22,8,1,-2,0
8jvfnd,2018-05-16 14:40:31,9,r/GifRecipes,0,2018-05-16 17:16:35,9,1,5,0
8jvfnd,2018-05-16 14:40:31,9,r/GifRecipes,0,2018-05-16 16:42:29,5,1,3,0
8jvfnd,2018-05-16 14:40:31,9,r/GifRecipes,0,2018-05-16 16:46:23,6,0,-1,0
8jvfnd,2018-05-16 14:40:31,9,r/GifRecipes,0,2018-05-16 16:56:09,5,1,3,0
8jvfnd,2018-05-16 14:40:31,9,r/GifRecipes,0,2018-05-16 16:56:57,6,1,0,0
8jvfnd,2018-05-16 14:40:31,9,r/GifRecipes,0,2018-05-16 17:07:24,7,0,3,0
8jvfnd,2018-05-16 14:40:31,9,r/GifRecipes,0,2018-05-16 16:47:34,3,1,3,0
8jvfnd,2018-05-16 14:40:31,9,r/GifRecipes,0,2018-05-16 16:53:27,4,1,0,0
8jvfnd,2018-05-16 14:40:31,9,r/GifRecipes,0,2018-05-16 17:00:47,5,1,2,0
8jvfnd,2018-05-16 14:40:31,9,r/GifRecipes,0,2018-05-16 17:07:32,6,1,0,0
8jvfnd,2018-05-16 14:40:31,9,r/GifRecipes,0,2018-05-16 17:12:21,7,1,2,0
8jvfnd,2018-05-16 14:40:31,9,r/GifRecipes,0,2018-05-16 17:15:12,8,0,0,0
8jvfnd,2018-05-16 14:40:31,9,r/GifRecipes,0,2018-05-16 16:08:56,1,2,1,0
8jvfnd,2018-05-16 14:40:31,9,r/GifRecipes,0,2018-05-16 16:12:08,2,1,8,0
8jvfnd,2018-05-16 14:40:31,9,r/GifRecipes,0,2018-05-16 16:36:22,3,0,-1,0
8jvfnd,2018-05-16 14:40:31,9,r/GifRecipes,0,2018-05-16 16:39:26,2,1,3,0
8jvfnd,2018-05-16 14:40:31,9,r/GifRecipes,0,2018-05-16 16:40:53,3,0,2,0
8jvfnd,2018-05-16 14:40:31,9,r/GifRecipes,0,2018-05-16 17:15:05,1,1,0,0
8jvfnd,2018-05-16 14:40:31,9,r/GifRecipes,0,2018-05-16 17:38:30,2,0,1,0
8jvfnd,2018-05-16 14:40:31,9,r/GifRecipes,0,2018-05-16 17:44:53,1,0,-3,0
8jvfnd,2018-05-16 14:40:31,9,r/GifRecipes,0,2018-05-16 17:01:43,1,1,-5,0
8jvfnd,2018-05-16 14:40:31,9,r/GifRecipes,0,2018-05-16 17:11:22,2,0,5,0
8jvfnd,2018-05-16 14:40:31,9,r/GifRecipes,1,2018-05-16 15:27:54,0,2,128,0
8jvfnd,2018-05-16 14:40:31,9,r/GifRecipes,1,2018-05-16 17:27:27,1,1,12,0
8jvfnd,2018-05-16 14:40:31,9,r/GifRecipes,1,2018-05-16 17:38:56,2,2,13,0
8jvfnd,2018-05-16 14:40:31,9,r/GifRecipes,1,2018-05-16 18:19:44,3,2,3,0
8jvfnd,2018-05-16 14:40:31,9,r/GifRecipes,1,2018-05-16 18:25:48,4,0,1,0
8jvfnd,2018-05-16 14:40:31,9,r/GifRecipes,1,2018-05-16 18:27:53,4,0,1,0
8jvfnd,2018-05-16 14:40:31,9,r/GifRecipes,1,2018-05-16 17:51:59,3,1,2,0
8jvfnd,2018-05-16 14:40:31,9,r/GifRecipes,1,2018-05-16 17:59:55,4,0,3,0
8jvfnd,2018-05-16 14:40:31,9,r/GifRecipes,1,2018-05-16 16:19:48,1,1,-24,0
8jvfnd,2018-05-16 14:40:31,9,r/GifRecipes,1,2018-05-16 16:32:10,2,0,4,0
8jvfnd,2018-05-16 14:40:31,9,r/GifRecipes,2,2018-05-16 16:04:21,0,7,107,0
8jvfnd,2018-05-16 14:40:31,9,r/GifRecipes,2,2018-05-16 16:14:08,1,0,12,0
8jvfnd,2018-05-16 14:40:31,9,r/GifRecipes,2,2018-05-16 17:18:41,1,0,8,0
8jvfnd,2018-05-16 14:40:31,9,r/GifRecipes,2,2018-05-16 16:15:06,1,2,6,0
8jvfnd,2018-05-16 14:40:31,9,r/GifRecipes,2,2018-05-16 16:24:12,2,0,7,0
8jvfnd,2018-05-16 14:40:31,9,r/GifRecipes,2,2018-05-16 18:15:23,2,0,1,0
8jvfnd,2018-05-16 14:40:31,9,r/GifRecipes,2,2018-05-16 17:36:53,1,1,2,0
8jvfnd,2018-05-16 14:40:31,9,r/GifRecipes,2,2018-05-16 18:13:47,2,0,2,0
8jvfnd,2018-05-16 14:40:31,9,r/GifRecipes,2,2018-05-16 17:55:36,1,0,2,0
8jvfnd,2018-05-16 14:40:31,9,r/GifRecipes,2,2018-05-16 18:04:56,1,0,1,0
8jvfnd,2018-05-16 14:40:31,9,r/GifRecipes,2,2018-05-16 18:12:55,1,0,1,0
8jvfnd,2018-05-16 14:40:31,9,r/GifRecipes,3,2018-05-16 15:07:11,0,5,38,0
8jvfnd,2018-05-16 14:40:31,9,r/GifRecipes,3,2018-05-16 15:11:15,1,2,58,0
8jvfnd,2018-05-16 14:40:31,9,r/GifRecipes,3,2018-05-16 15:14:36,2,1,36,0
8jvfnd,2018-05-16 14:40:31,9,r/GifRecipes,3,2018-05-16 17:38:34,3,0,2,0
8jvfnd,2018-05-16 14:40:31,9,r/GifRecipes,3,2018-05-16 17:30:09,2,0,1,0
8jvfnd,2018-05-16 14:40:31,9,r/GifRecipes,3,2018-05-16 15:20:02,1,0,19,0
8jvfnd,2018-05-16 14:40:31,9,r/GifRecipes,3,2018-05-16 15:09:25,1,1,9,0
8jvfnd,2018-05-16 14:40:31,9,r/GifRecipes,3,2018-05-16 16:42:29,2,1,2,0
8jvfnd,2018-05-16 14:40:31,9,r/GifRecipes,3,2018-05-16 16:52:08,3,1,2,0
8jvfnd,2018-05-16 14:40:31,9,r/GifRecipes,3,2018-05-16 18:24:52,4,0,1,0
8jvfnd,2018-05-16 14:40:31,9,r/GifRecipes,3,2018-05-16 17:14:01,1,0,1,0
8jvfnd,2018-05-16 14:40:31,9,r/GifRecipes,3,2018-05-16 18:19:14,1,0,1,0
8jvfnd,2018-05-16 14:40:31,9,r/GifRecipes,4,2018-05-16 15:07:54,0,1,78,0
8jvfnd,2018-05-16 14:40:31,9,r/GifRecipes,4,2018-05-16 18:24:20,1,0,1,0
8jvfnd,2018-05-16 14:40:31,9,r/GifRecipes,5,2018-05-16 15:52:17,0,2,40,0
8jvfnd,2018-05-16 14:40:31,9,r/GifRecipes,5,2018-05-16 17:34:54,1,0,1,0
8jvfnd,2018-05-16 14:40:31,9,r/GifRecipes,5,2018-05-16 18:17:33,1,0,1,0
8jvfnd,2018-05-16 14:40:31,9,r/GifRecipes,6,2018-05-16 15:00:48,0,4,160,0
8jvfnd,2018-05-16 14:40:31,9,r/GifRecipes,6,2018-05-16 16:30:39,1,1,20,0
8jvfnd,2018-05-16 14:40:31,9,r/GifRecipes,6,2018-05-16 16:43:00,2,0,24,0
8jvfnd,2018-05-16 14:40:31,9,r/GifRecipes,6,2018-05-16 15:41:32,1,2,40,0
8jvfnd,2018-05-16 14:40:31,9,r/GifRecipes,6,2018-05-16 17:08:51,2,1,10,0
8jvfnd,2018-05-16 14:40:31,9,r/GifRecipes,6,2018-05-16 17:51:46,3,1,5,0
8jvfnd,2018-05-16 14:40:31,9,r/GifRecipes,6,2018-05-16 18:02:47,4,1,1,0
8jvfnd,2018-05-16 14:40:31,9,r/GifRecipes,6,2018-05-16 18:10:40,5,0,1,0
8jvfnd,2018-05-16 14:40:31,9,r/GifRecipes,6,2018-05-16 18:09:07,2,0,2,0
8jvfnd,2018-05-16 14:40:31,9,r/GifRecipes,6,2018-05-16 17:59:11,1,1,1,0
8jvfnd,2018-05-16 14:40:31,9,r/GifRecipes,6,2018-05-16 18:26:22,2,0,2,0
8jvfnd,2018-05-16 14:40:31,9,r/GifRecipes,6,2018-05-16 18:18:42,1,0,1,0
8jvfnd,2018-05-16 14:40:31,9,r/GifRecipes,7,2018-05-16 15:17:44,0,4,130,0
8jvfnd,2018-05-16 14:40:31,9,r/GifRecipes,7,2018-05-16 15:21:16,1,2,83,0
8jvfnd,2018-05-16 14:40:31,9,r/GifRecipes,7,2018-05-16 16:15:15,2,2,26,0
8jvfnd,2018-05-16 14:40:31,9,r/GifRecipes,7,2018-05-16 16:30:00,3,1,46,0
8jvfnd,2018-05-16 14:40:31,9,r/GifRecipes,7,2018-05-16 16:34:19,4,2,3,0
8jvfnd,2018-05-16 14:40:31,9,r/GifRecipes,7,2018-05-16 16:45:42,5,1,5,0
8jvfnd,2018-05-16 14:40:31,9,r/GifRecipes,7,2018-05-16 16:51:43,6,0,1,0
8jvfnd,2018-05-16 14:40:31,9,r/GifRecipes,7,2018-05-16 18:28:04,5,0,1,0
8jvfnd,2018-05-16 14:40:31,9,r/GifRecipes,7,2018-05-16 16:57:42,3,2,4,0
8jvfnd,2018-05-16 14:40:31,9,r/GifRecipes,7,2018-05-16 17:16:50,4,0,1,0
8jvfnd,2018-05-16 14:40:31,9,r/GifRecipes,7,2018-05-16 16:59:38,4,0,0,0
8jvfnd,2018-05-16 14:40:31,9,r/GifRecipes,7,2018-05-16 16:39:45,2,1,1,0
8jvfnd,2018-05-16 14:40:31,9,r/GifRecipes,7,2018-05-16 16:59:13,3,2,7,0
8jvfnd,2018-05-16 14:40:31,9,r/GifRecipes,7,2018-05-16 16:59:18,4,1,5,0
8jvfnd,2018-05-16 14:40:31,9,r/GifRecipes,7,2018-05-16 17:02:57,5,1,0,0
8jvfnd,2018-05-16 14:40:31,9,r/GifRecipes,7,2018-05-16 17:18:28,6,2,4,0
8jvfnd,2018-05-16 14:40:31,9,r/GifRecipes,7,2018-05-16 17:18:33,7,3,3,0
8jvfnd,2018-05-16 14:40:31,9,r/GifRecipes,7,2018-05-16 17:42:33,8,0,2,0
8jvfnd,2018-05-16 14:40:31,9,r/GifRecipes,7,2018-05-16 17:49:11,8,0,2,0
8jvfnd,2018-05-16 14:40:31,9,r/GifRecipes,7,2018-05-16 18:29:05,8,0,1,0
8jvfnd,2018-05-16 14:40:31,9,r/GifRecipes,7,2018-05-16 17:21:36,7,0,2,0
8jvfnd,2018-05-16 14:40:31,9,r/GifRecipes,7,2018-05-16 17:26:35,4,0,1,0
8jvfnd,2018-05-16 14:40:31,9,r/GifRecipes,7,2018-05-16 16:25:02,1,2,4,0
8jvfnd,2018-05-16 14:40:31,9,r/GifRecipes,7,2018-05-16 18:26:23,2,0,1,0
8jvfnd,2018-05-16 14:40:31,9,r/GifRecipes,7,2018-05-16 16:53:45,2,0,-1,0
8jvfnd,2018-05-16 14:40:31,9,r/GifRecipes,7,2018-05-16 18:02:57,1,0,1,0
8jvfnd,2018-05-16 14:40:31,9,r/GifRecipes,7,2018-05-16 18:22:42,1,0,1,0
8jvfnd,2018-05-16 14:40:31,9,r/GifRecipes,8,2018-05-16 15:32:47,0,3,27,0
8jvfnd,2018-05-16 14:40:31,9,r/GifRecipes,8,2018-05-16 16:01:59,1,1,13,0
8jvfnd,2018-05-16 14:40:31,9,r/GifRecipes,8,2018-05-16 16:08:46,2,3,8,0
8jvfnd,2018-05-16 14:40:31,9,r/GifRecipes,8,2018-05-16 16:41:05,3,0,4,0
8jvfnd,2018-05-16 14:40:31,9,r/GifRecipes,8,2018-05-16 16:45:08,3,0,3,0
8jvfnd,2018-05-16 14:40:31,9,r/GifRecipes,8,2018-05-16 16:31:00,3,0,3,0
8jvfnd,2018-05-16 14:40:31,9,r/GifRecipes,8,2018-05-16 18:08:37,1,0,1,0
8jvfnd,2018-05-16 14:40:31,9,r/GifRecipes,8,2018-05-16 18:26:40,1,0,1,0
8jvfnd,2018-05-16 14:40:31,9,r/GifRecipes,9,2018-05-16 15:09:34,0,2,75,0
8jvfnd,2018-05-16 14:40:31,9,r/GifRecipes,9,2018-05-16 16:43:17,1,0,13,0
8jvfnd,2018-05-16 14:40:31,9,r/GifRecipes,9,2018-05-16 15:13:03,1,3,6,0
8jvfnd,2018-05-16 14:40:31,9,r/GifRecipes,9,2018-05-16 15:15:17,2,3,73,0
8jvfnd,2018-05-16 14:40:31,9,r/GifRecipes,9,2018-05-16 15:50:14,3,1,13,0
8jvfnd,2018-05-16 14:40:31,9,r/GifRecipes,9,2018-05-16 16:01:09,4,0,4,0
8jvfnd,2018-05-16 14:40:31,9,r/GifRecipes,9,2018-05-16 17:10:56,3,0,1,0
8jvfnd,2018-05-16 14:40:31,9,r/GifRecipes,9,2018-05-16 15:16:58,3,1,0,0
8jvfnd,2018-05-16 14:40:31,9,r/GifRecipes,9,2018-05-16 15:17:20,4,0,-4,0
8jvfnd,2018-05-16 14:40:31,9,r/GifRecipes,9,2018-05-16 15:40:14,2,1,6,0
8jvfnd,2018-05-16 14:40:31,9,r/GifRecipes,9,2018-05-16 15:58:23,3,0,1,0
8jvfnd,2018-05-16 14:40:31,9,r/GifRecipes,9,2018-05-16 17:29:14,2,0,1,0
8jvfnd,2018-05-16 14:40:31,9,r/GifRecipes,10,2018-05-16 16:35:05,0,2,5,0
8jvfnd,2018-05-16 14:40:31,9,r/GifRecipes,10,2018-05-16 17:23:27,1,0,1,0
8jvfnd,2018-05-16 14:40:31,9,r/GifRecipes,10,2018-05-16 17:41:56,1,1,1,0
8jvfnd,2018-05-16 14:40:31,9,r/GifRecipes,10,2018-05-16 17:49:09,2,0,1,0
8jvfnd,2018-05-16 14:40:31,9,r/GifRecipes,11,2018-05-16 16:41:47,0,0,3,0
8jvfnd,2018-05-16 14:40:31,9,r/GifRecipes,12,2018-05-16 15:36:38,0,1,8,0
8jvfnd,2018-05-16 14:40:31,9,r/GifRecipes,12,2018-05-16 16:42:38,1,0,-9,0
8jvfnd,2018-05-16 14:40:31,9,r/GifRecipes,13,2018-05-16 15:07:10,0,1,7,0
8jvfnd,2018-05-16 14:40:31,9,r/GifRecipes,13,2018-05-16 15:12:50,1,2,18,0
8jvfnd,2018-05-16 14:40:31,9,r/GifRecipes,13,2018-05-16 15:23:34,2,1,4,0
8jvfnd,2018-05-16 14:40:31,9,r/GifRecipes,13,2018-05-16 15:29:19,3,0,0,0
8jvfnd,2018-05-16 14:40:31,9,r/GifRecipes,13,2018-05-16 17:39:38,2,0,1,0
8jvfnd,2018-05-16 14:40:31,9,r/GifRecipes,14,2018-05-16 16:31:04,0,0,2,0
8jvfnd,2018-05-16 14:40:31,9,r/GifRecipes,15,2018-05-16 16:31:58,0,0,2,0
8jvfnd,2018-05-16 14:40:31,9,r/GifRecipes,16,2018-05-16 16:39:16,0,0,2,0
8jvfnd,2018-05-16 14:40:31,9,r/GifRecipes,17,2018-05-16 16:40:55,0,0,2,0
8jvfnd,2018-05-16 14:40:31,9,r/GifRecipes,18,2018-05-16 16:53:33,0,0,2,0
8jvfnd,2018-05-16 14:40:31,9,r/GifRecipes,19,2018-05-16 17:13:40,0,1,2,0
8jvfnd,2018-05-16 14:40:31,9,r/GifRecipes,19,2018-05-16 17:35:20,1,0,1,0
8jvfnd,2018-05-16 14:40:31,9,r/GifRecipes,20,2018-05-16 17:18:15,0,1,2,0
8jvfnd,2018-05-16 14:40:31,9,r/GifRecipes,20,2018-05-16 17:53:26,1,0,0,0
8jvfnd,2018-05-16 14:40:31,9,r/GifRecipes,21,2018-05-16 17:18:26,0,0,2,0
8jvfnd,2018-05-16 14:40:31,9,r/GifRecipes,22,2018-05-16 17:21:45,0,0,2,0
8jvfnd,2018-05-16 14:40:31,9,r/GifRecipes,23,2018-05-16 17:25:41,0,0,2,0
8jvfnd,2018-05-16 14:40:31,9,r/GifRecipes,24,2018-05-16 17:27:33,0,0,2,0
8jvfnd,2018-05-16 14:40:31,9,r/GifRecipes,25,2018-05-16 18:19:17,0,1,2,0
8jvfnd,2018-05-16 14:40:31,9,r/GifRecipes,25,2018-05-16 18:28:05,1,0,2,0
8jvfnd,2018-05-16 14:40:31,9,r/GifRecipes,26,2018-05-16 15:46:24,0,0,2,0
8jvfnd,2018-05-16 14:40:31,9,r/GifRecipes,27,2018-05-16 15:26:35,0,0,1,0
8jvfnd,2018-05-16 14:40:31,9,r/GifRecipes,28,2018-05-16 15:46:35,0,0,1,0
8jvfnd,2018-05-16 14:40:31,9,r/GifRecipes,29,2018-05-16 15:48:37,0,0,1,0
8jvfnd,2018-05-16 14:40:31,9,r/GifRecipes,30,2018-05-16 15:50:50,0,0,1,0
8jvfnd,2018-05-16 14:40:31,9,r/GifRecipes,31,2018-05-16 16:09:05,0,0,1,0
8jvfnd,2018-05-16 14:40:31,9,r/GifRecipes,32,2018-05-16 16:13:13,0,0,1,0
8jvfnd,2018-05-16 14:40:31,9,r/GifRecipes,33,2018-05-16 16:17:13,0,0,1,0
8jvfnd,2018-05-16 14:40:31,9,r/GifRecipes,34,2018-05-16 16:19:06,0,0,1,0
8jvfnd,2018-05-16 14:40:31,9,r/GifRecipes,35,2018-05-16 16:22:14,0,0,1,0
8jvfnd,2018-05-16 14:40:31,9,r/GifRecipes,36,2018-05-16 16:27:19,0,2,1,0
8jvfnd,2018-05-16 14:40:31,9,r/GifRecipes,36,2018-05-16 16:40:57,1,1,2,0
8jvfnd,2018-05-16 14:40:31,9,r/GifRecipes,36,2018-05-16 16:52:57,2,0,1,0
8jvfnd,2018-05-16 14:40:31,9,r/GifRecipes,36,2018-05-16 16:49:17,1,0,2,0
8jvfnd,2018-05-16 14:40:31,9,r/GifRecipes,37,2018-05-16 16:41:03,0,0,1,0
8jvfnd,2018-05-16 14:40:31,9,r/GifRecipes,38,2018-05-16 16:41:43,0,0,1,0
8jvfnd,2018-05-16 14:40:31,9,r/GifRecipes,39,2018-05-16 16:43:53,0,0,1,0
8jvfnd,2018-05-16 14:40:31,9,r/GifRecipes,40,2018-05-16 16:44:46,0,0,1,0
8jvfnd,2018-05-16 14:40:31,9,r/GifRecipes,41,2018-05-16 16:48:26,0,0,1,0
8jvfnd,2018-05-16 14:40:31,9,r/GifRecipes,42,2018-05-16 16:50:36,0,0,1,0
8jvfnd,2018-05-16 14:40:31,9,r/GifRecipes,43,2018-05-16 16:50:41,0,0,1,0
8jvfnd,2018-05-16 14:40:31,9,r/GifRecipes,44,2018-05-16 16:53:49,0,0,1,0
8jvfnd,2018-05-16 14:40:31,9,r/GifRecipes,45,2018-05-16 16:55:20,0,0,1,0
8jvfnd,2018-05-16 14:40:31,9,r/GifRecipes,46,2018-05-16 17:00:44,0,0,1,0
8jvfnd,2018-05-16 14:40:31,9,r/GifRecipes,47,2018-05-16 17:05:56,0,0,1,0
8jvfnd,2018-05-16 14:40:31,9,r/GifRecipes,48,2018-05-16 17:06:02,0,0,1,0
8jvfnd,2018-05-16 14:40:31,9,r/GifRecipes,49,2018-05-16 17:07:02,0,0,1,0
8jvfnd,2018-05-16 14:40:31,9,r/GifRecipes,50,2018-05-16 17:11:07,0,0,1,0
8jvfnd,2018-05-16 14:40:31,9,r/GifRecipes,51,2018-05-16 17:14:55,0,0,1,0
8jvfnd,2018-05-16 14:40:31,9,r/GifRecipes,52,2018-05-16 17:15:08,0,0,1,0
8jvfnd,2018-05-16 14:40:31,9,r/GifRecipes,53,2018-05-16 17:15:44,0,0,1,0
8jvfnd,2018-05-16 14:40:31,9,r/GifRecipes,54,2018-05-16 17:19:08,0,0,1,0
8jvfnd,2018-05-16 14:40:31,9,r/GifRecipes,55,2018-05-16 17:20:40,0,0,1,0
8jvfnd,2018-05-16 14:40:31,9,r/GifRecipes,56,2018-05-16 17:22:58,0,0,1,0
8jvfnd,2018-05-16 14:40:31,9,r/GifRecipes,57,2018-05-16 17:25:36,0,0,1,0
8jvfnd,2018-05-16 14:40:31,9,r/GifRecipes,58,2018-05-16 17:27:22,0,0,1,0
8jvfnd,2018-05-16 14:40:31,9,r/GifRecipes,59,2018-05-16 17:30:23,0,0,1,0
8jvfnd,2018-05-16 14:40:31,9,r/GifRecipes,60,2018-05-16 17:31:01,0,0,1,0
8jvfnd,2018-05-16 14:40:31,9,r/GifRecipes,61,2018-05-16 17:31:08,0,0,1,0
8jvfnd,2018-05-16 14:40:31,9,r/GifRecipes,62,2018-05-16 17:31:52,0,0,1,0
8jvfnd,2018-05-16 14:40:31,9,r/GifRecipes,63,2018-05-16 17:33:25,0,1,1,0
8jvfnd,2018-05-16 14:40:31,9,r/GifRecipes,63,2018-05-16 17:35:35,1,0,1,0
8jvfnd,2018-05-16 14:40:31,9,r/GifRecipes,64,2018-05-16 17:34:33,0,0,1,0
8jvfnd,2018-05-16 14:40:31,9,r/GifRecipes,65,2018-05-16 17:36:52,0,0,1,0
8jvfnd,2018-05-16 14:40:31,9,r/GifRecipes,66,2018-05-16 17:37:22,0,0,1,0
8jvfnd,2018-05-16 14:40:31,9,r/GifRecipes,67,2018-05-16 17:39:14,0,0,1,0
8jvfnd,2018-05-16 14:40:31,9,r/GifRecipes,68,2018-05-16 17:40:17,0,0,1,0
8jvfnd,2018-05-16 14:40:31,9,r/GifRecipes,69,2018-05-16 17:41:33,0,0,1,0
8jvfnd,2018-05-16 14:40:31,9,r/GifRecipes,70,2018-05-16 17:44:55,0,0,1,0
8jvfnd,2018-05-16 14:40:31,9,r/GifRecipes,71,2018-05-16 17:45:18,0,0,1,0
8jvfnd,2018-05-16 14:40:31,9,r/GifRecipes,72,2018-05-16 17:48:44,0,0,1,0
8jvfnd,2018-05-16 14:40:31,9,r/GifRecipes,73,2018-05-16 17:50:38,0,0,1,0
8jvfnd,2018-05-16 14:40:31,9,r/GifRecipes,74,2018-05-16 17:55:00,0,0,1,0
8jvfnd,2018-05-16 14:40:31,9,r/GifRecipes,75,2018-05-16 17:55:53,0,0,1,0
8jvfnd,2018-05-16 14:40:31,9,r/GifRecipes,76,2018-05-16 17:56:09,0,0,1,0
8jvfnd,2018-05-16 14:40:31,9,r/GifRecipes,77,2018-05-16 17:57:12,0,0,1,0
8jvfnd,2018-05-16 14:40:31,9,r/GifRecipes,78,2018-05-16 118-05-16 18:09:47,0,0,1,0
8jvfnd,2018-05-16 14:40:31,9,r/GifRecipes,79,2018-05-16 18:10:06,0,0,1,0
8jvfnd,2018-05-16 14:40:31,9,r/GifRecipes,80,2018-05-16 18:12:39,0,0,1,0
8jvfnd,2018-05-16 14:40:31,9,r/GifRecipes,81,2018-05-16 18:14:50,0,0,1,0
8jvfnd,2018-05-16 14:40:31,9,r/GifRecipes,82,2018-05-16 18:19:24,0,0,1,0
8jvfnd,2018-05-16 14:40:31,9,r/GifRecipes,83,2018-05-16 18:26:03,0,0,1,0
8jvfnd,2018-05-16 14:40:31,9,r/GifRecipes,84,2018-05-16 18:26:08,0,0,1,0
8jvfnd,2018-05-16 14:40:31,9,r/GifRecipes,85,2018-05-16 18:26:34,0,0,1,0
8jvfnd,2018-05-16 14:40:31,9,r/GifRecipes,86,2018-05-16 18:28:29,0,0,1,0
8jvfnd,2018-05-16 14:40:31,9,r/GifRecipes,87,2018-05-16 15:02:09,0,0,1,0
8jvfnd,2018-05-16 14:40:31,9,r/GifRecipes,88,2018-05-16 15:15:46,0,1,1,0
8jvfnd,2018-05-16 14:40:31,9,r/GifRecipes,88,2018-05-16 17:54:05,1,0,1,0
8jvfnd,2018-05-16 14:40:31,9,r/GifRecipes,89,2018-05-16 15:06:52,0,0,1,0
8jvfnd,2018-05-16 14:40:31,9,r/GifRecipes,90,2018-05-16 18:03:43,0,0,1,0
8jvfnd,2018-05-16 14:40:31,9,r/GifRecipes,91,2018-05-16 14:45:04,0,0,1,0
8jvfnd,2018-05-16 14:40:31,9,r/GifRecipes,92,2018-05-16 14:58:09,0,2,-3,0
8jvfnd,2018-05-16 14:40:31,9,r/GifRecipes,92,2018-05-16 15:06:58,1,1,12,0
8jvfnd,2018-05-16 14:40:31,9,r/GifRecipes,92,2018-05-16 15:10:35,2,2,15,0
8jvfnd,2018-05-16 14:40:31,9,r/GifRecipes,92,2018-05-16 15:13:31,3,0,6,0
8jvfnd,2018-05-16 14:40:31,9,r/GifRecipes,92,2018-05-16 15:14:28,3,0,2,0
8jvfnd,2018-05-16 14:40:31,9,r/GifRecipes,92,2018-05-16 15:05:35,1,0,2,0
8jvfnd,2018-05-16 14:40:31,9,r/GifRecipes,93,2018-05-16 15:11:30,0,0,0,0
8jvfnd,2018-05-16 14:40:31,9,r/GifRecipes,94,2018-05-16 14:49:59,0,0,-1,0
8jvfnd,2018-05-16 14:40:31,9,r/GifRecipes,95,2018-05-16 15:21:04,0,0,-1,0
8jvfnd,2018-05-16 14:40:31,9,r/GifRecipes,96,2018-05-16 16:38:09,0,0,-1,0
8jvfnd,2018-05-16 14:40:31,9,r/GifRecipes,97,2018-05-16 15:45:02,0,0,-3,0
8jvfnd,2018-05-16 14:40:31,9,r/GifRecipes,98,2018-05-16 15:19:41,0,0,0,0
8jvfnd,2018-05-16 14:40:31,9,r/GifRecipes,99,2018-05-16 16:24:28,0,0,0,0
8jvfnd,2018-05-16 14:40:31,9,r/GifRecipes,100,2018-05-16 18:07:13,0,0,0,0
8jvfnd,2018-05-16 14:40:31,9,r/GifRecipes,101,2018-05-16 15:08:53,0,1,-5,0
8jvfnd,2018-05-16 14:40:31,9,r/GifRecipes,101,2018-05-16 15:11:23,1,0,9,0
8jvfnd,2018-05-16 14:40:31,9,r/GifRecipes,102,2018-05-16 15:32:49,0,0,-1,0
8juriv,2018-05-16 13:08:06,10,r/NatureIsFuckingLit,0,2018-05-16 13:47:28,0,19,1589,0
8juriv,2018-05-16 13:08:06,10,r/NatureIsFuckingLit,0,2018-05-16 14:03:37,1,1,981,0
8juriv,2018-05-16 13:08:06,10,r/NatureIsFuckingLit,0,2018-05-16 14:14:12,2,11,1069,0
8juriv,2018-05-16 13:08:06,10,r/NatureIsFuckingLit,0,2018-05-16 14:46:40,3,8,404,0
8juriv,2018-05-16 13:08:06,10,r/NatureIsFuckingLit,0,2018-05-16 14:56:16,4,5,539,0
8juriv,2018-05-16 13:08:06,10,r/NatureIsFuckingLit,0,2018-05-16 15:03:55,5,2,166,0
8juriv,2018-05-16 13:08:06,10,r/NatureIsFuckingLit,0,2018-05-16 15:39:58,6,1,37,0
8juriv,2018-05-16 13:08:06,10,r/NatureIsFuckingLit,0,2018-05-16 16:41:25,7,2,26,0
8juriv,2018-05-16 13:08:06,10,r/NatureIsFuckingLit,0,2018-05-16 16:59:33,8,0,6,0
8juriv,2018-05-16 13:08:06,10,r/NatureIsFuckingLit,0,2018-05-16 17:28:22,8,0,4,0
8juriv,2018-05-16 13:08:06,10,r/NatureIsFuckingLit,0,2018-05-16 17:37:54,6,2,1,0
8juriv,2018-05-16 13:08:06,10,r/NatureIsFuckingLit,0,2018-05-16 17:50:15,7,0,1,0
8juriv,2018-05-16 13:08:06,10,r/NatureIsFuckingLit,0,2018-05-16 17:57:05,7,0,1,0
8juriv,2018-05-16 13:08:06,10,r/NatureIsFuckingLit,0,2018-05-16 15:54:01,5,0,46,0
8juriv,2018-05-16 13:08:06,10,r/NatureIsFuckingLit,0,2018-05-16 15:49:47,5,0,13,0
8juriv,2018-05-16 13:08:06,10,r/NatureIsFuckingLit,0,2018-05-16 15:45:38,5,1,5,0
8juriv,2018-05-16 13:08:06,10,r/NatureIsFuckingLit,0,2018-05-16 15:55:37,6,1,6,0
8juriv,2018-05-16 13:08:06,10,r/NatureIsFuckingLit,0,2018-05-16 15:57:18,7,3,12,0
8juriv,2018-05-16 13:08:06,10,r/NatureIsFuckingLit,0,2018-05-16 16:09:15,8,1,8,0
8juriv,2018-05-16 13:08:06,10,r/NatureIsFuckingLit,0,2018-05-16 16:30:40,9,1,4,0
8juriv,2018-05-16 13:08:06,10,r/NatureIsFuckingLit,0,2018-05-16 16:29:51,8,0,2,0
8juriv,2018-05-16 13:08:06,10,r/NatureIsFuckingLit,0,2018-05-16 18:20:22,8,0,1,0
8juriv,2018-05-16 13:08:06,10,r/NatureIsFuckingLit,0,2018-05-16 18:00:22,5,0,1,0
8juriv,2018-05-16 13:08:06,10,r/NatureIsFuckingLit,0,2018-05-16 15:00:48,4,0,11,0
8juriv,2018-05-16 13:08:06,10,r/NatureIsFuckingLit,0,2018-05-16 16:13:56,4,1,4,0
8juriv,2018-05-16 13:08:06,10,r/NatureIsFuckingLit,0,2018-05-16 18:07:20,5,0,1,0
8juriv,2018-05-16 13:08:06,10,r/NatureIsFuckingLit,0,2018-05-16 15:35:32,4,2,3,0
8juriv,2018-05-16 13:08:06,10,r/NatureIsFuckingLit,0,2018-05-16 16:59:25,5,0,7,0
8juriv,2018-05-16 13:08:06,10,r/NatureIsFuckingLit,0,2018-05-16 16:23:42,5,0,2,0
8juriv,2018-05-16 13:08:06,10,r/NatureIsFuckingLit,0,2018-05-16 16:15:01,4,0,1,0
8juriv,2018-05-16 13:08:06,10,r/NatureIsFuckingLit,0,2018-05-16 16:47:23,4,0,1,0
8juriv,2018-05-16 13:08:06,10,r/NatureIsFuckingLit,0,2018-05-16 17:37:57,4,1,1,0
8juriv,2018-05-16 13:08:06,10,r/NatureIsFuckingLit,0,2018-05-16 17:57:40,5,0,1,0
8juriv,2018-05-16 13:08:06,10,r/NatureIsFuckingLit,0,2018-05-16 17:57:32,4,1,1,0
8juriv,2018-05-16 13:08:06,10,r/NatureIsFuckingLit,0,2018-05-16 18:02:49,5,0,1,0
8juriv,2018-05-16 13:08:06,10,r/NatureIsFuckingLit,0,2018-05-16 14:52:13,3,1,21,0
8juriv,2018-05-16 13:08:06,10,r/NatureIsFuckingLit,0,2018-05-16 18:14:20,4,0,1,0
8juriv,2018-05-16 13:08:06,10,r/NatureIsFuckingLit,0,2018-05-16 15:55:01,3,0,7,0
8juriv,2018-05-16 13:08:06,10,r/NatureIsFuckingLit,0,2018-05-16 16:14:09,3,0,7,0
8juriv,2018-05-16 13:08:06,10,r/NatureIsFuckingLit,0,2018-05-16 15:44:00,3,0,2,0
8juriv,2018-05-16 13:08:06,10,r/NatureIsFuckingLit,0,2018-05-16 15:32:54,3,1,4,0
8juriv,2018-05-16 13:08:06,10,r/NatureIsFuckingLit,0,2018-05-16 15:43:27,4,1,20,0
8juriv,2018-05-16 13:08:06,10,r/NatureIsFuckingLit,0,2018-05-16 16:03:18,5,1,2,0
8juriv,2018-05-16 13:08:06,10,r/NatureIsFuckingLit,0,2018-05-16 16:08:09,6,0,3,0
8juriv,2018-05-16 13:08:06,10,r/NatureIsFuckingLit,0,2018-05-16 17:08:14,3,0,1,0
8juriv,2018-05-16 13:08:06,10,r/NatureIsFuckingLit,0,2018-05-16 17:10:19,3,0,1,0
8juriv,2018-05-16 13:08:06,10,r/NatureIsFuckingLit,0,2018-05-16 17:38:11,3,0,1,0
8juriv,2018-05-16 13:08:06,10,r/NatureIsFuckingLit,0,2018-05-16 17:47:11,3,0,1,0
8juriv,2018-05-16 13:08:06,10,r/NatureIsFuckingLit,0,2018-05-16 18:26:18,3,0,1,0
8juriv,2018-05-16 13:08:06,10,r/NatureIsFuckingLit,0,2018-05-16 14:35:07,1,1,46,0
8juriv,2018-05-16 13:08:06,10,r/NatureIsFuckingLit,0,2018-05-16 14:39:36,2,6,73,0
8juriv,2018-05-16 13:08:06,10,r/NatureIsFuckingLit,0,2018-05-16 15:02:58,3,2,62,0
8juriv,2018-05-16 13:08:06,10,r/NatureIsFuckingLit,0,2018-05-16 15:33:54,4,1,23,0
8juriv,2018-05-16 13:08:06,10,r/NatureIsFuckingLit,0,2018-05-16 18:26:16,5,0,1,0
8juriv,2018-05-16 13:08:06,10,r/NatureIsFuckingLit,0,2018-05-16 16:29:04,4,1,12,0
8juriv,2018-05-16 13:08:06,10,r/NatureIsFuckingLit,0,2018-05-16 17:14:13,5,0,7,0
8juriv,2018-05-16 13:08:06,10,r/NatureIsFuckingLit,0,2018-05-16 16:52:30,3,0,5,0
8juriv,2018-05-16 13:08:06,10,r/NatureIsFuckingLit,0,2018-05-16 15:15:21,3,0,4,0
8juriv,2018-05-16 13:08:06,10,r/NatureIsFuckingLit,0,2018-05-16 17:33:32,3,0,1,0
8juriv,2018-05-16 13:08:06,10,r/NatureIsFuckingLit,0,2018-05-16 15:51:59,3,0,1,0
8juriv,2018-05-16 13:08:06,10,r/NatureIsFuckingLit,0,2018-05-16 17:53:36,3,0,1,0
8juriv,2018-05-16 13:08:06,10,r/NatureIsFuckingLit,0,2018-05-16 16:17:57,1,1,33,0
8juriv,2018-05-16 13:08:06,10,r/NatureIsFuckingLit,0,2018-05-16 18:19:24,2,0,1,0
8juriv,2018-05-16 13:08:06,10,r/NatureIsFuckingLit,0,2018-05-16 15:18:42,1,1,25,0
8juriv,2018-05-16 13:08:06,10,r/NatureIsFuckingLit,0,2018-05-16 18:25:25,2,0,1,0
8juriv,2018-05-16 13:08:06,10,r/NatureIsFuckingLit,0,2018-05-16 16:11:36,1,2,19,0
8juriv,2018-05-16 13:08:06,10,r/NatureIsFuckingLit,0,2018-05-16 17:27:22,2,0,6,0
8juriv,2018-05-16 13:08:06,10,r/NatureIsFuckingLit,0,2018-05-16 18:02:52,2,0,1,0
8juriv,2018-05-16 13:08:06,10,r/NatureIsFuckingLit,0,2018-05-16 14:38:20,1,0,13,0
8juriv,2018-05-16 13:08:06,10,r/NatureIsFuckingLit,0,2018-05-16 15:24:05,1,1,7,0
8juriv,2018-05-16 13:08:06,10,r/NatureIsFuckingLit,0,2018-05-16 17:59:07,2,0,1,0
8juriv,2018-05-16 13:08:06,10,r/NatureIsFuckingLit,0,2018-05-16 16:47:11,1,1,4,0
8juriv,2018-05-16 13:08:06,10,r/NatureIsFuckingLit,0,2018-05-16 16:50:55,2,0,4,0
8juriv,2018-05-16 13:08:06,10,r/NatureIsFuckingLit,0,2018-05-16 15:51:19,1,0,3,0
8juriv,2018-05-16 13:08:06,10,r/NatureIsFuckingLit,0,2018-05-16 16:13:58,1,3,3,0
8juriv,2018-05-16 13:08:06,10,r/NatureIsFuckingLit,0,2018-05-16 17:19:08,2,0,4,0
8juriv,2018-05-16 13:08:06,10,r/NatureIsFuckingLit,0,2018-05-16 17:06:16,2,1,1,0
8juriv,2018-05-16 13:08:06,10,r/NatureIsFuckingLit,0,2018-05-16 17:09:34,3,0,1,0
8juriv,2018-05-16 13:08:06,10,r/NatureIsFuckingLit,0,2018-05-16 18:25:59,2,0,1,0
8juriv,2018-05-16 13:08:06,10,r/NatureIsFuckingLit,0,2018-05-16 16:28:52,1,0,1,0
8juriv,2018-05-16 13:08:06,10,r/NatureIsFuckingLit,0,2018-05-16 16:51:01,1,0,1,0
8juriv,2018-05-16 13:08:06,10,r/NatureIsFuckingLit,0,2018-05-16 17:19:41,1,0,1,0
8juriv,2018-05-16 13:08:06,10,r/NatureIsFuckingLit,0,2018-05-16 17:36:57,1,0,1,0
8juriv,2018-05-16 13:08:06,10,r/NatureIsFuckingLit,0,2018-05-16 17:53:47,1,0,1,0
8juriv,2018-05-16 13:08:06,10,r/NatureIsFuckingLit,0,2018-05-16 18:02:36,1,0,1,0
8juriv,2018-05-16 13:08:06,10,r/NatureIsFuckingLit,0,2018-05-16 18:11:11,1,0,1,0
8juriv,2018-05-16 13:08:06,10,r/NatureIsFuckingLit,0,2018-05-16 18:23:01,1,0,1,0
8juriv,2018-05-16 13:08:06,10,r/NatureIsFuckingLit,0,2018-05-16 18:24:36,1,0,1,0
8juriv,2018-05-16 13:08:06,10,r/NatureIsFuckingLit,1,2018-05-16 14:49:24,0,8,506,0
8juriv,2018-05-16 13:08:06,10,r/NatureIsFuckingLit,1,2018-05-16 15:26:31,1,0,131,0
8juriv,2018-05-16 13:08:06,10,r/NatureIsFuckingLit,1,2018-05-16 15:38:57,1,0,74,0
8juriv,2018-05-16 13:08:06,10,r/NatureIsFuckingLit,1,2018-05-16 16:04:50,1,3,45,0
8juriv,2018-05-16 13:08:06,10,r/NatureIsFuckingLit,1,2018-05-16 17:20:39,2,0,12,0
8juriv,2018-05-16 13:08:06,10,r/NatureIsFuckingLit,1,2018-05-16 16:49:12,2,0,27,0
8juriv,2018-05-16 13:08:06,10,r/NatureIsFuckingLit,1,2018-05-16 17:39:49,2,0,1,0
8juriv,2018-05-16 13:08:06,10,r/NatureIsFuckingLit,1,2018-05-16 15:47:16,1,0,9,0
8juriv,2018-05-16 13:08:06,10,r/NatureIsFuckingLit,1,2018-05-16 16:05:08,1,0,9,0
8juriv,2018-05-16 13:08:06,10,r/NatureIsFuckingLit,1,2018-05-16 18:15:56,1,0,1,0
8juriv,2018-05-16 13:08:06,10,r/NatureIsFuckingLit,1,2018-05-16 17:26:09,1,0,1,0
8juriv,2018-05-16 13:08:06,10,r/NatureIsFuckingLit,1,2018-05-16 17:07:39,1,0,1,0
8juriv,2018-05-16 13:08:06,10,r/NatureIsFuckingLit,2,2018-05-16 14:19:12,0,4,266,0
8juriv,2018-05-16 13:08:06,10,r/NatureIsFuckingLit,2,2018-05-16 15:50:08,1,1,50,0
8juriv,2018-05-16 13:08:06,10,r/NatureIsFuckingLit,2,2018-05-16 17:37:20,2,0,1,0
8juriv,2018-05-16 13:08:06,10,r/NatureIsFuckingLit,2,2018-05-16 15:27:54,1,1,24,0
8juriv,2018-05-16 13:08:06,10,r/NatureIsFuckingLit,2,2018-05-16 16:35:28,2,1,14,0
8juriv,2018-05-16 13:08:06,10,r/NatureIsFuckingLit,2,2018-05-16 17:34:46,3,0,1,0
8juriv,2018-05-16 13:08:06,10,r/NatureIsFuckingLit,2,2018-05-16 16:03:51,1,1,7,0
8juriv,2018-05-16 13:08:06,10,r/NatureIsFuckingLit,2,2018-05-16 16:04:03,2,0,3,0
8juriv,2018-05-16 13:08:06,10,r/NatureIsFuckingLit,2,2018-05-16 17:59:55,1,0,1,0
8juriv,2018-05-16 13:08:06,10,r/NatureIsFuckingLit,3,2018-05-16 14:31:19,0,4,75,0
8juriv,2018-05-16 13:08:06,10,r/NatureIsFuckingLit,3,2018-05-16 15:25:14,1,3,94,0
8juriv,2018-05-16 13:08:06,10,r/NatureIsFuckingLit,3,2018-05-16 15:42:44,2,1,20,0
8juriv,2018-05-16 13:08:06,10,r/NatureIsFuckingLit,3,2018-05-16 15:44:37,3,0,27,0
8juriv,2018-05-16 13:08:06,10,r/NatureIsFuckingLit,3,2018-05-16 16:11:55,2,2,7,0
8juriv,2018-05-16 13:08:06,10,r/NatureIsFuckingLit,3,2018-05-16 17:44:17,3,0,1,0
8juriv,2018-05-16 13:08:06,10,r/NatureIsFuckingLit,3,2018-05-16 16:59:34,3,0,1,0
8juriv,2018-05-16 13:08:06,10,r/NatureIsFuckingLit,3,2018-05-16 17:19:55,2,0,1,0
8juriv,2018-05-16 13:08:06,10,r/NatureIsFuckingLit,3,2018-05-16 16:42:06,1,0,7,0
8juriv,2018-05-16 13:08:06,10,r/NatureIsFuckingLit,3,2018-05-16 15:57:36,1,2,7,0
8juriv,2018-05-16 13:08:06,10,r/NatureIsFuckingLit,3,2018-05-16 17:23:17,2,0,6,0
8juriv,2018-05-16 13:08:06,10,r/NatureIsFuckingLit,3,2018-05-16 17:34:30,2,1,1,0
8juriv,2018-05-16 13:08:06,10,r/NatureIsFuckingLit,3,2018-05-16 18:08:17,3,0,1,0
8juriv,2018-05-16 13:08:06,10,r/NatureIsFuckingLit,3,2018-05-16 17:07:00,1,1,3,0
8juriv,2018-05-16 13:08:06,10,r/NatureIsFuckingLit,3,2018-05-16 18:10:49,2,1,1,0
8juriv,2018-05-16 13:08:06,10,r/NatureIsFuckingLit,3,2018-05-16 18:29:56,3,0,1,0
8juriv,2018-05-16 13:08:06,10,r/NatureIsFuckingLit,4,2018-05-16 14:26:32,0,1,134,0
8juriv,2018-05-16 13:08:06,10,r/NatureIsFuckingLit,4,2018-05-16 17:35:04,1,1,1,0
8juriv,2018-05-16 13:08:06,10,r/NatureIsFuckingLit,4,2018-05-16 17:44:32,2,1,1,0
8juriv,2018-05-16 13:08:06,10,r/NatureIsFuckingLit,4,2018-05-16 18:02:11,3,0,1,0
8juriv,2018-05-16 13:08:06,10,r/NatureIsFuckingLit,5,2018-05-16 14:05:34,0,4,350,0
8juriv,2018-05-16 13:08:06,10,r/NatureIsFuckingLit,5,2018-05-16 15:03:48,1,7,587,0
8juriv,2018-05-16 13:08:06,10,r/NatureIsFuckingLit,5,2018-05-16 15:11:08,2,1,210,0
8juriv,2018-05-16 13:08:06,10,r/NatureIsFuckingLit,5,2018-05-16 16:50:03,3,0,25,0
8juriv,2018-05-16 13:08:06,10,r/NatureIsFuckingLit,5,2018-05-16 15:20:34,2,0,84,0
8juriv,2018-05-16 13:08:06,10,r/NatureIsFuckingLit,5,2018-05-16 15:50:25,2,0,34,0
8juriv,2018-05-16 13:08:06,10,r/NatureIsFuckingLit,5,2018-05-16 16:26:47,2,0,14,0
8juriv,2018-05-16 13:08:06,10,r/NatureIsFuckingLit,5,2018-05-16 16:55:40,2,1,4,0
8juriv,2018-05-16 13:08:06,10,r/NatureIsFuckingLit,5,2018-05-16 17:32:11,3,0,1,0
8juriv,2018-05-16 13:08:06,10,r/NatureIsFuckingLit,5,2018-05-16 17:23:02,2,0,1,0
8juriv,2018-05-16 13:08:06,10,r/NatureIsFuckingLit,5,2018-05-16 17:23:05,2,0,1,0
8juriv,2018-05-16 13:08:06,10,r/NatureIsFuckingLit,5,2018-05-16 15:21:25,1,3,21,0
8juriv,2018-05-16 13:08:06,10,r/NatureIsFuckingLit,5,2018-05-16 15:52:16,2,1,19,0
8juriv,2018-05-16 13:08:06,10,r/NatureIsFuckingLit,5,2018-05-16 17:18:56,3,0,1,0
8juriv,2018-05-16 13:08:06,10,r/NatureIsFuckingLit,5,2018-05-16 17:17:52,2,1,3,0
8juriv,2018-05-16 13:08:06,10,r/NatureIsFuckingLit,5,2018-05-16 18:07:42,3,1,1,0
8juriv,2018-05-16 13:08:06,10,r/NatureIsFuckingLit,5,2018-05-16 18:11:26,4,0,1,0
8juriv,2018-05-16 13:08:06,10,r/NatureIsFuckingLit,5,2018-05-16 17:58:18,2,0,1,0
8juriv,2018-05-16 13:08:06,10,r/NatureIsFuckingLit,5,2018-05-16 16:22:22,1,1,5,0
8juriv,2018-05-16 13:08:06,10,r/NatureIsFuckingLit,5,2018-05-16 16:53:21,2,0,1,0
8juriv,2018-05-16 13:08:06,10,r/NatureIsFuckingLit,5,2018-05-16 17:16:48,1,0,1,0
8juriv,2018-05-16 13:08:06,10,r/NatureIsFuckingLit,6,2018-05-16 14:42:12,0,3,36,0
8juriv,2018-05-16 13:08:06,10,r/NatureIsFuckingLit,6,2018-05-16 14:57:32,1,2,22,0
8juriv,2018-05-16 13:08:06,10,r/NatureIsFuckingLit,6,2018-05-16 15:12:01,2,0,6,0
8juriv,2018-05-16 13:08:06,10,r/NatureIsFuckingLit,6,2018-05-16 15:37:39,2,0,4,0
8juriv,2018-05-16 13:08:06,10,r/NatureIsFuckingLit,6,2018-05-16 15:22:24,1,1,7,0
8juriv,2018-05-16 13:08:06,10,r/NatureIsFuckingLit,6,2018-05-16 18:18:03,2,0,1,0
8juriv,2018-05-16 13:08:06,10,r/NatureIsFuckingLit,6,2018-05-16 17:19:23,1,1,2,0
8juriv,2018-05-16 13:08:06,10,r/NatureIsFuckingLit,6,2018-05-16 18:17:42,2,0,1,0
8juriv,2018-05-16 13:08:06,10,r/NatureIsFuckingLit,7,2018-05-16 14:33:23,0,2,26,0
8juriv,2018-05-16 13:08:06,10,r/NatureIsFuckingLit,7,2018-05-16 15:19:56,1,0,2,0
8juriv,2018-05-16 13:08:06,10,r/NatureIsFuckingLit,7,2018-05-16 15:14:31,1,1,0,0
8juriv,2018-05-16 13:08:06,10,r/NatureIsFuckingLit,7,2018-05-16 15:40:30,2,0,2,0
8juriv,2018-05-16 13:08:06,10,r/NatureIsFuckingLit,8,2018-05-16 15:04:36,0,1,22,0
8juriv,2018-05-16 13:08:06,10,r/NatureIsFuckingLit,8,2018-05-16 15:38:31,1,0,9,0
8juriv,2018-05-16 13:08:06,10,r/NatureIsFuckingLit,9,2018-05-16 14:42:54,0,1,33,0
8juriv,2018-05-16 13:08:06,10,r/NatureIsFuckingLit,9,2018-05-16 14:56:31,1,0,12,0
8juriv,2018-05-16 13:08:06,10,r/NatureIsFuckingLit,10,2018-05-16 13:30:28,0,1,36,0
8juriv,2018-05-16 13:08:06,10,r/NatureIsFuckingLit,10,2018-05-16 15:52:03,1,0,9,0
8juriv,2018-05-16 13:08:06,10,r/NatureIsFuckingLit,11,2018-05-16 15:31:26,0,3,43,0
8juriv,2018-05-16 13:08:06,10,r/NatureIsFuckingLit,11,2018-05-16 16:13:58,1,0,10,0
8juriv,2018-05-16 13:08:06,10,r/NatureIsFuckingLit,11,2018-05-16 17:23:49,1,0,2,0
8juriv,2018-05-16 13:08:06,10,r/NatureIsFuckingLit,11,2018-05-16 17:27:41,1,0,1,0
8juriv,2018-05-16 13:08:06,10,r/NatureIsFuckingLit,12,2018-05-16 14:42:38,0,1,17,0
8juriv,2018-05-16 13:08:06,10,r/NatureIsFuckingLit,12,2018-05-16 15:38:57,1,1,2,0
8juriv,2018-05-16 13:08:06,10,r/NatureIsFuckingLit,12,2018-05-16 17:22:02,2,0,2,0
8juriv,2018-05-16 13:08:06,10,r/NatureIsFuckingLit,13,2018-05-16 15:06:53,0,0,8,0
8juriv,2018-05-16 13:08:06,10,r/NatureIsFuckingLit,14,2018-05-16 14:59:02,0,0,9,0
8juriv,2018-05-16 13:08:06,10,r/NatureIsFuckingLit,15,2018-05-16 15:36:56,0,0,8,0
8juriv,2018-05-16 13:08:06,10,r/NatureIsFuckingLit,16,2018-05-16 13:23:37,0,0,23,0
8juriv,2018-05-16 13:08:06,10,r/NatureIsFuckingLit,17,2018-05-16 15:19:26,0,0,6,0
8juriv,2018-05-16 13:08:06,10,r/NatureIsFuckingLit,18,2018-05-16 16:42:54,0,0,5,0
8juriv,2018-05-16 13:08:06,10,r/NatureIsFuckingLit,19,2018-05-16 14:42:54,0,0,7,0
8juriv,2018-05-16 13:08:06,10,r/NatureIsFuckingLit,20,2018-05-16 15:06:26,0,1,6,0
8juriv,2018-05-16 13:08:06,10,r/NatureIsFuckingLit,20,2018-05-16 15:21:31,1,1,23,0
8juriv,2018-05-16 13:08:06,10,r/NatureIsFuckingLit,20,2018-05-16 16:05:47,2,0,3,0
8juriv,2018-05-16 13:08:06,10,r/NatureIsFuckingLit,21,2018-05-16 14:58:41,0,0,3,0
8juriv,2018-05-16 13:08:06,10,r/NatureIsFuckingLit,22,2018-05-16 14:58:41,0,0,3,0
8juriv,2018-05-16 13:08:06,10,r/NatureIsFuckingLit,23,2018-05-16 14:30:56,0,0,2,0
8juriv,2018-05-16 13:08:06,10,r/NatureIsFuckingLit,24,2018-05-16 14:52:56,0,1,2,0
8juriv,2018-05-16 13:08:06,10,r/NatureIsFuckingLit,24,2018-05-16 14:58:59,1,0,3,0
8juriv,2018-05-16 13:08:06,10,r/NatureIsFuckingLit,25,2018-05-16 15:10:23,0,0,2,0
8juriv,2018-05-16 13:08:06,10,r/NatureIsFuckingLit,26,2018-05-16 15:27:08,0,0,2,0
8juriv,2018-05-16 13:08:06,10,r/NatureIsFuckingLit,27,2018-05-16 15:40:56,0,0,2,0
8juriv,2018-05-16 13:08:06,10,r/NatureIsFuckingLit,28,2018-05-16 16:16:57,0,0,2,0
8juriv,2018-05-16 13:08:06,10,r/NatureIsFuckingLit,29,2018-05-16 16:18:49,0,0,2,0
8juriv,2018-05-16 13:08:06,10,r/NatureIsFuckingLit,30,2018-05-16 16:25:22,0,0,2,0
8juriv,2018-05-16 13:08:06,10,r/NatureIsFuckingLit,31,2018-05-16 16:40:36,0,0,2,0
8juriv,2018-05-16 13:08:06,10,r/NatureIsFuckingLit,32,2018-05-16 16:46:33,0,0,2,0
8juriv,2018-05-16 13:08:06,10,r/NatureIsFuckingLit,33,2018-05-16 17:15:05,0,0,2,0
8juriv,2018-05-16 13:08:06,10,r/NatureIsFuckingLit,34,2018-05-16 17:15:36,0,0,2,0
8juriv,2018-05-16 13:08:06,10,r/NatureIsFuckingLit,35,2018-05-16 18:07:57,0,1,1,0
8juriv,2018-05-16 13:08:06,10,r/NatureIsFuckingLit,35,2018-05-16 18:10:00,1,1,1,0
8juriv,2018-05-16 13:08:06,10,r/NatureIsFuckingLit,35,2018-05-16 18:25:04,2,0,1,0
8juriv,2018-05-16 13:08:06,10,r/NatureIsFuckingLit,36,2018-05-16 13:54:25,0,0,2,0
8juriv,2018-05-16 13:08:06,10,r/NatureIsFuckingLit,37,2018-05-16 14:12:34,0,0,2,0
8juriv,2018-05-16 13:08:06,10,r/NatureIsFuckingLit,38,2018-05-16 14:54:25,0,0,1,0
8juriv,2018-05-16 13:08:06,10,r/NatureIsFuckingLit,39,2018-05-16 15:00:54,0,0,1,0
8juriv,2018-05-16 13:08:06,10,r/NatureIsFuckingLit,40,2018-05-16 15:06:12,0,0,1,0
8juriv,2018-05-16 13:08:06,10,r/NatureIsFuckingLit,41,2018-05-16 15:06:40,0,0,1,0
8juriv,2018-05-16 13:08:06,10,r/NatureIsFuckingLit,42,2018-05-16 15:24:09,0,0,1,0
8juriv,2018-05-16 13:08:06,10,r/NatureIsFuckingLit,43,2018-05-16 15:24:50,0,0,1,0
8juriv,2018-05-16 13:08:06,10,r/NatureIsFuckingLit,44,2018-05-16 15:25:13,0,0,1,0
8juriv,2018-05-16 13:08:06,10,r/NatureIsFuckingLit,45,2018-05-16 15:35:58,0,0,1,0
8juriv,2018-05-16 13:08:06,10,r/NatureIsFuckingLit,46,2018-05-16 15:37:09,0,0,1,0
8juriv,2018-05-16 13:08:06,10,r/NatureIsFuckingLit,47,2018-05-16 15:40:57,0,0,1,0
8juriv,2018-05-16 13:08:06,10,r/NatureIsFuckingLit,48,2018-05-16 15:41:20,0,0,1,0
8juriv,2018-05-16 13:08:06,10,r/NatureIsFuckingLit,49,2018-05-16 15:43:43,0,0,1,0
8juriv,2018-05-16 13:08:06,10,r/NatureIsFuckingLit,50,2018-05-16 15:46:43,0,0,1,0
8juriv,2018-05-16 13:08:06,10,r/NatureIsFuckingLit,51,2018-05-16 15:48:23,0,0,1,0
8juriv,2018-05-16 13:08:06,10,r/NatureIsFuckingLit,52,2018-05-16 15:51:40,0,0,1,0
8juriv,2018-05-16 13:08:06,10,r/NatureIsFuckingLit,53,2018-05-16 15:53:18,0,0,1,0
8juriv,2018-05-16 13:08:06,10,r/NatureIsFuckingLit,54,2018-05-16 15:54:41,0,0,1,0
8juriv,2018-05-16 13:08:06,10,r/NatureIsFuckingLit,55,2018-05-16 15:59:26,0,0,1,0
8juriv,2018-05-16 13:08:06,10,r/NatureIsFuckingLit,56,2018-05-16 16:00:16,0,0,1,0
8juriv,2018-05-16 13:08:06,10,r/NatureIsFuckingLit,57,2018-05-16 16:01:02,0,0,1,0
8juriv,2018-05-16 13:08:06,10,r/NatureIsFuckingLit,58,2018-05-16 16:02:50,0,0,1,0
8juriv,2018-05-16 13:08:06,10,r/NatureIsFuckingLit,59,2018-05-16 16:03:50,0,0,1,0
8juriv,2018-05-16 13:08:06,10,r/NatureIsFuckingLit,60,2018-05-16 16:04:58,0,0,1,0
8juriv,2018-05-16 13:08:06,10,r/NatureIsFuckingLit,61,2018-05-16 16:05:23,0,0,1,0
8juriv,2018-05-16 13:08:06,10,r/NatureIsFuckingLit,62,2018-05-16 16:06:03,0,0,1,0
8juriv,2018-05-16 13:08:06,10,r/NatureIsFuckingLit,63,2018-05-16 16:07:00,0,0,1,0
8juriv,2018-05-16 13:08:06,10,r/NatureIsFuckingLit,64,2018-05-16 16:13:04,0,0,1,0
8juriv,2018-05-16 13:08:06,10,r/NatureIsFuckingLit,65,2018-05-16 16:13:37,0,0,1,0
8juriv,2018-05-16 13:08:06,10,r/NatureIsFuckingLit,66,2018-05-16 16:14:43,0,0,1,0
8juriv,2018-05-16 13:08:06,10,r/NatureIsFuckingLit,67,2018-05-16 16:15:42,0,0,1,0
8juriv,2018-05-16 13:08:06,10,r/NatureIsFuckingLit,68,2018-05-16 16:18:40,0,0,1,0
8juriv,2018-05-16 13:08:06,10,r/NatureIsFuckingLit,69,2018-05-16 16:19:40,0,0,1,0
8juriv,2018-05-16 13:08:06,10,r/NatureIsFuckingLit,70,2018-05-16 16:20:42,0,0,1,0
8juriv,2018-05-16 13:08:06,10,r/NatureIsFuckingLit,71,2018-05-16 16:21:01,0,0,1,0
8juriv,2018-05-16 13:08:06,10,r/NatureIsFuckingLit,72,2018-05-16 16:21:07,0,0,1,0
8juriv,2018-05-16 13:08:06,10,r/NatureIsFuckingLit,73,2018-05-16 16:21:54,0,0,1,0
8juriv,2018-05-16 13:08:06,10,r/NatureIsFuckingLit,74,2018-05-16 16:22:32,0,0,1,0
8juriv,2018-05-16 13:08:06,10,r/NatureIsFuckingLit,75,2018-05-16 16:22:43,0,0,1,0
8juriv,2018-05-16 13:08:06,10,r/NatureIsFuckingLit,76,2018-05-16 16:25:14,0,0,1,0
8juriv,2018-05-16 13:08:06,10,r/NatureIsFuckingLit,77,2018-05-16 16:25:23,0,0,1,0
8juriv,2018-05-16 13:08:06,10,r/NatureIsFuckingLit,78,2018-05-16 16:25:32,0,0,1,0
8juriv,2018-05-16 13:08:06,10,r/NatureIsFuckingLit,79,2018-05-16 16:25:41,0,0,1,0
8juriv,2018-05-16 13:08:06,10,r/NatureIsFuckingLit,80,2018-05-16 16:25:46,0,0,1,0
8juriv,2018-05-16 13:08:06,10,r/NatureIsFuckingLit,81,2018-05-16 16:26:37,0,0,1,0
8juriv,2018-05-16 13:08:06,10,r/NatureIsFuckingLit,82,2018-05-16 16:27:18,0,0,1,0
8juriv,2018-05-16 13:08:06,10,r/NatureIsFuckingLit,83,2018-05-16 16:28:02,0,0,1,0
8juriv,2018-05-16 13:08:06,10,r/NatureIsFuckingLit,84,2018-05-16 16:29:53,0,0,1,0
8juriv,2018-05-16 13:08:06,10,r/NatureIsFuckingLit,85,2018-05-16 16:32:31,0,0,1,0
8juriv,2018-05-16 13:08:06,10,r/NatureIsFuckingLit,86,2018-05-16 16:36:44,0,0,1,0
8juriv,2018-05-16 13:08:06,10,r/NatureIsFuckingLit,87,2018-05-16 16:38:33,0,0,1,0
8juriv,2018-05-16 13:08:06,10,r/NatureIsFuckingLit,88,2018-05-16 16:38:49,0,0,1,0
8juriv,2018-05-16 13:08:06,10,r/NatureIsFuckingLit,89,2018-05-16 16:39:34,0,0,1,0
8juriv,2018-05-16 13:08:06,10,r/NatureIsFuckingLit,90,2018-05-16 16:40:33,0,0,1,0
8juriv,2018-05-16 13:08:06,10,r/NatureIsFuckingLit,91,2018-05-16 16:40:35,0,0,1,0
8juriv,2018-05-16 13:08:06,10,r/NatureIsFuckingLit,92,2018-05-16 16:40:38,0,0,1,0
8juriv,2018-05-16 13:08:06,10,r/NatureIsFuckingLit,93,2018-05-16 16:42:13,0,0,1,0
8juriv,2018-05-16 13:08:06,10,r/NatureIsFuckingLit,94,2018-05-16 16:45:07,0,0,1,0
8juriv,2018-05-16 13:08:06,10,r/NatureIsFuckingLit,95,2018-05-16 16:46:16,0,0,1,0
8juriv,2018-05-16 13:08:06,10,r/NatureIsFuckingLit,96,2018-05-16 16:46:24,0,0,1,0
8juriv,2018-05-16 13:08:06,10,r/NatureIsFuckingLit,97,2018-05-16 16:47:41,0,0,1,0
8juriv,2018-05-16 13:08:06,10,r/NatureIsFuckingLit,98,2018-05-16 16:49:26,0,0,1,0
8juriv,2018-05-16 13:08:06,10,r/NatureIsFuckingLit,99,2018-05-16 16:50:37,0,0,1,0
8juriv,2018-05-16 13:08:06,10,r/NatureIsFuckingLit,100,2018-05-16 16:50:51,0,0,1,0
8juriv,2018-05-16 13:08:06,10,r/NatureIsFuckingLit,101,2018-05-16 16:50:58,0,0,1,0
8juriv,2018-05-16 13:08:06,10,r/NatureIsFuckingLit,102,2018-05-16 16:54:57,0,0,1,0
8juriv,2018-05-16 13:08:06,10,r/NatureIsFuckingLit,103,2018-05-16 16:55:34,0,0,1,0
8juriv,2018-05-16 13:08:06,10,r/NatureIsFuckingLit,104,2018-05-16 16:56:31,0,1,1,0
8juriv,2018-05-16 13:08:06,10,r/NatureIsFuckingLit,104,2018-05-16 16:56:40,1,0,1,0
8juriv,2018-05-16 13:08:06,10,r/NatureIsFuckingLit,105,2018-05-16 16:56:52,0,0,1,0
8juriv,2018-05-16 13:08:06,10,r/NatureIsFuckingLit,106,2018-05-16 16:57:07,0,0,1,0
8juriv,2018-05-16 13:08:06,10,r/NatureIsFuckingLit,107,2018-05-16 16:58:39,0,0,1,0
8juriv,2018-05-16 13:08:06,10,r/NatureIsFuckingLit,108,2018-05-16 16:58:43,0,0,1,0
8juriv,2018-05-16 13:08:06,10,r/NatureIsFuckingLit,109,2018-05-16 17:00:48,0,0,1,0
8juriv,2018-05-16 13:08:06,10,r/NatureIsFuckingLit,110,2018-05-16 17:01:20,0,0,1,0
8juriv,2018-05-16 13:08:06,10,r/NatureIsFuckingLit,111,2018-05-16 17:01:45,0,0,1,0
8juriv,2018-05-16 13:08:06,10,r/NatureIsFuckingLit,112,2018-05-16 17:04:42,0,0,1,0
8juriv,2018-05-16 13:08:06,10,r/NatureIsFuckingLit,113,2018-05-16 17:05:15,0,0,1,0
8juriv,2018-05-16 13:08:06,10,r/NatureIsFuckingLit,114,2018-05-16 17:05:27,0,0,1,0
8juriv,2018-05-16 13:08:06,10,r/NatureIsFuckingLit,115,2018-05-16 17:05:28,0,0,1,0
8juriv,2018-05-16 13:08:06,10,r/NatureIsFuckingLit,116,2018-05-16 17:06:26,0,0,1,0
8juriv,2018-05-16 13:08:06,10,r/NatureIsFuckingLit,117,2018-05-16 17:07:43,0,0,1,0
8juriv,2018-05-16 13:08:06,10,r/NatureIsFuckingLit,118,2018-05-16 17:09:00,0,0,1,0
8juriv,2018-05-16 13:08:06,10,r/NatureIsFuckingLit,119,2018-05-16 17:13:50,0,0,1,0
8juriv,2018-05-16 13:08:06,10,r/NatureIsFuckingLit,120,2018-05-16 17:15:20,0,1,1,0
8juriv,2018-05-16 13:08:06,10,r/NatureIsFuckingLit,120,2018-05-16 17:15:24,1,0,0,0
8juriv,2018-05-16 13:08:06,10,r/NatureIsFuckingLit,121,2018-05-16 17:17:45,0,0,1,0
8juriv,2018-05-16 13:08:06,10,r/NatureIsFuckingLit,122,2018-05-16 17:19:47,0,0,1,0
8juriv,2018-05-16 13:08:06,10,r/NatureIsFuckingLit,123,2018-05-16 17:20:25,0,0,1,0
8juriv,2018-05-16 13:08:06,10,r/NatureIsFuckingLit,124,2018-05-16 17:21:37,0,0,1,0
8juriv,2018-05-16 13:08:06,10,r/NatureIsFuckingLit,125,2018-05-16 17:26:28,0,0,1,0
8juriv,2018-05-16 13:08:06,10,r/NatureIsFuckingLit,126,2018-05-16 17:27:34,0,0,1,0
8juriv,2018-05-16 13:08:06,10,r/NatureIsFuckingLit,127,2018-05-16 17:32:56,0,0,1,0
8juriv,2018-05-16 13:08:06,10,r/NatureIsFuckingLit,128,2018-05-16 17:34:38,0,0,1,0
8juriv,2018-05-16 13:08:06,10,r/NatureIsFuckingLit,129,2018-05-16 17:34:53,0,0,1,0
8juriv,2018-05-16 13:08:06,10,r/NatureIsFuckingLit,130,2018-05-16 17:36:49,0,0,1,0
8juriv,2018-05-16 13:08:06,10,r/NatureIsFuckingLit,131,2018-05-16 17:37:12,0,0,1,0
8juriv,2018-05-16 13:08:06,10,r/NatureIsFuckingLit,132,2018-05-16 17:40:54,0,0,1,0
8juriv,2018-05-16 13:08:06,10,r/NatureIsFuckingLit,133,2018-05-16 17:41:47,0,0,1,0
8juriv,2018-05-16 13:08:06,10,r/NatureIsFuckingLit,134,2018-05-16 17:43:42,0,0,1,0
8juriv,2018-05-16 13:08:06,10,r/NatureIsFuckingLit,135,2018-05-16 17:44:22,0,0,1,0
8juriv,2018-05-16 13:08:06,10,r/NatureIsFuckingLit,136,2018-05-16 17:44:37,0,0,1,0
8juriv,2018-05-16 13:08:06,10,r/NatureIsFuckingLit,137,2018-05-16 17:46:35,0,0,1,0
8juriv,2018-05-16 13:08:06,10,r/NatureIsFuckingLit,138,2018-05-16 17:49:49,0,0,1,0
8juriv,2018-05-16 13:08:06,10,r/NatureIsFuckingLit,139,2018-05-16 17:51:25,0,0,1,0
8juriv,2018-05-16 13:08:06,10,r/NatureIsFuckingLit,140,2018-05-16 17:56:17,0,0,1,0
8juriv,2018-05-16 13:08:06,10,r/NatureIsFuckingLit,141,2018-05-16 17:57:05,0,0,1,0
8juriv,2018-05-16 13:08:06,10,r/NatureIsFuckingLit,142,2018-05-16 18:05:28,0,0,1,0
8juriv,2018-05-16 13:08:06,10,r/NatureIsFuckingLit,143,2018-05-16 18:07:29,0,0,1,0
8juriv,2018-05-16 13:08:06,10,r/NatureIsFuckingLit,144,2018-05-16 18:13:32,0,0,1,0
8juriv,2018-05-16 13:08:06,10,r/NatureIsFuckingLit,145,2018-05-16 18:14:40,0,0,1,0
8juriv,2018-05-16 13:08:06,10,r/NatureIsFuckingLit,146,2018-05-16 18:15:05,0,0,1,0
8juriv,2018-05-16 13:08:06,10,r/NatureIsFuckingLit,147,2018-05-16 18:16:25,0,0,1,0
8juriv,2018-05-16 13:08:06,10,r/NatureIsFuckingLit,148,2018-05-16 18:18:28,0,0,1,0
8juriv,2018-05-16 13:08:06,10,r/NatureIsFuckingLit,149,2018-05-16 18:19:01,0,0,1,0
8juriv,2018-05-16 13:08:06,10,r/NatureIsFuckingLit,150,2018-05-16 18:22:13,0,0,1,0
8juriv,2018-05-16 13:08:06,10,r/NatureIsFuckingLit,151,2018-05-16 18:22:15,0,0,1,0
8juriv,2018-05-16 13:08:06,10,r/NatureIsFuckingLit,152,2018-05-16 18:27:36,0,0,1,0
8juriv,2018-05-16 13:08:06,10,r/NatureIsFuckingLit,153,2018-05-16 18:27:41,0,0,1,0
8juriv,2018-05-16 13:08:06,10,r/NatureIsFuckingLit,154,2018-05-16 18:29:19,0,0,1,0
8juriv,2018-05-16 13:08:06,10,r/NatureIsFuckingLit,155,2018-05-16 15:20:39,0,0,1,0
8juriv,2018-05-16 13:08:06,10,r/NatureIsFuckingLit,156,2018-05-16 13:50:07,0,2,-3,0
8juriv,2018-05-16 13:08:06,10,r/NatureIsFuckingLit,156,2018-05-16 14:45:29,1,0,8,0
8juriv,2018-05-16 13:08:06,10,r/NatureIsFuckingLit,156,2018-05-16 14:56:23,1,0,2,0
8juriv,2018-05-16 13:08:06,10,r/NatureIsFuckingLit,157,2018-05-16 15:09:26,0,0,0,0
8juriv,2018-05-16 13:08:06,10,r/NatureIsFuckingLit,158,2018-05-16 15:23:41,0,0,0,0
8juriv,2018-05-16 13:08:06,10,r/NatureIsFuckingLit,159,2018-05-16 15:36:10,0,1,0,0
8juriv,2018-05-16 13:08:06,10,r/NatureIsFuckingLit,159,2018-05-16 16:57:55,1,0,1,0
8juriv,2018-05-16 13:08:06,10,r/NatureIsFuckingLit,160,2018-05-16 15:40:57,0,1,0,0
8juriv,2018-05-16 13:08:06,10,r/NatureIsFuckingLit,160,2018-05-16 16:02:54,1,1,-2,0
8juriv,2018-05-16 13:08:06,10,r/NatureIsFuckingLit,160,2018-05-16 16:09:15,2,1,1,0
8juriv,2018-05-16 13:08:06,10,r/NatureIsFuckingLit,160,2018-05-16 16:10:36,3,1,0,0
8juriv,2018-05-16 13:08:06,10,r/NatureIsFuckingLit,160,2018-05-16 16:27:35,4,0,2,0
8juriv,2018-05-16 13:08:06,10,r/NatureIsFuckingLit,161,2018-05-16 15:49:01,0,0,0,0
8juriv,2018-05-16 13:08:06,10,r/NatureIsFuckingLit,162,2018-05-16 15:52:17,0,0,0,0
8juriv,2018-05-16 13:08:06,10,r/NatureIsFuckingLit,163,2018-05-16 15:55:24,0,0,0,0
8juriv,2018-05-16 13:08:06,10,r/NatureIsFuckingLit,164,2018-05-16 15:58:02,0,0,0,0
8juriv,2018-05-16 13:08:06,10,r/NatureIsFuckingLit,165,2018-05-16 15:58:17,0,0,0,0
8juriv,2018-05-16 13:08:06,10,r/NatureIsFuckingLit,166,2018-05-16 16:04:52,0,0,0,0
8juriv,2018-05-16 13:08:06,10,r/NatureIsFuckingLit,167,2018-05-16 16:05:08,0,0,0,0
8juriv,2018-05-16 13:08:06,10,r/NatureIsFuckingLit,168,2018-05-16 16:05:24,0,1,0,0
8juriv,2018-05-16 13:08:06,10,r/NatureIsFuckingLit,168,2018-05-16 17:27:03,1,1,1,0
8juriv,2018-05-16 13:08:06,10,r/NatureIsFuckingLit,168,2018-05-16 17:33:38,2,1,1,0
8juriv,2018-05-16 13:08:06,10,r/NatureIsFuckingLit,168,2018-05-16 17:35:35,3,0,1,0
8juriv,2018-05-16 13:08:06,10,r/NatureIsFuckingLit,169,2018-05-16 16:11:11,0,0,0,0
8juriv,2018-05-16 13:08:06,10,r/NatureIsFuckingLit,170,2018-05-16 16:11:25,0,0,0,0
8juriv,2018-05-16 13:08:06,10,r/NatureIsFuckingLit,171,2018-05-16 16:12:32,0,0,0,0
8juriv,2018-05-16 13:08:06,10,r/NatureIsFuckingLit,172,2018-05-16 16:14:22,0,0,0,0
8juriv,2018-05-16 13:08:06,10,r/NatureIsFuckingLit,173,2018-05-16 16:20:41,0,0,0,0
8juriv,2018-05-16 13:08:06,10,r/NatureIsFuckingLit,174,2018-05-16 16:21:59,0,0,0,0
8juriv,2018-05-16 13:08:06,10,r/NatureIsFuckingLit,175,2018-05-16 17:11:13,0,0,0,0
8jv1dy,2018-05-16 13:47:37,11,r/worldnews,0,2018-05-16 13:47:37,0,1,1,0
8jv1dy,2018-05-16 13:47:37,11,r/worldnews,1,2018-05-16 17:08:12,0,3,1,0
8jv1dy,2018-05-16 13:47:37,11,r/worldnews,1,2018-05-16 17:43:28,1,1,1,0
8jv1dy,2018-05-16 13:47:37,11,r/worldnews,1,2018-05-16 18:20:55,1,1,1,0
8jv1dy,2018-05-16 13:47:37,11,r/worldnews,2,2018-05-16 14:57:03,0,8,3822,0
8jv1dy,2018-05-16 13:47:37,11,r/worldnews,2,2018-05-16 17:15:07,1,7,1,0
8jv1dy,2018-05-16 13:47:37,11,r/worldnews,2,2018-05-16 17:27:26,2,10,1,0
8jv1dy,2018-05-16 13:47:37,11,r/worldnews,2,2018-05-16 17:31:20,3,4,1,0
8jv1dy,2018-05-16 13:47:37,11,r/worldnews,2,2018-05-16 17:35:01,4,2,1,0
8jv1dy,2018-05-16 13:47:37,11,r/worldnews,2,2018-05-16 18:05:30,5,3,1,0
8jv1dy,2018-05-16 13:47:37,11,r/worldnews,2,2018-05-16 18:24:26,6,0,1,0
8jv1dy,2018-05-16 13:47:37,11,r/worldnews,2,2018-05-16 18:19:08,6,0,1,0
8jv1dy,2018-05-16 13:47:37,11,r/worldnews,2,2018-05-16 18:19:26,6,1,1,0
8jv1dy,2018-05-16 13:47:37,11,r/worldnews,2,2018-05-16 17:49:13,4,2,1,0
8jv1dy,2018-05-16 13:47:37,11,r/worldnews,2,2018-05-16 18:10:07,5,0,1,0
8jv1dy,2018-05-16 13:47:37,11,r/worldnews,2,2018-05-16 17:34:11,4,0,1,0
8jv1dy,2018-05-16 13:47:37,11,r/worldnews,2,2018-05-16 17:34:16,3,4,1,0
8jv1dy,2018-05-16 13:47:37,11,r/worldnews,2,2018-05-16 17:59:28,4,1,1,0
8jv1dy,2018-05-16 13:47:37,11,r/worldnews,2,2018-05-16 17:38:59,4,2,1,0
8jv1dy,2018-05-16 13:47:37,11,r/worldnews,2,2018-05-16 18:03:35,5,0,1,0
8jv1dy,2018-05-16 13:47:37,11,r/worldnews,2,2018-05-16 18:12:04,5,0,1,0
8jv1dy,2018-05-16 13:47:37,11,r/worldnews,2,2018-05-16 17:45:17,4,1,1,0
8jv1dy,2018-05-16 13:47:37,11,r/worldnews,2,2018-05-16 17:36:05,3,0,1,0
8jv1dy,2018-05-16 13:47:37,11,r/worldnews,2,2018-05-16 17:56:01,3,1,1,0
8jv1dy,2018-05-16 13:47:37,11,r/worldnews,2,2018-05-16 17:35:58,3,0,1,0
8jv1dy,2018-05-16 13:47:37,11,r/worldnews,2,2018-05-16 17:55:44,3,1,1,0
8jv1dy,2018-05-16 13:47:37,11,r/worldnews,2,2018-05-16 17:43:43,3,0,1,0
8jv1dy,2018-05-16 13:47:37,11,r/worldnews,2,2018-05-16 17:55:34,3,0,1,0
8jv1dy,2018-05-16 13:47:37,11,r/worldnews,2,2018-05-16 18:06:53,3,0,1,0
8jv1dy,2018-05-16 13:47:37,11,r/worldnews,2,2018-05-16 17:30:10,2,1,1,0
8jv1dy,2018-05-16 13:47:37,11,r/worldnews,2,2018-05-16 17:56:07,3,1,1,0
8jv1dy,2018-05-16 13:47:37,11,r/worldnews,2,2018-05-16 17:23:09,2,1,1,0
8jv1dy,2018-05-16 13:47:37,11,r/worldnews,2,2018-05-16 18:00:31,2,0,1,0
8jv1dy,2018-05-16 13:47:37,11,r/worldnews,2,2018-05-16 18:05:49,2,1,1,0
8jv1dy,2018-05-16 13:47:37,11,r/worldnews,2,2018-05-16 18:24:39,3,0,1,0
8jv1dy,2018-05-16 13:47:37,11,r/worldnews,2,2018-05-16 18:13:21,2,0,1,0
8jv1dy,2018-05-16 13:47:37,11,r/worldnews,2,2018-05-16 17:59:24,1,0,1,0
8jv1dy,2018-05-16 13:47:37,11,r/worldnews,2,2018-05-16 18:11:55,1,1,1,0
8jv1dy,2018-05-16 13:47:37,11,r/worldnews,2,2018-05-16 17:01:29,1,2,1,0
8jv1dy,2018-05-16 13:47:37,11,r/worldnews,2,2018-05-16 17:38:48,2,1,1,0
8jv1dy,2018-05-16 13:47:37,11,r/worldnews,2,2018-05-16 17:23:35,1,2,1,0
8jv1dy,2018-05-16 13:47:37,11,r/worldnews,2,2018-05-16 18:03:36,2,1,1,0
8jv1dy,2018-05-16 13:47:37,11,r/worldnews,2,2018-05-16 17:45:57,1,1,1,0
8jv1dy,2018-05-16 13:47:37,11,r/worldnews,2,2018-05-16 17:06:42,1,3,1,0
8jv1dy,2018-05-16 13:47:37,11,r/worldnews,2,2018-05-16 17:25:04,2,0,1,0
8jv1dy,2018-05-16 13:47:37,11,r/worldnews,2,2018-05-16 17:17:18,2,0,1,0
8jv1dy,2018-05-16 13:47:37,11,r/worldnews,2,2018-05-16 17:40:19,2,0,1,0
8jv1dy,2018-05-16 13:47:37,11,r/worldnews,3,2018-05-16 15:54:29,0,3,1322,0
8jv1dy,2018-05-16 13:47:37,11,r/worldnews,3,2018-05-16 15:57:19,1,3,511,0
8jv1dy,2018-05-16 13:47:37,11,r/worldnews,3,2018-05-16 17:15:58,2,2,1,0
8jv1dy,2018-05-16 13:47:37,11,r/worldnews,3,2018-05-16 17:25:47,3,3,1,0
8jv1dy,2018-05-16 13:47:37,11,r/worldnews,3,2018-05-16 18:03:36,4,1,1,0
8jv1dy,2018-05-16 13:47:37,11,r/worldnews,3,2018-05-16 18:07:22,4,0,1,0
8jv1dy,2018-05-16 13:47:37,11,r/worldnews,3,2018-05-16 16:20:55,2,10,149,0
8jv1dy,2018-05-16 13:47:37,11,r/worldnews,3,2018-05-16 16:47:54,3,4,449,0
8jv1dy,2018-05-16 13:47:37,11,r/worldnews,3,2018-05-16 17:35:11,4,11,1,0
8jv1dy,2018-05-16 13:47:37,11,r/worldnews,3,2018-05-16 17:48:36,5,3,1,0
8jv1dy,2018-05-16 13:47:37,11,r/worldnews,3,2018-05-16 17:53:11,6,1,1,0
8jv1dy,2018-05-16 13:47:37,11,r/worldnews,3,2018-05-16 18:25:22,7,1,1,0
8jv1dy,2018-05-16 13:47:37,11,r/worldnews,3,2018-05-16 18:06:28,6,0,1,0
8jv1dy,2018-05-16 13:47:37,11,r/worldnews,3,2018-05-16 17:58:13,5,1,1,0
8jv1dy,2018-05-16 13:47:37,11,r/worldnews,3,2018-05-16 18:01:59,6,2,1,0
8jv1dy,2018-05-16 13:47:37,11,r/worldnews,3,2018-05-16 18:23:35,7,0,1,0
8jv1dy,2018-05-16 13:47:37,11,r/worldnews,3,2018-05-16 17:59:03,5,0,1,0
8jv1dy,2018-05-16 13:47:37,11,r/worldnews,3,2018-05-16 18:00:53,5,0,1,0
8jv1dy,2018-05-16 13:47:37,11,r/worldnews,3,2018-05-16 18:01:28,5,0,1,0
8jv1dy,2018-05-16 13:47:37,11,r/worldnews,3,2018-05-16 18:16:26,5,0,1,0
8jv1dy,2018-05-16 13:47:37,11,r/worldnews,3,2018-05-16 18:19:50,5,0,1,0
8jv1dy,2018-05-16 13:47:37,11,r/worldnews,3,2018-05-16 18:21:37,5,0,1,0
8jv1dy,2018-05-16 13:47:37,11,r/worldnews,3,2018-05-16 18:03:37,5,0,1,0
8jv1dy,2018-05-16 13:47:37,11,r/worldnews,3,2018-05-16 18:05:32,5,0,1,0
8jv1dy,2018-05-16 13:47:37,11,r/worldnews,3,2018-05-16 16:58:03,4,7,42,0
8jv1dy,2018-05-16 13:47:37,11,r/worldnews,3,2018-05-16 17:04:21,5,3,1,0
8jv1dy,2018-05-16 13:47:37,11,r/worldnews,3,2018-05-16 17:28:00,6,3,1,0
8jv1dy,2018-05-16 13:47:37,11,r/worldnews,3,2018-05-16 17:40:19,7,1,1,0
8jv1dy,2018-05-16 13:47:37,11,r/worldnews,3,2018-05-16 18:13:23,8,0,1,0
8jv1dy,2018-05-16 13:47:37,11,r/worldnews,3,2018-05-16 17:46:40,7,2,1,0
8jv1dy,2018-05-16 13:47:37,11,r/worldnews,3,2018-05-16 17:59:26,8,0,1,0
8jv1dy,2018-05-16 13:47:37,11,r/worldnews,3,2018-05-16 17:31:44,6,0,1,0
8jv1dy,2018-05-16 13:47:37,11,r/worldnews,3,2018-05-16 17:08:39,5,1,1,0
8jv1dy,2018-05-16 13:47:37,11,r/worldnews,3,2018-05-16 17:04:17,5,2,1,0
8jv1dy,2018-05-16 13:47:37,11,r/worldnews,3,2018-05-16 17:30:58,6,0,1,0
8jv1dy,2018-05-16 13:47:37,11,r/worldnews,3,2018-05-16 17:02:31,5,2,1,0
8jv1dy,2018-05-16 13:47:37,11,r/worldnews,3,2018-05-16 17:06:52,6,3,1,0
8jv1dy,2018-05-16 13:47:37,11,r/worldnews,3,2018-05-16 17:16:03,7,1,1,0
8jv1dy,2018-05-16 13:47:37,11,r/worldnews,3,2018-05-16 17:27:23,8,1,1,0
8jv1dy,2018-05-16 13:47:37,11,r/worldnews,3,2018-05-16 17:37:05,7,1,1,0
8jv1dy,2018-05-16 13:47:37,11,r/worldnews,3,2018-05-16 17:40:40,8,2,1,0
8jv1dy,2018-05-16 13:47:37,11,r/worldnews,3,2018-05-16 17:43:16,9,0,1,0
8jv1dy,2018-05-16 13:47:37,11,r/worldnews,3,2018-05-16 17:02:42,5,0,1,0
8jv1dy,2018-05-16 13:47:37,11,r/worldnews,3,2018-05-16 17:35:08,5,0,1,0
8jv1dy,2018-05-16 13:47:37,11,r/worldnews,3,2018-05-16 17:23:23,4,1,1,0
8jv1dy,2018-05-16 13:47:37,11,r/worldnews,3,2018-05-16 16:35:16,3,2,147,0
8jv1dy,2018-05-16 13:47:37,11,r/worldnews,3,2018-05-16 16:55:14,4,3,64,0
8jv1dy,2018-05-16 13:47:37,11,r/worldnews,3,2018-05-16 17:40:18,5,0,1,0
8jv1dy,2018-05-16 13:47:37,11,r/worldnews,3,2018-05-16 17:08:40,5,0,1,0
8jv1dy,2018-05-16 13:47:37,11,r/worldnews,3,2018-05-16 16:34:30,3,0,17,0
8jv1dy,2018-05-16 13:47:37,11,r/worldnews,3,2018-05-16 16:35:11,3,0,27,0
8jv1dy,2018-05-16 13:47:37,11,r/worldnews,3,2018-05-16 17:04:27,3,1,1,0
8jv1dy,2018-05-16 13:47:37,11,r/worldnews,3,2018-05-16 17:15:23,4,0,1,0
8jv1dy,2018-05-16 13:47:37,11,r/worldnews,3,2018-05-16 17:14:09,3,0,1,0
8jv1dy,2018-05-16 13:47:37,11,r/worldnews,3,2018-05-16 16:34:50,3,1,7,0
8jv1dy,2018-05-16 13:47:37,11,r/worldnews,3,2018-05-16 17:03:08,3,2,1,0
8jv1dy,2018-05-16 13:47:37,11,r/worldnews,3,2018-05-16 17:29:11,4,1,1,0
8jv1dy,2018-05-16 13:47:37,11,r/worldnews,3,2018-05-16 17:39:06,5,0,1,0
8jv1dy,2018-05-16 13:47:37,11,r/worldnews,3,2018-05-16 17:13:40,3,1,1,0
8jv1dy,2018-05-16 13:47:37,11,r/worldnews,3,2018-05-16 17:26:25,1,1,1,0
8jv1dy,2018-05-16 13:47:37,11,r/worldnews,4,2018-05-16 16:16:40,0,5,879,0
8jv1dy,2018-05-16 13:47:37,11,r/worldnews,4,2018-05-16 16:46:23,1,6,452,0
8jv1dy,2018-05-16 13:47:37,11,r/worldnews,4,2018-05-16 16:57:26,2,3,166,0
8jv1dy,2018-05-16 13:47:37,11,r/worldnews,4,2018-05-16 17:12:06,3,8,1,0
8jv1dy,2018-05-16 13:47:37,11,r/worldnews,4,2018-05-16 17:26:11,4,2,1,0
8jv1dy,2018-05-16 13:47:37,11,r/worldnews,4,2018-05-16 17:44:41,5,1,1,0
8jv1dy,2018-05-16 13:47:37,11,r/worldnews,4,2018-05-16 18:22:07,6,0,1,0
8jv1dy,2018-05-16 13:47:37,11,r/worldnews,4,2018-05-16 17:42:06,5,2,1,0
8jv1dy,2018-05-16 13:47:37,11,r/worldnews,4,2018-05-16 17:53:55,6,0,1,0
8jv1dy,2018-05-16 13:47:37,11,r/worldnews,4,2018-05-16 17:43:08,4,0,1,0
8jv1dy,2018-05-16 13:47:37,11,r/worldnews,4,2018-05-16 17:23:03,4,4,1,0
8jv1dy,2018-05-16 13:47:37,11,r/worldnews,4,2018-05-16 17:28:49,5,3,1,0
8jv1dy,2018-05-16 13:47:37,11,r/worldnews,4,2018-05-16 17:32:00,6,3,1,0
8jv1dy,2018-05-16 13:47:37,11,r/worldnews,4,2018-05-16 17:43:13,7,0,1,0
8jv1dy,2018-05-16 13:47:37,11,r/worldnews,4,2018-05-16 18:05:27,7,1,1,0
8jv1dy,2018-05-16 13:47:37,11,r/worldnews,4,2018-05-16 17:38:25,7,0,1,0
8jv1dy,2018-05-16 13:47:37,11,r/worldnews,4,2018-05-16 17:34:35,6,1,1,0
8jv1dy,2018-05-16 13:47:37,11,r/worldnews,4,2018-05-16 17:35:54,6,0,1,0
8jv1dy,2018-05-16 13:47:37,11,r/worldnews,4,2018-05-16 17:59:12,5,0,1,0
8jv1dy,2018-05-16 13:47:37,11,r/worldnews,4,2018-05-16 17:34:18,5,0,1,0
8jv1dy,2018-05-16 13:47:37,11,r/worldnews,4,2018-05-16 17:49:05,4,0,1,0
8jv1dy,2018-05-16 13:47:37,11,r/worldnews,4,2018-05-16 17:25:45,4,0,1,0
8jv1dy,2018-05-16 13:47:37,11,r/worldnews,4,2018-05-16 17:40:21,4,2,1,0
8jv1dy,2018-05-16 13:47:37,11,r/worldnews,4,2018-05-16 18:02:38,5,1,1,0
8jv1dy,2018-05-16 13:47:37,11,r/worldnews,4,2018-05-16 18:08:00,6,1,1,0
8jv1dy,2018-05-16 13:47:37,11,r/worldnews,4,2018-05-16 17:42:53,4,0,1,0
8jv1dy,2018-05-16 13:47:37,11,r/worldnews,4,2018-05-16 17:16:42,3,3,1,0
8jv1dy,2018-05-16 13:47:37,11,r/worldnews,4,2018-05-16 17:34:26,4,1,1,0
8jv1dy,2018-05-16 13:47:37,11,r/worldnews,4,2018-05-16 17:23:42,4,1,1,0
8jv1dy,2018-05-16 13:47:37,11,r/worldnews,4,2018-05-16 17:30:40,5,4,1,0
8jv1dy,2018-05-16 13:47:37,11,r/worldnews,4,2018-05-16 17:43:06,6,0,1,0
8jv1dy,2018-05-16 13:47:37,11,r/worldnews,4,2018-05-16 17:56:03,6,1,1,0
8jv1dy,2018-05-16 13:47:37,11,r/worldnews,4,2018-05-16 17:46:07,6,0,1,0
8jv1dy,2018-05-16 13:47:37,11,r/worldnews,4,2018-05-16 17:23:20,2,0,1,0
8jv1dy,2018-05-16 13:47:37,11,r/worldnews,4,2018-05-16 17:26:48,2,3,1,0
8jv1dy,2018-05-16 13:47:37,11,r/worldnews,4,2018-05-16 17:54:53,3,2,1,0
8jv1dy,2018-05-16 13:47:37,11,r/worldnews,4,2018-05-16 18:10:33,4,1,1,0
8jv1dy,2018-05-16 13:47:37,11,r/worldnews,4,2018-05-16 18:14:57,5,0,1,0
8jv1dy,2018-05-16 13:47:37,11,r/worldnews,4,2018-05-16 17:34:13,3,2,1,0
8jv1dy,2018-05-16 13:47:37,11,r/worldnews,4,2018-05-16 17:55:25,4,1,1,0
8jv1dy,2018-05-16 13:47:37,11,r/worldnews,4,2018-05-16 17:59:59,5,2,1,0
8jv1dy,2018-05-16 13:47:37,11,r/worldnews,4,2018-05-16 18:04:10,6,1,1,0
8jv1dy,2018-05-16 13:47:37,11,r/worldnews,4,2018-05-16 18:11:56,7,0,1,0
8jv1dy,2018-05-16 13:47:37,11,r/worldnews,4,2018-05-16 17:45:53,2,0,1,0
8jv1dy,2018-05-16 13:47:37,11,r/worldnews,4,2018-05-16 16:57:00,2,0,3,0
8jv1dy,2018-05-16 13:47:37,11,r/worldnews,4,2018-05-16 17:28:47,1,4,1,0
8jv1dy,2018-05-16 13:47:37,11,r/worldnews,4,2018-05-16 17:50:01,2,0,1,0
8jv1dy,2018-05-16 13:47:37,11,r/worldnews,4,2018-05-16 17:53:25,2,0,1,0
8jv1dy,2018-05-16 13:47:37,11,r/worldnews,4,2018-05-16 18:00:00,2,0,1,0
8jv1dy,2018-05-16 13:47:37,11,r/worldnews,4,2018-05-16 17:43:22,1,3,1,0
8jv1dy,2018-05-16 13:47:37,11,r/worldnews,4,2018-05-16 17:55:05,2,1,1,0
8jv1dy,2018-05-16 13:47:37,11,r/worldnews,4,2018-05-16 17:55:30,2,1,1,0
8jv1dy,2018-05-16 13:47:37,11,r/worldnews,4,2018-05-16 18:13:32,3,1,1,0
8jv1dy,2018-05-16 13:47:37,11,r/worldnews,4,2018-05-16 17:50:00,1,0,1,0
8jv1dy,2018-05-16 13:47:37,11,r/worldnews,5,2018-05-16 15:25:01,0,3,476,0
8jv1dy,2018-05-16 13:47:37,11,r/worldnews,5,2018-05-16 17:04:00,1,1,1,0
8jv1dy,2018-05-16 13:47:37,11,r/worldnews,5,2018-05-16 17:14:26,2,1,1,0
8jv1dy,2018-05-16 13:47:37,11,r/worldnews,5,2018-05-16 17:16:25,3,1,1,0
8jv1dy,2018-05-16 13:47:37,11,r/worldnews,5,2018-05-16 17:17:52,1,2,1,0
8jv1dy,2018-05-16 13:47:37,11,r/worldnews,5,2018-05-16 18:01:21,2,1,1,0
8jv1dy,2018-05-16 13:47:37,11,r/worldnews,5,2018-05-16 18:14:39,3,0,1,0
8jv1dy,2018-05-16 13:47:37,11,r/worldnews,6,2018-05-16 17:10:33,0,5,1,0
8jv1dy,2018-05-16 13:47:37,11,r/worldnews,6,2018-05-16 17:25:21,1,4,1,0
8jv1dy,2018-05-16 13:47:37,11,r/worldnews,6,2018-05-16 17:34:33,2,3,1,0
8jv1dy,2018-05-16 13:47:37,11,r/worldnews,6,2018-05-16 17:47:52,3,4,1,0
8jv1dy,2018-05-16 13:47:37,11,r/worldnews,6,2018-05-16 18:06:10,4,0,1,0
8jv1dy,2018-05-16 13:47:37,11,r/worldnews,6,2018-05-16 18:14:34,4,0,1,0
8jv1dy,2018-05-16 13:47:37,11,r/worldnews,6,2018-05-16 18:13:34,4,0,1,0
8jv1dy,2018-05-16 13:47:37,11,r/worldnews,6,2018-05-16 17:51:23,3,1,1,0
8jv1dy,2018-05-16 13:47:37,11,r/worldnews,6,2018-05-16 17:44:32,2,0,1,0
8jv1dy,2018-05-16 13:47:37,11,r/worldnews,6,2018-05-16 17:58:56,2,0,1,0
8jv1dy,2018-05-16 13:47:37,11,r/worldnews,6,2018-05-16 17:42:42,1,2,1,0
8jv1dy,2018-05-16 13:47:37,11,r/worldnews,6,2018-05-16 17:55:03,2,1,1,0
8jv1dy,2018-05-16 13:47:37,11,r/worldnews,6,2018-05-16 17:51:47,2,0,1,0
8jv1dy,2018-05-16 13:47:37,11,r/worldnews,6,2018-05-16 17:28:45,1,5,1,0
8jv1dy,2018-05-16 13:47:37,11,r/worldnews,6,2018-05-16 17:35:42,2,0,1,0
8jv1dy,2018-05-16 13:47:37,11,r/worldnews,6,2018-05-16 17:32:49,2,1,1,0
8jv1dy,2018-05-16 13:47:37,11,r/worldnews,6,2018-05-16 17:37:47,2,1,1,0
8jv1dy,2018-05-16 13:47:37,11,r/worldnews,6,2018-05-16 17:40:55,2,0,1,0
8jv1dy,2018-05-16 13:47:37,11,r/worldnews,6,2018-05-16 17:39:43,1,1,1,0
8jv1dy,2018-05-16 13:47:37,11,r/worldnews,6,2018-05-16 17:52:40,2,1,1,0
8jv1dy,2018-05-16 13:47:37,11,r/worldnews,7,2018-05-16 17:29:18,0,2,1,0
8jv1dy,2018-05-16 13:47:37,11,r/worldnews,7,2018-05-16 18:03:11,1,2,1,0
8jv1dy,2018-05-16 13:47:37,11,r/worldnews,7,2018-05-16 18:12:56,2,0,1,0
8jv1dy,2018-05-16 13:47:37,11,r/worldnews,7,2018-05-16 18:24:49,2,0,1,0
8jv1dy,2018-05-16 13:47:37,11,r/worldnews,8,2018-05-16 13:54:32,0,5,394,0
8jv1dy,2018-05-16 13:47:37,11,r/worldnews,8,2018-05-16 17:19:10,1,0,1,0
8jv1dy,2018-05-16 13:47:37,11,r/worldnews,8,2018-05-16 17:13:04,1,4,1,0
8jv1dy,2018-05-16 13:47:37,11,r/worldnews,8,2018-05-16 17:23:33,2,1,1,0
8jv1dy,2018-05-16 13:47:37,11,r/worldnews,8,2018-05-16 18:12:00,3,1,1,0
8jv1dy,2018-05-16 13:47:37,11,r/worldnews,8,2018-05-16 17:28:07,2,0,1,0
8jv1dy,2018-05-16 13:47:37,11,r/worldnews,8,2018-05-16 17:42:45,2,0,1,0
8jv1dy,2018-05-16 13:47:37,11,r/worldnews,8,2018-05-16 17:34:03,1,3,1,0
8jv1dy,2018-05-16 13:47:37,11,r/worldnews,8,2018-05-16 17:57:34,2,0,1,0
8jv1dy,2018-05-16 13:47:37,11,r/worldnews,8,2018-05-16 17:56:15,2,0,1,0
8jv1dy,2018-05-16 13:47:37,11,r/worldnews,8,2018-05-16 16:17:27,1,1,3,0
8jv1dy,2018-05-16 13:47:37,11,r/worldnews,9,2018-05-16 14:42:42,0,13,976,0
8jv1dy,2018-05-16 13:47:37,11,r/worldnews,9,2018-05-16 15:58:46,1,8,279,0
8jv1dy,2018-05-16 13:47:37,11,r/worldnews,9,2018-05-16 16:11:53,2,2,202,0
8jv1dy,2018-05-16 13:47:37,11,r/worldnews,9,2018-05-16 17:12:23,3,1,1,0
8jv1dy,2018-05-16 13:47:37,11,r/worldnews,9,2018-05-16 17:25:58,4,3,1,0
8jv1dy,2018-05-16 13:47:37,11,r/worldnews,9,2018-05-16 17:45:52,5,0,1,0
8jv1dy,2018-05-16 13:47:37,11,r/worldnews,9,2018-05-16 17:54:40,5,1,1,0
8jv1dy,2018-05-16 13:47:37,11,r/worldnews,9,2018-05-16 17:20:29,2,2,1,0
8jv1dy,2018-05-16 13:47:37,11,r/worldnews,9,2018-05-16 18:09:42,3,0,1,0
8jv1dy,2018-05-16 13:47:37,11,r/worldnews,9,2018-05-16 16:56:49,2,2,32,0
8jv1dy,2018-05-16 13:47:37,11,r/worldnews,9,2018-05-16 17:18:14,3,2,1,0
8jv1dy,2018-05-16 13:47:37,11,r/worldnews,9,2018-05-16 17:34:09,4,1,1,0
8jv1dy,2018-05-16 13:47:37,11,r/worldnews,9,2018-05-16 16:44:36,2,0,14,0
8jv1dy,2018-05-16 13:47:37,11,r/worldnews,9,2018-05-16 16:18:36,2,0,10,0
8jv1dy,2018-05-16 13:47:37,11,r/worldnews,9,2018-05-16 16:55:10,2,1,51,0
8jv1dy,2018-05-16 13:47:37,11,r/worldnews,9,2018-05-16 16:55:58,2,0,3,0
8jv1dy,2018-05-16 13:47:37,11,r/worldnews,9,2018-05-16 17:01:04,1,1,1,0
8jv1dy,2018-05-16 13:47:37,11,r/worldnews,9,2018-05-16 17:13:56,1,1,1,0
8jv1dy,2018-05-16 13:47:37,11,r/worldnews,9,2018-05-16 18:14:10,2,0,1,0
8jv1dy,2018-05-16 13:47:37,11,r/worldnews,9,2018-05-16 16:58:41,1,2,57,0
8jv1dy,2018-05-16 13:47:37,11,r/worldnews,9,2018-05-16 17:59:34,2,0,1,0
8jv1dy,2018-05-16 13:47:37,11,r/worldnews,9,2018-05-16 16:29:49,1,4,13,0
8jv1dy,2018-05-16 13:47:37,11,r/worldnews,9,2018-05-16 16:39:52,2,3,61,0
8jv1dy,2018-05-16 13:47:37,11,r/worldnews,9,2018-05-16 16:59:15,3,0,40,0
8jv1dy,2018-05-16 13:47:37,11,r/worldnews,9,2018-05-16 17:15:53,3,0,1,0
8jv1dy,2018-05-16 13:47:37,11,r/worldnews,9,2018-05-16 17:23:10,2,0,1,0
8jv1dy,2018-05-16 13:47:37,11,r/worldnews,9,2018-05-16 16:38:13,2,1,7,0
8jv1dy,2018-05-16 13:47:37,11,r/worldnews,9,2018-05-16 17:35:17,2,1,1,0
8jv1dy,2018-05-16 13:47:37,11,r/worldnews,9,2018-05-16 16:49:11,1,0,13,0
8jv1dy,2018-05-16 13:47:37,11,r/worldnews,9,2018-05-16 16:38:08,1,3,40,0
8jv1dy,2018-05-16 13:47:37,11,r/worldnews,9,2018-05-16 17:19:04,2,0,1,0
8jv1dy,2018-05-16 13:47:37,11,r/worldnews,9,2018-05-16 18:20:42,2,0,1,0
8jv1dy,2018-05-16 13:47:37,11,r/worldnews,9,2018-05-16 16:45:38,1,0,17,0
8jv1dy,2018-05-16 13:47:37,11,r/worldnews,9,2018-05-16 17:12:44,1,0,1,0
8jv1dy,2018-05-16 13:47:37,11,r/worldnews,9,2018-05-16 15:30:50,1,7,53,0
8jv1dy,2018-05-16 13:47:37,11,r/worldnews,9,2018-05-16 16:09:53,2,5,126,0
8jv1dy,2018-05-16 13:47:37,11,r/worldnews,9,2018-05-16 17:13:06,3,1,1,0
8jv1dy,2018-05-16 13:47:37,11,r/worldnews,9,2018-05-16 17:08:42,3,2,1,0
8jv1dy,2018-05-16 13:47:37,11,r/worldnews,9,2018-05-16 17:43:15,4,2,1,0
8jv1dy,2018-05-16 13:47:37,11,r/worldnews,9,2018-05-16 17:58:44,5,0,1,0
8jv1dy,2018-05-16 13:47:37,11,r/worldnews,9,2018-05-16 18:13:40,5,0,1,0
8jv1dy,2018-05-16 13:47:37,11,r/worldnews,9,2018-05-16 17:11:27,3,1,1,0
8jv1dy,2018-05-16 13:47:37,11,r/worldnews,9,2018-05-16 17:53:21,4,0,1,0
8jv1dy,2018-05-16 13:47:37,11,r/worldnews,9,2018-05-16 16:19:37,3,5,8,0
8jv1dy,2018-05-16 13:47:37,11,r/worldnews,9,2018-05-16 16:32:13,4,1,55,0
8jv1dy,2018-05-16 13:47:37,11,r/worldnews,9,2018-05-16 16:32:58,4,0,30,0
8jv1dy,2018-05-16 13:47:37,11,r/worldnews,9,2018-05-16 16:51:06,4,2,15,0
8jv1dy,2018-05-16 13:47:37,11,r/worldnews,9,2018-05-16 17:19:53,5,3,1,0
8jv1dy,2018-05-16 13:47:37,11,r/worldnews,9,2018-05-16 17:41:01,6,0,1,0
8jv1dy,2018-05-16 13:47:37,11,r/worldnews,9,2018-05-16 17:26:32,6,3,1,0
8jv1dy,2018-05-16 13:47:37,11,r/worldnews,9,2018-05-16 17:57:14,7,1,1,0
8jv1dy,2018-05-16 13:47:37,11,r/worldnews,9,2018-05-16 17:42:11,7,2,1,0
8jv1dy,2018-05-16 13:47:37,11,r/worldnews,9,2018-05-16 17:48:33,8,1,1,0
8jv1dy,2018-05-16 13:47:37,11,r/worldnews,9,2018-05-16 17:29:25,7,0,1,0
8jv1dy,2018-05-16 13:47:37,11,r/worldnews,9,2018-05-16 17:50:41,6,0,1,0
8jv1dy,2018-05-16 13:47:37,11,r/worldnews,9,2018-05-16 16:40:23,4,1,3,0
8jv1dy,2018-05-16 13:47:37,11,r/worldnews,9,2018-05-16 17:35:58,2,0,1,0
8jv1dy,2018-05-16 13:47:37,11,r/worldnews,9,2018-05-16 17:05:16,2,0,1,0
8jv1dy,2018-05-16 13:47:37,11,r/worldnews,9,2018-05-16 17:06:02,2,2,1,0
8jv1dy,2018-05-16 13:47:37,11,r/worldnews,9,2018-05-16 17:11:42,3,1,1,0
8jv1dy,2018-05-16 13:47:37,11,r/worldnews,9,2018-05-16 17:31:25,4,1,1,0
8jv1dy,2018-05-16 13:47:37,11,r/worldnews,9,2018-05-16 17:36:56,2,1,1,0
8jv1dy,2018-05-16 13:47:37,11,r/worldnews,9,2018-05-16 17:59:51,3,0,1,0
8jv1dy,2018-05-16 13:47:37,11,r/worldnews,9,2018-05-16 17:28:26,2,0,1,0
8jv1dy,2018-05-16 13:47:37,11,r/worldnews,9,2018-05-16 17:37:55,1,0,1,0
8jv1dy,2018-05-16 13:47:37,11,r/worldnews,9,2018-05-16 14:48:45,1,1,-3,0
8jv1dy,2018-05-16 13:47:37,11,r/worldnews,9,2018-05-16 15:21:21,2,0,6,0
8jv1dy,2018-05-16 13:47:37,11,r/worldnews,10,2018-05-16 16:34:51,0,2,77,0
8jv1dy,2018-05-16 13:47:37,11,r/worldnews,10,2018-05-16 17:56:08,1,1,1,0
8jv1dy,2018-05-16 13:47:37,11,r/worldnews,11,2018-05-16 17:16:53,0,1,1,0
8jv1dy,2018-05-16 13:47:37,11,r/worldnews,11,2018-05-16 17:55:40,1,2,1,0
8jv1dy,2018-05-16 13:47:37,11,r/worldnews,11,2018-05-16 18:11:46,2,0,1,0
8jv1dy,2018-05-16 13:47:37,11,r/worldnews,12,2018-05-16 17:42:51,0,3,1,0
8jv1dy,2018-05-16 13:47:37,11,r/worldnews,12,2018-05-16 18:21:49,1,0,1,0
8jv1dy,2018-05-16 13:47:37,11,r/worldnews,12,2018-05-16 18:20:44,1,0,1,0
8jv1dy,2018-05-16 13:47:37,11,r/worldnews,13,2018-05-16 18:13:18,0,0,1,0
8jv1dy,2018-05-16 13:47:37,11,r/worldnews,14,2018-05-16 17:26:20,0,3,1,0
8jv1dy,2018-05-16 13:47:37,11,r/worldnews,14,2018-05-16 17:56:01,1,3,1,0
8jv1dy,2018-05-16 13:47:37,11,r/worldnews,14,2018-05-16 18:11:46,2,0,1,0
8jv1dy,2018-05-16 13:47:37,11,r/worldnews,14,2018-05-16 18:22:03,2,0,1,0
8jv1dy,2018-05-16 13:47:37,11,r/worldnews,14,2018-05-16 18:25:42,2,0,1,0
8jv1dy,2018-05-16 13:47:37,11,r/worldnews,14,2018-05-16 17:52:33,1,0,1,0
8jv1dy,2018-05-16 13:47:37,11,r/worldnews,15,2018-05-16 18:07:22,0,0,1,0
8jv1dy,2018-05-16 13:47:37,11,r/worldnews,16,2018-05-16 18:17:14,0,1,1,0
8jv1dy,2018-05-16 13:47:37,11,r/worldnews,17,2018-05-16 13:50:41,0,12,542,0
8jv1dy,2018-05-16 13:47:37,11,r/worldnews,17,2018-05-16 13:59:44,1,3,173,0
8jv1dy,2018-05-16 13:47:37,11,r/worldnews,17,2018-05-16 15:57:54,2,1,45,0
8jv1dy,2018-05-16 13:47:37,11,r/worldnews,17,2018-05-16 14:00:57,2,0,8,0
8jv1dy,2018-05-16 13:47:37,11,r/worldnews,17,2018-05-16 17:18:29,1,1,1,0
8jv1dy,2018-05-16 13:47:37,11,r/worldnews,17,2018-05-16 17:54:26,1,0,1,0
8jv1dy,2018-05-16 13:47:37,11,r/worldnews,17,2018-05-16 14:50:39,1,8,105,0
8jv1dy,2018-05-16 13:47:37,11,r/worldnews,17,2018-05-16 16:20:50,2,5,287,0
8jv1dy,2018-05-16 13:47:37,11,r/worldnews,17,2018-05-16 17:20:42,3,0,1,0
8jv1dy,2018-05-16 13:47:37,11,r/worldnews,17,2018-05-16 17:22:31,3,2,1,0
8jv1dy,2018-05-16 13:47:37,11,r/worldnews,17,2018-05-16 18:11:45,4,2,1,0
8jv1dy,2018-05-16 13:47:37,11,r/worldnews,17,2018-05-16 18:23:45,5,0,1,0
8jv1dy,2018-05-16 13:47:37,11,r/worldnews,17,2018-05-16 18:10:07,4,0,1,0
8jv1dy,2018-05-16 13:47:37,11,r/worldnews,17,2018-05-16 17:54:13,3,0,1,0
8jv1dy,2018-05-16 13:47:37,11,r/worldnews,17,2018-05-16 18:22:33,3,0,1,0
8jv1dy,2018-05-16 13:47:37,11,r/worldnews,17,2018-05-16 16:27:19,2,1,24,0
8jv1dy,2018-05-16 13:47:37,11,r/worldnews,17,2018-05-16 17:00:46,2,0,1,0
8jv1dy,2018-05-16 13:47:37,11,r/worldnews,17,2018-05-16 15:36:44,2,2,24,0
8jv1dy,2018-05-16 13:47:37,11,r/worldnews,17,2018-05-16 16:11:26,3,0,32,0
8jv1dy,2018-05-16 13:47:37,11,r/worldnews,17,2018-05-16 16:13:17,3,3,12,0
8jv1dy,2018-05-16 13:47:37,11,r/worldnews,17,2018-05-16 16:43:22,4,2,13,0
8jv1dy,2018-05-16 13:47:37,11,r/worldnews,17,2018-05-16 17:29:05,5,0,1,0
8jv1dy,2018-05-16 13:47:37,11,r/worldnews,17,2018-05-16 16:39:08,4,0,4,0
8jv1dy,2018-05-16 13:47:37,11,r/worldnews,17,2018-05-16 17:27:23,2,0,1,0
8jv1dy,2018-05-16 13:47:37,11,r/worldnews,17,2018-05-16 16:55:46,2,0,2,0
8jv1dy,2018-05-16 13:47:37,11,r/worldnews,17,2018-05-16 14:57:28,2,1,-4,0
8jv1dy,2018-05-16 13:47:37,11,r/worldnews,17,2018-05-16 15:22:49,3,2,23,0
8jv1dy,2018-05-16 13:47:37,11,r/worldnews,17,2018-05-16 17:06:44,4,2,1,0
8jv1dy,2018-05-16 13:47:37,11,r/worldnews,17,2018-05-16 17:17:50,5,1,1,0
8jv1dy,2018-05-16 13:47:37,11,r/worldnews,17,2018-05-16 17:25:56,6,1,1,0
8jv1dy,2018-05-16 13:47:37,11,r/worldnews,17,2018-05-16 17:17:58,1,0,1,0
8jv1dy,2018-05-16 13:47:37,11,r/worldnews,17,2018-05-16 17:52:38,1,2,1,0
8jv1dy,2018-05-16 13:47:37,11,r/worldnews,17,2018-05-16 17:54:12,2,0,1,0
8jv1dy,2018-05-16 13:47:37,11,r/worldnews,17,2018-05-16 18:07:33,2,0,1,0
8jv1dy,2018-05-16 13:47:37,11,r/worldnews,17,2018-05-16 17:44:36,1,0,1,0
8jv1dy,2018-05-16 13:47:37,11,r/worldnews,17,2018-05-16 16:56:49,1,0,5,0
8jv1dy,2018-05-16 13:47:37,11,r/worldnews,17,2018-05-16 17:57:52,1,0,1,0
8jv1dy,2018-05-16 13:47:37,11,r/worldnews,17,2018-05-16 16:27:33,1,2,-4,0
8jv1dy,2018-05-16 13:47:37,11,r/worldnews,17,2018-05-16 17:45:10,2,0,1,0
8jv1dy,2018-05-16 13:47:37,11,r/worldnews,17,2018-05-16 15:00:39,1,3,-12,0
8jv1dy,2018-05-16 13:47:37,11,r/worldnews,17,2018-05-16 16:48:55,2,0,11,0
8jv1dy,2018-05-16 13:47:37,11,r/worldnews,17,2018-05-16 16:13:43,2,1,50,0
8jv1dy,2018-05-16 13:47:37,11,r/worldnews,18,2018-05-16 17:39:51,0,2,1,0
8jv1dy,2018-05-16 13:47:37,11,r/worldnews,18,2018-05-16 17:43:48,1,0,1,0
8jv1dy,2018-05-16 13:47:37,11,r/worldnews,18,2018-05-16 17:53:26,1,0,1,0
8jv1dy,2018-05-16 13:47:37,11,r/worldnews,19,2018-05-16 16:07:05,0,3,82,0
8jv1dy,2018-05-16 13:47:37,11,r/worldnews,19,2018-05-16 17:37:13,1,0,1,0
8jv1dy,2018-05-16 13:47:37,11,r/worldnews,19,2018-05-16 17:49:35,1,0,1,0
8jv1dy,2018-05-16 13:47:37,11,r/worldnews,20,2018-05-16 13:59:26,0,7,112,0
8jv1dy,2018-05-16 13:47:37,11,r/worldnews,20,2018-05-16 15:14:53,1,2,114,0
8jv1dy,2018-05-16 13:47:37,11,r/worldnews,20,2018-05-16 15:20:28,2,1,37,0
8jv1dy,2018-05-16 13:47:37,11,r/worldnews,20,2018-05-16 18:12:19,2,0,1,0
8jv1dy,2018-05-16 13:47:37,11,r/worldnews,20,2018-05-16 17:43:51,1,1,1,0
8jv1dy,2018-05-16 13:47:37,11,r/worldnews,20,2018-05-16 14:01:14,1,1,79,0
8jv1dy,2018-05-16 13:47:37,11,r/worldnews,20,2018-05-16 17:09:51,1,1,1,0
8jv1dy,2018-05-16 13:47:37,11,r/worldnews,20,2018-05-16 17:32:29,1,0,1,0
8jv1dy,2018-05-16 13:47:37,11,r/worldnews,20,2018-05-16 15:56:11,1,2,5,0
8jv1dy,2018-05-16 13:47:37,11,r/worldnews,20,2018-05-16 16:37:01,2,1,13,0
8jv1dy,2018-05-16 13:47:37,11,r/worldnews,20,2018-05-16 16:39:42,3,2,-1,0
8jv1dy,2018-05-16 13:47:37,11,r/worldnews,20,2018-05-16 17:19:59,4,1,1,0
8jv1dy,2018-05-16 13:47:37,11,r/worldnews,20,2018-05-16 17:09:18,4,0,1,0
8jv1dy,2018-05-16 13:47:37,11,r/worldnews,21,2018-05-16 17:12:52,0,1,1,0
8jv1dy,2018-05-16 13:47:37,11,r/worldnews,22,2018-05-16 17:16:47,0,3,1,0
8jv1dy,2018-05-16 13:47:37,11,r/worldnews,22,2018-05-16 17:27:24,1,0,1,0
8jv1dy,2018-05-16 13:47:37,11,r/worldnews,22,2018-05-16 18:11:10,1,0,1,0
8jv1dy,2018-05-16 13:47:37,11,r/worldnews,23,2018-05-16 17:55:04,0,0,1,0
8jv1dy,2018-05-16 13:47:37,11,r/worldnews,24,2018-05-16 18:01:10,0,0,1,0
8jv1dy,2018-05-16 13:47:37,11,r/worldnews,25,2018-05-16 18:06:22,0,0,1,0
8jv1dy,2018-05-16 13:47:37,11,r/worldnews,26,2018-05-16 18:08:57,0,1,1,0
8jv1dy,2018-05-16 13:47:37,11,r/worldnews,27,2018-05-16 18:10:46,0,0,1,0
8jv1dy,2018-05-16 13:47:37,11,r/worldnews,28,2018-05-16 18:12:54,0,0,1,0
8jv1dy,2018-05-16 13:47:37,11,r/worldnews,29,2018-05-16 18:18:25,0,1,1,0
8jv1dy,2018-05-16 13:47:37,11,r/worldnews,29,2018-05-16 18:20:44,1,0,1,0
8jv1dy,2018-05-16 13:47:37,11,r/worldnews,30,2018-05-16 18:07:33,0,1,1,0
8jv1dy,2018-05-16 13:47:37,11,r/worldnews,31,2018-05-16 17:08:16,0,1,1,0
8jv1dy,2018-05-16 13:47:37,11,r/worldnews,31,2018-05-16 17:28:24,1,2,1,0
8jv1dy,2018-05-16 13:47:37,11,r/worldnews,31,2018-05-16 18:04:15,2,0,1,0
8jv1dy,2018-05-16 13:47:37,11,r/worldnews,32,2018-05-16 17:57:22,0,0,1,0
8jv1dy,2018-05-16 13:47:37,11,r/worldnews,33,2018-05-16 17:24:57,0,0,1,0
8jv1dy,2018-05-16 13:47:37,11,r/worldnews,34,2018-05-16 13:51:07,0,2,32,0
8jv1dy,2018-05-16 13:47:37,11,r/worldnews,34,2018-05-16 16:59:10,1,0,19,0
8jv1dy,2018-05-16 13:47:37,11,r/worldnews,35,2018-05-16 16:56:04,0,0,16,0
8jv1dy,2018-05-16 13:47:37,11,r/worldnews,36,2018-05-16 18:06:24,0,0,1,0
8jv1dy,2018-05-16 13:47:37,11,r/worldnews,37,2018-05-16 17:41:32,0,0,1,0
8jv1dy,2018-05-16 13:47:37,11,r/worldnews,38,2018-05-16 17:51:09,0,1,1,0
8jv1dy,2018-05-16 13:47:37,11,r/worldnews,39,2018-05-16 16:59:33,0,1,31,0
8jv1dy,2018-05-16 13:47:37,11,r/worldnews,40,2018-05-16 17:01:41,0,1,1,0
8jv1dy,2018-05-16 13:47:37,11,r/worldnews,41,2018-05-16 17:57:38,0,0,1,0
8jv1dy,2018-05-16 13:47:37,11,r/worldnews,42,2018-05-16 17:59:17,0,0,1,0
8jv1dy,2018-05-16 13:47:37,11,r/worldnews,43,2018-05-16 18:08:14,0,0,1,0
8jv1dy,2018-05-16 13:47:37,11,r/worldnews,44,2018-05-16 18:08:50,0,0,1,0
8jv1dy,2018-05-16 13:47:37,11,r/worldnews,45,2018-05-16 18:22:34,0,0,1,0
8jv1dy,2018-05-16 13:47:37,11,r/worldnews,46,2018-05-16 18:23:37,0,0,1,0
8jv1dy,2018-05-16 13:47:37,11,r/worldnews,47,2018-05-16 18:24:43,0,0,1,0
8jv1dy,2018-05-16 13:47:37,11,r/worldnews,48,2018-05-16 17:20:26,0,2,1,0
8jv1dy,2018-05-16 13:47:37,11,r/worldnews,48,2018-05-16 17:50:20,1,0,1,0
8jv1dy,2018-05-16 13:47:37,11,r/worldnews,48,2018-05-16 17:33:52,1,2,1,0
8jv1dy,2018-05-16 13:47:37,11,r/worldnews,48,2018-05-16 17:56:10,2,0,1,0
8jv1dy,2018-05-16 13:47:37,11,r/worldnews,48,2018-05-16 17:55:12,2,0,1,0
8jv1dy,2018-05-16 13:47:37,11,r/worldnews,49,2018-05-16 14:30:33,0,2,29,0
8jv1dy,2018-05-16 13:47:37,11,r/worldnews,49,2018-05-16 18:20:19,1,0,1,0
8jv1dy,2018-05-16 13:47:37,11,r/worldnews,50,2018-05-16 17:15:11,0,2,1,0
8jv1dy,2018-05-16 13:47:37,11,r/worldnews,50,2018-05-16 17:23:42,1,0,1,0
8jv1dy,2018-05-16 13:47:37,11,r/worldnews,50,2018-05-16 17:35:19,1,1,1,0
8jv1dy,2018-05-16 13:47:37,11,r/worldnews,51,2018-05-16 17:03:56,0,1,1,0
8jv1dy,2018-05-16 13:47:37,11,r/worldnews,51,2018-05-16 18:03:10,1,1,1,0
8jv1dy,2018-05-16 13:47:37,11,r/worldnews,51,2018-05-16 18:21:00,2,0,1,0
8jv1dy,2018-05-16 13:47:37,11,r/worldnews,52,2018-05-16 17:09:47,0,2,1,0
8jv1dy,2018-05-16 13:47:37,11,r/worldnews,52,2018-05-16 18:07:08,1,0,1,0
8jv1dy,2018-05-16 13:47:37,11,r/worldnews,53,2018-05-16 17:14:54,0,0,1,0
8jv1dy,2018-05-16 13:47:37,11,r/worldnews,54,2018-05-16 17:23:05,0,0,1,0
8jv1dy,2018-05-16 13:47:37,11,r/worldnews,55,2018-05-16 17:41:15,0,0,1,0
8jv1dy,2018-05-16 13:47:37,11,r/worldnews,56,2018-05-16 17:56:10,0,0,1,0
8jv1dy,2018-05-16 13:47:37,11,r/worldnews,57,2018-05-16 17:57:59,0,1,1,0
8jv1dy,2018-05-16 13:47:37,11,r/worldnews,57,2018-05-16 18:02:13,1,0,1,0
8jv1dy,2018-05-16 13:47:37,11,r/worldnews,58,2018-05-16 18:09:21,0,0,1,0
8jv1dy,2018-05-16 13:47:37,11,r/worldnews,59,2018-05-16 17:37:04,0,0,1,0
8jv1dy,2018-05-16 13:47:37,11,r/worldnews,60,2018-05-16 16:56:14,0,5,15,0
8jv1dy,2018-05-16 13:47:37,11,r/worldnews,60,2018-05-16 17:42:56,1,1,1,0
8jv1dy,2018-05-16 13:47:37,11,r/worldnews,60,2018-05-16 17:14:49,1,1,1,0
8jv1dy,2018-05-16 13:47:37,11,r/worldnews,60,2018-05-16 17:24:37,2,3,1,0
8jv1dy,2018-05-16 13:47:37,11,r/worldnews,60,2018-05-16 17:40:03,3,1,1,0
8jv1dy,2018-05-16 13:47:37,11,r/worldnews,60,2018-05-16 17:42:46,3,2,1,0
8jv1dy,2018-05-16 13:47:37,11,r/worldnews,60,2018-05-16 17:56:54,4,0,1,0
8jv1dy,2018-05-16 13:47:37,11,r/worldnews,60,2018-05-16 18:05:16,4,0,1,0
8jv1dy,2018-05-16 13:47:37,11,r/worldnews,60,2018-05-16 17:31:03,3,2,1,0
8jv1dy,2018-05-16 13:47:37,11,r/worldnews,60,2018-05-16 18:05:59,4,0,1,0
8jv1dy,2018-05-16 13:47:37,11,r/worldnews,60,2018-05-16 17:56:26,1,1,1,0
8jv1dy,2018-05-16 13:47:37,11,r/worldnews,60,2018-05-16 17:47:57,1,0,1,0
8jv1dy,2018-05-16 13:47:37,11,r/worldnews,60,2018-05-16 17:03:57,1,5,1,0
8jv1dy,2018-05-16 13:47:37,11,r/worldnews,60,2018-05-16 17:57:50,2,0,1,0
8jv1dy,2018-05-16 13:47:37,11,r/worldnews,60,2018-05-16 17:12:13,2,3,1,0
8jv1dy,2018-05-16 13:47:37,11,r/worldnews,60,2018-05-16 17:28:14,3,4,1,0
8jv1dy,2018-05-16 13:47:37,11,r/worldnews,60,2018-05-16 17:59:17,4,0,1,0
8jv1dy,2018-05-16 13:47:37,11,r/worldnews,60,2018-05-16 17:49:56,4,0,1,0
8jv1dy,2018-05-16 13:47:37,11,r/worldnews,60,2018-05-16 17:33:25,4,2,1,0
8jv1dy,2018-05-16 13:47:37,11,r/worldnews,60,2018-05-16 17:58:12,5,1,1,0
8jv1dy,2018-05-16 13:47:37,11,r/worldnews,60,2018-05-16 18:17:05,6,0,1,0
8jv1dy,2018-05-16 13:47:37,11,r/worldnews,60,2018-05-16 17:38:06,3,1,1,0
8jv1dy,2018-05-16 13:47:37,11,r/worldnews,60,2018-05-16 17:44:23,4,1,1,0
8jv1dy,2018-05-16 13:47:37,11,r/worldnews,60,2018-05-16 17:23:54,2,3,1,0
8jv1dy,2018-05-16 13:47:37,11,r/worldnews,60,2018-05-16 18:21:02,3,1,1,0
8jv1dy,2018-05-16 13:47:37,11,r/worldnews,60,2018-05-16 17:45:57,3,4,1,0
8jv1dy,2018-05-16 13:47:37,11,r/worldnews,60,2018-05-16 18:07:03,4,1,1,0
8jv1dy,2018-05-16 13:47:37,11,r/worldnews,60,2018-05-16 18:24:09,5,0,1,0
8jv1dy,2018-05-16 13:47:37,11,r/worldnews,60,2018-05-16 18:06:10,4,1,1,0
8jv1dy,2018-05-16 13:47:37,11,r/worldnews,60,2018-05-16 18:28:50,5,0,1,0
8jv1dy,2018-05-16 13:47:37,11,r/worldnews,60,2018-05-16 18:22:53,4,0,1,0
8jv1dy,2018-05-16 13:47:37,11,r/worldnews,60,2018-05-16 18:20:52,4,0,1,0
8jv1dy,2018-05-16 13:47:37,11,r/worldnews,60,2018-05-16 17:45:48,2,0,1,0
8jv1dy,2018-05-16 13:47:37,11,r/worldnews,61,2018-05-16 17:29:32,0,0,1,0
8jv1dy,2018-05-16 13:47:37,11,r/worldnews,62,2018-05-16 17:16:43,0,0,1,0
8jv1dy,2018-05-16 13:47:37,11,r/worldnews,63,2018-05-16 17:44:31,0,2,1,0
8jv1dy,2018-05-16 13:47:37,11,r/worldnews,63,2018-05-16 18:10:30,1,0,1,0
8jv1dy,2018-05-16 13:47:37,11,r/worldnews,64,2018-05-16 17:31:40,0,3,1,0
8jv1dy,2018-05-16 13:47:37,11,r/worldnews,64,2018-05-16 18:02:04,1,0,1,0
8jv1dy,2018-05-16 13:47:37,11,r/worldnews,64,2018-05-16 17:42:39,1,0,1,0
8jv1dy,2018-05-16 13:47:37,11,r/worldnews,65,2018-05-16 17:18:41,0,1,1,0
8jv1dy,2018-05-16 13:47:37,11,r/worldnews,65,2018-05-16 17:27:31,1,1,1,0
8jv1dy,2018-05-16 13:47:37,11,r/worldnews,65,2018-05-16 17:35:35,2,1,1,0
8jv1dy,2018-05-16 13:47:37,11,r/worldnews,66,2018-05-16 17:18:54,0,0,1,0
8jv1dy,2018-05-16 13:47:37,11,r/worldnews,67,2018-05-16 17:29:11,0,0,1,0
8jv1dy,2018-05-16 13:47:37,11,r/worldnews,68,2018-05-16 17:43:43,0,1,1,0
8jv1dy,2018-05-16 13:47:37,11,r/worldnews,69,2018-05-16 17:51:55,0,0,1,0
8jv1dy,2018-05-16 13:47:37,11,r/worldnews,70,2018-05-16 16:47:09,0,4,4,0
8jv1dy,2018-05-16 13:47:37,11,r/worldnews,70,2018-05-16 17:26:47,1,3,1,0
8jv1dy,2018-05-16 13:47:37,11,r/worldnews,70,2018-05-16 18:04:41,2,0,1,0
8jv1dy,2018-05-16 13:47:37,11,r/worldnews,70,2018-05-16 17:44:33,2,0,1,0
8jv1dy,2018-05-16 13:47:37,11,r/worldnews,70,2018-05-16 17:19:38,1,2,1,0
8jv1dy,2018-05-16 13:47:37,11,r/worldnews,70,2018-05-16 18:16:56,2,0,1,0
8jv1dy,2018-05-16 13:47:37,11,r/worldnews,70,2018-05-16 17:29:42,2,0,1,0
8jv1dy,2018-05-16 13:47:37,11,r/worldnews,70,2018-05-16 17:18:22,1,3,1,0
8jv1dy,2018-05-16 13:47:37,11,r/worldnews,70,2018-05-16 17:29:07,2,1,1,0
8jv1dy,2018-05-16 13:47:37,11,r/worldnews,70,2018-05-16 17:22:44,2,1,1,0
8jv1dy,2018-05-16 13:47:37,11,r/worldnews,71,2018-05-16 17:56:21,0,1,1,0
8jv1dy,2018-05-16 13:47:37,11,r/worldnews,72,2018-05-16 17:54:08,0,0,1,0
8jv1dy,2018-05-16 13:47:37,11,r/worldnews,73,2018-05-16 18:04:21,0,0,1,0
8jv1dy,2018-05-16 13:47:37,11,r/worldnews,74,2018-05-16 17:20:25,0,1,1,0
8jv1dy,2018-05-16 13:47:37,11,r/worldnews,74,2018-05-16 17:37:13,1,1,1,0
8jv1dy,2018-05-16 13:47:37,11,r/worldnews,75,2018-05-16 17:40:19,0,1,1,0
8jv1dy,2018-05-16 13:47:37,11,r/worldnews,76,2018-05-16 17:40:34,0,0,1,0
8jv1dy,2018-05-16 13:47:37,11,r/worldnews,77,2018-05-16 17:44:43,0,1,1,0
8jv1dy,2018-05-16 13:47:37,11,r/worldnews,78,2018-05-16 17:37:18,0,0,1,0
8jv1dy,2018-05-16 13:47:37,11,r/worldnews,79,2018-05-16 17:41:09,0,0,1,0
8jv1dy,2018-05-16 13:47:37,11,r/worldnews,80,2018-05-16 18:07:59,0,0,1,0
8jv1dy,2018-05-16 13:47:37,11,r/worldnews,81,2018-05-16 16:25:18,0,2,2,0
8jv1dy,2018-05-16 13:47:37,11,r/worldnews,81,2018-05-16 18:24:52,1,0,1,0
8jv1dy,2018-05-16 13:47:37,11,r/worldnews,81,2018-05-16 18:25:58,1,1,1,0
8jv1dy,2018-05-16 13:47:37,11,r/worldnews,82,2018-05-16 15:12:30,0,3,-16,0
8jv1dy,2018-05-16 13:47:37,11,r/worldnews,82,2018-05-16 16:16:11,1,4,11,0
8jv1dy,2018-05-16 13:47:37,11,r/worldnews,82,2018-05-16 16:39:20,2,1,20,0
8jv1dy,2018-05-16 13:47:37,11,r/worldnews,82,2018-05-16 16:46:25,2,2,6,0
8jv1dy,2018-05-16 13:47:37,11,r/worldnews,82,2018-05-16 16:57:59,3,1,8,0
8jv1dy,2018-05-16 13:47:37,11,r/worldnews,82,2018-05-16 17:02:49,3,1,1,0
8jv1dy,2018-05-16 13:47:37,11,r/worldnews,82,2018-05-16 17:04:16,4,1,1,0
8jv1dy,2018-05-16 13:47:37,11,r/worldnews,82,2018-05-16 16:38:44,2,2,2,0
8jv1dy,2018-05-16 13:47:37,11,r/worldnews,82,2018-05-16 17:01:54,3,1,1,0
8jv1dy,2018-05-16 13:47:37,11,r/worldnews,82,2018-05-16 16:32:19,1,1,6,0
8jv1dy,2018-05-16 13:47:37,11,r/worldnews,83,2018-05-16 17:19:00,0,0,1,0
8jv1dy,2018-05-16 13:47:37,11,r/worldnews,84,2018-05-16 17:37:14,0,0,1,0
8jv1dy,2018-05-16 13:47:37,11,r/worldnews,85,2018-05-16 18:03:48,0,0,1,0
8jv1dy,2018-05-16 13:47:37,11,r/worldnews,86,2018-05-16 18:04:20,0,0,1,0
8jv1dy,2018-05-16 13:47:37,11,r/worldnews,87,2018-05-16 17:20:57,0,0,1,0
8jv1dy,2018-05-16 13:47:37,11,r/worldnews,88,2018-05-16 17:20:07,0,0,1,0
8jv1dy,2018-05-16 13:47:37,11,r/worldnews,89,2018-05-16 17:51:26,0,0,1,0
8jv1dy,2018-05-16 13:47:37,11,r/worldnews,90,2018-05-16 18:06:11,0,3,1,0
8jv1dy,2018-05-16 13:47:37,11,r/worldnews,90,2018-05-16 18:14:20,1,0,1,0
8jv1dy,2018-05-16 13:47:37,11,r/worldnews,90,2018-05-16 18:22:17,1,0,1,0
8jv1dy,2018-05-16 13:47:37,11,r/worldnews,91,2018-05-16 17:18:55,0,0,1,0
8jv1dy,2018-05-16 13:47:37,11,r/worldnews,92,2018-05-16 17:36:37,0,0,1,0
8jv1dy,2018-05-16 13:47:37,11,r/worldnews,93,2018-05-16 17:52:01,0,1,1,0
8jvcjr,2018-05-16 14:29:00,12,r/HighQualityGifs,0,2018-05-16 14:45:38,0,7,629,0
8jvcjr,2018-05-16 14:29:00,12,r/HighQualityGifs,0,2018-05-16 15:27:04,1,1,123,0
8jvcjr,2018-05-16 14:29:00,12,r/HighQualityGifs,0,2018-05-16 17:05:55,2,2,54,0
8jvcjr,2018-05-16 14:29:00,12,r/HighQualityGifs,0,2018-05-16 17:26:52,3,2,33,0
8jvcjr,2018-05-16 14:29:00,12,r/HighQualityGifs,0,2018-05-16 17:48:46,4,4,14,0
8jvcjr,2018-05-16 14:29:00,12,r/HighQualityGifs,0,2018-05-16 17:54:37,5,2,35,1
8jvcjr,2018-05-16 14:29:00,12,r/HighQualityGifs,0,2018-05-16 18:08:42,6,2,1,0
8jvcjr,2018-05-16 14:29:00,12,r/HighQualityGifs,0,2018-05-16 18:22:24,7,1,1,0
8jvcjr,2018-05-16 14:29:00,12,r/HighQualityGifs,0,2018-05-16 18:24:16,8,0,1,0
8jvcjr,2018-05-16 14:29:00,12,r/HighQualityGifs,0,2018-05-16 18:23:08,7,1,1,0
8jvcjr,2018-05-16 14:29:00,12,r/HighQualityGifs,0,2018-05-16 18:26:29,8,0,1,0
8jvcjr,2018-05-16 14:29:00,12,r/HighQualityGifs,0,2018-05-16 18:22:40,6,0,1,0
8jvcjr,2018-05-16 14:29:00,12,r/HighQualityGifs,0,2018-05-16 17:51:01,5,0,11,0
8jvcjr,2018-05-16 14:29:00,12,r/HighQualityGifs,0,2018-05-16 17:53:37,5,0,4,0
8jvcjr,2018-05-16 14:29:00,12,r/HighQualityGifs,0,2018-05-16 17:56:56,5,0,2,0
8jvcjr,2018-05-16 14:29:00,12,r/HighQualityGifs,0,2018-05-16 18:22:54,4,0,1,0
8jvcjr,2018-05-16 14:29:00,12,r/HighQualityGifs,0,2018-05-16 18:16:51,3,0,1,0
8jvcjr,2018-05-16 14:29:00,12,r/HighQualityGifs,0,2018-05-16 15:32:44,1,1,26,0
8jvcjr,2018-05-16 14:29:00,12,r/HighQualityGifs,0,2018-05-16 17:16:20,2,2,9,0
8jvcjr,2018-05-16 14:29:00,12,r/HighQualityGifs,0,2018-05-16 17:27:47,3,1,9,0
8jvcjr,2018-05-16 14:29:00,12,r/HighQualityGifs,0,2018-05-16 18:14:39,4,0,1,0
8jvcjr,2018-05-16 14:29:00,12,r/HighQualityGifs,0,2018-05-16 17:27:51,3,0,2,0
8jvcjr,2018-05-16 14:29:00,12,r/HighQualityGifs,0,2018-05-16 15:47:01,1,0,5,0
8jvcjr,2018-05-16 14:29:00,12,r/HighQualityGifs,0,2018-05-16 18:11:18,1,0,1,0
8jvcjr,2018-05-16 14:29:00,12,r/HighQualityGifs,0,2018-05-16 18:13:38,1,0,1,0
8jvcjr,2018-05-16 14:29:00,12,r/HighQualityGifs,0,2018-05-16 18:13:53,1,0,1,0
8jvcjr,2018-05-16 14:29:00,12,r/HighQualityGifs,0,2018-05-16 18:23:20,1,0,1,0
8jvcjr,2018-05-16 14:29:00,12,r/HighQualityGifs,1,2018-05-16 15:44:18,0,3,478,0
8jvcjr,2018-05-16 14:29:00,12,r/HighQualityGifs,1,2018-05-16 16:06:29,1,2,170,0
8jvcjr,2018-05-16 14:29:00,12,r/HighQualityGifs,1,2018-05-16 16:11:10,2,1,94,0
8jvcjr,2018-05-16 14:29:00,12,r/HighQualityGifs,1,2018-05-16 18:26:18,3,0,1,0
8jvcjr,2018-05-16 14:29:00,12,r/HighQualityGifs,1,2018-05-16 18:26:18,2,0,1,0
8jvcjr,2018-05-16 14:29:00,12,r/HighQualityGifs,1,2018-05-16 18:23:08,1,0,1,0
8jvcjr,2018-05-16 14:29:00,12,r/HighQualityGifs,1,2018-05-16 17:16:31,1,2,-1,0
8jvcjr,2018-05-16 14:29:00,12,r/HighQualityGifs,1,2018-05-16 17:28:46,2,0,13,0
8jvcjr,2018-05-16 14:29:00,12,r/HighQualityGifs,1,2018-05-16 17:28:50,2,0,8,0
8jvcjr,2018-05-16 14:29:00,12,r/HighQualityGifs,2,2018-05-16 15:43:49,0,1,90,0
8jvcjr,2018-05-16 14:29:00,12,r/HighQualityGifs,2,2018-05-16 18:17:08,1,0,1,0
8jvcjr,2018-05-16 14:29:00,12,r/HighQualityGifs,3,2018-05-16 15:00:35,0,5,127,0
8jvcjr,2018-05-16 14:29:00,12,r/HighQualityGifs,3,2018-05-16 16:53:48,1,1,31,0
8jvcjr,2018-05-16 14:29:00,12,r/HighQualityGifs,3,2018-05-16 17:23:33,2,2,13,0
8jvcjr,2018-05-16 14:29:00,12,r/HighQualityGifs,3,2018-05-16 17:34:50,3,3,5,0
8jvcjr,2018-05-16 14:29:00,12,r/HighQualityGifs,3,2018-05-16 17:38:45,4,1,8,0
8jvcjr,2018-05-16 14:29:00,12,r/HighQualityGifs,3,2018-05-16 17:40:24,5,1,7,0
8jvcjr,2018-05-16 14:29:00,12,r/HighQualityGifs,3,2018-05-16 17:43:15,6,1,8,0
8jvcjr,2018-05-16 14:29:00,12,r/HighQualityGifs,3,2018-05-16 17:56:47,7,2,4,0
8jvcjr,2018-05-16 14:29:00,12,r/HighQualityGifs,3,2018-05-16 18:07:09,8,1,1,0
8jvcjr,2018-05-16 14:29:00,12,r/HighQualityGifs,3,2018-05-16 18:09:22,9,1,1,0
8jvcjr,2018-05-16 14:29:00,12,r/HighQualityGifs,3,2018-05-16 18:08:27,8,0,1,0
8jvcjr,2018-05-16 14:29:00,12,r/HighQualityGifs,3,2018-05-16 17:39:00,4,0,2,0
8jvcjr,2018-05-16 14:29:00,12,r/HighQualityGifs,3,2018-05-16 18:07:10,4,0,1,0
8jvcjr,2018-05-16 14:29:00,12,r/HighQualityGifs,3,2018-05-16 17:36:17,3,1,2,0
8jvcjr,2018-05-16 14:29:00,12,r/HighQualityGifs,3,2018-05-16 18:08:37,4,0,1,0
8jvcjr,2018-05-16 14:29:00,12,r/HighQualityGifs,3,2018-05-16 17:01:14,1,0,3,0
8jvcjr,2018-05-16 14:29:00,12,r/HighQualityGifs,3,2018-05-16 17:24:23,1,1,4,0
8jvcjr,2018-05-16 14:29:00,12,r/HighQualityGifs,3,2018-05-16 17:28:18,2,0,6,0
8jvcjr,2018-05-16 14:29:00,12,r/HighQualityGifs,3,2018-05-16 17:27:53,1,0,2,0
8jvcjr,2018-05-16 14:29:00,12,r/HighQualityGifs,3,2018-05-16 17:45:09,1,1,2,0
8jvcjr,2018-05-16 14:29:00,12,r/HighQualityGifs,3,2018-05-16 17:45:15,2,0,2,0
8jvcjr,2018-05-16 14:29:00,12,r/HighQualityGifs,4,2018-05-16 15:12:13,0,1,28,0
8jvcjr,2018-05-16 14:29:00,12,r/HighQualityGifs,4,2018-05-16 15:18:47,1,1,11,0
8jvcjr,2018-05-16 14:29:00,12,r/HighQualityGifs,4,2018-05-16 18:15:05,2,0,1,0
8jvcjr,2018-05-16 14:29:00,12,r/HighQualityGifs,5,2018-05-16 16:52:56,0,1,27,0
8jvcjr,2018-05-16 14:29:00,12,r/HighQualityGifs,5,2018-05-16 18:01:51,1,1,1,0
8jvcjr,2018-05-16 14:29:00,12,r/HighQualityGifs,5,2018-05-16 18:21:03,2,0,1,0
8jvcjr,2018-05-16 14:29:00,12,r/HighQualityGifs,6,2018-05-16 15:28:39,0,0,10,0
8jvcjr,2018-05-16 14:29:00,12,r/HighQualityGifs,7,2018-05-16 15:29:19,0,0,9,0
8jvcjr,2018-05-16 14:29:00,12,r/HighQualityGifs,8,2018-05-16 17:32:15,0,1,8,0
8jvcjr,2018-05-16 14:29:00,12,r/HighQualityGifs,8,2018-05-16 17:42:24,1,0,4,0
8jvcjr,2018-05-16 14:29:00,12,r/HighQualityGifs,9,2018-05-16 17:54:31,0,0,6,0
8jvcjr,2018-05-16 14:29:00,12,r/HighQualityGifs,10,2018-05-16 17:25:43,0,0,5,0
8jvcjr,2018-05-16 14:29:00,12,r/HighQualityGifs,11,2018-05-16 15:14:31,0,0,16,0
8jvcjr,2018-05-16 14:29:00,12,r/HighQualityGifs,12,2018-05-16 15:36:55,0,0,8,0
8jvcjr,2018-05-16 14:29:00,12,r/HighQualityGifs,13,2018-05-16 17:46:30,0,0,3,0
8jvcjr,2018-05-16 14:29:00,12,r/HighQualityGifs,14,2018-05-16 17:57:32,0,0,3,0
8jvcjr,2018-05-16 14:29:00,12,r/HighQualityGifs,15,2018-05-16 18:01:05,0,0,1,0
8jvcjr,2018-05-16 14:29:00,12,r/HighQualityGifs,16,2018-05-16 17:39:58,0,0,2,0
8jvcjr,2018-05-16 14:29:00,12,r/HighQualityGifs,17,2018-05-16 18:00:17,0,0,2,0
8jvcjr,2018-05-16 14:29:00,12,r/HighQualityGifs,18,2018-05-16 18:03:51,0,1,1,0
8jvcjr,2018-05-16 14:29:00,12,r/HighQualityGifs,18,2018-05-16 18:09:30,1,0,1,0
8jvcjr,2018-05-16 14:29:00,12,r/HighQualityGifs,19,2018-05-16 18:03:53,0,0,1,0
8jvcjr,2018-05-16 14:29:00,12,r/HighQualityGifs,20,2018-05-16 18:08:28,0,0,1,0
8jvcjr,2018-05-16 14:29:00,12,r/HighQualityGifs,21,2018-05-16 18:11:15,0,0,1,0
8jvcjr,2018-05-16 14:29:00,12,r/HighQualityGifs,22,2018-05-16 18:11:16,0,0,1,0
8jvcjr,2018-05-16 14:29:00,12,r/HighQualityGifs,23,2018-05-16 18:12:34,0,1,1,0
8jvcjr,2018-05-16 14:29:00,12,r/HighQualityGifs,23,2018-05-16 18:19:53,1,0,1,0
8jvcjr,2018-05-16 14:29:00,12,r/HighQualityGifs,24,2018-05-16 18:15:53,0,0,1,0
8jvcjr,2018-05-16 14:29:00,12,r/HighQualityGifs,25,2018-05-16 18:16:28,0,0,1,0
8jvcjr,2018-05-16 14:29:00,12,r/HighQualityGifs,26,2018-05-16 18:19:00,0,0,1,0
8jvcjr,2018-05-16 14:29:00,12,r/HighQualityGifs,27,2018-05-16 18:22:54,0,0,1,0
8jvcjr,2018-05-16 14:29:00,12,r/HighQualityGifs,28,2018-05-16 18:26:20,0,0,1,0
8jvcjr,2018-05-16 14:29:00,12,r/HighQualityGifs,29,2018-05-16 18:26:48,0,1,1,0
8jvcjr,2018-05-16 14:29:00,12,r/HighQualityGifs,29,2018-05-16 18:30:16,1,0,1,0
8jvcjr,2018-05-16 14:29:00,12,r/HighQualityGifs,30,2018-05-16 15:34:12,0,0,4,0
8jvcjr,2018-05-16 14:29:00,12,r/HighQualityGifs,31,2018-05-16 15:22:24,0,0,2,0
8jvcjr,2018-05-16 14:29:00,12,r/HighQualityGifs,32,2018-05-16 15:26:40,0,0,2,0
8jvcjr,2018-05-16 14:29:00,12,r/HighQualityGifs,33,2018-05-16 16:58:48,0,0,2,0
8jvcjr,2018-05-16 14:29:00,12,r/HighQualityGifs,34,2018-05-16 17:53:38,0,0,2,0
8jvcjr,2018-05-16 14:29:00,12,r/HighQualityGifs,35,2018-05-16 15:31:53,0,0,1,0
8jvcjr,2018-05-16 14:29:00,12,r/HighQualityGifs,36,2018-05-16 18:28:17,0,0,1,0
8jvcjr,2018-05-16 14:29:00,12,r/HighQualityGifs,37,2018-05-16 16:20:19,0,2,1,0
8jvcjr,2018-05-16 14:29:00,12,r/HighQualityGifs,37,2018-05-16 17:37:21,1,0,4,0
8jvcjr,2018-05-16 14:29:00,12,r/HighQualityGifs,37,2018-05-16 18:17:29,1,0,1,0
8jvcjr,2018-05-16 14:29:00,12,r/HighQualityGifs,38,2018-05-16 16:18:07,0,0,1,0
8jvcjr,2018-05-16 14:29:00,12,r/HighQualityGifs,39,2018-05-16 16:23:07,0,0,1,0
8jvcjr,2018-05-16 14:29:00,12,r/HighQualityGifs,40,2018-05-16 17:03:45,0,0,1,0
8jvcjr,2018-05-16 14:29:00,12,r/HighQualityGifs,41,2018-05-16 17:18:01,0,0,1,0
8jvcjr,2018-05-16 14:29:00,12,r/HighQualityGifs,42,2018-05-16 17:18:51,0,1,1,0
8jvcjr,2018-05-16 14:29:00,12,r/HighQualityGifs,42,2018-05-16 17:23:43,1,0,2,0
8jvcjr,2018-05-16 14:29:00,12,r/HighQualityGifs,43,2018-05-16 16:00:09,0,0,0,0
8jvcjr,2018-05-16 14:29:00,12,r/HighQualityGifs,44,2018-05-16 16:01:35,0,0,0,0
8junjb,2018-05-16 12:50:50,13,r/sports,0,2018-05-16 14:03:54,0,15,2520,0
8junjb,2018-05-16 12:50:50,13,r/sports,0,2018-05-16 14:34:42,1,4,1988,0
8junjb,2018-05-16 12:50:50,13,r/sports,0,2018-05-16 14:57:01,2,7,609,0
8junjb,2018-05-16 12:50:50,13,r/sports,0,2018-05-16 15:01:38,3,8,563,0
8junjb,2018-05-16 12:50:50,13,r/sports,0,2018-05-16 15:22:34,4,5,338,0
8junjb,2018-05-16 12:50:50,13,r/sports,0,2018-05-16 15:52:14,5,2,108,0
8junjb,2018-05-16 12:50:50,13,r/sports,0,2018-05-16 15:58:53,6,2,93,0
8junjb,2018-05-16 12:50:50,13,r/sports,0,2018-05-16 16:15:49,7,1,56,0
8junjb,2018-05-16 12:50:50,13,r/sports,0,2018-05-16 16:21:53,8,3,32,0
8junjb,2018-05-16 12:50:50,13,r/sports,0,2018-05-16 17:05:36,9,1,21,0
8junjb,2018-05-16 12:50:50,13,r/sports,0,2018-05-16 16:42:13,9,1,5,0
8junjb,2018-05-16 12:50:50,13,r/sports,0,2018-05-16 16:19:21,7,1,2,0
8junjb,2018-05-16 12:50:50,13,r/sports,0,2018-05-16 16:24:06,8,0,8,0
8junjb,2018-05-16 12:50:50,13,r/sports,0,2018-05-16 15:57:21,5,0,12,0
8junjb,2018-05-16 12:50:50,13,r/sports,0,2018-05-16 16:50:12,5,0,8,0
8junjb,2018-05-16 12:50:50,13,r/sports,0,2018-05-16 17:22:07,5,0,2,0
8junjb,2018-05-16 12:50:50,13,r/sports,0,2018-05-16 15:35:11,4,1,86,0
8junjb,2018-05-16 12:50:50,13,r/sports,0,2018-05-16 15:49:40,5,1,24,0
8junjb,2018-05-16 12:50:50,13,r/sports,0,2018-05-16 16:02:42,6,1,20,0
8junjb,2018-05-16 12:50:50,13,r/sports,0,2018-05-16 16:15:24,7,1,7,0
8junjb,2018-05-16 12:50:50,13,r/sports,0,2018-05-16 16:25:52,8,1,7,0
8junjb,2018-05-16 12:50:50,13,r/sports,0,2018-05-16 16:45:34,9,0,3,0
8junjb,2018-05-16 12:50:50,13,r/sports,0,2018-05-16 16:41:13,4,0,3,0
8junjb,2018-05-16 12:50:50,13,r/sports,0,2018-05-16 16:20:32,4,0,2,0
8junjb,2018-05-16 12:50:50,13,r/sports,0,2018-05-16 16:29:43,4,0,2,0
8junjb,2018-05-16 12:50:50,13,r/sports,0,2018-05-16 17:30:46,4,0,2,0
8junjb,2018-05-16 12:50:50,13,r/sports,0,2018-05-16 15:07:25,4,1,5,0
8junjb,2018-05-16 12:50:50,13,r/sports,0,2018-05-16 15:14:16,5,1,30,0
8junjb,2018-05-16 12:50:50,13,r/sports,0,2018-05-16 15:18:07,6,1,19,0
8junjb,2018-05-16 12:50:50,13,r/sports,0,2018-05-16 15:22:41,7,1,8,0
8junjb,2018-05-16 12:50:50,13,r/sports,0,2018-05-16 15:27:21,8,1,9,0
8junjb,2018-05-16 12:50:50,13,r/sports,0,2018-05-16 15:41:57,9,0,6,0
8junjb,2018-05-16 12:50:50,13,r/sports,0,2018-05-16 16:05:11,3,2,29,0
8junjb,2018-05-16 12:50:50,13,r/sports,0,2018-05-16 17:51:51,4,0,5,0
8junjb,2018-05-16 12:50:50,13,r/sports,0,2018-05-16 17:32:40,4,0,3,0
8junjb,2018-05-16 12:50:50,13,r/sports,0,2018-05-16 15:39:03,3,0,27,0
8junjb,2018-05-16 12:50:50,13,r/sports,0,2018-05-16 17:04:08,3,2,21,0
8junjb,2018-05-16 12:50:50,13,r/sports,0,2018-05-16 17:14:29,4,0,13,0
8junjb,2018-05-16 12:50:50,13,r/sports,0,2018-05-16 15:17:15,3,3,32,0
8junjb,2018-05-16 12:50:50,13,r/sports,0,2018-05-16 15:28:45,4,1,47,0
8junjb,2018-05-16 12:50:50,13,r/sports,0,2018-05-16 15:40:07,5,2,57,0
8junjb,2018-05-16 12:50:50,13,r/sports,0,2018-05-16 15:50:18,6,0,16,0
8junjb,2018-05-16 12:50:50,13,r/sports,0,2018-05-16 15:51:53,6,0,11,0
8junjb,2018-05-16 12:50:50,13,r/sports,0,2018-05-16 16:53:53,4,0,4,0
8junjb,2018-05-16 12:50:50,13,r/sports,0,2018-05-16 18:03:01,4,0,4,0
8junjb,2018-05-16 12:50:50,13,r/sports,0,2018-05-16 15:27:54,3,1,4,0
8junjb,2018-05-16 12:50:50,13,r/sports,0,2018-05-16 15:39:31,4,1,3,0
8junjb,2018-05-16 12:50:50,13,r/sports,0,2018-05-16 15:27:53,2,0,5,0
8junjb,2018-05-16 12:50:50,13,r/sports,0,2018-05-16 16:33:49,2,0,6,0
8junjb,2018-05-16 12:50:50,13,r/sports,0,2018-05-16 14:35:43,1,1,256,0
8junjb,2018-05-16 12:50:50,13,r/sports,0,2018-05-16 15:37:06,2,0,30,0
8junjb,2018-05-16 12:50:50,13,r/sports,0,2018-05-16 14:48:45,1,4,234,0
8junjb,2018-05-16 12:50:50,13,r/sports,0,2018-05-16 15:25:53,2,4,73,0
8junjb,2018-05-16 12:50:50,13,r/sports,0,2018-05-16 16:15:20,3,1,17,0
8junjb,2018-05-16 12:50:50,13,r/sports,0,2018-05-16 15:38:11,3,2,31,0
8junjb,2018-05-16 12:50:50,13,r/sports,0,2018-05-16 16:09:17,4,1,26,0
8junjb,2018-05-16 12:50:50,13,r/sports,0,2018-05-16 16:17:15,5,1,11,0
8junjb,2018-05-16 12:50:50,13,r/sports,0,2018-05-16 16:31:20,6,0,22,0
8junjb,2018-05-16 12:50:50,13,r/sports,0,2018-05-16 15:44:31,3,1,8,0
8junjb,2018-05-16 12:50:50,13,r/sports,0,2018-05-16 17:19:53,4,0,2,0
8junjb,2018-05-16 12:50:50,13,r/sports,0,2018-05-16 16:09:20,2,1,20,0
8junjb,2018-05-16 12:50:50,13,r/sports,0,2018-05-16 15:38:06,2,3,14,0
8junjb,2018-05-16 12:50:50,13,r/sports,0,2018-05-16 17:12:21,3,0,2,0
8junjb,2018-05-16 12:50:50,13,r/sports,0,2018-05-16 17:26:10,3,0,2,0
8junjb,2018-05-16 12:50:50,13,r/sports,0,2018-05-16 14:38:22,1,3,111,0
8junjb,2018-05-16 12:50:50,13,r/sports,0,2018-05-16 16:10:08,2,1,61,0
8junjb,2018-05-16 12:50:50,13,r/sports,0,2018-05-16 16:24:43,3,1,48,0
8junjb,2018-05-16 12:50:50,13,r/sports,0,2018-05-16 17:04:39,4,2,11,0
8junjb,2018-05-16 12:50:50,13,r/sports,0,2018-05-16 17:42:22,5,0,3,0
8junjb,2018-05-16 12:50:50,13,r/sports,0,2018-05-16 16:13:49,2,1,13,0
8junjb,2018-05-16 12:50:50,13,r/sports,0,2018-05-16 14:34:28,1,2,217,0
8junjb,2018-05-16 12:50:50,13,r/sports,0,2018-05-16 16:28:17,2,2,16,0
8junjb,2018-05-16 12:50:50,13,r/sports,0,2018-05-16 16:35:28,3,0,8,0
8junjb,2018-05-16 12:50:50,13,r/sports,0,2018-05-16 17:19:52,3,1,2,0
8junjb,2018-05-16 12:50:50,13,r/sports,0,2018-05-16 14:39:10,1,3,80,0
8junjb,2018-05-16 12:50:50,13,r/sports,0,2018-05-16 14:51:35,2,1,52,0
8junjb,2018-05-16 12:50:50,13,r/sports,0,2018-05-16 16:14:04,3,0,6,0
8junjb,2018-05-16 12:50:50,13,r/sports,0,2018-05-16 15:57:42,2,1,10,0
8junjb,2018-05-16 12:50:50,13,r/sports,0,2018-05-16 17:26:56,3,1,2,0
8junjb,2018-05-16 12:50:50,13,r/sports,0,2018-05-16 16:02:16,1,0,38,0
8junjb,2018-05-16 12:50:50,13,r/sports,0,2018-05-16 14:35:58,1,1,41,0
8junjb,2018-05-16 12:50:50,13,r/sports,0,2018-05-16 15:23:16,2,0,14,0
8junjb,2018-05-16 12:50:50,13,r/sports,0,2018-05-16 15:01:32,1,0,24,0
8junjb,2018-05-16 12:50:50,13,r/sports,0,2018-05-16 15:00:44,1,0,8,0
8junjb,2018-05-16 12:50:50,13,r/sports,0,2018-05-16 15:21:19,1,0,6,0
8junjb,2018-05-16 12:50:50,13,r/sports,0,2018-05-16 15:45:08,1,0,2,0
8junjb,2018-05-16 12:50:50,13,r/sports,0,2018-05-16 16:09:25,1,0,1,0
8junjb,2018-05-16 12:50:50,13,r/sports,0,2018-05-16 16:13:19,1,0,1,0
8junjb,2018-05-16 12:50:50,13,r/sports,1,2018-05-16 13:28:16,0,12,6683,0
8junjb,2018-05-16 12:50:50,13,r/sports,1,2018-05-16 13:50:09,1,5,1396,0
8junjb,2018-05-16 12:50:50,13,r/sports,1,2018-05-16 14:33:14,2,2,114,0
8junjb,2018-05-16 12:50:50,13,r/sports,1,2018-05-16 15:19:50,3,0,6,0
8junjb,2018-05-16 12:50:50,13,r/sports,1,2018-05-16 15:34:50,3,0,2,0
8junjb,2018-05-16 12:50:50,13,r/sports,1,2018-05-16 14:43:20,2,16,619,0
8junjb,2018-05-16 12:50:50,13,r/sports,1,2018-05-16 14:44:34,3,1,677,0
8junjb,2018-05-16 12:50:50,13,r/sports,1,2018-05-16 15:18:20,4,2,55,0
8junjb,2018-05-16 12:50:50,13,r/sports,1,2018-05-16 16:13:48,5,1,21,0
8junjb,2018-05-16 12:50:50,13,r/sports,1,2018-05-16 16:48:20,6,1,16,0
8junjb,2018-05-16 12:50:50,13,r/sports,1,2018-05-16 18:04:34,7,1,2,0
8junjb,2018-05-16 12:50:50,13,r/sports,1,2018-05-16 18:07:42,8,1,2,0
8junjb,2018-05-16 12:50:50,13,r/sports,1,2018-05-16 14:44:39,3,0,77,0
8junjb,2018-05-16 12:50:50,13,r/sports,1,2018-05-16 15:00:52,3,1,69,0
8junjb,2018-05-16 12:50:50,13,r/sports,1,2018-05-16 16:21:28,4,1,9,0
8junjb,2018-05-16 12:50:50,13,r/sports,1,2018-05-16 16:49:47,5,0,3,0
8junjb,2018-05-16 12:50:50,13,r/sports,1,2018-05-16 14:57:51,3,0,26,0
8junjb,2018-05-16 12:50:50,13,r/sports,1,2018-05-16 14:45:52,3,2,46,0
8junjb,2018-05-16 12:50:50,13,r/sports,1,2018-05-16 17:12:57,4,0,2,0
8junjb,2018-05-16 12:50:50,13,r/sports,1,2018-05-16 17:16:47,4,0,2,0
8junjb,2018-05-16 12:50:50,13,r/sports,1,2018-05-16 15:22:19,3,0,15,0
8junjb,2018-05-16 12:50:50,13,r/sports,1,2018-05-16 16:06:53,3,0,6,0
8junjb,2018-05-16 12:50:50,13,r/sports,1,2018-05-16 14:46:45,3,0,14,0
8junjb,2018-05-16 12:50:50,13,r/sports,1,2018-05-16 14:58:56,3,0,9,0
8junjb,2018-05-16 12:50:50,13,r/sports,1,2018-05-16 15:50:17,3,0,2,0
8junjb,2018-05-16 12:50:50,13,r/sports,1,2018-05-16 15:42:01,3,1,3,0
8junjb,2018-05-16 12:50:50,13,r/sports,1,2018-05-16 15:00:20,3,0,2,0
8junjb,2018-05-16 12:50:50,13,r/sports,1,2018-05-16 15:06:07,3,0,1,0
8junjb,2018-05-16 12:50:50,13,r/sports,1,2018-05-16 15:33:15,3,0,1,0
8junjb,2018-05-16 12:50:50,13,r/sports,1,2018-05-16 15:34:53,3,0,1,0
8junjb,2018-05-16 12:50:50,13,r/sports,1,2018-05-16 14:49:20,2,0,6,0
8junjb,2018-05-16 12:50:50,13,r/sports,1,2018-05-16 15:19:32,2,0,1,0
8junjb,2018-05-16 12:50:50,13,r/sports,1,2018-05-16 16:00:29,2,0,1,0
8junjb,2018-05-16 12:50:50,13,r/sports,1,2018-05-16 14:28:41,1,1,43,0
8junjb,2018-05-16 12:50:50,13,r/sports,1,2018-05-16 14:31:03,2,1,31,0
8junjb,2018-05-16 12:50:50,13,r/sports,1,2018-05-16 13:50:49,1,3,106,0
8junjb,2018-05-16 12:50:50,13,r/sports,1,2018-05-16 13:59:53,2,4,126,0
8junjb,2018-05-16 12:50:50,13,r/sports,1,2018-05-16 14:06:45,3,3,44,0
8junjb,2018-05-16 12:50:50,13,r/sports,1,2018-05-16 14:58:31,4,3,17,0
8junjb,2018-05-16 12:50:50,13,r/sports,1,2018-05-16 15:30:07,5,2,3,0
8junjb,2018-05-16 12:50:50,13,r/sports,1,2018-05-16 16:23:47,6,1,4,0
8junjb,2018-05-16 12:50:50,13,r/sports,1,2018-05-16 15:58:09,6,1,4,0
8junjb,2018-05-16 12:50:50,13,r/sports,1,2018-05-16 16:37:06,7,1,2,0
8junjb,2018-05-16 12:50:50,13,r/sports,1,2018-05-16 15:41:48,5,0,2,0
8junjb,2018-05-16 12:50:50,13,r/sports,1,2018-05-16 15:10:46,4,2,5,0
8junjb,2018-05-16 12:50:50,13,r/sports,1,2018-05-16 15:13:15,5,1,13,0
8junjb,2018-05-16 12:50:50,13,r/sports,1,2018-05-16 15:21:58,6,3,3,0
8junjb,2018-05-16 12:50:50,13,r/sports,1,2018-05-16 15:58:51,7,0,17,0
8junjb,2018-05-16 12:50:50,13,r/sports,1,2018-05-16 16:00:01,7,0,1,0
8junjb,2018-05-16 12:50:50,13,r/sports,1,2018-05-16 15:49:55,5,0,1,0
8junjb,2018-05-16 12:50:50,13,r/sports,1,2018-05-16 14:11:49,3,1,34,0
8junjb,2018-05-16 12:50:50,13,r/sports,1,2018-05-16 15:51:59,4,1,13,0
8junjb,2018-05-16 12:50:50,13,r/sports,1,2018-05-16 15:52:55,5,0,8,0
8junjb,2018-05-16 12:50:50,13,r/sports,1,2018-05-16 14:11:52,3,0,6,0
8junjb,2018-05-16 12:50:50,13,r/sports,1,2018-05-16 15:29:43,2,0,1,0
8junjb,2018-05-16 12:50:50,13,r/sports,1,2018-05-16 16:07:29,2,0,1,0
8junjb,2018-05-16 12:50:50,13,r/sports,1,2018-05-16 13:56:13,1,3,36,0
8junjb,2018-05-16 12:50:50,13,r/sports,1,2018-05-16 14:08:31,2,0,18,0
8junjb,2018-05-16 12:50:50,13,r/sports,1,2018-05-16 16:11:31,2,0,2,0
8junjb,2018-05-16 12:50:50,13,r/sports,1,2018-05-16 15:39:02,1,1,5,0
8junjb,2018-05-16 12:50:50,13,r/sports,1,2018-05-16 14:15:20,1,0,3,0
8junjb,2018-05-16 12:50:50,13,r/sports,1,2018-05-16 15:10:18,1,1,2,0
8junjb,2018-05-16 12:50:50,13,r/sports,1,2018-05-16 14:38:06,1,0,3,0
8junjb,2018-05-16 12:50:50,13,r/sports,1,2018-05-16 15:19:49,1,0,1,0
8junjb,2018-05-16 12:50:50,13,r/sports,1,2018-05-16 15:52:13,1,0,1,0
8junjb,2018-05-16 12:50:50,13,r/sports,1,2018-05-16 15:53:04,1,0,1,0
8junjb,2018-05-16 12:50:50,13,r/sports,2,2018-05-16 13:45:56,0,20,1518,0
8junjb,2018-05-16 12:50:50,13,r/sports,2,2018-05-16 14:12:30,1,5,627,0
8junjb,2018-05-16 12:50:50,13,r/sports,2,2018-05-16 14:32:21,2,10,284,0
8junjb,2018-05-16 12:50:50,13,r/sports,2,2018-05-16 14:51:48,3,3,122,0
8junjb,2018-05-16 12:50:50,13,r/sports,2,2018-05-16 15:09:09,4,1,155,0
8junjb,2018-05-16 12:50:50,13,r/sports,2,2018-05-16 16:12:02,5,1,28,0
8junjb,2018-05-16 12:50:50,13,r/sports,2,2018-05-16 15:38:05,4,0,26,0
8junjb,2018-05-16 12:50:50,13,r/sports,2,2018-05-16 16:05:07,4,1,14,0
8junjb,2018-05-16 12:50:50,13,r/sports,2,2018-05-16 14:56:08,3,3,14,0
8junjb,2018-05-16 12:50:50,13,r/sports,2,2018-05-16 15:06:24,4,0,8,0
8junjb,2018-05-16 12:50:50,13,r/sports,2,2018-05-16 15:15:38,4,0,1,0
8junjb,2018-05-16 12:50:50,13,r/sports,2,2018-05-16 14:38:48,3,0,28,0
8junjb,2018-05-16 12:50:50,13,r/sports,2,2018-05-16 15:16:27,3,1,5,0
8junjb,2018-05-16 12:50:50,13,r/sports,2,2018-05-16 14:41:51,3,2,6,0
8junjb,2018-05-16 12:50:50,13,r/sports,2,2018-05-16 14:46:27,4,1,27,0
8junjb,2018-05-16 12:50:50,13,r/sports,2,2018-05-16 15:00:34,5,1,3,0
8junjb,2018-05-16 12:50:50,13,r/sports,2,2018-05-16 14:46:02,4,0,2,0
8junjb,2018-05-16 12:50:50,13,r/sports,2,2018-05-16 14:43:26,3,1,2,0
8junjb,2018-05-16 12:50:50,13,r/sports,2,2018-05-16 14:50:32,4,0,2,0
8junjb,2018-05-16 12:50:50,13,r/sports,2,2018-05-16 15:10:39,3,0,1,0
8junjb,2018-05-16 12:50:50,13,r/sports,2,2018-05-16 15:22:32,3,1,1,0
8junjb,2018-05-16 12:50:50,13,r/sports,2,2018-05-16 15:30:27,4,0,2,0
8junjb,2018-05-16 12:50:50,13,r/sports,2,2018-05-16 15:49:13,3,0,1,0
8junjb,2018-05-16 12:50:50,13,r/sports,2,2018-05-16 14:48:02,2,0,3,0
8junjb,2018-05-16 12:50:50,13,r/sports,2,2018-05-16 15:43:23,2,0,1,0
8junjb,2018-05-16 12:50:50,13,r/sports,2,2018-05-16 16:15:50,2,0,1,0
8junjb,2018-05-16 12:50:50,13,r/sports,2,2018-05-16 14:13:29,1,3,158,0
8junjb,2018-05-16 12:50:50,13,r/sports,2,2018-05-16 14:19:29,2,6,178,0
8junjb,2018-05-16 12:50:50,13,r/sports,2,2018-05-16 14:29:24,3,6,135,0
8junjb,2018-05-16 12:50:50,13,r/sports,2,2018-05-16 14:33:46,4,1,57,0
8junjb,2018-05-16 12:50:50,13,r/sports,2,2018-05-16 14:36:48,5,0,14,0
8junjb,2018-05-16 12:50:50,13,r/sports,2,2018-05-16 14:32:11,4,0,23,0
8junjb,2018-05-16 12:50:50,13,r/sports,2,2018-05-16 14:56:21,4,1,6,0
8junjb,2018-05-16 12:50:50,13,r/sports,2,2018-05-16 15:23:24,5,3,3,0
8junjb,2018-05-16 12:50:50,13,r/sports,2,2018-05-16 15:32:43,6,0,4,0
8junjb,2018-05-16 12:50:50,13,r/sports,2,2018-05-16 15:47:44,6,0,2,0
8junjb,2018-05-16 12:50:50,13,r/sports,2,2018-05-16 15:38:48,4,1,5,0
8junjb,2018-05-16 12:50:50,13,r/sports,2,2018-05-16 15:43:14,5,0,10,0
8junjb,2018-05-16 12:50:50,13,r/sports,2,2018-05-16 17:20:53,4,0,2,0
8junjb,2018-05-16 12:50:50,13,r/sports,2,2018-05-16 18:06:08,4,0,2,0
8junjb,2018-05-16 12:50:50,13,r/sports,2,2018-05-16 14:38:15,3,0,18,0
8junjb,2018-05-16 12:50:50,13,r/sports,2,2018-05-16 14:54:03,3,1,40,0
8junjb,2018-05-16 12:50:50,13,r/sports,2,2018-05-16 15:38:21,4,0,1,0
8junjb,2018-05-16 12:50:50,13,r/sports,2,2018-05-16 14:31:32,3,1,7,0
8junjb,2018-05-16 12:50:50,13,r/sports,2,2018-05-16 14:39:43,4,1,6,0
8junjb,2018-05-16 12:50:50,13,r/sports,2,2018-05-16 14:42:29,5,2,1,0
8junjb,2018-05-16 12:50:50,13,r/sports,2,2018-05-16 14:48:45,6,0,3,0
8junjb,2018-05-16 12:50:50,13,r/sports,2,2018-05-16 14:59:31,6,0,1,0
8junjb,2018-05-16 12:50:50,13,r/sports,2,2018-05-16 15:03:38,3,0,1,0
8junjb,2018-05-16 12:50:50,13,r/sports,2,2018-05-16 15:47:56,3,0,1,0
8junjb,2018-05-16 12:50:50,13,r/sports,2,2018-05-16 14:54:13,2,1,12,0
8junjb,2018-05-16 12:50:50,13,r/sports,2,2018-05-16 15:05:17,3,0,6,0
8junjb,2018-05-16 12:50:50,13,r/sports,2,2018-05-16 15:02:41,2,0,2,0
8junjb,2018-05-16 12:50:50,13,r/sports,2,2018-05-16 14:24:19,1,1,22,0
8junjb,2018-05-16 12:50:50,13,r/sports,2,2018-05-16 14:35:32,2,0,11,0
8junjb,2018-05-16 12:50:50,13,r/sports,2,2018-05-16 14:08:17,1,2,71,0
8junjb,2018-05-16 12:50:50,13,r/sports,2,2018-05-16 14:24:10,2,2,40,0
8junjb,2018-05-16 12:50:50,13,r/sports,2,2018-05-16 14:25:15,3,0,9,0
8junjb,2018-05-16 12:50:50,13,r/sports,2,2018-05-16 14:29:47,1,0,8,0
8junjb,2018-05-16 12:50:50,13,r/sports,2,2018-05-16 14:22:27,1,1,13,0
8junjb,2018-05-16 12:50:50,13,r/sports,2,2018-05-16 14:39:59,1,0,5,0
8junjb,2018-05-16 12:50:50,13,r/sports,2,2018-05-16 14:00:15,1,1,51,0
8junjb,2018-05-16 12:50:50,13,r/sports,2,2018-05-16 14:27:42,2,3,29,0
8junjb,2018-05-16 12:50:50,13,r/sports,2,2018-05-16 14:34:35,3,0,24,0
8junjb,2018-05-16 12:50:50,13,r/sports,2,2018-05-16 14:49:41,3,0,1,0
8junjb,2018-05-16 12:50:50,13,r/sports,2,2018-05-16 15:47:52,3,0,1,0
8junjb,2018-05-16 12:50:50,13,r/sports,2,2018-05-16 14:43:27,1,0,3,0
8junjb,2018-05-16 12:50:50,13,r/sports,2,2018-05-16 14:46:54,1,0,3,0
8junjb,2018-05-16 12:50:50,13,r/sports,2,2018-05-16 14:59:46,1,0,2,0
8junjb,2018-05-16 12:50:50,13,r/sports,2,2018-05-16 15:08:37,1,0,2,0
8junjb,2018-05-16 12:50:50,13,r/sports,2,2018-05-16 15:19:38,1,0,2,0
8junjb,2018-05-16 12:50:50,13,r/sports,2,2018-05-16 15:22:57,1,0,2,0
8junjb,2018-05-16 12:50:50,13,r/sports,2,2018-05-16 15:42:32,1,0,2,0
8junjb,2018-05-16 12:50:50,13,r/sports,2,2018-05-16 14:46:28,1,0,1,0
8junjb,2018-05-16 12:50:50,13,r/sports,2,2018-05-16 15:15:42,1,0,1,0
8junjb,2018-05-16 12:50:50,13,r/sports,2,2018-05-16 15:43:39,1,0,1,0
8junjb,2018-05-16 12:50:50,13,r/sports,2,2018-05-16 16:17:37,1,0,1,0
8junjb,2018-05-16 12:50:50,13,r/sports,3,2018-05-16 13:49:36,0,1,129,0
8junjb,2018-05-16 12:50:50,13,r/sports,3,2018-05-16 17:58:31,1,0,2,0
8junjb,2018-05-16 12:50:50,13,r/sports,4,2018-05-16 13:35:44,0,17,455,0
8junjb,2018-05-16 12:50:50,13,r/sports,4,2018-05-16 14:08:41,1,3,210,0
8junjb,2018-05-16 12:50:50,13,r/sports,4,2018-05-16 14:25:57,2,2,31,0
8junjb,2018-05-16 12:50:50,13,r/sports,4,2018-05-16 15:28:27,3,0,12,0
8junjb,2018-05-16 12:50:50,13,r/sports,4,2018-05-16 15:28:51,3,0,3,0
8junjb,2018-05-16 12:50:50,13,r/sports,4,2018-05-16 16:11:08,2,0,2,0
8junjb,2018-05-16 12:50:50,13,r/sports,4,2018-05-16 14:27:34,1,3,84,0
8junjb,2018-05-16 12:50:50,13,r/sports,4,2018-05-16 15:47:23,2,2,21,0
8junjb,2018-05-16 12:50:50,13,r/sports,4,2018-05-16 15:47:37,3,0,1,0
8junjb,2018-05-16 12:50:50,13,r/sports,4,2018-05-16 16:01:44,2,0,2,0
8junjb,2018-05-16 12:50:50,13,r/sports,4,2018-05-16 15:38:56,1,5,31,0
8junjb,2018-05-16 12:50:50,13,r/sports,4,2018-05-16 16:07:16,2,2,43,0
8junjb,2018-05-16 12:50:50,13,r/sports,4,2018-05-16 17:58:39,3,2,3,0
8junjb,2018-05-16 12:50:50,13,r/sports,4,2018-05-16 18:00:18,4,1,3,0
8junjb,2018-05-16 12:50:50,13,r/sports,4,2018-05-16 18:06:42,4,0,3,0
8junjb,2018-05-16 12:50:50,13,r/sports,4,2018-05-16 16:09:25,2,1,26,0
8junjb,2018-05-16 12:50:50,13,r/sports,4,2018-05-16 16:13:33,2,1,17,0
8junjb,2018-05-16 12:50:50,13,r/sports,4,2018-05-16 16:23:34,2,1,5,0
8junjb,2018-05-16 12:50:50,13,r/sports,4,2018-05-16 16:11:22,2,1,2,0
8junjb,2018-05-16 12:50:50,13,r/sports,4,2018-05-16 15:37:34,1,1,8,0
8junjb,2018-05-16 12:50:50,13,r/sports,4,2018-05-16 14:43:17,1,2,8,0
8junjb,2018-05-16 12:50:50,13,r/sports,4,2018-05-16 17:17:30,2,0,10,0
8junjb,2018-05-16 12:50:50,13,r/sports,4,2018-05-16 16:29:07,2,0,5,0
8junjb,2018-05-16 12:50:50,13,r/sports,4,2018-05-16 13:54:22,1,3,23,0
8junjb,2018-05-16 12:50:50,13,r/sports,4,2018-05-16 14:22:23,2,1,33,0
8junjb,2018-05-16 12:50:50,13,r/sports,4,2018-05-16 15:56:12,3,1,2,0
8junjb,2018-05-16 12:50:50,13,r/sports,4,2018-05-16 16:18:42,4,1,2,0
8junjb,2018-05-16 12:50:50,13,r/sports,4,2018-05-16 16:21:32,5,1,2,0
8junjb,2018-05-16 12:50:50,13,r/sports,4,2018-05-16 14:06:23,2,3,53,0
8junjb,2018-05-16 12:50:50,13,r/sports,4,2018-05-16 14:09:15,3,2,18,0
8junjb,2018-05-16 12:50:50,13,r/sports,4,2018-05-16 14:21:58,4,0,19,0
8junjb,2018-05-16 12:50:50,13,r/sports,4,2018-05-16 14:55:25,4,0,3,0
8junjb,2018-05-16 12:50:50,13,r/sports,4,2018-05-16 14:28:10,3,0,4,0
8junjb,2018-05-16 12:50:50,13,r/sports,4,2018-05-16 14:44:00,2,0,2,0
8junjb,2018-05-16 12:50:50,13,r/sports,4,2018-05-16 14:58:04,1,0,5,0
8junjb,2018-05-16 12:50:50,13,r/sports,4,2018-05-16 14:29:46,1,1,6,0
8junjb,2018-05-16 12:50:50,13,r/sports,4,2018-05-16 15:59:36,1,0,3,0
8junjb,2018-05-16 12:50:50,13,r/sports,4,2018-05-16 16:47:22,1,0,3,0
8junjb,2018-05-16 12:50:50,13,r/sports,4,2018-05-16 13:54:07,1,2,9,0
8junjb,2018-05-16 12:50:50,13,r/sports,4,2018-05-16 13:55:59,2,2,52,0
8junjb,2018-05-16 12:50:50,13,r/sports,4,2018-05-16 14:14:30,3,1,25,0
8junjb,2018-05-16 12:50:50,13,r/sports,4,2018-05-16 15:52:41,4,1,2,0
8junjb,2018-05-16 12:50:50,13,r/sports,4,2018-05-16 16:15:49,5,0,1,0
8junjb,2018-05-16 12:50:50,13,r/sports,4,2018-05-16 16:09:22,3,0,6,0
8junjb,2018-05-16 12:50:50,13,r/sports,4,2018-05-16 15:04:29,2,1,2,0
8junjb,2018-05-16 12:50:50,13,r/sports,4,2018-05-16 16:12:15,3,0,1,0
8junjb,2018-05-16 12:50:50,13,r/sports,4,2018-05-16 17:34:39,1,0,2,0
8junjb,2018-05-16 12:50:50,13,r/sports,4,2018-05-16 17:51:31,1,0,2,0
8junjb,2018-05-16 12:50:50,13,r/sports,4,2018-05-16 17:53:47,1,1,2,0
8junjb,2018-05-16 12:50:50,13,r/sports,4,2018-05-16 14:55:12,1,0,1,0
8junjb,2018-05-16 12:50:50,13,r/sports,4,2018-05-16 15:47:55,1,1,1,0
8junjb,2018-05-16 12:50:50,13,r/sports,4,2018-05-16 16:24:36,2,0,7,0
8junjb,2018-05-16 12:50:50,13,r/sports,5,2018-05-16 13:47:01,0,0,80,0
8junjb,2018-05-16 12:50:50,13,r/sports,6,2018-05-16 13:10:07,0,4,501,0
8junjb,2018-05-16 12:50:50,13,r/sports,6,2018-05-16 13:14:55,1,1,204,0
8junjb,2018-05-16 12:50:50,13,r/sports,6,2018-05-16 13:21:08,2,3,98,0
8junjb,2018-05-16 12:50:50,13,r/sports,6,2018-05-16 13:38:08,3,1,19,0
8junjb,2018-05-16 12:50:50,13,r/sports,6,2018-05-16 14:18:34,4,1,33,0
8junjb,2018-05-16 12:50:50,13,r/sports,6,2018-05-16 15:26:22,3,0,1,0
8junjb,2018-05-16 12:50:50,13,r/sports,6,2018-05-16 13:37:46,1,0,10,0
8junjb,2018-05-16 12:50:50,13,r/sports,6,2018-05-16 13:51:04,1,1,30,0
8junjb,2018-05-16 12:50:50,13,r/sports,6,2018-05-16 13:53:10,2,1,15,0
8junjb,2018-05-16 12:50:50,13,r/sports,6,2018-05-16 14:22:18,1,0,1,0
8junjb,2018-05-16 12:50:50,13,r/sports,7,2018-05-16 14:40:07,0,3,97,0
8junjb,2018-05-16 12:50:50,13,r/sports,7,2018-05-16 16:12:21,1,0,36,0
8junjb,2018-05-16 12:50:50,13,r/sports,7,2018-05-16 16:11:34,1,1,2,0
8junjb,2018-05-16 12:50:50,13,r/sports,8,2018-05-16 13:46:31,0,5,114,0
8junjb,2018-05-16 12:50:50,13,r/sports,8,2018-05-16 14:40:42,1,2,108,0
8junjb,2018-05-16 12:50:50,13,r/sports,8,2018-05-16 15:07:55,2,1,53,0
8junjb,2018-05-16 12:50:50,13,r/sports,8,2018-05-16 16:48:57,3,1,11,0
8junjb,2018-05-16 12:50:50,13,r/sports,8,2018-05-16 17:45:56,4,1,7,0
8junjb,2018-05-16 12:50:50,13,r/sports,8,2018-05-16 13:47:17,1,0,59,0
8junjb,2018-05-16 12:50:50,13,r/sports,8,2018-05-16 15:59:49,1,0,3,0
8junjb,2018-05-16 12:50:50,13,r/sports,8,2018-05-16 16:28:20,1,1,3,0
8junjb,2018-05-16 12:50:50,13,r/sports,8,2018-05-16 16:33:33,2,0,2,0
8junjb,2018-05-16 12:50:50,13,r/sports,9,2018-05-16 14:56:54,0,2,26,0
8junjb,2018-05-16 12:50:50,13,r/sports,9,2018-05-16 15:04:24,1,2,6,0
8junjb,2018-05-16 12:50:50,13,r/sports,9,2018-05-16 16:08:27,2,1,2,0
8junjb,2018-05-16 12:50:50,13,r/sports,9,2018-05-16 16:14:41,3,1,3,0
8junjb,2018-05-16 12:50:50,13,r/sports,9,2018-05-16 16:17:09,1,0,5,0
8junjb,2018-05-16 12:50:50,13,r/sports,10,2018-05-16 14:28:02,0,2,44,0
8junjb,2018-05-16 12:50:50,13,r/sports,10,2018-05-16 17:11:26,1,0,12,0
8junjb,2018-05-16 12:50:50,13,r/sports,10,2018-05-16 16:27:52,1,2,2,0
8junjb,2018-05-16 12:50:50,13,r/sports,10,2018-05-16 16:57:00,2,1,12,0
8junjb,2018-05-16 12:50:50,13,r/sports,10,2018-05-16 18:16:43,3,0,3,0
8junjb,2018-05-16 12:50:50,13,r/sports,10,2018-05-16 17:17:17,2,0,5,0
8junjb,2018-05-16 12:50:50,13,r/sports,11,2018-05-16 13:47:10,0,3,45,0
8junjb,2018-05-16 12:50:50,13,r/sports,11,2018-05-16 14:03:30,1,1,77,0
8junjb,2018-05-16 12:50:50,13,r/sports,11,2018-05-16 16:18:02,2,0,11,0
8junjb,2018-05-16 12:50:50,13,r/sports,11,2018-05-16 15:17:42,1,0,11,0
8junjb,2018-05-16 12:50:50,13,r/sports,11,2018-05-16 16:54:48,1,1,2,0
8junjb,2018-05-16 12:50:50,13,r/sports,12,2018-05-16 15:53:42,0,4,14,0
8junjb,2018-05-16 12:50:50,13,r/sports,12,2018-05-16 16:51:47,1,1,15,0
8junjb,2018-05-16 12:50:50,13,r/sports,12,2018-05-16 16:10:13,1,0,12,0
8junjb,2018-05-16 12:50:50,13,r/sports,12,2018-05-16 16:55:21,1,0,3,0
8junjb,2018-05-16 12:50:50,13,r/sports,13,2018-05-16 14:41:09,0,2,35,0
8junjb,2018-05-16 12:50:50,13,r/sports,13,2018-05-16 14:45:05,1,1,48,0
8junjb,2018-05-16 12:50:50,13,r/sports,13,2018-05-16 15:04:15,2,0,4,0
8junjb,2018-05-16 12:50:50,13,r/sports,13,2018-05-16 14:54:51,1,1,29,0
8junjb,2018-05-16 12:50:50,13,r/sports,13,2018-05-16 15:03:53,2,0,2,0
8junjb,2018-05-16 12:50:50,13,r/sports,14,2018-05-16 13:29:53,0,3,55,0
8junjb,2018-05-16 12:50:50,13,r/sports,14,2018-05-16 13:52:39,1,0,22,0
8junjb,2018-05-16 12:50:50,13,r/sports,14,2018-05-16 14:27:17,1,1,3,0
8junjb,2018-05-16 12:50:50,13,r/sports,15,2018-05-16 14:30:52,0,2,8,0
8junjb,2018-05-16 12:50:50,13,r/sports,15,2018-05-16 15:31:38,1,0,10,0
8junjb,2018-05-16 12:50:50,13,r/sports,15,2018-05-16 16:02:02,1,0,2,0
8junjb,2018-05-16 12:50:50,13,r/sports,16,2018-05-16 13:13:58,0,0,16,0
8junjb,2018-05-16 12:50:50,13,r/sports,17,2018-05-16 16:26:10,0,1,10,0
8junjb,2018-05-16 12:50:50,13,r/sports,18,2018-05-16 13:54:11,0,7,25,0
8junjb,2018-05-16 12:50:50,13,r/sports,18,2018-05-16 14:02:20,1,1,86,0
8junjb,2018-05-16 12:50:50,13,r/sports,18,2018-05-16 14:06:00,2,4,11,0
8junjb,2018-05-16 12:50:50,13,r/sports,18,2018-05-16 14:13:25,3,0,27,0
8junjb,2018-05-16 12:50:50,13,r/sports,18,2018-05-16 14:23:44,3,1,22,0
8junjb,2018-05-16 12:50:50,13,r/sports,18,2018-05-16 14:30:19,4,4,4,0
8junjb,2018-05-16 12:50:50,13,r/sports,18,2018-05-16 15:14:06,5,1,9,0
8junjb,2018-05-16 12:50:50,13,r/sports,18,2018-05-16 16:39:15,6,1,2,0
8junjb,2018-05-16 12:50:50,13,r/sports,18,2018-05-16 15:29:16,5,0,3,0
8junjb,2018-05-16 12:50:50,13,r/sports,18,2018-05-16 15:44:21,5,0,2,0
8junjb,2018-05-16 12:50:50,13,r/sports,18,2018-05-16 16:14:43,5,0,1,0
8junjb,2018-05-16 12:50:50,13,r/sports,18,2018-05-16 14:38:40,3,2,7,0
8junjb,2018-05-16 12:50:50,13,r/sports,18,2018-05-16 16:18:44,4,0,2,0
8junjb,2018-05-16 12:50:50,13,r/sports,18,2018-05-16 16:00:07,3,0,2,0
8junjb,2018-05-16 12:50:50,13,r/sports,18,2018-05-16 14:19:55,1,2,11,0
8junjb,2018-05-16 12:50:50,13,r/sports,18,2018-05-16 14:25:14,2,3,2,0
8junjb,2018-05-16 12:50:50,13,r/sports,18,2018-05-16 14:43:25,3,0,3,0
8junjb,2018-05-16 12:50:50,13,r/sports,18,2018-05-16 15:30:01,3,0,1,0
8junjb,2018-05-16 12:50:50,13,r/sports,18,2018-05-16 14:05:46,1,0,19,0
8junjb,2018-05-16 12:50:50,13,r/sports,18,2018-05-16 14:23:50,1,0,3,0
8junjb,2018-05-16 12:50:50,13,r/sports,18,2018-05-16 14:59:36,1,0,1,0
8junjb,2018-05-16 12:50:50,13,r/sports,18,2018-05-16 15:29:36,1,0,1,0
8junjb,2018-05-16 12:50:50,13,r/sports,18,2018-05-16 15:51:52,1,0,1,0
8junjb,2018-05-16 12:50:50,13,r/sports,19,2018-05-16 14:13:42,0,2,14,0
8junjb,2018-05-16 12:50:50,13,r/sports,19,2018-05-16 16:54:25,1,0,2,0
8junjb,2018-05-16 12:50:50,13,r/sports,19,2018-05-16 15:50:03,1,0,2,0
8junjb,2018-05-16 12:50:50,13,r/sports,20,2018-05-16 16:54:57,0,0,5,0
8junjb,2018-05-16 12:50:50,13,r/sports,21,2018-05-16 13:49:56,0,0,9,0
8junjb,2018-05-16 12:50:50,13,r/sports,22,2018-05-16 15:07:50,0,1,3,0
8junjb,2018-05-16 12:50:50,13,r/sports,23,2018-05-16 15:36:48,0,0,3,0
8junjb,2018-05-16 12:50:50,13,r/sports,24,2018-05-16 15:39:58,0,0,3,0
8junjb,2018-05-16 12:50:50,13,r/sports,25,2018-05-16 15:44:35,0,1,3,0
8junjb,2018-05-16 12:50:50,13,r/sports,26,2018-05-16 13:57:42,0,0,2,0
8junjb,2018-05-16 12:50:50,13,r/sports,27,2018-05-16 14:31:31,0,0,2,0
8junjb,2018-05-16 12:50:50,13,r/sports,28,2018-05-16 14:58:17,0,0,2,0
8junjb,2018-05-16 12:50:50,13,r/sports,29,2018-05-16 14:58:57,0,0,2,0
8junjb,2018-05-16 12:50:50,13,r/sports,30,2018-05-16 15:02:41,0,0,2,0
8junjb,2018-05-16 12:50:50,13,r/sports,31,2018-05-16 15:22:35,0,0,2,0
8junjb,2018-05-16 12:50:50,13,r/sports,32,2018-05-16 15:22:43,0,0,2,0
8junjb,2018-05-16 12:50:50,13,r/sports,33,2018-05-16 15:23:05,0,2,2,0
8junjb,2018-05-16 12:50:50,13,r/sports,33,2018-05-16 15:30:06,1,1,5,0
8junjb,2018-05-16 12:50:50,13,r/sports,33,2018-05-16 15:38:09,1,0,1,0
8junjb,2018-05-16 12:50:50,13,r/sports,34,2018-05-16 15:38:13,0,1,2,0
8junjb,2018-05-16 12:50:50,13,r/sports,34,2018-05-16 15:39:07,1,1,4,0
8junjb,2018-05-16 12:50:50,13,r/sports,35,2018-05-16 16:47:36,0,0,2,0
8junjb,2018-05-16 12:50:50,13,r/sports,36,2018-05-16 18:06:07,0,0,2,0
8junjb,2018-05-16 12:50:50,13,r/sports,37,2018-05-16 18:10:51,0,0,2,0
8junjb,2018-05-16 12:50:50,13,r/sports,38,2018-05-16 13:52:45,0,3,3,0
8junjb,2018-05-16 12:50:50,13,r/sports,38,2018-05-16 14:26:50,1,0,10,0
8junjb,2018-05-16 12:50:50,13,r/sports,38,2018-05-16 14:04:02,1,0,9,0
8junjb,2018-05-16 12:50:50,13,r/sports,38,2018-05-16 14:27:14,1,0,2,0
8junjb,2018-05-16 12:50:50,13,r/sports,39,2018-05-16 13:33:48,0,1,2,0
8junjb,2018-05-16 12:50:50,13,r/sports,39,2018-05-16 13:52:17,1,1,25,0
8junjb,2018-05-16 12:50:50,13,r/sports,39,2018-05-16 15:04:15,2,0,2,0
8junjb,2018-05-16 12:50:50,13,r/sports,40,2018-05-16 16:16:05,0,1,3,0
8junjb,2018-05-16 12:50:50,13,r/sports,41,2018-05-16 14:40:48,0,2,3,0
8junjb,2018-05-16 12:50:50,13,r/sports,41,2018-05-16 15:14:27,1,1,3,0
8junjb,2018-05-16 12:50:50,13,r/sports,41,2018-05-16 16:40:40,2,0,2,0
8junjb,2018-05-16 12:50:50,13,r/sports,42,2018-05-16 16:27:47,0,0,2,0
8junjb,2018-05-16 12:50:50,13,r/sports,43,2018-05-16 14:02:28,0,2,2,0
8junjb,2018-05-16 12:50:50,13,r/sports,43,2018-05-16 14:32:59,1,1,22,0
8junjb,2018-05-16 12:50:50,13,r/sports,43,2018-05-16 14:36:39,2,2,2,0
8junjb,2018-05-16 12:50:50,13,r/sports,43,2018-05-16 14:39:04,3,0,12,0
8junjb,2018-05-16 12:50:50,13,r/sports,43,2018-05-16 15:24:20,3,0,7,0
8junjb,2018-05-16 12:50:50,13,r/sports,43,2018-05-16 14:50:26,1,0,3,0
8junjb,2018-05-16 12:50:50,13,r/sports,44,2018-05-16 14:46:07,0,1,0,0
8junjb,2018-05-16 12:50:50,13,r/sports,44,2018-05-16 15:27:13,1,0,2,0
8junjb,2018-05-16 12:50:50,13,r/sports,45,2018-05-16 13:40:07,0,0,1,0
8junjb,2018-05-16 12:50:50,13,r/sports,46,2018-05-16 14:17:38,0,0,1,0
8junjb,2018-05-16 12:50:50,13,r/sports,47,2018-05-16 14:25:04,0,0,1,0
8junjb,2018-05-16 12:50:50,13,r/sports,48,2018-05-16 14:25:49,0,0,1,0
8junjb,2018-05-16 12:50:50,13,r/sports,49,2018-05-16 14:28:30,0,0,1,0
8junjb,2018-05-16 12:50:50,13,r/sports,50,2018-05-16 14:31:32,0,0,1,0
8junjb,2018-05-16 12:50:50,13,r/sports,51,2018-05-16 14:31:41,0,0,1,0
8junjb,2018-05-16 12:50:50,13,r/sports,52,2018-05-16 14:32:09,0,0,1,0
8junjb,2018-05-16 12:50:50,13,r/sports,53,2018-05-16 14:32:54,0,2,1,0
8junjb,2018-05-16 12:50:50,13,r/sports,53,2018-05-16 15:35:00,1,1,5,0
8junjb,2018-05-16 12:50:50,13,r/sports,53,2018-05-16 15:37:08,2,0,1,0
8junjb,2018-05-16 12:50:50,13,r/sports,54,2018-05-16 14:34:08,0,0,1,0
8junjb,2018-05-16 12:50:50,13,r/sports,55,2018-05-16 14:36:37,0,0,1,0
8junjb,2018-05-16 12:50:50,13,r/sports,56,2018-05-16 14:40:49,0,0,1,0
8junjb,2018-05-16 12:50:50,13,r/sports,57,2018-05-16 14:41:06,0,0,1,0
8junjb,2018-05-16 12:50:50,13,r/sports,58,2018-05-16 14:42:03,0,0,1,0
8junjb,2018-05-16 12:50:50,13,r/sports,59,2018-05-16 14:45:29,0,0,1,0
8junjb,2018-05-16 12:50:50,13,r/sports,60,2018-05-16 14:47:45,0,0,1,0
8junjb,2018-05-16 12:50:50,13,r/sports,61,2018-05-16 14:48:37,0,0,1,0
8junjb,2018-05-16 12:50:50,13,r/sports,62,2018-05-16 14:48:40,0,0,1,0
8junjb,2018-05-16 12:50:50,13,r/sports,63,2018-05-16 14:50:42,0,0,1,0
8junjb,2018-05-16 12:50:50,13,r/sports,64,2018-05-16 14:51:28,0,0,1,0
8junjb,2018-05-16 12:50:50,13,r/sports,65,2018-05-16 14:52:44,0,0,1,0
8junjb,2018-05-16 12:50:50,13,r/sports,66,2018-05-16 14:52:48,0,0,1,0
8junjb,2018-05-16 12:50:50,13,r/sports,67,2018-05-16 14:54:40,0,0,1,0
8junjb,2018-05-16 12:50:50,13,r/sports,68,2018-05-16 14:55:06,0,0,1,0
8junjb,2018-05-16 12:50:50,13,r/sports,69,2018-05-16 14:59:32,0,0,1,0
8junjb,2018-05-16 12:50:50,13,r/sports,70,2018-05-16 15:03:16,0,0,1,0
8junjb,2018-05-16 12:50:50,13,r/sports,71,2018-05-16 15:05:06,0,0,1,0
8junjb,2018-05-16 12:50:50,13,r/sports,72,2018-05-16 15:07:42,0,2,1,0
8junjb,2018-05-16 12:50:50,13,r/sports,72,2018-05-16 16:52:01,1,0,4,0
8junjb,2018-05-16 12:50:50,13,r/sports,72,2018-05-16 15:10:20,1,1,3,0
8junjb,2018-05-16 12:50:50,13,r/sports,72,2018-05-16 15:11:44,2,0,1,0
8junjb,2018-05-16 12:50:50,13,r/sports,73,2018-05-16 15:08:43,0,0,1,0
8junjb,2018-05-16 12:50:50,13,r/sports,74,2018-05-16 15:16:16,0,0,1,0
8junjb,2018-05-16 12:50:50,13,r/sports,75,2018-05-16 15:18:17,0,0,1,0
8junjb,2018-05-16 12:50:50,13,r/sports,76,2018-05-16 15:19:48,0,0,1,0
8junjb,2018-05-16 12:50:50,13,r/sports,77,2018-05-16 15:20:12,0,0,1,0
8junjb,2018-05-16 12:50:50,13,r/sports,78,2018-05-16 15:24:25,0,0,1,0
8junjb,2018-05-16 12:50:50,13,r/sports,79,2018-05-16 15:25:36,0,0,1,0
8junjb,2018-05-16 12:50:50,13,r/sports,80,2018-05-16 15:26:23,0,0,1,0
8junjb,2018-05-16 12:50:50,13,r/sports,81,2018-05-16 15:26:39,0,0,1,0
8junjb,2018-05-16 12:50:50,13,r/sports,82,2018-05-16 15:27:26,0,0,1,0
8junjb,2018-05-16 12:50:50,13,r/sports,83,2018-05-16 15:32:19,0,0,1,0
8junjb,2018-05-16 12:50:50,13,r/sports,84,2018-05-16 15:33:03,0,0,1,0
8junjb,2018-05-16 12:50:50,13,r/sports,85,2018-05-16 15:36:14,0,0,1,0
8junjb,2018-05-16 12:50:50,13,r/sports,86,2018-05-16 15:38:31,0,0,1,0
8junjb,2018-05-16 12:50:50,13,r/sports,87,2018-05-16 15:40:03,0,0,1,0
8junjb,2018-05-16 12:50:50,13,r/sports,88,2018-05-16 15:41:21,0,0,1,0
8junjb,2018-05-16 12:50:50,13,r/sports,89,2018-05-16 15:44:46,0,0,1,0
8junjb,2018-05-16 12:50:50,13,r/sports,90,2018-05-16 15:45:23,0,0,1,0
8junjb,2018-05-16 12:50:50,13,r/sports,91,2018-05-16 15:51:43,0,0,1,0
8junjb,2018-05-16 12:50:50,13,r/sports,92,2018-05-16 15:52:55,0,1,1,0
8junjb,2018-05-16 12:50:50,13,r/sports,93,2018-05-16 15:56:51,0,0,1,0
8junjb,2018-05-16 12:50:50,13,r/sports,94,2018-05-16 15:58:21,0,0,1,0
8junjb,2018-05-16 12:50:50,13,r/sports,95,2018-05-16 16:00:04,0,0,1,0
8junjb,2018-05-16 12:50:50,13,r/sports,96,2018-05-16 16:00:16,0,0,1,0
8junjb,2018-05-16 12:50:50,13,r/sports,97,2018-05-16 16:01:46,0,0,1,0
8junjb,2018-05-16 12:50:50,13,r/sports,98,2018-05-16 16:05:28,0,1,1,0
8junjb,2018-05-16 12:50:50,13,r/sports,98,2018-05-16 16:14:38,1,1,2,0
8junjb,2018-05-16 12:50:50,13,r/sports,99,2018-05-16 16:07:07,0,0,1,0
8junjb,2018-05-16 12:50:50,13,r/sports,100,2018-05-16 16:11:15,0,0,1,0
8junjb,2018-05-16 12:50:50,13,r/sports,101,2018-05-16 16:15:31,0,0,1,0
8junjb,2018-05-16 12:50:50,13,r/sports,102,2018-05-16 16:15:48,0,0,1,0
8juyc4,2018-05-16 13:35:38,14,r/CatastrophicFailure,0,2018-05-16 14:05:11,0,29,2143,0
8juyc4,2018-05-16 13:35:38,14,r/CatastrophicFailure,0,2018-05-16 14:50:29,1,6,427,0
8juyc4,2018-05-16 13:35:38,14,r/CatastrophicFailure,0,2018-05-16 15:44:56,2,2,163,0
8juyc4,2018-05-16 13:35:38,14,r/CatastrophicFailure,0,2018-05-16 15:53:32,3,2,31,0
8juyc4,2018-05-16 13:35:38,14,r/CatastrophicFailure,0,2018-05-16 17:46:34,4,0,6,0
8juyc4,2018-05-16 13:35:38,14,r/CatastrophicFailure,0,2018-05-16 17:04:21,4,0,3,0
8juyc4,2018-05-16 13:35:38,14,r/CatastrophicFailure,0,2018-05-16 17:09:19,3,0,4,0
8juyc4,2018-05-16 13:35:38,14,r/CatastrophicFailure,0,2018-05-16 16:47:08,2,0,21,0
8juyc4,2018-05-16 13:35:38,14,r/CatastrophicFailure,0,2018-05-16 16:47:00,2,0,1,0
8juyc4,2018-05-16 13:35:38,14,r/CatastrophicFailure,0,2018-05-16 17:18:03,2,0,1,0
8juyc4,2018-05-16 13:35:38,14,r/CatastrophicFailure,0,2018-05-16 17:47:09,2,0,1,0
8juyc4,2018-05-16 13:35:38,14,r/CatastrophicFailure,0,2018-05-16 18:15:04,2,0,1,0
8juyc4,2018-05-16 13:35:38,14,r/CatastrophicFailure,0,2018-05-16 15:36:02,1,2,34,0
8juyc4,2018-05-16 13:35:38,14,r/CatastrophicFailure,0,2018-05-16 17:28:58,2,1,37,0
8juyc4,2018-05-16 13:35:38,14,r/CatastrophicFailure,0,2018-05-16 17:09:26,2,0,1,0
8juyc4,2018-05-16 13:35:38,14,r/CatastrophicFailure,0,2018-05-16 14:22:57,1,2,102,0
8juyc4,2018-05-16 13:35:38,14,r/CatastrophicFailure,0,2018-05-16 15:13:03,2,0,56,0
8juyc4,2018-05-16 13:35:38,14,r/CatastrophicFailure,0,2018-05-16 15:18:35,2,0,28,0
8juyc4,2018-05-16 13:35:38,14,r/CatastrophicFailure,0,2018-05-16 14:54:55,1,3,46,0
8juyc4,2018-05-16 13:35:38,14,r/CatastrophicFailure,0,2018-05-16 15:54:47,2,0,26,0
8juyc4,2018-05-16 13:35:38,14,r/CatastrophicFailure,0,2018-05-16 17:28:31,2,0,3,0
8juyc4,2018-05-16 13:35:38,14,r/CatastrophicFailure,0,2018-05-16 15:30:59,1,7,28,0
8juyc4,2018-05-16 13:35:38,14,r/CatastrophicFailure,0,2018-05-16 16:48:54,2,0,64,0
8juyc4,2018-05-16 13:35:38,14,r/CatastrophicFailure,0,2018-05-16 15:43:49,2,3,68,0
8juyc4,2018-05-16 13:35:38,14,r/CatastrophicFailure,0,2018-05-16 16:19:59,3,0,5,0
8juyc4,2018-05-16 13:35:38,14,r/CatastrophicFailure,0,2018-05-16 17:40:36,3,3,4,0
8juyc4,2018-05-16 13:35:38,14,r/CatastrophicFailure,0,2018-05-16 17:54:12,4,1,2,0
8juyc4,2018-05-16 13:35:38,14,r/CatastrophicFailure,0,2018-05-16 18:14:49,4,0,1,0
8juyc4,2018-05-16 13:35:38,14,r/CatastrophicFailure,0,2018-05-16 16:50:32,2,0,11,0
8juyc4,2018-05-16 13:35:38,14,r/CatastrophicFailure,0,2018-05-16 17:46:12,2,1,2,0
8juyc4,2018-05-16 13:35:38,14,r/CatastrophicFailure,0,2018-05-16 17:47:08,3,0,1,0
8juyc4,2018-05-16 13:35:38,14,r/CatastrophicFailure,0,2018-05-16 17:19:41,2,1,4,0
8juyc4,2018-05-16 13:35:38,14,r/CatastrophicFailure,0,2018-05-16 17:25:39,3,0,2,0
8juyc4,2018-05-16 13:35:38,14,r/CatastrophicFailure,0,2018-05-16 17:44:11,2,0,1,0
8juyc4,2018-05-16 13:35:38,14,r/CatastrophicFailure,0,2018-05-16 18:15:26,2,1,1,0
8juyc4,2018-05-16 13:35:38,14,r/CatastrophicFailure,0,2018-05-16 16:48:21,1,0,3,0
8juyc4,2018-05-16 13:35:38,14,r/CatastrophicFailure,0,2018-05-16 14:40:55,1,3,13,0
8juyc4,2018-05-16 13:35:38,14,r/CatastrophicFailure,0,2018-05-16 16:38:24,2,0,2,0
8juyc4,2018-05-16 13:35:38,14,r/CatastrophicFailure,0,2018-05-16 17:45:48,2,0,1,0
8juyc4,2018-05-16 13:35:38,14,r/CatastrophicFailure,0,2018-05-16 14:56:27,1,0,1,0
8juyc4,2018-05-16 13:35:38,14,r/CatastrophicFailure,0,2018-05-16 16:13:04,1,0,1,0
8juyc4,2018-05-16 13:35:38,14,r/CatastrophicFailure,0,2018-05-16 16:45:09,1,0,1,0
8juyc4,2018-05-16 13:35:38,14,r/CatastrophicFailure,0,2018-05-16 16:58:41,1,0,1,0
8juyc4,2018-05-16 13:35:38,14,r/CatastrophicFailure,0,2018-05-16 17:12:18,1,0,1,0
8juyc4,2018-05-16 13:35:38,14,r/CatastrophicFailure,0,2018-05-16 17:19:59,1,0,1,0
8juyc4,2018-05-16 13:35:38,14,r/CatastrophicFailure,0,2018-05-16 17:20:02,1,0,1,0
8juyc4,2018-05-16 13:35:38,14,r/CatastrophicFailure,0,2018-05-16 17:26:51,1,0,1,0
8juyc4,2018-05-16 13:35:38,14,r/CatastrophicFailure,0,2018-05-16 17:32:35,1,0,1,0
8juyc4,2018-05-16 13:35:38,14,r/CatastrophicFailure,0,2018-05-16 17:36:24,1,0,1,0
8juyc4,2018-05-16 13:35:38,14,r/CatastrophicFailure,0,2018-05-16 17:36:51,1,1,1,0
8juyc4,2018-05-16 13:35:38,14,r/CatastrophicFailure,0,2018-05-16 17:47:41,2,0,1,0
8juyc4,2018-05-16 13:35:38,14,r/CatastrophicFailure,0,2018-05-16 17:37:11,1,0,1,0
8juyc4,2018-05-16 13:35:38,14,r/CatastrophicFailure,0,2018-05-16 17:51:50,1,0,1,0
8juyc4,2018-05-16 13:35:38,14,r/CatastrophicFailure,0,2018-05-16 17:56:19,1,0,1,0
8juyc4,2018-05-16 13:35:38,14,r/CatastrophicFailure,0,2018-05-16 17:56:49,1,0,1,0
8juyc4,2018-05-16 13:35:38,14,r/CatastrophicFailure,0,2018-05-16 17:57:45,1,0,1,0
8juyc4,2018-05-16 13:35:38,14,r/CatastrophicFailure,0,2018-05-16 17:58:21,1,0,1,0
8juyc4,2018-05-16 13:35:38,14,r/CatastrophicFailure,0,2018-05-16 17:59:10,1,0,1,0
8juyc4,2018-05-16 13:35:38,14,r/CatastrophicFailure,0,2018-05-16 18:01:04,1,0,1,0
8juyc4,2018-05-16 13:35:38,14,r/CatastrophicFailure,0,2018-05-16 18:18:52,1,0,1,0
8juyc4,2018-05-16 13:35:38,14,r/CatastrophicFailure,0,2018-05-16 18:20:23,1,0,1,0
8juyc4,2018-05-16 13:35:38,14,r/CatastrophicFailure,1,2018-05-16 13:50:15,0,5,673,0
8juyc4,2018-05-16 13:35:38,14,r/CatastrophicFailure,1,2018-05-16 14:13:58,1,4,211,0
8juyc4,2018-05-16 13:35:38,14,r/CatastrophicFailure,1,2018-05-16 15:07:57,2,1,71,0
8juyc4,2018-05-16 13:35:38,14,r/CatastrophicFailure,1,2018-05-16 16:11:35,3,1,28,0
8juyc4,2018-05-16 13:35:38,14,r/CatastrophicFailure,1,2018-05-16 17:10:15,4,0,2,0
8juyc4,2018-05-16 13:35:38,14,r/CatastrophicFailure,1,2018-05-16 16:15:56,2,1,9,0
8juyc4,2018-05-16 13:35:38,14,r/CatastrophicFailure,1,2018-05-16 16:35:57,3,1,4,0
8juyc4,2018-05-16 13:35:38,14,r/CatastrophicFailure,1,2018-05-16 17:13:06,4,1,4,0
8juyc4,2018-05-16 13:35:38,14,r/CatastrophicFailure,1,2018-05-16 17:25:09,5,0,3,0
8juyc4,2018-05-16 13:35:38,14,r/CatastrophicFailure,1,2018-05-16 17:27:34,2,0,2,0
8juyc4,2018-05-16 13:35:38,14,r/CatastrophicFailure,1,2018-05-16 18:02:28,2,0,1,0
8juyc4,2018-05-16 13:35:38,14,r/CatastrophicFailure,1,2018-05-16 16:01:11,1,3,23,0
8juyc4,2018-05-16 13:35:38,14,r/CatastrophicFailure,1,2018-05-16 18:16:24,2,1,4,0
8juyc4,2018-05-16 13:35:38,14,r/CatastrophicFailure,1,2018-05-16 18:17:16,3,0,2,0
8juyc4,2018-05-16 13:35:38,14,r/CatastrophicFailure,1,2018-05-16 16:20:45,2,0,3,0
8juyc4,2018-05-16 13:35:38,14,r/CatastrophicFailure,1,2018-05-16 15:11:07,1,0,13,0
8juyc4,2018-05-16 13:35:38,14,r/CatastrophicFailure,1,2018-05-16 16:31:39,1,0,3,0
8juyc4,2018-05-16 13:35:38,14,r/CatastrophicFailure,2,2018-05-16 13:53:22,0,7,660,0
8juyc4,2018-05-16 13:35:38,14,r/CatastrophicFailure,2,2018-05-16 14:13:30,1,3,211,0
8juyc4,2018-05-16 13:35:38,14,r/CatastrophicFailure,2,2018-05-16 14:21:32,2,1,32,0
8juyc4,2018-05-16 13:35:38,14,r/CatastrophicFailure,2,2018-05-16 14:13:56,2,1,48,0
8juyc4,2018-05-16 13:35:38,14,r/CatastrophicFailure,2,2018-05-16 18:11:49,3,0,2,0
8juyc4,2018-05-16 13:35:38,14,r/CatastrophicFailure,2,2018-05-16 18:04:41,2,1,2,0
8juyc4,2018-05-16 13:35:38,14,r/CatastrophicFailure,2,2018-05-16 18:24:02,3,0,2,0
8juyc4,2018-05-16 13:35:38,14,r/CatastrophicFailure,2,2018-05-16 15:14:16,1,2,31,0
8juyc4,2018-05-16 13:35:38,14,r/CatastrophicFailure,2,2018-05-16 17:20:15,2,0,10,0
8juyc4,2018-05-16 13:35:38,14,r/CatastrophicFailure,2,2018-05-16 17:50:11,2,2,6,0
8juyc4,2018-05-16 13:35:38,14,r/CatastrophicFailure,2,2018-05-16 18:00:16,3,1,24,0
8juyc4,2018-05-16 13:35:38,14,r/CatastrophicFailure,2,2018-05-16 18:12:57,4,0,2,0
8juyc4,2018-05-16 13:35:38,14,r/CatastrophicFailure,2,2018-05-16 18:03:10,3,0,2,0
8juyc4,2018-05-16 13:35:38,14,r/CatastrophicFailure,2,2018-05-16 16:11:51,1,0,3,0
8juyc4,2018-05-16 13:35:38,14,r/CatastrophicFailure,2,2018-05-16 16:52:31,1,0,2,0
8juyc4,2018-05-16 13:35:38,14,r/CatastrophicFailure,2,2018-05-16 17:16:27,1,1,2,0
8juyc4,2018-05-16 13:35:38,14,r/CatastrophicFailure,2,2018-05-16 17:23:57,2,0,7,0
8juyc4,2018-05-16 13:35:38,14,r/CatastrophicFailure,2,2018-05-16 14:24:19,1,0,1,0
8juyc4,2018-05-16 13:35:38,14,r/CatastrophicFailure,2,2018-05-16 17:43:09,1,0,1,0
8juyc4,2018-05-16 13:35:38,14,r/CatastrophicFailure,3,2018-05-16 13:42:32,0,14,1179,0
8juyc4,2018-05-16 13:35:38,14,r/CatastrophicFailure,3,2018-05-16 13:49:32,1,3,517,0
8juyc4,2018-05-16 13:35:38,14,r/CatastrophicFailure,3,2018-05-16 14:37:38,2,2,132,0
8juyc4,2018-05-16 13:35:38,14,r/CatastrophicFailure,3,2018-05-16 15:14:38,3,1,37,0
8juyc4,2018-05-16 13:35:38,14,r/CatastrophicFailure,3,2018-05-16 15:23:51,4,1,24,0
8juyc4,2018-05-16 13:35:38,14,r/CatastrophicFailure,3,2018-05-16 15:28:58,5,1,37,0
8juyc4,2018-05-16 13:35:38,14,r/CatastrophicFailure,3,2018-05-16 15:37:06,6,1,12,0
8juyc4,2018-05-16 13:35:38,14,r/CatastrophicFailure,3,2018-05-16 17:38:41,7,1,3,0
8juyc4,2018-05-16 13:35:38,14,r/CatastrophicFailure,3,2018-05-16 18:19:22,8,0,1,0
8juyc4,2018-05-16 13:35:38,14,r/CatastrophicFailure,3,2018-05-16 15:23:12,3,1,5,0
8juyc4,2018-05-16 13:35:38,14,r/CatastrophicFailure,3,2018-05-16 17:26:43,4,0,2,0
8juyc4,2018-05-16 13:35:38,14,r/CatastrophicFailure,3,2018-05-16 17:31:22,2,0,0,0
8juyc4,2018-05-16 13:35:38,14,r/CatastrophicFailure,3,2018-05-16 14:31:31,1,6,213,0
8juyc4,2018-05-16 13:35:38,14,r/CatastrophicFailure,3,2018-05-16 15:27:01,2,5,130,0
8juyc4,2018-05-16 13:35:38,14,r/CatastrophicFailure,3,2018-05-16 16:32:01,3,0,12,0
8juyc4,2018-05-16 13:35:38,14,r/CatastrophicFailure,3,2018-05-16 16:44:35,3,0,3,0
8juyc4,2018-05-16 13:35:38,14,r/CatastrophicFailure,3,2018-05-16 15:52:53,3,2,10,0
8juyc4,2018-05-16 13:35:38,14,r/CatastrophicFailure,3,2018-05-16 16:09:55,4,0,9,0
8juyc4,2018-05-16 13:35:38,14,r/CatastrophicFailure,3,2018-05-16 17:24:54,4,0,2,0
8juyc4,2018-05-16 13:35:38,14,r/CatastrophicFailure,3,2018-05-16 17:49:10,3,0,1,0
8juyc4,2018-05-16 13:35:38,14,r/CatastrophicFailure,3,2018-05-16 16:21:25,2,0,13,0
8juyc4,2018-05-16 13:35:38,14,r/CatastrophicFailure,3,2018-05-16 15:17:03,2,0,6,0
8juyc4,2018-05-16 13:35:38,14,r/CatastrophicFailure,3,2018-05-16 15:11:06,2,0,15,0
8juyc4,2018-05-16 13:35:38,14,r/CatastrophicFailure,3,2018-05-16 16:48:50,2,0,3,0
8juyc4,2018-05-16 13:35:38,14,r/CatastrophicFailure,3,2018-05-16 17:59:59,2,0,2,0
8juyc4,2018-05-16 13:35:38,14,r/CatastrophicFailure,3,2018-05-16 15:15:08,1,4,62,0
8juyc4,2018-05-16 13:35:38,14,r/CatastrophicFailure,3,2018-05-16 15:29:17,2,1,2,0
8juyc4,2018-05-16 13:35:38,14,r/CatastrophicFailure,3,2018-05-16 15:30:00,3,1,11,0
8juyc4,2018-05-16 13:35:38,14,r/CatastrophicFailure,3,2018-05-16 16:08:52,4,1,4,0
8juyc4,2018-05-16 13:35:38,14,r/CatastrophicFailure,3,2018-05-16 17:07:46,5,1,6,0
8juyc4,2018-05-16 13:35:38,14,r/CatastrophicFailure,3,2018-05-16 17:20:58,6,0,1,0
8juyc4,2018-05-16 13:35:38,14,r/CatastrophicFailure,3,2018-05-16 17:21:51,2,0,3,0
8juyc4,2018-05-16 13:35:38,14,r/CatastrophicFailure,3,2018-05-16 17:33:14,2,0,1,0
8juyc4,2018-05-16 13:35:38,14,r/CatastrophicFailure,3,2018-05-16 14:46:53,1,3,17,0
8juyc4,2018-05-16 13:35:38,14,r/CatastrophicFailure,3,2018-05-16 14:54:30,2,2,10,0
8juyc4,2018-05-16 13:35:38,14,r/CatastrophicFailure,3,2018-05-16 15:26:36,3,2,5,0
8juyc4,2018-05-16 13:35:38,14,r/CatastrophicFailure,3,2018-05-16 15:59:13,4,0,10,0
8juyc4,2018-05-16 13:35:38,14,r/CatastrophicFailure,3,2018-05-16 15:32:18,4,0,1,0
8juyc4,2018-05-16 13:35:38,14,r/CatastrophicFailure,3,2018-05-16 15:59:48,3,1,6,0
8juyc4,2018-05-16 13:35:38,14,r/CatastrophicFailure,3,2018-05-16 16:28:32,4,0,1,0
8juyc4,2018-05-16 13:35:38,14,r/CatastrophicFailure,3,2018-05-16 16:20:28,2,1,2,0
8juyc4,2018-05-16 13:35:38,14,r/CatastrophicFailure,3,2018-05-16 16:39:30,3,0,6,0
8juyc4,2018-05-16 13:35:38,14,r/CatastrophicFailure,3,2018-05-16 14:28:09,1,5,47,0
8juyc4,2018-05-16 13:35:38,14,r/CatastrophicFailure,3,2018-05-16 15:33:14,2,3,21,0
8juyc4,2018-05-16 13:35:38,14,r/CatastrophicFailure,3,2018-05-16 15:54:41,3,0,4,0
8juyc4,2018-05-16 13:35:38,14,r/CatastrophicFailure,3,2018-05-16 16:58:13,3,0,4,0
8juyc4,2018-05-16 13:35:38,14,r/CatastrophicFailure,3,2018-05-16 15:40:13,2,0,8,0
8juyc4,2018-05-16 13:35:38,14,r/CatastrophicFailure,3,2018-05-16 14:47:56,2,2,26,0
8juyc4,2018-05-16 13:35:38,14,r/CatastrophicFailure,3,2018-05-16 15:11:05,3,1,11,0
8juyc4,2018-05-16 13:35:38,14,r/CatastrophicFailure,3,2018-05-16 15:33:28,4,0,6,0
8juyc4,2018-05-16 13:35:38,14,r/CatastrophicFailure,3,2018-05-16 17:01:32,3,0,2,0
8juyc4,2018-05-16 13:35:38,14,r/CatastrophicFailure,3,2018-05-16 14:31:19,2,1,5,0
8juyc4,2018-05-16 13:35:38,14,r/CatastrophicFailure,3,2018-05-16 14:32:14,3,2,34,0
8juyc4,2018-05-16 13:35:38,14,r/CatastrophicFailure,3,2018-05-16 14:37:25,4,0,21,0
8juyc4,2018-05-16 13:35:38,14,r/CatastrophicFailure,3,2018-05-16 17:25:50,2,0,1,0
8juyc4,2018-05-16 13:35:38,14,r/CatastrophicFailure,3,2018-05-16 13:54:15,1,1,11,0
8juyc4,2018-05-16 13:35:38,14,r/CatastrophicFailure,3,2018-05-16 14:31:25,2,1,8,0
8juyc4,2018-05-16 13:35:38,14,r/CatastrophicFailure,3,2018-05-16 17:09:53,3,0,2,0
8juyc4,2018-05-16 13:35:38,14,r/CatastrophicFailure,3,2018-05-16 14:43:26,1,1,8,0
8juyc4,2018-05-16 13:35:38,14,r/CatastrophicFailure,3,2018-05-16 14:37:22,1,0,5,0
8juyc4,2018-05-16 13:35:38,14,r/CatastrophicFailure,3,2018-05-16 14:30:57,1,0,2,0
8juyc4,2018-05-16 13:35:38,14,r/CatastrophicFailure,3,2018-05-16 16:38:40,1,0,1,0
8juyc4,2018-05-16 13:35:38,14,r/CatastrophicFailure,3,2018-05-16 16:57:19,1,0,1,0
8juyc4,2018-05-16 13:35:38,14,r/CatastrophicFailure,3,2018-05-16 17:50:03,1,0,1,0
8juyc4,2018-05-16 13:35:38,14,r/CatastrophicFailure,3,2018-05-16 17:57:54,1,0,1,0
8juyc4,2018-05-16 13:35:38,14,r/CatastrophicFailure,4,2018-05-16 14:57:14,0,7,428,0
8juyc4,2018-05-16 13:35:38,14,r/CatastrophicFailure,4,2018-05-16 16:12:57,1,0,44,0
8juyc4,2018-05-16 13:35:38,14,r/CatastrophicFailure,4,2018-05-16 16:52:09,1,1,35,0
8juyc4,2018-05-16 13:35:38,14,r/CatastrophicFailure,4,2018-05-16 18:00:34,2,0,6,0
8juyc4,2018-05-16 13:35:38,14,r/CatastrophicFailure,4,2018-05-16 17:29:28,1,0,5,0
8juyc4,2018-05-16 13:35:38,14,r/CatastrophicFailure,4,2018-05-16 17:14:46,1,0,3,0
8juyc4,2018-05-16 13:35:38,14,r/CatastrophicFailure,4,2018-05-16 16:00:35,1,1,5,0
8juyc4,2018-05-16 13:35:38,14,r/CatastrophicFailure,4,2018-05-16 17:01:06,2,0,10,0
8juyc4,2018-05-16 13:35:38,14,r/CatastrophicFailure,4,2018-05-16 17:46:01,1,0,1,0
8juyc4,2018-05-16 13:35:38,14,r/CatastrophicFailure,4,2018-05-16 18:04:27,1,0,1,0
8juyc4,2018-05-16 13:35:38,14,r/CatastrophicFailure,5,2018-05-16 13:52:27,0,2,283,0
8juyc4,2018-05-16 13:35:38,14,r/CatastrophicFailure,5,2018-05-16 13:54:52,1,2,140,0
8juyc4,2018-05-16 13:35:38,14,r/CatastrophicFailure,5,2018-05-16 13:57:05,2,3,49,0
8juyc4,2018-05-16 13:35:38,14,r/CatastrophicFailure,5,2018-05-16 14:00:36,3,1,25,0
8juyc4,2018-05-16 13:35:38,14,r/CatastrophicFailure,5,2018-05-16 14:03:50,4,2,21,0
8juyc4,2018-05-16 13:35:38,14,r/CatastrophicFailure,5,2018-05-16 15:38:49,5,1,12,0
8juyc4,2018-05-16 13:35:38,14,r/CatastrophicFailure,5,2018-05-16 16:00:38,6,1,5,0
8juyc4,2018-05-16 13:35:38,14,r/CatastrophicFailure,5,2018-05-16 16:02:28,7,1,9,0
8juyc4,2018-05-16 13:35:38,14,r/CatastrophicFailure,5,2018-05-16 16:22:54,8,1,6,0
8juyc4,2018-05-16 13:35:38,14,r/CatastrophicFailure,5,2018-05-16 18:04:18,9,0,1,0
8juyc4,2018-05-16 13:35:38,14,r/CatastrophicFailure,5,2018-05-16 14:06:46,5,1,6,0
8juyc4,2018-05-16 13:35:38,14,r/CatastrophicFailure,5,2018-05-16 17:19:12,3,0,1,0
8juyc4,2018-05-16 13:35:38,14,r/CatastrophicFailure,5,2018-05-16 17:22:14,3,0,1,0
8juyc4,2018-05-16 13:35:38,14,r/CatastrophicFailure,5,2018-05-16 13:57:11,2,2,2,0
8juyc4,2018-05-16 13:35:38,14,r/CatastrophicFailure,5,2018-05-16 14:01:55,3,1,2,0
8juyc4,2018-05-16 13:35:38,14,r/CatastrophicFailure,5,2018-05-16 14:03:29,3,0,2,0
8juyc4,2018-05-16 13:35:38,14,r/CatastrophicFailure,5,2018-05-16 14:30:49,1,0,5,0
8juyc4,2018-05-16 13:35:38,14,r/CatastrophicFailure,6,2018-05-16 14:24:49,0,4,272,0
8juyc4,2018-05-16 13:35:38,14,r/CatastrophicFailure,6,2018-05-16 15:18:43,1,3,78,0
8juyc4,2018-05-16 13:35:38,14,r/CatastrophicFailure,6,2018-05-16 15:34:13,2,2,78,0
8juyc4,2018-05-16 13:35:38,14,r/CatastrophicFailure,6,2018-05-16 15:58:36,3,8,107,0
8juyc4,2018-05-16 13:35:38,14,r/CatastrophicFailure,6,2018-05-16 16:20:12,4,1,142,0
8juyc4,2018-05-16 13:35:38,14,r/CatastrophicFailure,6,2018-05-16 16:31:57,5,4,54,0
8juyc4,2018-05-16 13:35:38,14,r/CatastrophicFailure,6,2018-05-16 17:20:53,6,0,8,0
8juyc4,2018-05-16 13:35:38,14,r/CatastrophicFailure,6,2018-05-16 16:48:10,6,1,10,0
8juyc4,2018-05-16 13:35:38,14,r/CatastrophicFailure,6,2018-05-16 18:02:28,7,1,1,0
8juyc4,2018-05-16 13:35:38,14,r/CatastrophicFailure,6,2018-05-16 18:15:58,8,0,1,0
8juyc4,2018-05-16 13:35:38,14,r/CatastrophicFailure,6,2018-05-16 17:21:02,6,0,1,0
8juyc4,2018-05-16 13:35:38,14,r/CatastrophicFailure,6,2018-05-16 17:30:26,6,0,1,0
8juyc4,2018-05-16 13:35:38,14,r/CatastrophicFailure,6,2018-05-16 15:59:48,4,0,21,0
8juyc4,2018-05-16 13:35:38,14,r/CatastrophicFailure,6,2018-05-16 16:22:09,4,0,1,0
8juyc4,2018-05-16 13:35:38,14,r/CatastrophicFailure,6,2018-05-16 17:13:54,4,0,1,0
8juyc4,2018-05-16 13:35:38,14,r/CatastrophicFailure,6,2018-05-16 17:41:38,4,0,1,0
8juyc4,2018-05-16 13:35:38,14,r/CatastrophicFailure,6,2018-05-16 17:44:02,4,0,1,0
8juyc4,2018-05-16 13:35:38,14,r/CatastrophicFailure,6,2018-05-16 17:50:00,4,0,1,0
8juyc4,2018-05-16 13:35:38,14,r/CatastrophicFailure,6,2018-05-16 18:20:08,4,0,1,0
8juyc4,2018-05-16 13:35:38,14,r/CatastrophicFailure,6,2018-05-16 16:07:06,3,3,22,0
8juyc4,2018-05-16 13:35:38,14,r/CatastrophicFailure,6,2018-05-16 16:19:10,4,2,31,0
8juyc4,2018-05-16 13:35:38,14,r/CatastrophicFailure,6,2018-05-16 16:32:30,5,1,16,0
8juyc4,2018-05-16 13:35:38,14,r/CatastrophicFailure,6,2018-05-16 17:17:24,6,0,8,0
8juyc4,2018-05-16 13:35:38,14,r/CatastrophicFailure,6,2018-05-16 16:26:31,5,0,1,0
8juyc4,2018-05-16 13:35:38,14,r/CatastrophicFailure,6,2018-05-16 17:26:31,4,1,7,0
8juyc4,2018-05-16 13:35:38,14,r/CatastrophicFailure,6,2018-05-16 16:36:58,4,1,7,0
8juyc4,2018-05-16 13:35:38,14,r/CatastrophicFailure,6,2018-05-16 17:42:59,5,2,4,0
8juyc4,2018-05-16 13:35:38,14,r/CatastrophicFailure,6,2018-05-16 17:44:19,6,0,1,0
8juyc4,2018-05-16 13:35:38,14,r/CatastrophicFailure,6,2018-05-16 18:05:48,6,0,1,0
8juyc4,2018-05-16 13:35:38,14,r/CatastrophicFailure,6,2018-05-16 17:40:59,2,0,1,0
8juyc4,2018-05-16 13:35:38,14,r/CatastrophicFailure,6,2018-05-16 18:00:40,2,0,1,0
8juyc4,2018-05-16 13:35:38,14,r/CatastrophicFailure,6,2018-05-16 16:24:11,1,0,1,0
8juyc4,2018-05-16 13:35:38,14,r/CatastrophicFailure,6,2018-05-16 17:28:01,1,0,1,0
8juyc4,2018-05-16 13:35:38,14,r/CatastrophicFailure,7,2018-05-16 14:00:08,0,1,32,0
8juyc4,2018-05-16 13:35:38,14,r/CatastrophicFailure,7,2018-05-16 17:03:17,1,0,1,0
8juyc4,2018-05-16 13:35:38,14,r/CatastrophicFailure,8,2018-05-16 14:03:55,0,2,61,0
8juyc4,2018-05-16 13:35:38,14,r/CatastrophicFailure,8,2018-05-16 15:03:04,1,3,45,0
8juyc4,2018-05-16 13:35:38,14,r/CatastrophicFailure,8,2018-05-16 15:26:43,2,0,13,0
8juyc4,2018-05-16 13:35:38,14,r/CatastrophicFailure,8,2018-05-16 18:20:00,2,0,1,0
8juyc4,2018-05-16 13:35:38,14,r/CatastrophicFailure,8,2018-05-16 14:19:16,1,2,16,0
8juyc4,2018-05-16 13:35:38,14,r/CatastrophicFailure,8,2018-05-16 14:50:39,2,0,19,0
8juyc4,2018-05-16 13:35:38,14,r/CatastrophicFailure,8,2018-05-16 14:22:49,2,1,24,0
8juyc4,2018-05-16 13:35:38,14,r/CatastrophicFailure,8,2018-05-16 15:26:16,3,1,4,0
8juyc4,2018-05-16 13:35:38,14,r/CatastrophicFailure,8,2018-05-16 15:41:31,4,0,6,0
8juyc4,2018-05-16 13:35:38,14,r/CatastrophicFailure,9,2018-05-16 17:12:34,0,0,26,0
8juyc4,2018-05-16 13:35:38,14,r/CatastrophicFailure,10,2018-05-16 15:14:55,0,2,20,0
8juyc4,2018-05-16 13:35:38,14,r/CatastrophicFailure,10,2018-05-16 17:30:53,1,0,3,0
8juyc4,2018-05-16 13:35:38,14,r/CatastrophicFailure,10,2018-05-16 15:48:22,1,0,1,0
8juyc4,2018-05-16 13:35:38,14,r/CatastrophicFailure,11,2018-05-16 14:05:41,0,3,58,0
8juyc4,2018-05-16 13:35:38,14,r/CatastrophicFailure,11,2018-05-16 16:52:40,1,0,8,0
8juyc4,2018-05-16 13:35:38,14,r/CatastrophicFailure,11,2018-05-16 17:55:54,1,0,3,0
8juyc4,2018-05-16 13:35:38,14,r/CatastrophicFailure,11,2018-05-16 15:00:35,1,0,5,0
8juyc4,2018-05-16 13:35:38,14,r/CatastrophicFailure,12,2018-05-16 13:47:12,0,1,43,0
8juyc4,2018-05-16 13:35:38,14,r/CatastrophicFailure,13,2018-05-16 15:13:21,0,0,11,0
8juyc4,2018-05-16 13:35:38,14,r/CatastrophicFailure,14,2018-05-16 13:59:34,0,2,30,0
8juyc4,2018-05-16 13:35:38,14,r/CatastrophicFailure,14,2018-05-16 17:24:10,1,0,2,0
8juyc4,2018-05-16 13:35:38,14,r/CatastrophicFailure,15,2018-05-16 14:23:51,0,0,7,0
8juyc4,2018-05-16 13:35:38,14,r/CatastrophicFailure,16,2018-05-16 13:52:24,0,1,20,0
8juyc4,2018-05-16 13:35:38,14,r/CatastrophicFailure,16,2018-05-16 14:58:53,1,0,7,0
8juyc4,2018-05-16 13:35:38,14,r/CatastrophicFailure,17,2018-05-16 14:00:10,0,0,4,0
8juyc4,2018-05-16 13:35:38,14,r/CatastrophicFailure,18,2018-05-16 14:24:56,0,0,5,0
8juyc4,2018-05-16 13:35:38,14,r/CatastrophicFailure,19,2018-05-16 13:55:46,0,2,12,0
8juyc4,2018-05-16 13:35:38,14,r/CatastrophicFailure,19,2018-05-16 14:14:17,1,1,5,0
8juyc4,2018-05-16 13:35:38,14,r/CatastrophicFailure,19,2018-05-16 17:04:38,2,0,3,0
8juyc4,2018-05-16 13:35:38,14,r/CatastrophicFailure,19,2018-05-16 16:32:46,1,1,2,0
8juyc4,2018-05-16 13:35:38,14,r/CatastrophicFailure,19,2018-05-16 17:52:05,2,0,2,0
8juyc4,2018-05-16 13:35:38,14,r/CatastrophicFailure,20,2018-05-16 14:44:19,0,5,24,0
8juyc4,2018-05-16 13:35:38,14,r/CatastrophicFailure,20,2018-05-16 15:17:13,1,1,40,0
8juyc4,2018-05-16 13:35:38,14,r/CatastrophicFailure,20,2018-05-16 16:00:11,2,1,13,0
8juyc4,2018-05-16 13:35:38,14,r/CatastrophicFailure,20,2018-05-16 16:11:34,3,0,6,0
8juyc4,2018-05-16 13:35:38,14,r/CatastrophicFailure,20,2018-05-16 16:54:59,1,0,3,0
8juyc4,2018-05-16 13:35:38,14,r/CatastrophicFailure,20,2018-05-16 16:16:27,1,1,9,0
8juyc4,2018-05-16 13:35:38,14,r/CatastrophicFailure,20,2018-05-16 16:47:07,1,0,1,0
8juyc4,2018-05-16 13:35:38,14,r/CatastrophicFailure,21,2018-05-16 14:02:28,0,1,8,0
8juyc4,2018-05-16 13:35:38,14,r/CatastrophicFailure,21,2018-05-16 15:50:01,1,1,2,0
8juyc4,2018-05-16 13:35:38,14,r/CatastrophicFailure,21,2018-05-16 17:10:40,2,0,1,0
8juyc4,2018-05-16 13:35:38,14,r/CatastrophicFailure,22,2018-05-16 14:24:28,0,1,3,0
8juyc4,2018-05-16 13:35:38,14,r/CatastrophicFailure,23,2018-05-16 14:52:37,0,0,3,0
8juyc4,2018-05-16 13:35:38,14,r/CatastrophicFailure,24,2018-05-16 15:12:31,0,1,3,0
8juyc4,2018-05-16 13:35:38,14,r/CatastrophicFailure,24,2018-05-16 15:25:56,1,1,2,0
8juyc4,2018-05-16 13:35:38,14,r/CatastrophicFailure,24,2018-05-16 16:00:46,2,3,5,0
8juyc4,2018-05-16 13:35:38,14,r/CatastrophicFailure,24,2018-05-16 16:08:29,3,0,1,0
8juyc4,2018-05-16 13:35:38,14,r/CatastrophicFailure,24,2018-05-16 17:01:25,3,0,1,0
8juyc4,2018-05-16 13:35:38,14,r/CatastrophicFailure,24,2018-05-16 17:24:17,3,0,1,0
8juyc4,2018-05-16 13:35:38,14,r/CatastrophicFailure,25,2018-05-16 15:54:15,0,0,3,0
8juyc4,2018-05-16 13:35:38,14,r/CatastrophicFailure,26,2018-05-16 15:06:54,0,3,12,0
8juyc4,2018-05-16 13:35:38,14,r/CatastrophicFailure,26,2018-05-16 15:31:19,1,1,13,0
8juyc4,2018-05-16 13:35:38,14,r/CatastrophicFailure,26,2018-05-16 17:58:41,2,0,2,0
8juyc4,2018-05-16 13:35:38,14,r/CatastrophicFailure,26,2018-05-16 16:01:22,1,2,6,0
8juyc4,2018-05-16 13:35:38,14,r/CatastrophicFailure,26,2018-05-16 17:02:27,2,0,4,0
8juyc4,2018-05-16 13:35:38,14,r/CatastrophicFailure,26,2018-05-16 16:07:05,2,0,3,0
8juyc4,2018-05-16 13:35:38,14,r/CatastrophicFailure,27,2018-05-16 14:46:31,0,0,11,0
8juyc4,2018-05-16 13:35:38,14,r/CatastrophicFailure,28,2018-05-16 14:21:31,0,0,2,0
8juyc4,2018-05-16 13:35:38,14,r/CatastrophicFailure,29,2018-05-16 14:23:42,0,0,2,0
8juyc4,2018-05-16 13:35:38,14,r/CatastrophicFailure,30,2018-05-16 14:36:24,0,0,2,0
8juyc4,2018-05-16 13:35:38,14,r/CatastrophicFailure,31,2018-05-16 15:00:57,0,0,2,0
8juyc4,2018-05-16 13:35:38,14,r/CatastrophicFailure,32,2018-05-16 15:21:08,0,1,2,0
8juyc4,2018-05-16 13:35:38,14,r/CatastrophicFailure,32,2018-05-16 18:15:45,1,0,1,0
8juyc4,2018-05-16 13:35:38,14,r/CatastrophicFailure,33,2018-05-16 15:43:02,0,0,2,0
8juyc4,2018-05-16 13:35:38,14,r/CatastrophicFailure,34,2018-05-16 15:45:13,0,0,2,0
8juyc4,2018-05-16 13:35:38,14,r/CatastrophicFailure,35,2018-05-16 15:54:01,0,0,2,0
8juyc4,2018-05-16 13:35:38,14,r/CatastrophicFailure,36,2018-05-16 15:59:15,0,0,2,0
8juyc4,2018-05-16 13:35:38,14,r/CatastrophicFailure,37,2018-05-16 16:09:46,0,0,2,0
8juyc4,2018-05-16 13:35:38,14,r/CatastrophicFailure,38,2018-05-16 16:29:19,0,0,2,0
8juyc4,2018-05-16 13:35:38,14,r/CatastrophicFailure,39,2018-05-16 16:30:11,0,0,2,0
8juyc4,2018-05-16 13:35:38,14,r/CatastrophicFailure,40,2018-05-16 16:32:24,0,0,2,0
8juyc4,2018-05-16 13:35:38,14,r/CatastrophicFailure,41,2018-05-16 16:35:01,0,0,2,0
8juyc4,2018-05-16 13:35:38,14,r/CatastrophicFailure,42,2018-05-16 16:37:51,0,0,2,0
8juyc4,2018-05-16 13:35:38,14,r/CatastrophicFailure,43,2018-05-16 16:39:59,0,0,2,0
8juyc4,2018-05-16 13:35:38,14,r/CatastrophicFailure,44,2018-05-16 17:15:16,0,0,2,0
8juyc4,2018-05-16 13:35:38,14,r/CatastrophicFailure,45,2018-05-16 17:19:23,0,0,2,0
8juyc4,2018-05-16 13:35:38,14,r/CatastrophicFailure,46,2018-05-16 17:19:43,0,0,2,0
8juyc4,2018-05-16 13:35:38,14,r/CatastrophicFailure,47,2018-05-16 17:29:51,0,0,2,0
8juyc4,2018-05-16 13:35:38,14,r/CatastrophicFailure,48,2018-05-16 17:53:08,0,0,2,0
8juyc4,2018-05-16 13:35:38,14,r/CatastrophicFailure,49,2018-05-16 18:12:02,0,0,2,0
8juyc4,2018-05-16 13:35:38,14,r/CatastrophicFailure,50,2018-05-16 14:34:21,0,0,2,0
8juyc4,2018-05-16 13:35:38,14,r/CatastrophicFailure,51,2018-05-16 15:09:38,0,1,3,0
8juyc4,2018-05-16 13:35:38,14,r/CatastrophicFailure,51,2018-05-16 15:48:53,1,0,2,0
8juyc4,2018-05-16 13:35:38,14,r/CatastrophicFailure,52,2018-05-16 14:40:06,0,2,3,0
8juyc4,2018-05-16 13:35:38,14,r/CatastrophicFailure,52,2018-05-16 16:28:01,1,1,1,0
8juyc4,2018-05-16 13:35:38,14,r/CatastrophicFailure,52,2018-05-16 16:43:04,2,0,1,0
8juyc4,2018-05-16 13:35:38,14,r/CatastrophicFailure,52,2018-05-16 16:42:21,1,0,1,0
8juyc4,2018-05-16 13:35:38,14,r/CatastrophicFailure,53,2018-05-16 15:08:11,0,2,4,0
8juyc4,2018-05-16 13:35:38,14,r/CatastrophicFailure,53,2018-05-16 15:29:34,1,0,5,0
8juyc4,2018-05-16 13:35:38,14,r/CatastrophicFailure,54,2018-05-16 15:21:06,0,0,3,0
8juyc4,2018-05-16 13:35:38,14,r/CatastrophicFailure,55,2018-05-16 14:11:57,0,1,2,0
8juyc4,2018-05-16 13:35:38,14,r/CatastrophicFailure,55,2018-05-16 18:09:32,1,0,1,0
8juyc4,2018-05-16 13:35:38,14,r/CatastrophicFailure,56,2018-05-16 13:48:58,0,2,1,0
8juyc4,2018-05-16 13:35:38,14,r/CatastrophicFailure,56,2018-05-16 13:53:36,1,1,4,0
8juyc4,2018-05-16 13:35:38,14,r/CatastrophicFailure,57,2018-05-16 15:08:17,0,2,2,0
8juyc4,2018-05-16 13:35:38,14,r/CatastrophicFailure,57,2018-05-16 16:45:24,1,0,3,0
8juyc4,2018-05-16 13:35:38,14,r/CatastrophicFailure,57,2018-05-16 17:55:11,1,0,1,0
8juyc4,2018-05-16 13:35:38,14,r/CatastrophicFailure,58,2018-05-16 13:59:56,0,0,1,0
8juyc4,2018-05-16 13:35:38,14,r/CatastrophicFailure,59,2018-05-16 14:05:10,0,0,1,0
8juyc4,2018-05-16 13:35:38,14,r/CatastrophicFailure,60,2018-05-16 14:13:23,0,0,1,0
8juyc4,2018-05-16 13:35:38,14,r/CatastrophicFailure,61,2018-05-16 14:14:00,0,0,1,0
8juyc4,2018-05-16 13:35:38,14,r/CatastrophicFailure,62,2018-05-16 14:17:43,0,0,1,0
8juyc4,2018-05-16 13:35:38,14,r/CatastrophicFailure,63,2018-05-16 14:18:16,0,0,1,0
8juyc4,2018-05-16 13:35:38,14,r/CatastrophicFailure,64,2018-05-16 14:18:17,0,0,1,0
8juyc4,2018-05-16 13:35:38,14,r/CatastrophicFailure,65,2018-05-16 14:24:28,0,0,1,0
8juyc4,2018-05-16 13:35:38,14,r/CatastrophicFailure,66,2018-05-16 14:32:48,0,0,1,0
8juyc4,2018-05-16 13:35:38,14,r/CatastrophicFailure,67,2018-05-16 14:33:42,0,0,1,0
8juyc4,2018-05-16 13:35:38,14,r/CatastrophicFailure,68,2018-05-16 14:40:13,0,1,1,0
8juyc4,2018-05-16 13:35:38,14,r/CatastrophicFailure,68,2018-05-16 15:50:23,1,1,3,0
8juyc4,2018-05-16 13:35:38,14,r/CatastrophicFailure,68,2018-05-16 16:56:56,2,0,1,0
8juyc4,2018-05-16 13:35:38,14,r/CatastrophicFailure,69,2018-05-16 14:41:11,0,0,1,0
8juyc4,2018-05-16 13:35:38,14,r/CatastrophicFailure,70,2018-05-16 14:45:04,0,0,1,0
8juyc4,2018-05-16 13:35:38,14,r/CatastrophicFailure,71,2018-05-16 14:47:52,0,0,1,0
8juyc4,2018-05-16 13:35:38,14,r/CatastrophicFailure,72,2018-05-16 14:49:52,0,0,1,0
8juyc4,2018-05-16 13:35:38,14,r/CatastrophicFailure,73,2018-05-16 14:52:58,0,0,1,0
8juyc4,2018-05-16 13:35:38,14,r/CatastrophicFailure,74,2018-05-16 14:54:42,0,0,1,0
8juyc4,2018-05-16 13:35:38,14,r/CatastrophicFailure,75,2018-05-16 14:55:12,0,0,1,0
8juyc4,2018-05-16 13:35:38,14,r/CatastrophicFailure,76,2018-05-16 14:58:44,0,0,1,0
8juyc4,2018-05-16 13:35:38,14,r/CatastrophicFailure,77,2018-05-16 15:01:02,0,0,1,0
8juyc4,2018-05-16 13:35:38,14,r/CatastrophicFailure,78,2018-05-16 15:04:01,0,0,1,0
8juyc4,2018-05-16 13:35:38,14,r/CatastrophicFailure,79,2018-05-16 15:04:14,0,0,1,0
8juyc4,2018-05-16 13:35:38,14,r/CatastrophicFailure,80,2018-05-16 15:11:13,0,0,1,0
8juyc4,2018-05-16 13:35:38,14,r/CatastrophicFailure,81,2018-05-16 15:19:07,0,0,1,0
8juyc4,2018-05-16 13:35:38,14,r/CatastrophicFailure,82,2018-05-16 15:20:29,0,0,1,0
8juyc4,2018-05-16 13:35:38,14,r/CatastrophicFailure,83,2018-05-16 15:20:52,0,0,1,0
8juyc4,2018-05-16 13:35:38,14,r/CatastrophicFailure,84,2018-05-16 15:23:03,0,0,1,0
8juyc4,2018-05-16 13:35:38,14,r/CatastrophicFailure,85,2018-05-16 15:25:36,0,1,1,0
8juyc4,2018-05-16 13:35:38,14,r/CatastrophicFailure,85,2018-05-16 15:27:58,1,0,2,0
8juyc4,2018-05-16 13:35:38,14,r/CatastrophicFailure,86,2018-05-16 15:28:24,0,0,1,0
8juyc4,2018-05-16 13:35:38,14,r/CatastrophicFailure,87,2018-05-16 15:28:53,0,0,1,0
8juyc4,2018-05-16 13:35:38,14,r/CatastrophicFailure,88,2018-05-16 15:32:29,0,0,1,0
8juyc4,2018-05-16 13:35:38,14,r/CatastrophicFailure,89,2018-05-16 15:32:47,0,0,1,0
8juyc4,2018-05-16 13:35:38,14,r/CatastrophicFailure,90,2018-05-16 15:37:24,0,0,1,0
8juyc4,2018-05-16 13:35:38,14,r/CatastrophicFailure,91,2018-05-16 15:40:46,0,0,1,0
8juyc4,2018-05-16 13:35:38,14,r/CatastrophicFailure,92,2018-05-16 15:43:43,0,0,1,0
8juyc4,2018-05-16 13:35:38,14,r/CatastrophicFailure,93,2018-05-16 15:44:26,0,0,1,0
8juyc4,2018-05-16 13:35:38,14,r/CatastrophicFailure,94,2018-05-16 15:46:20,0,0,1,0
8juyc4,2018-05-16 13:35:38,14,r/CatastrophicFailure,95,2018-05-16 15:46:55,0,0,1,0
8juyc4,2018-05-16 13:35:38,14,r/CatastrophicFailure,96,2018-05-16 15:47:53,0,0,1,0
8juyc4,2018-05-16 13:35:38,14,r/CatastrophicFailure,97,2018-05-16 15:51:03,0,0,1,0
8juyc4,2018-05-16 13:35:38,14,r/CatastrophicFailure,98,2018-05-16 15:55:05,0,0,1,0
8juyc4,2018-05-16 13:35:38,14,r/CatastrophicFailure,99,2018-05-16 15:57:29,0,0,1,0
8juyc4,2018-05-16 13:35:38,14,r/CatastrophicFailure,100,2018-05-16 15:58:15,0,0,1,0
8juyc4,2018-05-16 13:35:38,14,r/CatastrophicFailure,101,2018-05-16 15:58:25,0,1,1,0
8juyc4,2018-05-16 13:35:38,14,r/CatastrophicFailure,101,2018-05-16 18:00:58,1,0,1,0
8juyc4,2018-05-16 13:35:38,14,r/CatastrophicFailure,102,2018-05-16 15:59:25,0,0,1,0
8juyc4,2018-05-16 13:35:38,14,r/CatastrophicFailure,103,2018-05-16 16:03:24,0,0,1,0
8juyc4,2018-05-16 13:35:38,14,r/CatastrophicFailure,104,2018-05-16 16:03:36,0,0,1,0
8juyc4,2018-05-16 13:35:38,14,r/CatastrophicFailure,105,2018-05-16 16:03:55,0,0,1,0
8juyc4,2018-05-16 13:35:38,14,r/CatastrophicFailure,106,2018-05-16 16:05:53,0,0,1,0
8juyc4,2018-05-16 13:35:38,14,r/CatastrophicFailure,107,2018-05-16 16:07:17,0,0,1,0
8juyc4,2018-05-16 13:35:38,14,r/CatastrophicFailure,108,2018-05-16 16:07:25,0,0,1,0
8juyc4,2018-05-16 13:35:38,14,r/CatastrophicFailure,109,2018-05-16 16:10:21,0,0,1,0
8juyc4,2018-05-16 13:35:38,14,r/CatastrophicFailure,110,2018-05-16 16:12:40,0,0,1,0
8juyc4,2018-05-16 13:35:38,14,r/CatastrophicFailure,111,2018-05-16 16:14:16,0,0,1,0
8juyc4,2018-05-16 13:35:38,14,r/CatastrophicFailure,112,2018-05-16 16:15:32,0,0,1,0
8juyc4,2018-05-16 13:35:38,14,r/CatastrophicFailure,113,2018-05-16 16:16:03,0,0,1,0
8juyc4,2018-05-16 13:35:38,14,r/CatastrophicFailure,114,2018-05-16 16:16:45,0,0,1,0
8juyc4,2018-05-16 13:35:38,14,r/CatastrophicFailure,115,2018-05-16 16:19:08,0,0,1,0
8juyc4,2018-05-16 13:35:38,14,r/CatastrophicFailure,116,2018-05-16 16:19:33,0,0,1,0
8juyc4,2018-05-16 13:35:38,14,r/CatastrophicFailure,117,2018-05-16 16:19:33,0,0,1,0
8juyc4,2018-05-16 13:35:38,14,r/CatastrophicFailure,118,2018-05-16 16:21:45,0,0,1,0
8juyc4,2018-05-16 13:35:38,14,r/CatastrophicFailure,119,2018-05-16 16:29:44,0,0,1,0
8juyc4,2018-05-16 13:35:38,14,r/CatastrophicFailure,120,2018-05-16 16:31:08,0,1,1,0
8juyc4,2018-05-16 13:35:38,14,r/CatastrophicFailure,120,2018-05-16 16:55:37,1,1,1,0
8juyc4,2018-05-16 13:35:38,14,r/CatastrophicFailure,120,2018-05-16 17:52:27,2,0,1,0
8juyc4,2018-05-16 13:35:38,14,r/CatastrophicFailure,121,2018-05-16 16:31:54,0,0,1,0
8juyc4,2018-05-16 13:35:38,14,r/CatastrophicFailure,122,2018-05-16 16:34:06,0,0,1,0
8juyc4,2018-05-16 13:35:38,14,r/CatastrophicFailure,123,2018-05-16 16:38:47,0,0,1,0
8juyc4,2018-05-16 13:35:38,14,r/CatastrophicFailure,124,2018-05-16 16:44:00,0,0,1,0
8juyc4,2018-05-16 13:35:38,14,r/CatastrophicFailure,125,2018-05-16 16:45:36,0,0,1,0
8juyc4,2018-05-16 13:35:38,14,r/CatastrophicFailure,126,2018-05-16 16:45:40,0,0,1,0
8juyc4,2018-05-16 13:35:38,14,r/CatastrophicFailure,127,2018-05-16 16:46:03,0,0,1,0
8juyc4,2018-05-16 13:35:38,14,r/CatastrophicFailure,128,2018-05-16 16:46:11,0,0,1,0
8juyc4,2018-05-16 13:35:38,14,r/CatastrophicFailure,129,2018-05-16 16:46:45,0,0,1,0
8juyc4,2018-05-16 13:35:38,14,r/CatastrophicFailure,130,2018-05-16 16:49:03,0,0,1,0
8juyc4,2018-05-16 13:35:38,14,r/CatastrophicFailure,131,2018-05-16 16:50:05,0,0,1,0
8juyc4,2018-05-16 13:35:38,14,r/CatastrophicFailure,132,2018-05-16 16:51:14,0,0,1,0
8juyc4,2018-05-16 13:35:38,14,r/CatastrophicFailure,133,2018-05-16 16:53:40,0,0,1,0
8juyc4,2018-05-16 13:35:38,14,r/CatastrophicFailure,134,2018-05-16 16:54:20,0,0,1,0
8juyc4,2018-05-16 13:35:38,14,r/CatastrophicFailure,135,2018-05-16 16:55:08,0,0,1,0
8juyc4,2018-05-16 13:35:38,14,r/CatastrophicFailure,136,2018-05-16 16:56:51,0,0,1,0
8juyc4,2018-05-16 13:35:38,14,r/CatastrophicFailure,137,2018-05-16 16:57:27,0,0,1,0
8juyc4,2018-05-16 13:35:38,14,r/CatastrophicFailure,138,2018-05-16 16:57:40,0,0,1,0
8juyc4,2018-05-16 13:35:38,14,r/CatastrophicFailure,139,2018-05-16 16:58:43,0,0,1,0
8juyc4,2018-05-16 13:35:38,14,r/CatastrophicFailure,140,2018-05-16 17:00:21,0,0,1,0
8juyc4,2018-05-16 13:35:38,14,r/CatastrophicFailure,141,2018-05-16 17:00:52,0,0,1,0
8juyc4,2018-05-16 13:35:38,14,r/CatastrophicFailure,142,2018-05-16 17:01:37,0,0,1,0
8juyc4,2018-05-16 13:35:38,14,r/CatastrophicFailure,143,2018-05-16 17:02:03,0,0,1,0
8juyc4,2018-05-16 13:35:38,14,r/CatastrophicFailure,144,2018-05-16 17:03:17,0,0,1,0
8juyc4,2018-05-16 13:35:38,14,r/CatastrophicFailure,145,2018-05-16 17:03:19,0,0,1,0
8juyc4,2018-05-16 13:35:38,14,r/CatastrophicFailure,146,2018-05-16 17:03:27,0,0,1,0
8juyc4,2018-05-16 13:35:38,14,r/CatastrophicFailure,147,2018-05-16 17:04:57,0,0,1,0
8juyc4,2018-05-16 13:35:38,14,r/CatastrophicFailure,148,2018-05-16 17:06:25,0,0,1,0
8juyc4,2018-05-16 13:35:38,14,r/CatastrophicFailure,149,2018-05-16 17:07:36,0,0,2,0
8juyc4,2018-05-16 13:35:38,14,r/CatastrophicFailure,150,2018-05-16 17:09:09,0,0,1,0
8juyc4,2018-05-16 13:35:38,14,r/CatastrophicFailure,151,2018-05-16 17:09:53,0,0,1,0
8juyc4,2018-05-16 13:35:38,14,r/CatastrophicFailure,152,2018-05-16 17:10:10,0,0,1,0
8juyc4,2018-05-16 13:35:38,14,r/CatastrophicFailure,153,2018-05-16 17:10:34,0,0,1,0
8juyc4,2018-05-16 13:35:38,14,r/CatastrophicFailure,154,2018-05-16 17:10:45,0,0,1,0
8juyc4,2018-05-16 13:35:38,14,r/CatastrophicFailure,155,2018-05-16 17:11:59,0,0,1,0
8juyc4,2018-05-16 13:35:38,14,r/CatastrophicFailure,156,2018-05-16 17:12:08,0,0,1,0
8juyc4,2018-05-16 13:35:38,14,r/CatastrophicFailure,157,2018-05-16 17:12:13,0,0,1,0
8juyc4,2018-05-16 13:35:38,14,r/CatastrophicFailure,158,2018-05-16 17:12:33,0,0,1,0
8juyc4,2018-05-16 13:35:38,14,r/CatastrophicFailure,159,2018-05-16 17:12:43,0,0,1,0
8juyc4,2018-05-16 13:35:38,14,r/CatastrophicFailure,160,2018-05-16 17:15:19,0,0,1,0
8juyc4,2018-05-16 13:35:38,14,r/CatastrophicFailure,161,2018-05-16 17:15:29,0,0,1,0
8juyc4,2018-05-16 13:35:38,14,r/CatastrophicFailure,162,2018-05-16 17:15:48,0,0,1,0
8juyc4,2018-05-16 13:35:38,14,r/CatastrophicFailure,163,2018-05-16 17:17:55,0,0,1,0
8juyc4,2018-05-16 13:35:38,14,r/CatastrophicFailure,164,2018-05-16 17:18:30,0,0,1,0
8juyc4,2018-05-16 13:35:38,14,r/CatastrophicFailure,165,2018-05-16 17:20:04,0,0,1,0
8juyc4,2018-05-16 13:35:38,14,r/CatastrophicFailure,166,2018-05-16 17:20:11,0,0,1,0
8juyc4,2018-05-16 13:35:38,14,r/CatastrophicFailure,167,2018-05-16 17:26:18,0,0,1,0
8juyc4,2018-05-16 13:35:38,14,r/CatastrophicFailure,168,2018-05-16 17:26:35,0,0,1,0
8juyc4,2018-05-16 13:35:38,14,r/CatastrophicFailure,169,2018-05-16 17:26:37,0,0,1,0
8juyc4,2018-05-16 13:35:38,14,r/CatastrophicFailure,170,2018-05-16 17:27:33,0,0,1,0
8juyc4,2018-05-16 13:35:38,14,r/CatastrophicFailure,171,2018-05-16 17:28:33,0,0,1,0
8juyc4,2018-05-16 13:35:38,14,r/CatastrophicFailure,172,2018-05-16 17:29:02,0,0,1,0
8juyc4,2018-05-16 13:35:38,14,r/CatastrophicFailure,173,2018-05-16 17:30:03,0,0,1,0
8juyc4,2018-05-16 13:35:38,14,r/CatastrophicFailure,174,2018-05-16 17:31:26,0,0,1,0
8juyc4,2018-05-16 13:35:38,14,r/CatastrophicFailure,175,2018-05-16 17:33:59,0,0,1,0
8juyc4,2018-05-16 13:35:38,14,r/CatastrophicFailure,176,2018-05-16 17:36:05,0,0,1,0
8juyc4,2018-05-16 13:35:38,14,r/CatastrophicFailure,177,2018-05-16 17:37:52,0,0,1,0
8juyc4,2018-05-16 13:35:38,14,r/CatastrophicFailure,178,2018-05-16 17:38:44,0,0,1,0
8juyc4,2018-05-16 13:35:38,14,r/CatastrophicFailure,179,2018-05-16 17:39:19,0,0,1,0
8juyc4,2018-05-16 13:35:38,14,r/CatastrophicFailure,180,2018-05-16 17:41:43,0,0,1,0
8juyc4,2018-05-16 13:35:38,14,r/CatastrophicFailure,181,2018-05-16 17:43:33,0,0,1,0
8juyc4,2018-05-16 13:35:38,14,r/CatastrophicFailure,182,2018-05-16 17:44:02,0,0,1,0
8juyc4,2018-05-16 13:35:38,14,r/CatastrophicFailure,183,2018-05-16 17:44:11,0,0,1,0
8juyc4,2018-05-16 13:35:38,14,r/CatastrophicFailure,184,2018-05-16 17:44:46,0,0,1,0
8juyc4,2018-05-16 13:35:38,14,r/CatastrophicFailure,185,2018-05-16 17:45:32,0,0,1,0
8juyc4,2018-05-16 13:35:38,14,r/CatastrophicFailure,186,2018-05-16 17:46:23,0,0,1,0
8juyc4,2018-05-16 13:35:38,14,r/CatastrophicFailure,187,2018-05-16 17:50:06,0,0,1,0
8juyc4,2018-05-16 13:35:38,14,r/CatastrophicFailure,188,2018-05-16 17:50:09,0,0,1,0
8juyc4,2018-05-16 13:35:38,14,r/CatastrophicFailure,189,2018-05-16 17:50:24,0,0,1,0
8juyc4,2018-05-16 13:35:38,14,r/CatastrophicFailure,190,2018-05-16 17:53:06,0,0,1,0
8juyc4,2018-05-16 13:35:38,14,r/CatastrophicFailure,191,2018-05-16 17:53:27,0,0,1,0
8juyc4,2018-05-16 13:35:38,14,r/CatastrophicFailure,192,2018-05-16 17:54:57,0,0,1,0
8juyc4,2018-05-16 13:35:38,14,r/CatastrophicFailure,193,2018-05-16 17:56:54,0,0,1,0
8juyc4,2018-05-16 13:35:38,14,r/CatastrophicFailure,194,2018-05-16 17:57:23,0,0,1,0
8juyc4,2018-05-16 13:35:38,14,r/CatastrophicFailure,195,2018-05-16 17:58:14,0,0,1,0
8juyc4,2018-05-16 13:35:38,14,r/CatastrophicFailure,196,2018-05-16 17:59:12,0,0,1,0
8juyc4,2018-05-16 13:35:38,14,r/CatastrophicFailure,197,2018-05-16 17:59:35,0,0,1,0
8juyc4,2018-05-16 13:35:38,14,r/CatastrophicFailure,198,2018-05-16 17:59:43,0,0,1,0
8juyc4,2018-05-16 13:35:38,14,r/CatastrophicFailure,199,2018-05-16 18:00:28,0,0,1,0
8juyc4,2018-05-16 13:35:38,14,r/CatastrophicFailure,200,2018-05-16 18:01:28,0,0,1,0
8juyc4,2018-05-16 13:35:38,14,r/CatastrophicFailure,201,2018-05-16 18:02:58,0,0,1,0
8juyc4,2018-05-16 13:35:38,14,r/CatastrophicFailure,202,2018-05-16 18:03:01,0,0,1,0
8juyc4,2018-05-16 13:35:38,14,r/CatastrophicFailure,203,2018-05-16 18:07:46,0,0,1,0
8juyc4,2018-05-16 13:35:38,14,r/CatastrophicFailure,204,2018-05-16 18:08:45,0,0,1,0
8juyc4,2018-05-16 13:35:38,14,r/CatastrophicFailure,205,2018-05-16 18:14:46,0,0,1,0
8juyc4,2018-05-16 13:35:38,14,r/CatastrophicFailure,206,2018-05-16 18:15:29,0,0,1,0
8juyc4,2018-05-16 13:35:38,14,r/CatastrophicFailure,207,2018-05-16 18:16:16,0,0,1,0
8juyc4,2018-05-16 13:35:38,14,r/CatastrophicFailure,208,2018-05-16 18:16:17,0,0,1,0
8juyc4,2018-05-16 13:35:38,14,r/CatastrophicFailure,209,2018-05-16 18:17:56,0,0,1,0
8juyc4,2018-05-16 13:35:38,14,r/CatastrophicFailure,210,2018-05-16 18:18:56,0,0,1,0
8juyc4,2018-05-16 13:35:38,14,r/CatastrophicFailure,211,2018-05-16 18:19:48,0,0,1,0
8juyc4,2018-05-16 13:35:38,14,r/CatastrophicFailure,212,2018-05-16 18:20:14,0,0,1,0
8jvujz,2018-05-16 15:32:55,15,r/tifu,0,2018-05-16 15:57:01,0,7,2212,0
8jvujz,2018-05-16 15:32:55,15,r/tifu,0,2018-05-16 16:00:33,1,7,1661,0
8jvujz,2018-05-16 15:32:55,15,r/tifu,0,2018-05-16 16:24:51,2,5,486,0
8jvujz,2018-05-16 15:32:55,15,r/tifu,0,2018-05-16 16:31:56,3,4,224,0
8jvujz,2018-05-16 15:32:55,15,r/tifu,0,2018-05-16 17:02:33,4,2,120,0
8jvujz,2018-05-16 15:32:55,15,r/tifu,0,2018-05-16 17:36:49,5,1,28,0
8jvujz,2018-05-16 15:32:55,15,r/tifu,0,2018-05-16 17:48:02,6,1,14,0
8jvujz,2018-05-16 15:32:55,15,r/tifu,0,2018-05-16 17:49:46,7,1,7,0
8jvujz,2018-05-16 15:32:55,15,r/tifu,0,2018-05-16 17:55:19,8,0,4,0
8jvujz,2018-05-16 15:32:55,15,r/tifu,0,2018-05-16 18:25:33,5,0,2,0
8jvujz,2018-05-16 15:32:55,15,r/tifu,0,2018-05-16 16:47:38,4,2,25,0
8jvujz,2018-05-16 15:32:55,15,r/tifu,0,2018-05-16 17:27:59,5,3,11,0
8jvujz,2018-05-16 15:32:55,15,r/tifu,0,2018-05-16 17:52:18,6,0,2,0
8jvujz,2018-05-16 15:32:55,15,r/tifu,0,2018-05-16 18:11:34,6,0,1,0
8jvujz,2018-05-16 15:32:55,15,r/tifu,0,2018-05-16 17:49:53,6,0,-2,0
8jvujz,2018-05-16 15:32:55,15,r/tifu,0,2018-05-16 17:56:15,5,0,3,0
8jvujz,2018-05-16 15:32:55,15,r/tifu,0,2018-05-16 17:06:55,4,0,4,0
8jvujz,2018-05-16 15:32:55,15,r/tifu,0,2018-05-16 18:26:04,4,0,1,0
8jvujz,2018-05-16 15:32:55,15,r/tifu,0,2018-05-16 17:18:55,3,0,17,0
8jvujz,2018-05-16 15:32:55,15,r/tifu,0,2018-05-16 17:06:26,3,1,7,0
8jvujz,2018-05-16 15:32:55,15,r/tifu,0,2018-05-16 17:33:39,4,2,1,0
8jvujz,2018-05-16 15:32:55,15,r/tifu,0,2018-05-16 17:45:53,5,0,2,0
8jvujz,2018-05-16 15:32:55,15,r/tifu,0,2018-05-16 17:48:31,5,1,2,0
8jvujz,2018-05-16 15:32:55,15,r/tifu,0,2018-05-16 17:52:04,6,1,4,0
8jvujz,2018-05-16 15:32:55,15,r/tifu,0,2018-05-16 18:22:08,7,0,1,0
8jvujz,2018-05-16 15:32:55,15,r/tifu,0,2018-05-16 18:06:00,3,0,1,0
8jvujz,2018-05-16 15:32:55,15,r/tifu,0,2018-05-16 18:14:32,3,0,1,0
8jvujz,2018-05-16 15:32:55,15,r/tifu,0,2018-05-16 17:44:34,2,1,17,0
8jvujz,2018-05-16 15:32:55,15,r/tifu,0,2018-05-16 17:57:52,3,1,9,0
8jvujz,2018-05-16 15:32:55,15,r/tifu,0,2018-05-16 18:01:51,4,0,4,0
8jvujz,2018-05-16 15:32:55,15,r/tifu,0,2018-05-16 16:49:43,2,1,27,0
8jvujz,2018-05-16 15:32:55,15,r/tifu,0,2018-05-16 17:03:19,3,1,20,0
8jvujz,2018-05-16 15:32:55,15,r/tifu,0,2018-05-16 17:26:49,4,0,12,0
8jvujz,2018-05-16 15:32:55,15,r/tifu,0,2018-05-16 16:59:08,2,1,6,0
8jvujz,2018-05-16 15:32:55,15,r/tifu,0,2018-05-16 18:02:42,3,0,2,0
8jvujz,2018-05-16 15:32:55,15,r/tifu,0,2018-05-16 17:16:38,2,0,4,0
8jvujz,2018-05-16 15:32:55,15,r/tifu,0,2018-05-16 17:56:12,2,1,2,0
8jvujz,2018-05-16 15:32:55,15,r/tifu,0,2018-05-16 18:08:38,3,0,1,0
8jvujz,2018-05-16 15:32:55,15,r/tifu,0,2018-05-16 18:11:37,2,0,1,0
8jvujz,2018-05-16 15:32:55,15,r/tifu,0,2018-05-16 16:25:48,1,1,49,0
8jvujz,2018-05-16 15:32:55,15,r/tifu,0,2018-05-16 16:38:11,2,1,23,0
8jvujz,2018-05-16 15:32:55,15,r/tifu,0,2018-05-16 17:09:53,3,0,7,0
8jvujz,2018-05-16 15:32:55,15,r/tifu,0,2018-05-16 16:31:53,1,1,26,0
8jvujz,2018-05-16 15:32:55,15,r/tifu,0,2018-05-16 16:46:45,2,4,20,0
8jvujz,2018-05-16 15:32:55,15,r/tifu,0,2018-05-16 16:50:06,3,1,15,0
8jvujz,2018-05-16 15:32:55,15,r/tifu,0,2018-05-16 16:57:06,4,0,2,0
8jvujz,2018-05-16 15:32:55,15,r/tifu,0,2018-05-16 17:37:34,3,0,1,0
8jvujz,2018-05-16 15:32:55,15,r/tifu,0,2018-05-16 17:39:20,3,0,1,0
8jvujz,2018-05-16 15:32:55,15,r/tifu,0,2018-05-16 18:01:44,3,0,1,0
8jvujz,2018-05-16 15:32:55,15,r/tifu,0,2018-05-16 16:34:18,1,3,19,0
8jvujz,2018-05-16 15:32:55,15,r/tifu,0,2018-05-16 16:49:49,2,1,16,0
8jvujz,2018-05-16 15:32:55,15,r/tifu,0,2018-05-16 17:06:21,3,1,8,0
8jvujz,2018-05-16 15:32:55,15,r/tifu,0,2018-05-16 17:23:16,4,0,4,0
8jvujz,2018-05-16 15:32:55,15,r/tifu,0,2018-05-16 17:23:22,2,3,3,0
8jvujz,2018-05-16 15:32:55,15,r/tifu,0,2018-05-16 17:36:39,3,1,8,0
8jvujz,2018-05-16 15:32:55,15,r/tifu,0,2018-05-16 17:46:10,4,0,1,0
8jvujz,2018-05-16 15:32:55,15,r/tifu,0,2018-05-16 17:34:10,3,0,3,0
8jvujz,2018-05-16 15:32:55,15,r/tifu,0,2018-05-16 17:41:50,3,0,1,0
8jvujz,2018-05-16 15:32:55,15,r/tifu,0,2018-05-16 17:38:09,2,1,3,0
8jvujz,2018-05-16 15:32:55,15,r/tifu,0,2018-05-16 17:44:45,3,0,1,0
8jvujz,2018-05-16 15:32:55,15,r/tifu,0,2018-05-16 16:16:58,1,0,7,0
8jvujz,2018-05-16 15:32:55,15,r/tifu,0,2018-05-16 16:38:19,1,1,7,0
8jvujz,2018-05-16 15:32:55,15,r/tifu,0,2018-05-16 17:21:10,2,0,1,0
8jvujz,2018-05-16 15:32:55,15,r/tifu,0,2018-05-16 17:09:39,1,0,2,0
8jvujz,2018-05-16 15:32:55,15,r/tifu,1,2018-05-16 16:29:37,0,2,559,0
8jvujz,2018-05-16 15:32:55,15,r/tifu,1,2018-05-16 17:58:27,1,3,132,0
8jvujz,2018-05-16 15:32:55,15,r/tifu,1,2018-05-16 18:14:40,2,0,20,0
8jvujz,2018-05-16 15:32:55,15,r/tifu,1,2018-05-16 18:26:06,2,0,2,0
8jvujz,2018-05-16 15:32:55,15,r/tifu,1,2018-05-16 18:29:59,2,0,1,0
8jvujz,2018-05-16 15:32:55,15,r/tifu,1,2018-05-16 18:25:07,1,0,2,0
8jvujz,2018-05-16 15:32:55,15,r/tifu,2,2018-05-16 16:03:42,0,4,967,0
8jvujz,2018-05-16 15:32:55,15,r/tifu,2,2018-05-16 16:04:47,1,1,544,0
8jvujz,2018-05-16 15:32:55,15,r/tifu,2,2018-05-16 16:22:04,2,7,88,0
8jvujz,2018-05-16 15:32:55,15,r/tifu,2,2018-05-16 16:29:47,3,2,54,0
8jvujz,2018-05-16 15:32:55,15,r/tifu,2,2018-05-16 16:45:22,4,1,31,0
8jvujz,2018-05-16 15:32:55,15,r/tifu,2,2018-05-16 17:08:01,5,0,-9,0
8jvujz,2018-05-16 15:32:55,15,r/tifu,2,2018-05-16 17:14:37,4,0,2,0
8jvujz,2018-05-16 15:32:55,15,r/tifu,2,2018-05-16 16:38:36,3,1,17,0
8jvujz,2018-05-16 15:32:55,15,r/tifu,2,2018-05-16 16:45:10,4,0,10,0
8jvujz,2018-05-16 15:32:55,15,r/tifu,2,2018-05-16 16:35:59,3,0,3,0
8jvujz,2018-05-16 15:32:55,15,r/tifu,2,2018-05-16 16:40:38,3,0,3,0
8jvujz,2018-05-16 15:32:55,15,r/tifu,2,2018-05-16 17:00:43,3,1,3,0
8jvujz,2018-05-16 15:32:55,15,r/tifu,2,2018-05-16 17:07:14,4,0,1,0
8jvujz,2018-05-16 15:32:55,15,r/tifu,2,2018-05-16 17:26:07,3,0,1,0
8jvujz,2018-05-16 15:32:55,15,r/tifu,2,2018-05-16 17:39:50,3,1,1,0
8jvujz,2018-05-16 15:32:55,15,r/tifu,2,2018-05-16 17:56:42,4,0,1,0
8jvujz,2018-05-16 15:32:55,15,r/tifu,2,2018-05-16 16:39:01,1,0,11,0
8jvujz,2018-05-16 15:32:55,15,r/tifu,2,2018-05-16 18:03:39,1,0,5,0
8jvujz,2018-05-16 15:32:55,15,r/tifu,2,2018-05-16 17:54:47,1,0,2,0
8jvujz,2018-05-16 15:32:55,15,r/tifu,3,2018-05-16 16:20:22,0,7,313,0
8jvujz,2018-05-16 15:32:55,15,r/tifu,3,2018-05-16 16:25:00,1,2,150,0
8jvujz,2018-05-16 15:32:55,15,r/tifu,3,2018-05-16 16:27:04,2,3,122,0
8jvujz,2018-05-16 15:32:55,15,r/tifu,3,2018-05-16 16:58:33,3,2,45,0
8jvujz,2018-05-16 15:32:55,15,r/tifu,3,2018-05-16 17:09:09,4,0,24,0
8jvujz,2018-05-16 15:32:55,15,r/tifu,3,2018-05-16 17:42:39,4,1,20,0
8jvujz,2018-05-16 15:32:55,15,r/tifu,3,2018-05-16 18:19:49,5,0,3,0
8jvujz,2018-05-16 15:32:55,15,r/tifu,3,2018-05-16 17:03:04,3,2,27,0
8jvujz,2018-05-16 15:32:55,15,r/tifu,3,2018-05-16 17:08:56,4,1,47,0
8jvujz,2018-05-16 15:32:55,15,r/tifu,3,2018-05-16 17:32:33,5,0,34,0
8jvujz,2018-05-16 15:32:55,15,r/tifu,3,2018-05-16 17:09:12,4,1,25,0
8jvujz,2018-05-16 15:32:55,15,r/tifu,3,2018-05-16 17:17:25,5,5,26,0
8jvujz,2018-05-16 15:32:55,15,r/tifu,3,2018-05-16 17:32:59,6,0,8,0
8jvujz,2018-05-16 15:32:55,15,r/tifu,3,2018-05-16 17:46:55,6,0,3,0
8jvujz,2018-05-16 15:32:55,15,r/tifu,3,2018-05-16 18:02:02,6,0,1,0
8jvujz,2018-05-16 15:32:55,15,r/tifu,3,2018-05-16 18:15:10,6,0,1,0
8jvujz,2018-05-16 15:32:55,15,r/tifu,3,2018-05-16 18:17:24,6,1,1,0
8jvujz,2018-05-16 15:32:55,15,r/tifu,3,2018-05-16 18:25:12,7,1,2,0
8jvujz,2018-05-16 15:32:55,15,r/tifu,3,2018-05-16 18:26:50,8,0,1,0
8jvujz,2018-05-16 15:32:55,15,r/tifu,3,2018-05-16 18:04:40,3,1,1,0
8jvujz,2018-05-16 15:32:55,15,r/tifu,3,2018-05-16 18:16:48,4,0,1,0
8jvujz,2018-05-16 15:32:55,15,r/tifu,3,2018-05-16 18:24:10,2,0,1,0
8jvujz,2018-05-16 15:32:55,15,r/tifu,3,2018-05-16 17:38:05,1,0,10,0
8jvujz,2018-05-16 15:32:55,15,r/tifu,3,2018-05-16 17:44:58,1,0,4,0
8jvujz,2018-05-16 15:32:55,15,r/tifu,3,2018-05-16 18:15:23,1,0,2,0
8jvujz,2018-05-16 15:32:55,15,r/tifu,3,2018-05-16 17:48:37,1,0,1,0
8jvujz,2018-05-16 15:32:55,15,r/tifu,3,2018-05-16 17:49:33,1,0,1,0
8jvujz,2018-05-16 15:32:55,15,r/tifu,3,2018-05-16 17:54:29,1,0,1,0
8jvujz,2018-05-16 15:32:55,15,r/tifu,4,2018-05-16 16:19:14,0,2,73,0
8jvujz,2018-05-16 15:32:55,15,r/tifu,4,2018-05-16 16:53:09,1,3,39,0
8jvujz,2018-05-16 15:32:55,15,r/tifu,4,2018-05-16 17:09:21,2,1,30,0
8jvujz,2018-05-16 15:32:55,15,r/tifu,4,2018-05-16 17:35:52,3,0,7,0
8jvujz,2018-05-16 15:32:55,15,r/tifu,4,2018-05-16 17:40:57,2,2,1,0
8jvujz,2018-05-16 15:32:55,15,r/tifu,4,2018-05-16 17:44:56,3,1,1,0
8jvujz,2018-05-16 15:32:55,15,r/tifu,4,2018-05-16 17:46:26,4,0,1,0
8jvujz,2018-05-16 15:32:55,15,r/tifu,4,2018-05-16 18:19:33,3,0,1,0
8jvujz,2018-05-16 15:32:55,15,r/tifu,4,2018-05-16 17:38:58,2,0,0,0
8jvujz,2018-05-16 15:32:55,15,r/tifu,4,2018-05-16 18:00:22,1,0,1,0
8jvujz,2018-05-16 15:32:55,15,r/tifu,5,2018-05-16 16:08:26,0,1,95,0
8jvujz,2018-05-16 15:32:55,15,r/tifu,5,2018-05-16 17:41:26,1,1,21,0
8jvujz,2018-05-16 15:32:55,15,r/tifu,5,2018-05-16 17:43:46,2,0,4,0
8jvujz,2018-05-16 15:32:55,15,r/tifu,6,2018-05-16 15:38:55,0,3,356,0
8jvujz,2018-05-16 15:32:55,15,r/tifu,6,2018-05-16 16:34:29,1,0,78,0
8jvujz,2018-05-16 15:32:55,15,r/tifu,6,2018-05-16 15:48:49,1,2,154,0
8jvujz,2018-05-16 15:32:55,15,r/tifu,6,2018-05-16 17:09:58,2,1,28,0
8jvujz,2018-05-16 15:32:55,15,r/tifu,6,2018-05-16 18:16:28,3,0,1,0
8jvujz,2018-05-16 15:32:55,15,r/tifu,6,2018-05-16 18:05:03,2,0,4,0
8jvujz,2018-05-16 15:32:55,15,r/tifu,6,2018-05-16 18:17:01,1,0,1,0
8jvujz,2018-05-16 15:32:55,15,r/tifu,7,2018-05-16 16:31:26,0,2,64,0
8jvujz,2018-05-16 15:32:55,15,r/tifu,7,2018-05-16 18:13:24,1,0,14,0
8jvujz,2018-05-16 15:32:55,15,r/tifu,7,2018-05-16 18:19:35,1,0,2,0
8jvujz,2018-05-16 15:32:55,15,r/tifu,8,2018-05-16 15:47:41,0,1,113,0
8jvujz,2018-05-16 15:32:55,15,r/tifu,8,2018-05-16 15:49:35,1,3,81,0
8jvujz,2018-05-16 15:32:55,15,r/tifu,8,2018-05-16 16:53:20,2,1,18,0
8jvujz,2018-05-16 15:32:55,15,r/tifu,8,2018-05-16 17:25:28,3,0,6,0
8jvujz,2018-05-16 15:32:55,15,r/tifu,8,2018-05-16 16:31:12,2,3,25,0
8jvujz,2018-05-16 15:32:55,15,r/tifu,8,2018-05-16 16:54:31,3,0,9,0
8jvujz,2018-05-16 15:32:55,15,r/tifu,8,2018-05-16 18:06:11,3,1,1,0
8jvujz,2018-05-16 15:32:55,15,r/tifu,8,2018-05-16 18:15:18,4,0,1,0
8jvujz,2018-05-16 15:32:55,15,r/tifu,8,2018-05-16 17:08:57,3,0,2,0
8jvujz,2018-05-16 15:32:55,15,r/tifu,8,2018-05-16 17:30:02,2,0,2,0
8jvujz,2018-05-16 15:32:55,15,r/tifu,9,2018-05-16 16:15:18,0,2,49,0
8jvujz,2018-05-16 15:32:55,15,r/tifu,9,2018-05-16 16:50:46,1,1,45,0
8jvujz,2018-05-16 15:32:55,15,r/tifu,9,2018-05-16 17:09:56,2,0,23,0
8jvujz,2018-05-16 15:32:55,15,r/tifu,9,2018-05-16 16:36:59,1,1,21,0
8jvujz,2018-05-16 15:32:55,15,r/tifu,9,2018-05-16 16:51:03,2,1,61,0
8jvujz,2018-05-16 15:32:55,15,r/tifu,9,2018-05-16 16:52:36,3,0,21,0
8jvujz,2018-05-16 15:32:55,15,r/tifu,10,2018-05-16 16:07:38,0,0,37,0
8jvujz,2018-05-16 15:32:55,15,r/tifu,11,2018-05-16 16:20:38,0,2,31,0
8jvujz,2018-05-16 15:32:55,15,r/tifu,11,2018-05-16 16:27:14,1,2,21,0
8jvujz,2018-05-16 15:32:55,15,r/tifu,11,2018-05-16 16:40:29,2,3,8,0
8jvujz,2018-05-16 15:32:55,15,r/tifu,11,2018-05-16 16:44:13,3,0,4,0
8jvujz,2018-05-16 15:32:55,15,r/tifu,11,2018-05-16 17:40:15,3,0,2,0
8jvujz,2018-05-16 15:32:55,15,r/tifu,11,2018-05-16 17:45:49,3,0,1,0
8jvujz,2018-05-16 15:32:55,15,r/tifu,11,2018-05-16 16:58:47,2,0,2,0
8jvujz,2018-05-16 15:32:55,15,r/tifu,11,2018-05-16 18:27:00,1,0,1,0
8jvujz,2018-05-16 15:32:55,15,r/tifu,12,2018-05-16 16:25:27,0,2,28,0
8jvujz,2018-05-16 15:32:55,15,r/tifu,12,2018-05-16 16:29:24,1,0,22,0
8jvujz,2018-05-16 15:32:55,15,r/tifu,12,2018-05-16 17:19:24,1,0,2,0
8jvujz,2018-05-16 15:32:55,15,r/tifu,13,2018-05-16 16:09:57,0,3,79,0
8jvujz,2018-05-16 15:32:55,15,r/tifu,13,2018-05-16 16:40:15,1,4,64,0
8jvujz,2018-05-16 15:32:55,15,r/tifu,13,2018-05-16 16:47:23,2,1,92,0
8jvujz,2018-05-16 15:32:55,15,r/tifu,13,2018-05-16 16:55:04,3,0,35,0
8jvujz,2018-05-16 15:32:55,15,r/tifu,13,2018-05-16 16:52:13,2,1,21,0
8jvujz,2018-05-16 15:32:55,15,r/tifu,13,2018-05-16 17:41:48,3,0,9,0
8jvujz,2018-05-16 15:32:55,15,r/tifu,13,2018-05-16 17:42:54,2,0,3,0
8jvujz,2018-05-16 15:32:55,15,r/tifu,13,2018-05-16 18:16:46,2,0,1,0
8jvujz,2018-05-16 15:32:55,15,r/tifu,13,2018-05-16 16:39:25,1,0,21,0
8jvujz,2018-05-16 15:32:55,15,r/tifu,13,2018-05-16 16:31:00,1,0,22,0
8jvujz,2018-05-16 15:32:55,15,r/tifu,14,2018-05-16 16:31:37,0,2,10,0
8jvujz,2018-05-16 15:32:55,15,r/tifu,14,2018-05-16 18:16:59,1,0,1,0
8jvujz,2018-05-16 15:32:55,15,r/tifu,14,2018-05-16 18:29:17,1,0,1,0
8jvujz,2018-05-16 15:32:55,15,r/tifu,15,2018-05-16 16:36:51,0,0,9,0
8jvujz,2018-05-16 15:32:55,15,r/tifu,16,2018-05-16 16:17:30,0,1,9,0
8jvujz,2018-05-16 15:32:55,15,r/tifu,16,2018-05-16 17:55:20,1,0,1,0
8jvujz,2018-05-16 15:32:55,15,r/tifu,17,2018-05-16 16:31:56,0,4,17,0
8jvujz,2018-05-16 15:32:55,15,r/tifu,17,2018-05-16 17:11:11,1,0,2,0
8jvujz,2018-05-16 15:32:55,15,r/tifu,17,2018-05-16 17:17:05,1,0,1,0
8jvujz,2018-05-16 15:32:55,15,r/tifu,17,2018-05-16 18:08:54,1,0,1,0
8jvujz,2018-05-16 15:32:55,15,r/tifu,17,2018-05-16 18:10:01,1,0,1,0
8jvujz,2018-05-16 15:32:55,15,r/tifu,18,2018-05-16 16:44:24,0,1,18,0
8jvujz,2018-05-16 15:32:55,15,r/tifu,18,2018-05-16 16:55:23,1,0,6,0
8jvujz,2018-05-16 15:32:55,15,r/tifu,19,2018-05-16 16:37:30,0,1,7,0
8jvujz,2018-05-16 15:32:55,15,r/tifu,19,2018-05-16 17:10:41,1,2,1,0
8jvujz,2018-05-16 15:32:55,15,r/tifu,19,2018-05-16 17:31:21,2,2,1,0
8jvujz,2018-05-16 15:32:55,15,r/tifu,19,2018-05-16 17:57:16,3,0,1,0
8jvujz,2018-05-16 15:32:55,15,r/tifu,19,2018-05-16 18:26:02,3,0,1,0
8jvujz,2018-05-16 15:32:55,15,r/tifu,19,2018-05-16 17:54:11,2,0,0,0
8jvujz,2018-05-16 15:32:55,15,r/tifu,20,2018-05-16 16:17:31,0,0,5,0
8jvujz,2018-05-16 15:32:55,15,r/tifu,21,2018-05-16 16:47:27,0,1,4,0
8jvujz,2018-05-16 15:32:55,15,r/tifu,21,2018-05-16 16:51:25,1,1,4,0
8jvujz,2018-05-16 15:32:55,15,r/tifu,21,2018-05-16 16:53:43,2,0,3,0
8jvujz,2018-05-16 15:32:55,15,r/tifu,22,2018-05-16 16:51:30,0,0,6,0
8jvujz,2018-05-16 15:32:55,15,r/tifu,23,2018-05-16 16:09:33,0,0,5,0
8jvujz,2018-05-16 15:32:55,15,r/tifu,24,2018-05-16 16:31:35,0,0,4,0
8jvujz,2018-05-16 15:32:55,15,r/tifu,25,2018-05-16 18:04:58,0,0,4,0
8jvujz,2018-05-16 15:32:55,15,r/tifu,26,2018-05-16 15:50:25,0,0,7,0
8jvujz,2018-05-16 15:32:55,15,r/tifu,27,2018-05-16 16:15:22,0,0,3,0
8jvujz,2018-05-16 15:32:55,15,r/tifu,28,2018-05-16 16:20:30,0,1,3,0
8jvujz,2018-05-16 15:32:55,15,r/tifu,28,2018-05-16 16:33:52,1,1,6,0
8jvujz,2018-05-16 15:32:55,15,r/tifu,28,2018-05-16 16:43:19,2,1,3,0
8jvujz,2018-05-16 15:32:55,15,r/tifu,28,2018-05-16 16:56:00,3,1,1,0
8jvujz,2018-05-16 15:32:55,15,r/tifu,28,2018-05-16 17:22:27,4,0,1,0
8jvujz,2018-05-16 15:32:55,15,r/tifu,29,2018-05-16 16:33:16,0,0,3,0
8jvujz,2018-05-16 15:32:55,15,r/tifu,30,2018-05-16 16:37:40,0,0,3,0
8jvujz,2018-05-16 15:32:55,15,r/tifu,31,2018-05-16 16:40:54,0,0,3,0
8jvujz,2018-05-16 15:32:55,15,r/tifu,32,2018-05-16 16:41:26,0,0,3,0
8jvujz,2018-05-16 15:32:55,15,r/tifu,33,2018-05-16 16:42:39,0,0,3,0
8jvujz,2018-05-16 15:32:55,15,r/tifu,34,2018-05-16 16:50:31,0,0,3,0
8jvujz,2018-05-16 15:32:55,15,r/tifu,35,2018-05-16 16:59:59,0,1,3,0
8jvujz,2018-05-16 15:32:55,15,r/tifu,35,2018-05-16 17:02:26,1,0,2,0
8jvujz,2018-05-16 15:32:55,15,r/tifu,36,2018-05-16 17:04:34,0,1,3,0
8jvujz,2018-05-16 15:32:55,15,r/tifu,36,2018-05-16 17:08:13,1,0,2,0
8jvujz,2018-05-16 15:32:55,15,r/tifu,37,2018-05-16 17:41:07,0,0,2,0
8jvujz,2018-05-16 15:32:55,15,r/tifu,38,2018-05-16 18:07:17,0,0,3,0
8jvujz,2018-05-16 15:32:55,15,r/tifu,39,2018-05-16 16:04:05,0,1,9,0
8jvujz,2018-05-16 15:32:55,15,r/tifu,39,2018-05-16 16:06:10,1,1,15,0
8jvujz,2018-05-16 15:32:55,15,r/tifu,39,2018-05-16 16:06:27,2,0,2,0
8jvujz,2018-05-16 15:32:55,15,r/tifu,40,2018-05-16 16:52:43,0,0,3,0
8jvujz,2018-05-16 15:32:55,15,r/tifu,41,2018-05-16 16:25:43,0,0,2,0
8jvujz,2018-05-16 15:32:55,15,r/tifu,42,2018-05-16 16:26:57,0,1,2,0
8jvujz,2018-05-16 15:32:55,15,r/tifu,42,2018-05-16 16:33:30,1,1,5,0
8jvujz,2018-05-16 15:32:55,15,r/tifu,42,2018-05-16 18:10:47,2,0,1,0
8jvujz,2018-05-16 15:32:55,15,r/tifu,43,2018-05-16 16:42:19,0,0,2,0
8jvujz,2018-05-16 15:32:55,15,r/tifu,44,2018-05-16 16:46:38,0,0,2,0
8jvujz,2018-05-16 15:32:55,15,r/tifu,45,2018-05-16 17:06:25,0,0,2,0
8jvujz,2018-05-16 15:32:55,15,r/tifu,46,2018-05-16 17:06:25,0,1,2,0
8jvujz,2018-05-16 15:32:55,15,r/tifu,46,2018-05-16 17:21:34,1,1,1,0
8jvujz,2018-05-16 15:32:55,15,r/tifu,46,2018-05-16 17:46:20,2,0,1,0
8jvujz,2018-05-16 15:32:55,15,r/tifu,47,2018-05-16 17:07:58,0,0,2,0
8jvujz,2018-05-16 15:32:55,15,r/tifu,48,2018-05-16 17:12:59,0,0,2,0
8jvujz,2018-05-16 15:32:55,15,r/tifu,49,2018-05-16 17:14:13,0,0,2,0
8jvujz,2018-05-16 15:32:55,15,r/tifu,50,2018-05-16 17:15:37,0,0,2,0
8jvujz,2018-05-16 15:32:55,15,r/tifu,51,2018-05-16 17:17:16,0,0,2,0
8jvujz,2018-05-16 15:32:55,15,r/tifu,52,2018-05-16 17:19:42,0,1,2,0
8jvujz,2018-05-16 15:32:55,15,r/tifu,52,2018-05-16 17:24:06,1,0,2,0
8jvujz,2018-05-16 15:32:55,15,r/tifu,53,2018-05-16 17:19:59,0,0,2,0
8jvujz,2018-05-16 15:32:55,15,r/tifu,54,2018-05-16 17:22:27,0,0,2,0
8jvujz,2018-05-16 15:32:55,15,r/tifu,55,2018-05-16 17:23:07,0,0,2,0
8jvujz,2018-05-16 15:32:55,15,r/tifu,56,2018-05-16 17:23:59,0,0,2,0
8jvujz,2018-05-16 15:32:55,15,r/tifu,57,2018-05-16 17:26:42,0,0,2,0
8jvujz,2018-05-16 15:32:55,15,r/tifu,58,2018-05-16 17:31:40,0,0,2,0
8jvujz,2018-05-16 15:32:55,15,r/tifu,59,2018-05-16 17:39:27,0,0,2,0
8jvujz,2018-05-16 15:32:55,15,r/tifu,60,2018-05-16 17:45:11,0,0,2,0
8jvujz,2018-05-16 15:32:55,15,r/tifu,61,2018-05-16 17:50:10,0,0,2,0
8jvujz,2018-05-16 15:32:55,15,r/tifu,62,2018-05-16 17:59:04,0,0,2,0
8jvujz,2018-05-16 15:32:55,15,r/tifu,63,2018-05-16 18:00:49,0,0,2,0
8jvujz,2018-05-16 15:32:55,15,r/tifu,64,2018-05-16 16:33:28,0,0,3,0
8jvujz,2018-05-16 15:32:55,15,r/tifu,65,2018-05-16 16:22:43,0,0,2,0
8jvujz,2018-05-16 15:32:55,15,r/tifu,66,2018-05-16 16:45:11,0,0,2,0
8jvujz,2018-05-16 15:32:55,15,r/tifu,67,2018-05-16 17:46:10,0,0,2,0
8jvujz,2018-05-16 15:32:55,15,r/tifu,68,2018-05-16 16:52:05,0,0,1,0
8jvujz,2018-05-16 15:32:55,15,r/tifu,69,2018-05-16 16:55:03,0,0,1,0
8jvujz,2018-05-16 15:32:55,15,r/tifu,70,2018-05-16 16:56:31,0,0,1,0
8jvujz,2018-05-16 15:32:55,15,r/tifu,71,2018-05-16 16:59:08,0,0,1,0
8jvujz,2018-05-16 15:32:55,15,r/tifu,72,2018-05-16 17:08:51,0,0,1,0
8jvujz,2018-05-16 15:32:55,15,r/tifu,73,2018-05-16 17:10:07,0,0,1,0
8jvujz,2018-05-16 15:32:55,15,r/tifu,74,2018-05-16 17:11:52,0,0,1,0
8jvujz,2018-05-16 15:32:55,15,r/tifu,75,2018-05-16 17:14:13,0,0,1,0
8jvujz,2018-05-16 15:32:55,15,r/tifu,76,2018-05-16 17:18:50,0,1,1,0
8jvujz,2018-05-16 15:32:55,15,r/tifu,76,2018-05-16 18:22:22,1,0,1,0
8jvujz,2018-05-16 15:32:55,15,r/tifu,77,2018-05-16 17:19:16,0,0,1,0
8jvujz,2018-05-16 15:32:55,15,r/tifu,78,2018-05-16 17:19:20,0,0,1,0
8jvujz,2018-05-16 15:32:55,15,r/tifu,79,2018-05-16 17:20:02,0,0,1,0
8jvujz,2018-05-16 15:32:55,15,r/tifu,80,2018-05-16 17:20:31,0,0,1,0
8jvujz,2018-05-16 15:32:55,15,r/tifu,81,2018-05-16 17:22:07,0,0,1,0
8jvujz,2018-05-16 15:32:55,15,r/tifu,82,2018-05-16 17:25:46,0,0,1,0
8jvujz,2018-05-16 15:32:55,15,r/tifu,83,2018-05-16 17:27:51,0,0,1,0
8jvujz,2018-05-16 15:32:55,15,r/tifu,84,2018-05-16 17:34:07,0,0,1,0
8jvujz,2018-05-16 15:32:55,15,r/tifu,85,2018-05-16 17:36:08,0,0,1,0
8jvujz,2018-05-16 15:32:55,15,r/tifu,86,2018-05-16 17:36:36,0,0,1,0
8jvujz,2018-05-16 15:32:55,15,r/tifu,87,2018-05-16 17:39:01,0,0,1,0
8jvujz,2018-05-16 15:32:55,15,r/tifu,88,2018-05-16 17:39:10,0,0,1,0
8jvujz,2018-05-16 15:32:55,15,r/tifu,89,2018-05-16 17:42:08,0,0,1,0
8jvujz,2018-05-16 15:32:55,15,r/tifu,90,2018-05-16 17:44:58,0,0,1,0
8jvujz,2018-05-16 15:32:55,15,r/tifu,91,2018-05-16 17:46:23,0,0,1,0
8jvujz,2018-05-16 15:32:55,15,r/tifu,92,2018-05-16 17:47:39,0,0,1,0
8jvujz,2018-05-16 15:32:55,15,r/tifu,93,2018-05-16 17:48:49,0,0,1,0
8jvujz,2018-05-16 15:32:55,15,r/tifu,94,2018-05-16 17:49:06,0,0,1,0
8jvujz,2018-05-16 15:32:55,15,r/tifu,95,2018-05-16 17:51:14,0,1,1,0
8jvujz,2018-05-16 15:32:55,15,r/tifu,95,2018-05-16 18:00:43,1,1,3,0
8jvujz,2018-05-16 15:32:55,15,r/tifu,95,2018-05-16 18:07:52,2,0,1,0
8jvujz,2018-05-16 15:32:55,15,r/tifu,96,2018-05-16 17:51:39,0,0,1,0
8jvujz,2018-05-16 15:32:55,15,r/tifu,97,2018-05-16 17:55:55,0,0,1,0
8jvujz,2018-05-16 15:32:55,15,r/tifu,98,2018-05-16 17:56:41,0,0,1,0
8jvujz,2018-05-16 15:32:55,15,r/tifu,99,2018-05-16 17:57:13,0,0,1,0
8jvujz,2018-05-16 15:32:55,15,r/tifu,100,2018-05-16 17:57:49,0,0,1,0
8jvujz,2018-05-16 15:32:55,15,r/tifu,101,2018-05-16 17:58:42,0,0,1,0
8jvujz,2018-05-16 15:32:55,15,r/tifu,102,2018-05-16 18:01:43,0,0,1,0
8jvujz,2018-05-16 15:32:55,15,r/tifu,103,2018-05-16 18:04:01,0,0,1,0
8jvujz,2018-05-16 15:32:55,15,r/tifu,104,2018-05-16 18:07:34,0,0,1,0
8jvujz,2018-05-16 15:32:55,15,r/tifu,105,2018-05-16 18:10:10,0,0,1,0
8jvujz,2018-05-16 15:32:55,15,r/tifu,106,2018-05-16 18:10:37,0,0,2,0
8jvujz,2018-05-16 15:32:55,15,r/tifu,107,2018-05-16 18:10:45,0,0,1,0
8jvujz,2018-05-16 15:32:55,15,r/tifu,108,2018-05-16 18:14:11,0,0,1,0
8jvujz,2018-05-16 15:32:55,15,r/tifu,109,2018-05-16 18:16:05,0,0,1,0
8jvujz,2018-05-16 15:32:55,15,r/tifu,110,2018-05-16 18:16:21,0,0,0,0
8jvujz,2018-05-16 15:32:55,15,r/tifu,111,2018-05-16 18:18:30,0,0,0,0
8jvujz,2018-05-16 15:32:55,15,r/tifu,112,2018-05-16 18:21:14,0,1,1,0
8jvujz,2018-05-16 15:32:55,15,r/tifu,112,2018-05-16 18:26:54,1,0,1,0
8jvujz,2018-05-16 15:32:55,15,r/tifu,113,2018-05-16 18:21:20,0,0,1,0
8jvujz,2018-05-16 15:32:55,15,r/tifu,114,2018-05-16 18:24:34,0,0,1,0
8jvujz,2018-05-16 15:32:55,15,r/tifu,115,2018-05-16 18:26:57,0,0,1,0
8jvujz,2018-05-16 15:32:55,15,r/tifu,116,2018-05-16 18:27:01,0,0,1,0
8jvujz,2018-05-16 15:32:55,15,r/tifu,117,2018-05-16 18:28:43,0,0,1,0
8jvujz,2018-05-16 15:32:55,15,r/tifu,118,2018-05-16 18:28:44,0,0,1,0
8jvujz,2018-05-16 15:32:55,15,r/tifu,119,2018-05-16 18:29:03,0,0,1,0
8jvujz,2018-05-16 15:32:55,15,r/tifu,120,2018-05-16 18:29:43,0,0,1,0
8jvujz,2018-05-16 15:32:55,15,r/tifu,121,2018-05-16 17:24:31,0,0,1,0
8jvujz,2018-05-16 15:32:55,15,r/tifu,122,2018-05-16 16:29:51,0,0,-2,0
8jvujz,2018-05-16 15:32:55,15,r/tifu,123,2018-05-16 16:10:07,0,3,-5,0
8jvujz,2018-05-16 15:32:55,15,r/tifu,123,2018-05-16 16:19:48,1,1,3,0
8jvujz,2018-05-16 15:32:55,15,r/tifu,123,2018-05-16 16:40:48,2,0,1,0
8jvujz,2018-05-16 15:32:55,15,r/tifu,123,2018-05-16 16:26:39,1,0,5,0
8jvujz,2018-05-16 15:32:55,15,r/tifu,123,2018-05-16 16:19:37,1,0,1,0
8jvujz,2018-05-16 15:32:55,15,r/tifu,124,2018-05-16 17:51:27,0,0,-2,0
8jvujz,2018-05-16 15:32:55,15,r/tifu,125,2018-05-16 16:55:33,0,0,0,0
8jvujz,2018-05-16 15:32:55,15,r/tifu,126,2018-05-16 17:00:25,0,0,0,0
8jvujz,2018-05-16 15:32:55,15,r/tifu,127,2018-05-16 17:04:06,0,0,0,0
8jvujz,2018-05-16 15:32:55,15,r/tifu,128,2018-05-16 17:22:53,0,0,0,0
8jvujz,2018-05-16 15:32:55,15,r/tifu,129,2018-05-16 17:43:13,0,0,-2,0
8jvujz,2018-05-16 15:32:55,15,r/tifu,130,2018-05-16 16:50:19,0,1,-10,0
8jvujz,2018-05-16 15:32:55,15,r/tifu,130,2018-05-16 16:51:11,1,2,10,0
8jvujz,2018-05-16 15:32:55,15,r/tifu,130,2018-05-16 17:44:55,2,0,1,0
8jvujz,2018-05-16 15:32:55,15,r/tifu,130,2018-05-16 16:51:33,2,1,-7,0
8jvujz,2018-05-16 15:32:55,15,r/tifu,130,2018-05-16 16:59:05,3,1,5,0
8jvujz,2018-05-16 15:32:55,15,r/tifu,130,2018-05-16 16:59:51,4,1,-6,0
8jvujz,2018-05-16 15:32:55,15,r/tifu,130,2018-05-16 17:39:52,5,1,2,0
8jvujz,2018-05-16 15:32:55,15,r/tifu,130,2018-05-16 17:41:21,6,1,-2,0
8jvujz,2018-05-16 15:32:55,15,r/tifu,130,2018-05-16 17:45:44,7,1,2,0
8jvujz,2018-05-16 15:32:55,15,r/tifu,130,2018-05-16 17:56:26,8,0,-1,0
8junfo,2018-05-16 12:50:19,16,r/photoshopbattles,0,2018-05-16 14:21:24,0,5,1137,0
8junfo,2018-05-16 12:50:19,16,r/photoshopbattles,0,2018-05-16 14:40:14,1,2,794,0
8junfo,2018-05-16 12:50:19,16,r/photoshopbattles,0,2018-05-16 15:01:38,2,6,330,0
8junfo,2018-05-16 12:50:19,16,r/photoshopbattles,0,2018-05-16 15:38:22,3,1,93,0
8junfo,2018-05-16 12:50:19,16,r/photoshopbattles,0,2018-05-16 16:58:39,4,1,38,0
8junfo,2018-05-16 12:50:19,16,r/photoshopbattles,0,2018-05-16 17:03:24,5,1,11,0
8junfo,2018-05-16 12:50:19,16,r/photoshopbattles,0,2018-05-16 17:33:06,6,1,7,0
8junfo,2018-05-16 12:50:19,16,r/photoshopbattles,0,2018-05-16 17:42:15,7,1,7,0
8junfo,2018-05-16 12:50:19,16,r/photoshopbattles,0,2018-05-16 18:15:35,8,0,1,0
8junfo,2018-05-16 12:50:19,16,r/photoshopbattles,0,2018-05-16 15:59:53,3,2,37,0
8junfo,2018-05-16 12:50:19,16,r/photoshopbattles,0,2018-05-16 16:01:43,4,2,19,0
8junfo,2018-05-16 12:50:19,16,r/photoshopbattles,0,2018-05-16 16:30:47,5,1,14,0
8junfo,2018-05-16 12:50:19,16,r/photoshopbattles,0,2018-05-16 18:16:42,6,0,1,0
8junfo,2018-05-16 12:50:19,16,r/photoshopbattles,0,2018-05-16 17:19:41,5,0,3,0
8junfo,2018-05-16 12:50:19,16,r/photoshopbattles,0,2018-05-16 17:23:45,4,1,3,0
8junfo,2018-05-16 12:50:19,16,r/photoshopbattles,0,2018-05-16 18:10:20,5,1,1,0
8junfo,2018-05-16 12:50:19,16,r/photoshopbattles,0,2018-05-16 18:16:11,6,0,2,0
8junfo,2018-05-16 12:50:19,16,r/photoshopbattles,0,2018-05-16 18:05:22,3,0,5,0
8junfo,2018-05-16 12:50:19,16,r/photoshopbattles,0,2018-05-16 16:45:53,3,0,4,0
8junfo,2018-05-16 12:50:19,16,r/photoshopbattles,0,2018-05-16 17:53:42,3,0,1,0
8junfo,2018-05-16 12:50:19,16,r/photoshopbattles,0,2018-05-16 16:37:21,3,0,0,0
8junfo,2018-05-16 12:50:19,16,r/photoshopbattles,0,2018-05-16 16:47:24,2,0,1,0
8junfo,2018-05-16 12:50:19,16,r/photoshopbattles,0,2018-05-16 15:45:07,1,1,17,0
8junfo,2018-05-16 12:50:19,16,r/photoshopbattles,0,2018-05-16 15:59:07,2,0,9,0
8junfo,2018-05-16 12:50:19,16,r/photoshopbattles,0,2018-05-16 16:08:26,1,2,16,0
8junfo,2018-05-16 12:50:19,16,r/photoshopbattles,0,2018-05-16 16:15:58,2,0,8,0
8junfo,2018-05-16 12:50:19,16,r/photoshopbattles,0,2018-05-16 16:25:41,2,0,7,0
8junfo,2018-05-16 12:50:19,16,r/photoshopbattles,0,2018-05-16 15:28:50,1,1,10,0
8junfo,2018-05-16 12:50:19,16,r/photoshopbattles,0,2018-05-16 16:31:12,2,0,3,0
8junfo,2018-05-16 12:50:19,16,r/photoshopbattles,0,2018-05-16 16:50:26,1,0,1,0
8junfo,2018-05-16 12:50:19,16,r/photoshopbattles,1,2018-05-16 14:45:51,0,4,461,0
8junfo,2018-05-16 12:50:19,16,r/photoshopbattles,1,2018-05-16 15:17:07,1,2,9,0
8junfo,2018-05-16 12:50:19,16,r/photoshopbattles,1,2018-05-16 15:54:12,2,0,9,0
8junfo,2018-05-16 12:50:19,16,r/photoshopbattles,1,2018-05-16 17:43:34,2,0,1,0
8junfo,2018-05-16 12:50:19,16,r/photoshopbattles,1,2018-05-16 17:29:00,1,1,4,0
8junfo,2018-05-16 12:50:19,16,r/photoshopbattles,1,2018-05-16 18:03:16,2,0,4,0
8junfo,2018-05-16 12:50:19,16,r/photoshopbattles,1,2018-05-16 16:43:45,1,1,2,0
8junfo,2018-05-16 12:50:19,16,r/photoshopbattles,1,2018-05-16 18:20:00,2,0,1,0
8junfo,2018-05-16 12:50:19,16,r/photoshopbattles,1,2018-05-16 16:49:05,1,0,2,0
8junfo,2018-05-16 12:50:19,16,r/photoshopbattles,2,2018-05-16 15:17:59,0,3,543,0
8junfo,2018-05-16 12:50:19,16,r/photoshopbattles,2,2018-05-16 15:57:32,1,1,35,0
8junfo,2018-05-16 12:50:19,16,r/photoshopbattles,2,2018-05-16 17:00:28,2,0,12,0
8junfo,2018-05-16 12:50:19,16,r/photoshopbattles,2,2018-05-16 16:29:17,1,0,14,0
8junfo,2018-05-16 12:50:19,16,r/photoshopbattles,2,2018-05-16 17:22:45,1,0,3,0
8junfo,2018-05-16 12:50:19,16,r/photoshopbattles,3,2018-05-16 14:31:08,0,2,305,0
8junfo,2018-05-16 12:50:19,16,r/photoshopbattles,3,2018-05-16 15:07:32,1,2,19,0
8junfo,2018-05-16 12:50:19,16,r/photoshopbattles,3,2018-05-16 15:07:47,2,1,57,0
8junfo,2018-05-16 12:50:19,16,r/photoshopbattles,3,2018-05-16 15:20:16,3,2,19,0
8junfo,2018-05-16 12:50:19,16,r/photoshopbattles,3,2018-05-16 15:33:58,4,1,9,0
8junfo,2018-05-16 12:50:19,16,r/photoshopbattles,3,2018-05-16 18:01:19,5,1,1,0
8junfo,2018-05-16 12:50:19,16,r/photoshopbattles,3,2018-05-16 18:23:10,6,0,1,0
8junfo,2018-05-16 12:50:19,16,r/photoshopbattles,3,2018-05-16 18:08:30,4,0,1,0
8junfo,2018-05-16 12:50:19,16,r/photoshopbattles,3,2018-05-16 17:37:57,2,0,2,0
8junfo,2018-05-16 12:50:19,16,r/photoshopbattles,3,2018-05-16 15:24:32,1,0,5,0
8junfo,2018-05-16 12:50:19,16,r/photoshopbattles,4,2018-05-16 14:21:27,0,5,191,0
8junfo,2018-05-16 12:50:19,16,r/photoshopbattles,4,2018-05-16 15:00:01,1,2,131,0
8junfo,2018-05-16 12:50:19,16,r/photoshopbattles,4,2018-05-16 15:10:31,2,2,48,0
8junfo,2018-05-16 12:50:19,16,r/photoshopbattles,4,2018-05-16 16:27:44,3,1,17,0
8junfo,2018-05-16 12:50:19,16,r/photoshopbattles,4,2018-05-16 16:36:33,4,1,5,0
8junfo,2018-05-16 12:50:19,16,r/photoshopbattles,4,2018-05-16 18:17:06,5,0,1,0
8junfo,2018-05-16 12:50:19,16,r/photoshopbattles,4,2018-05-16 16:51:23,3,0,-23,0
8junfo,2018-05-16 12:50:19,16,r/photoshopbattles,4,2018-05-16 15:52:17,2,0,9,0
8junfo,2018-05-16 12:50:19,16,r/photoshopbattles,4,2018-05-16 15:13:02,1,1,26,0
8junfo,2018-05-16 12:50:19,16,r/photoshopbattles,4,2018-05-16 16:57:00,2,0,6,0
8junfo,2018-05-16 12:50:19,16,r/photoshopbattles,4,2018-05-16 15:39:05,1,1,12,0
8junfo,2018-05-16 12:50:19,16,r/photoshopbattles,4,2018-05-16 17:43:21,2,0,2,0
8junfo,2018-05-16 12:50:19,16,r/photoshopbattles,4,2018-05-16 16:00:23,1,0,8,0
8junfo,2018-05-16 12:50:19,16,r/photoshopbattles,4,2018-05-16 16:31:19,1,0,1,0
8junfo,2018-05-16 12:50:19,16,r/photoshopbattles,5,2018-05-16 15:38:56,0,1,111,0
8junfo,2018-05-16 12:50:19,16,r/photoshopbattles,5,2018-05-16 16:36:17,1,0,10,0
8junfo,2018-05-16 12:50:19,16,r/photoshopbattles,6,2018-05-16 17:19:28,0,0,27,0
8junfo,2018-05-16 12:50:19,16,r/photoshopbattles,7,2018-05-16 15:55:07,0,2,52,0
8junfo,2018-05-16 12:50:19,16,r/photoshopbattles,7,2018-05-16 16:10:48,1,2,7,0
8junfo,2018-05-16 12:50:19,16,r/photoshopbattles,7,2018-05-16 16:16:41,2,1,9,0
8junfo,2018-05-16 12:50:19,16,r/photoshopbattles,7,2018-05-16 16:57:02,3,0,2,0
8junfo,2018-05-16 12:50:19,16,r/photoshopbattles,7,2018-05-16 16:23:13,2,1,1,0
8junfo,2018-05-16 12:50:19,16,r/photoshopbattles,7,2018-05-16 16:32:09,3,1,1,0
8junfo,2018-05-16 12:50:19,16,r/photoshopbattles,7,2018-05-16 16:33:51,4,1,1,0
8junfo,2018-05-16 12:50:19,16,r/photoshopbattles,7,2018-05-16 16:34:44,5,1,1,0
8junfo,2018-05-16 12:50:19,16,r/photoshopbattles,7,2018-05-16 16:35:25,6,1,1,0
8junfo,2018-05-16 12:50:19,16,r/photoshopbattles,7,2018-05-16 16:38:53,7,0,2,0
8junfo,2018-05-16 12:50:19,16,r/photoshopbattles,7,2018-05-16 16:19:55,1,0,2,0
8junfo,2018-05-16 12:50:19,16,r/photoshopbattles,8,2018-05-16 16:13:31,0,0,46,0
8junfo,2018-05-16 12:50:19,16,r/photoshopbattles,9,2018-05-16 16:54:22,0,0,23,0
8junfo,2018-05-16 12:50:19,16,r/photoshopbattles,10,2018-05-16 18:13:34,0,0,3,0
8junfo,2018-05-16 12:50:19,16,r/photoshopbattles,11,2018-05-16 12:53:15,0,1,1,0
8junfo,2018-05-16 12:50:19,16,r/photoshopbattles,11,2018-05-16 12:53:18,1,6,3,0
8junfo,2018-05-16 12:50:19,16,r/photoshopbattles,11,2018-05-16 14:54:13,2,2,11,0
8junfo,2018-05-16 12:50:19,16,r/photoshopbattles,11,2018-05-16 16:09:37,3,1,3,0
8junfo,2018-05-16 12:50:19,16,r/photoshopbattles,11,2018-05-16 17:51:28,4,0,1,0
8junfo,2018-05-16 12:50:19,16,r/photoshopbattles,11,2018-05-16 16:22:30,3,0,2,0
8junfo,2018-05-16 12:50:19,16,r/photoshopbattles,11,2018-05-16 15:16:42,2,0,11,0
8junfo,2018-05-16 12:50:19,16,r/photoshopbattles,11,2018-05-16 15:52:21,2,0,5,0
8junfo,2018-05-16 12:50:19,16,r/photoshopbattles,11,2018-05-16 16:10:33,2,0,2,0
8junfo,2018-05-16 12:50:19,16,r/photoshopbattles,11,2018-05-16 17:26:47,2,0,2,0
8junfo,2018-05-16 12:50:19,16,r/photoshopbattles,11,2018-05-16 14:30:48,2,1,3,0
8junfo,2018-05-16 12:50:19,16,r/photoshopbattles,11,2018-05-16 15:09:00,3,0,4,0
8jufjl,2018-05-16 12:15:15,17,r/MadeMeSmile,0,2018-05-16 12:33:18,0,23,4311,0
8jufjl,2018-05-16 12:15:15,17,r/MadeMeSmile,0,2018-05-16 12:59:23,1,1,1959,0
8jufjl,2018-05-16 12:15:15,17,r/MadeMeSmile,0,2018-05-16 14:30:17,2,1,466,0
8jufjl,2018-05-16 12:15:15,17,r/MadeMeSmile,0,2018-05-16 15:22:11,3,1,287,0
8jufjl,2018-05-16 12:15:15,17,r/MadeMeSmile,0,2018-05-16 16:02:22,4,1,135,0
8jufjl,2018-05-16 12:15:15,17,r/MadeMeSmile,0,2018-05-16 16:11:06,5,1,111,0
8jufjl,2018-05-16 12:15:15,17,r/MadeMeSmile,0,2018-05-16 16:13:21,6,2,105,0
8jufjl,2018-05-16 12:15:15,17,r/MadeMeSmile,0,2018-05-16 16:14:18,7,1,99,0
8jufjl,2018-05-16 12:15:15,17,r/MadeMeSmile,0,2018-05-16 16:17:50,8,1,83,0
8jufjl,2018-05-16 12:15:15,17,r/MadeMeSmile,0,2018-05-16 16:19:54,9,1,70,0
8jufjl,2018-05-16 12:15:15,17,r/MadeMeSmile,0,2018-05-16 16:16:35,7,3,47,0
8jufjl,2018-05-16 12:15:15,17,r/MadeMeSmile,0,2018-05-16 17:36:34,8,0,7,0
8jufjl,2018-05-16 12:15:15,17,r/MadeMeSmile,0,2018-05-16 17:29:14,8,0,4,0
8jufjl,2018-05-16 12:15:15,17,r/MadeMeSmile,0,2018-05-16 17:23:37,8,0,5,0
8jufjl,2018-05-16 12:15:15,17,r/MadeMeSmile,0,2018-05-16 13:20:01,1,2,286,0
8jufjl,2018-05-16 12:15:15,17,r/MadeMeSmile,0,2018-05-16 14:38:30,2,4,318,0
8jufjl,2018-05-16 12:15:15,17,r/MadeMeSmile,0,2018-05-16 14:53:24,3,1,155,0
8jufjl,2018-05-16 12:15:15,17,r/MadeMeSmile,0,2018-05-16 17:10:40,4,0,34,0
8jufjl,2018-05-16 12:15:15,17,r/MadeMeSmile,0,2018-05-16 16:06:48,3,0,31,0
8jufjl,2018-05-16 12:15:15,17,r/MadeMeSmile,0,2018-05-16 16:38:00,3,1,27,0
8jufjl,2018-05-16 12:15:15,17,r/MadeMeSmile,0,2018-05-16 16:59:34,4,0,22,0
8jufjl,2018-05-16 12:15:15,17,r/MadeMeSmile,0,2018-05-16 17:08:56,3,0,1,0
8jufjl,2018-05-16 12:15:15,17,r/MadeMeSmile,0,2018-05-16 17:12:57,2,0,6,0
8jufjl,2018-05-16 12:15:15,17,r/MadeMeSmile,0,2018-05-16 14:20:45,1,2,97,0
8jufjl,2018-05-16 12:15:15,17,r/MadeMeSmile,0,2018-05-16 15:22:26,2,2,21,0
8jufjl,2018-05-16 12:15:15,17,r/MadeMeSmile,0,2018-05-16 17:19:42,3,0,4,0
8jufjl,2018-05-16 12:15:15,17,r/MadeMeSmile,0,2018-05-16 18:22:09,3,0,0,0
8jufjl,2018-05-16 12:15:15,17,r/MadeMeSmile,0,2018-05-16 15:30:35,2,1,5,0
8jufjl,2018-05-16 12:15:15,17,r/MadeMeSmile,0,2018-05-16 16:01:10,3,0,2,0
8jufjl,2018-05-16 12:15:15,17,r/MadeMeSmile,0,2018-05-16 15:08:27,1,8,347,0
8jufjl,2018-05-16 12:15:15,17,r/MadeMeSmile,0,2018-05-16 16:00:09,2,4,66,0
8jufjl,2018-05-16 12:15:15,17,r/MadeMeSmile,0,2018-05-16 16:49:18,3,0,24,0
8jufjl,2018-05-16 12:15:15,17,r/MadeMeSmile,0,2018-05-16 17:12:55,3,3,16,0
8jufjl,2018-05-16 12:15:15,17,r/MadeMeSmile,0,2018-05-16 17:22:16,4,1,22,0
8jufjl,2018-05-16 12:15:15,17,r/MadeMeSmile,0,2018-05-16 17:38:31,5,2,15,0
8jufjl,2018-05-16 12:15:15,17,r/MadeMeSmile,0,2018-05-16 18:09:35,6,0,5,0
8jufjl,2018-05-16 12:15:15,17,r/MadeMeSmile,0,2018-05-16 18:09:20,6,0,1,0
8jufjl,2018-05-16 12:15:15,17,r/MadeMeSmile,0,2018-05-16 17:17:33,4,1,9,0
8jufjl,2018-05-16 12:15:15,17,r/MadeMeSmile,0,2018-05-16 17:40:06,5,0,5,0
8jufjl,2018-05-16 12:15:15,17,r/MadeMeSmile,0,2018-05-16 18:02:56,4,0,1,0
8jufjl,2018-05-16 12:15:15,17,r/MadeMeSmile,0,2018-05-16 17:57:43,3,1,2,0
8jufjl,2018-05-16 12:15:15,17,r/MadeMeSmile,0,2018-05-16 18:21:55,4,0,1,0
8jufjl,2018-05-16 12:15:15,17,r/MadeMeSmile,0,2018-05-16 16:59:33,3,0,-5,0
8jufjl,2018-05-16 12:15:15,17,r/MadeMeSmile,0,2018-05-16 16:00:31,2,0,18,0
8jufjl,2018-05-16 12:15:15,17,r/MadeMeSmile,0,2018-05-16 16:47:41,2,0,12,0
8jufjl,2018-05-16 12:15:15,17,r/MadeMeSmile,0,2018-05-16 16:42:04,2,1,18,0
8jufjl,2018-05-16 12:15:15,17,r/MadeMeSmile,0,2018-05-16 17:20:26,3,1,4,0
8jufjl,2018-05-16 12:15:15,17,r/MadeMeSmile,0,2018-05-16 17:25:15,4,0,3,0
8jufjl,2018-05-16 12:15:15,17,r/MadeMeSmile,0,2018-05-16 16:52:22,2,1,9,0
8jufjl,2018-05-16 12:15:15,17,r/MadeMeSmile,0,2018-05-16 17:37:23,3,0,3,0
8jufjl,2018-05-16 12:15:15,17,r/MadeMeSmile,0,2018-05-16 17:30:54,2,0,3,0
8jufjl,2018-05-16 12:15:15,17,r/MadeMeSmile,0,2018-05-16 17:42:18,2,0,3,0
8jufjl,2018-05-16 12:15:15,17,r/MadeMeSmile,0,2018-05-16 17:55:10,2,0,2,0
8jufjl,2018-05-16 12:15:15,17,r/MadeMeSmile,0,2018-05-16 15:02:06,1,1,62,0
8jufjl,2018-05-16 12:15:15,17,r/MadeMeSmile,0,2018-05-16 15:34:32,2,0,34,0
8jufjl,2018-05-16 12:15:15,17,r/MadeMeSmile,0,2018-05-16 17:11:44,1,1,27,0
8jufjl,2018-05-16 12:15:15,17,r/MadeMeSmile,0,2018-05-16 18:03:54,2,0,2,0
8jufjl,2018-05-16 12:15:15,17,r/MadeMeSmile,0,2018-05-16 15:45:59,1,1,47,0
8jufjl,2018-05-16 12:15:15,17,r/MadeMeSmile,0,2018-05-16 17:22:44,2,1,-10,0
8jufjl,2018-05-16 12:15:15,17,r/MadeMeSmile,0,2018-05-16 17:23:05,3,1,16,0
8jufjl,2018-05-16 12:15:15,17,r/MadeMeSmile,0,2018-05-16 18:02:32,4,0,0,0
8jufjl,2018-05-16 12:15:15,17,r/MadeMeSmile,0,2018-05-16 16:31:33,1,2,16,0
8jufjl,2018-05-16 12:15:15,17,r/MadeMeSmile,0,2018-05-16 17:37:16,2,1,6,0
8jufjl,2018-05-16 12:15:15,17,r/MadeMeSmile,0,2018-05-16 17:45:55,3,0,6,0
8jufjl,2018-05-16 12:15:15,17,r/MadeMeSmile,0,2018-05-16 18:09:12,2,0,1,0
8jufjl,2018-05-16 12:15:15,17,r/MadeMeSmile,0,2018-05-16 16:00:47,1,0,9,0
8jufjl,2018-05-16 12:15:15,17,r/MadeMeSmile,0,2018-05-16 16:29:29,1,0,3,0
8jufjl,2018-05-16 12:15:15,17,r/MadeMeSmile,0,2018-05-16 16:59:39,1,0,3,0
8jufjl,2018-05-16 12:15:15,17,r/MadeMeSmile,0,2018-05-16 16:36:28,1,0,2,0
8jufjl,2018-05-16 12:15:15,17,r/MadeMeSmile,0,2018-05-16 17:10:43,1,0,2,0
8jufjl,2018-05-16 12:15:15,17,r/MadeMeSmile,0,2018-05-16 17:37:42,1,0,2,0
8jufjl,2018-05-16 12:15:15,17,r/MadeMeSmile,0,2018-05-16 17:54:41,1,0,2,0
8jufjl,2018-05-16 12:15:15,17,r/MadeMeSmile,0,2018-05-16 16:34:36,1,0,1,0
8jufjl,2018-05-16 12:15:15,17,r/MadeMeSmile,0,2018-05-16 18:04:08,1,0,1,0
8jufjl,2018-05-16 12:15:15,17,r/MadeMeSmile,0,2018-05-16 18:19:46,1,0,1,0
8jufjl,2018-05-16 12:15:15,17,r/MadeMeSmile,0,2018-05-16 18:23:29,1,0,1,0
8jufjl,2018-05-16 12:15:15,17,r/MadeMeSmile,0,2018-05-16 18:24:11,1,0,1,0
8jufjl,2018-05-16 12:15:15,17,r/MadeMeSmile,0,2018-05-16 16:32:04,1,0,1,0
8jufjl,2018-05-16 12:15:15,17,r/MadeMeSmile,0,2018-05-16 16:19:45,1,0,0,0
8jufjl,2018-05-16 12:15:15,17,r/MadeMeSmile,0,2018-05-16 17:08:50,1,1,-10,0
8jufjl,2018-05-16 12:15:15,17,r/MadeMeSmile,0,2018-05-16 17:17:27,2,1,8,0
8jufjl,2018-05-16 12:15:15,17,r/MadeMeSmile,0,2018-05-16 17:18:01,3,0,4,0
8jufjl,2018-05-16 12:15:15,17,r/MadeMeSmile,1,2018-05-16 15:57:01,0,3,503,0
8jufjl,2018-05-16 12:15:15,17,r/MadeMeSmile,1,2018-05-16 16:28:04,1,0,52,0
8jufjl,2018-05-16 12:15:15,17,r/MadeMeSmile,1,2018-05-16 17:36:55,1,0,47,0
8jufjl,2018-05-16 12:15:15,17,r/MadeMeSmile,1,2018-05-16 18:05:14,1,0,17,0
8jufjl,2018-05-16 12:15:15,17,r/MadeMeSmile,2,2018-05-16 15:27:36,0,3,1196,0
8jufjl,2018-05-16 12:15:15,17,r/MadeMeSmile,2,2018-05-16 15:40:48,1,2,214,0
8jufjl,2018-05-16 12:15:15,17,r/MadeMeSmile,2,2018-05-16 17:33:31,2,1,27,0
8jufjl,2018-05-16 12:15:15,17,r/MadeMeSmile,2,2018-05-16 18:11:48,3,0,5,0
8jufjl,2018-05-16 12:15:15,17,r/MadeMeSmile,2,2018-05-16 16:37:43,2,1,-11,0
8jufjl,2018-05-16 12:15:15,17,r/MadeMeSmile,2,2018-05-16 16:41:06,3,0,8,0
8jufjl,2018-05-16 12:15:15,17,r/MadeMeSmile,2,2018-05-16 16:42:20,1,1,37,0
8jufjl,2018-05-16 12:15:15,17,r/MadeMeSmile,2,2018-05-16 16:54:03,2,1,31,0
8jufjl,2018-05-16 12:15:15,17,r/MadeMeSmile,2,2018-05-16 17:17:49,3,3,13,0
8jufjl,2018-05-16 12:15:15,17,r/MadeMeSmile,2,2018-05-16 17:44:15,4,0,2,0
8jufjl,2018-05-16 12:15:15,17,r/MadeMeSmile,2,2018-05-16 17:47:12,4,0,2,0
8jufjl,2018-05-16 12:15:15,17,r/MadeMeSmile,2,2018-05-16 18:08:34,4,0,2,0
8jufjl,2018-05-16 12:15:15,17,r/MadeMeSmile,2,2018-05-16 17:24:04,1,0,7,0
8jufjl,2018-05-16 12:15:15,17,r/MadeMeSmile,3,2018-05-16 15:26:46,0,2,1209,0
8jufjl,2018-05-16 12:15:15,17,r/MadeMeSmile,3,2018-05-16 15:30:00,1,5,492,0
8jufjl,2018-05-16 12:15:15,17,r/MadeMeSmile,3,2018-05-16 15:40:46,2,0,142,0
8jufjl,2018-05-16 12:15:15,17,r/MadeMeSmile,3,2018-05-16 16:25:53,2,0,33,0
8jufjl,2018-05-16 12:15:15,17,r/MadeMeSmile,3,2018-05-16 17:29:52,2,0,12,0
8jufjl,2018-05-16 12:15:15,17,r/MadeMeSmile,3,2018-05-16 17:22:09,2,0,5,0
8jufjl,2018-05-16 12:15:15,17,r/MadeMeSmile,3,2018-05-16 18:25:04,2,0,1,0
8jufjl,2018-05-16 12:15:15,17,r/MadeMeSmile,3,2018-05-16 17:17:19,1,0,2,0
8jufjl,2018-05-16 12:15:15,17,r/MadeMeSmile,4,2018-05-16 13:43:25,0,1,306,0
8jufjl,2018-05-16 12:15:15,17,r/MadeMeSmile,4,2018-05-16 15:48:24,1,2,112,0
8jufjl,2018-05-16 12:15:15,17,r/MadeMeSmile,4,2018-05-16 16:20:17,2,0,49,0
8jufjl,2018-05-16 12:15:15,17,r/MadeMeSmile,4,2018-05-16 17:24:18,2,1,7,0
8jufjl,2018-05-16 12:15:15,17,r/MadeMeSmile,4,2018-05-16 17:37:08,3,2,9,0
8jufjl,2018-05-16 12:15:15,17,r/MadeMeSmile,4,2018-05-16 18:04:39,4,0,2,0
8jufjl,2018-05-16 12:15:15,17,r/MadeMeSmile,4,2018-05-16 18:10:18,4,0,1,0
8jufjl,2018-05-16 12:15:15,17,r/MadeMeSmile,5,2018-05-16 14:36:28,0,0,158,0
8jufjl,2018-05-16 12:15:15,17,r/MadeMeSmile,6,2018-05-16 15:30:53,0,0,65,0
8jufjl,2018-05-16 12:15:15,17,r/MadeMeSmile,7,2018-05-16 16:20:54,0,1,55,0
8jufjl,2018-05-16 12:15:15,17,r/MadeMeSmile,7,2018-05-16 16:52:43,1,3,32,0
8jufjl,2018-05-16 12:15:15,17,r/MadeMeSmile,7,2018-05-16 17:32:12,2,1,13,0
8jufjl,2018-05-16 12:15:15,17,r/MadeMeSmile,7,2018-05-16 18:17:00,3,0,1,0
8jufjl,2018-05-16 12:15:15,17,r/MadeMeSmile,7,2018-05-16 17:34:01,2,0,7,0
8jufjl,2018-05-16 12:15:15,17,r/MadeMeSmile,7,2018-05-16 18:28:07,2,0,1,0
8jufjl,2018-05-16 12:15:15,17,r/MadeMeSmile,8,2018-05-16 16:31:29,0,1,61,0
8jufjl,2018-05-16 12:15:15,17,r/MadeMeSmile,8,2018-05-16 16:47:03,1,4,-44,0
8jufjl,2018-05-16 12:15:15,17,r/MadeMeSmile,8,2018-05-16 16:58:42,2,3,23,0
8jufjl,2018-05-16 12:15:15,17,r/MadeMeSmile,8,2018-05-16 17:39:42,3,0,8,0
8jufjl,2018-05-16 12:15:15,17,r/MadeMeSmile,8,2018-05-16 17:33:23,3,0,3,0
8jufjl,2018-05-16 12:15:15,17,r/MadeMeSmile,8,2018-05-16 17:01:31,3,1,-8,0
8jufjl,2018-05-16 12:15:15,17,r/MadeMeSmile,8,2018-05-16 17:05:04,4,0,15,0
8jufjl,2018-05-16 12:15:15,17,r/MadeMeSmile,8,2018-05-16 16:55:53,2,0,40,0
8jufjl,2018-05-16 12:15:15,17,r/MadeMeSmile,8,2018-05-16 17:00:09,2,1,14,0
8jufjl,2018-05-16 12:15:15,17,r/MadeMeSmile,8,2018-05-16 17:01:01,3,1,-39,0
8jufjl,2018-05-16 12:15:15,17,r/MadeMeSmile,8,2018-05-16 17:01:21,4,0,28,0
8jufjl,2018-05-16 12:15:15,17,r/MadeMeSmile,8,2018-05-16 16:55:09,2,1,-14,0
8jufjl,2018-05-16 12:15:15,17,r/MadeMeSmile,8,2018-05-16 17:00:57,3,1,10,0
8jufjl,2018-05-16 12:15:15,17,r/MadeMeSmile,8,2018-05-16 17:03:34,4,1,-8,0
8jufjl,2018-05-16 12:15:15,17,r/MadeMeSmile,8,2018-05-16 17:05:30,5,1,3,0
8jufjl,2018-05-16 12:15:15,17,r/MadeMeSmile,8,2018-05-16 17:40:01,6,2,1,0
8jufjl,2018-05-16 12:15:15,17,r/MadeMeSmile,8,2018-05-16 17:43:59,7,2,3,0
8jufjl,2018-05-16 12:15:15,17,r/MadeMeSmile,8,2018-05-16 17:58:01,8,0,2,0
8jufjl,2018-05-16 12:15:15,17,r/MadeMeSmile,8,2018-05-16 17:49:01,8,1,0,0
8jufjl,2018-05-16 12:15:15,17,r/MadeMeSmile,8,2018-05-16 17:50:50,9,1,3,0
8jufjl,2018-05-16 12:15:15,17,r/MadeMeSmile,8,2018-05-16 17:55:14,7,0,1,0
8jufjl,2018-05-16 12:15:15,17,r/MadeMeSmile,9,2018-05-16 15:55:41,0,2,87,0
8jufjl,2018-05-16 12:15:15,17,r/MadeMeSmile,9,2018-05-16 16:41:18,1,1,15,0
8jufjl,2018-05-16 12:15:15,17,r/MadeMeSmile,9,2018-05-16 17:27:40,2,0,4,0
8jufjl,2018-05-16 12:15:15,17,r/MadeMeSmile,9,2018-05-16 16:49:57,1,2,-4,0
8jufjl,2018-05-16 12:15:15,17,r/MadeMeSmile,9,2018-05-16 17:24:00,2,0,5,0
8jufjl,2018-05-16 12:15:15,17,r/MadeMeSmile,9,2018-05-16 17:24:32,2,0,1,0
8jufjl,2018-05-16 12:15:15,17,r/MadeMeSmile,10,2018-05-16 15:42:28,0,2,48,0
8jufjl,2018-05-16 12:15:15,17,r/MadeMeSmile,10,2018-05-16 16:28:42,1,0,12,0
8jufjl,2018-05-16 12:15:15,17,r/MadeMeSmile,10,2018-05-16 17:14:40,1,0,3,0
8jufjl,2018-05-16 12:15:15,17,r/MadeMeSmile,11,2018-05-16 15:49:46,0,2,17,0
8jufjl,2018-05-16 12:15:15,17,r/MadeMeSmile,11,2018-05-16 17:16:16,1,0,7,0
8jufjl,2018-05-16 12:15:15,17,r/MadeMeSmile,11,2018-05-16 17:23:20,1,0,3,0
8jufjl,2018-05-16 12:15:15,17,r/MadeMeSmile,12,2018-05-16 16:24:36,0,0,16,0
8jufjl,2018-05-16 12:15:15,17,r/MadeMeSmile,13,2018-05-16 15:40:08,0,1,63,0
8jufjl,2018-05-16 12:15:15,17,r/MadeMeSmile,13,2018-05-16 16:01:59,1,0,38,0
8jufjl,2018-05-16 12:15:15,17,r/MadeMeSmile,14,2018-05-16 16:46:08,0,0,11,0
8jufjl,2018-05-16 12:15:15,17,r/MadeMeSmile,15,2018-05-16 15:14:36,0,10,113,0
8jufjl,2018-05-16 12:15:15,17,r/MadeMeSmile,15,2018-05-16 15:32:48,1,0,49,0
8jufjl,2018-05-16 12:15:15,17,r/MadeMeSmile,15,2018-05-16 15:45:03,1,3,45,0
8jufjl,2018-05-16 12:15:15,17,r/MadeMeSmile,15,2018-05-16 15:46:22,2,2,19,0
8jufjl,2018-05-16 12:15:15,17,r/MadeMeSmile,15,2018-05-16 15:58:46,3,3,29,0
8jufjl,2018-05-16 12:15:15,17,r/MadeMeSmile,15,2018-05-16 17:03:30,4,0,8,0
8jufjl,2018-05-16 12:15:15,17,r/MadeMeSmile,15,2018-05-16 15:59:48,4,0,1,0
8jufjl,2018-05-16 12:15:15,17,r/MadeMeSmile,15,2018-05-16 17:13:27,4,1,-1,0
8jufjl,2018-05-16 12:15:15,17,r/MadeMeSmile,15,2018-05-16 17:15:44,5,1,4,0
8jufjl,2018-05-16 12:15:15,17,r/MadeMeSmile,15,2018-05-16 17:37:52,6,0,3,0
8jufjl,2018-05-16 12:15:15,17,r/MadeMeSmile,15,2018-05-16 18:08:04,3,0,1,0
8jufjl,2018-05-16 12:15:15,17,r/MadeMeSmile,15,2018-05-16 17:16:40,2,0,2,0
8jufjl,2018-05-16 12:15:15,17,r/MadeMeSmile,15,2018-05-16 17:32:12,2,0,1,0
8jufjl,2018-05-16 12:15:15,17,r/MadeMeSmile,15,2018-05-16 17:28:50,1,0,4,0
8jufjl,2018-05-16 12:15:15,17,r/MadeMeSmile,15,2018-05-16 15:55:59,1,1,5,0
8jufjl,2018-05-16 12:15:15,17,r/MadeMeSmile,15,2018-05-16 15:58:04,2,1,11,0
8jufjl,2018-05-16 12:15:15,17,r/MadeMeSmile,15,2018-05-16 16:04:10,3,0,2,0
8jufjl,2018-05-16 12:15:15,17,r/MadeMeSmile,15,2018-05-16 15:51:24,1,1,6,0
8jufjl,2018-05-16 12:15:15,17,r/MadeMeSmile,15,2018-05-16 16:05:58,2,0,11,0
8jufjl,2018-05-16 12:15:15,17,r/MadeMeSmile,15,2018-05-16 17:32:32,1,0,2,0
8jufjl,2018-05-16 12:15:15,17,r/MadeMeSmile,15,2018-05-16 17:36:11,1,0,2,0
8jufjl,2018-05-16 12:15:15,17,r/MadeMeSmile,15,2018-05-16 16:43:28,1,0,2,0
8jufjl,2018-05-16 12:15:15,17,r/MadeMeSmile,15,2018-05-16 16:47:31,1,0,1,0
8jufjl,2018-05-16 12:15:15,17,r/MadeMeSmile,15,2018-05-16 16:36:11,1,1,-3,0
8jufjl,2018-05-16 12:15:15,17,r/MadeMeSmile,15,2018-05-16 18:05:19,2,1,1,0
8jufjl,2018-05-16 12:15:15,17,r/MadeMeSmile,15,2018-05-16 18:27:17,3,0,1,0
8jufjl,2018-05-16 12:15:15,17,r/MadeMeSmile,16,2018-05-16 16:39:39,0,1,9,0
8jufjl,2018-05-16 12:15:15,17,r/MadeMeSmile,16,2018-05-16 17:37:27,1,0,8,0
8jufjl,2018-05-16 12:15:15,17,r/MadeMeSmile,17,2018-05-16 17:09:24,0,1,8,0
8jufjl,2018-05-16 12:15:15,17,r/MadeMeSmile,17,2018-05-16 17:52:23,1,0,3,0
8jufjl,2018-05-16 12:15:15,17,r/MadeMeSmile,18,2018-05-16 16:43:30,0,1,9,0
8jufjl,2018-05-16 12:15:15,17,r/MadeMeSmile,18,2018-05-16 17:59:52,1,0,3,0
8jufjl,2018-05-16 12:15:15,17,r/MadeMeSmile,19,2018-05-16 15:43:28,0,0,29,0
8jufjl,2018-05-16 12:15:15,17,r/MadeMeSmile,20,2018-05-16 15:51:43,0,0,9,0
8jufjl,2018-05-16 12:15:15,17,r/MadeMeSmile,21,2018-05-16 16:40:35,0,0,4,0
8jufjl,2018-05-16 12:15:15,17,r/MadeMeSmile,22,2018-05-16 16:46:43,0,0,5,0
8jufjl,2018-05-16 12:15:15,17,r/MadeMeSmile,23,2018-05-16 16:02:41,0,3,7,0
8jufjl,2018-05-16 12:15:15,17,r/MadeMeSmile,23,2018-05-16 16:53:24,1,0,5,0
8jufjl,2018-05-16 12:15:15,17,r/MadeMeSmile,23,2018-05-16 16:55:56,1,0,1,0
8jufjl,2018-05-16 12:15:15,17,r/MadeMeSmile,23,2018-05-16 16:56:41,1,0,1,0
8jufjl,2018-05-16 12:15:15,17,r/MadeMeSmile,24,2018-05-16 17:05:18,0,0,3,0
8jufjl,2018-05-16 12:15:15,17,r/MadeMeSmile,25,2018-05-16 17:25:54,0,0,3,0
8jufjl,2018-05-16 12:15:15,17,r/MadeMeSmile,26,2018-05-16 17:31:44,0,0,3,0
8jufjl,2018-05-16 12:15:15,17,r/MadeMeSmile,27,2018-05-16 13:31:03,0,0,13,0
8jufjl,2018-05-16 12:15:15,17,r/MadeMeSmile,28,2018-05-16 17:37:13,0,1,4,0
8jufjl,2018-05-16 12:15:15,17,r/MadeMeSmile,28,2018-05-16 18:18:23,1,0,1,0
8jufjl,2018-05-16 12:15:15,17,r/MadeMeSmile,29,2018-05-16 16:41:56,0,0,2,0
8jufjl,2018-05-16 12:15:15,17,r/MadeMeSmile,30,2018-05-16 17:20:15,0,0,2,0
8jufjl,2018-05-16 12:15:15,17,r/MadeMeSmile,31,2018-05-16 17:27:19,0,0,2,0
8jufjl,2018-05-16 12:15:15,17,r/MadeMeSmile,32,2018-05-16 17:40:18,0,0,2,0
8jufjl,2018-05-16 12:15:15,17,r/MadeMeSmile,33,2018-05-16 17:43:54,0,0,2,0
8jufjl,2018-05-16 12:15:15,17,r/MadeMeSmile,34,2018-05-16 17:45:17,0,0,2,0
8jufjl,2018-05-16 12:15:15,17,r/MadeMeSmile,35,2018-05-16 18:11:24,0,0,2,0
8jufjl,2018-05-16 12:15:15,17,r/MadeMeSmile,36,2018-05-16 18:13:15,0,0,2,0
8jufjl,2018-05-16 12:15:15,17,r/MadeMeSmile,37,2018-05-16 17:41:40,0,0,3,0
8jufjl,2018-05-16 12:15:15,17,r/MadeMeSmile,38,2018-05-16 16:24:47,0,0,1,0
8jufjl,2018-05-16 12:15:15,17,r/MadeMeSmile,39,2018-05-16 16:01:22,0,0,1,0
8jufjl,2018-05-16 12:15:15,17,r/MadeMeSmile,40,2018-05-16 16:09:27,0,0,1,0
8jufjl,2018-05-16 12:15:15,17,r/MadeMeSmile,41,2018-05-16 16:10:32,0,0,1,0
8jufjl,2018-05-16 12:15:15,17,r/MadeMeSmile,42,2018-05-16 16:11:58,0,0,1,0
8jufjl,2018-05-16 12:15:15,17,r/MadeMeSmile,43,2018-05-16 16:24:47,0,0,1,0
8jufjl,2018-05-16 12:15:15,17,r/MadeMeSmile,44,2018-05-16 16:47:29,0,0,1,0
8jufjl,2018-05-16 12:15:15,17,r/MadeMeSmile,45,2018-05-16 16:47:39,0,0,1,0
8jufjl,2018-05-16 12:15:15,17,r/MadeMeSmile,46,2018-05-16 16:50:06,0,0,1,0
8jufjl,2018-05-16 12:15:15,17,r/MadeMeSmile,47,2018-05-16 16:55:20,0,0,1,0
8jufjl,2018-05-16 12:15:15,17,r/MadeMeSmile,48,2018-05-16 16:55:30,0,0,1,0
8jufjl,2018-05-16 12:15:15,17,r/MadeMeSmile,49,2018-05-16 17:09:17,0,2,1,0
8jufjl,2018-05-16 12:15:15,17,r/MadeMeSmile,49,2018-05-16 17:27:51,1,0,2,0
8jufjl,2018-05-16 12:15:15,17,r/MadeMeSmile,49,2018-05-16 17:19:33,1,0,1,0
8jufjl,2018-05-16 12:15:15,17,r/MadeMeSmile,50,2018-05-16 17:13:37,0,0,2,0
8jufjl,2018-05-16 12:15:15,17,r/MadeMeSmile,51,2018-05-16 17:15:03,0,0,2,0
8jufjl,2018-05-16 12:15:15,17,r/MadeMeSmile,52,2018-05-16 17:18:35,0,0,1,0
8jufjl,2018-05-16 12:15:15,17,r/MadeMeSmile,53,2018-05-16 17:21:00,0,0,1,0
8jufjl,2018-05-16 12:15:15,17,r/MadeMeSmile,54,2018-05-16 17:32:47,0,0,1,0
8jufjl,2018-05-16 12:15:15,17,r/MadeMeSmile,55,2018-05-16 17:39:50,0,0,1,0
8jufjl,2018-05-16 12:15:15,17,r/MadeMeSmile,56,2018-05-16 17:45:14,0,0,1,0
8jufjl,2018-05-16 12:15:15,17,r/MadeMeSmile,57,2018-05-16 17:53:18,0,0,1,0
8jufjl,2018-05-16 12:15:15,17,r/MadeMeSmile,58,2018-05-16 17:55:42,0,0,1,0
8jufjl,2018-05-16 12:15:15,17,r/MadeMeSmile,59,2018-05-16 17:58:55,0,0,1,0
8jufjl,2018-05-16 12:15:15,17,r/MadeMeSmile,60,2018-05-16 18:01:20,0,0,1,0
8jufjl,2018-05-16 12:15:15,17,r/MadeMeSmile,61,2018-05-16 18:05:30,0,0,1,0
8jufjl,2018-05-16 12:15:15,17,r/MadeMeSmile,62,2018-05-16 18:08:13,0,0,1,0
8jufjl,2018-05-16 12:15:15,17,r/MadeMeSmile,63,2018-05-16 18:11:38,0,0,1,0
8jufjl,2018-05-16 12:15:15,17,r/MadeMeSmile,64,2018-05-16 18:13:50,0,0,1,0
8jufjl,2018-05-16 12:15:15,17,r/MadeMeSmile,65,2018-05-16 18:14:05,0,0,1,0
8jufjl,2018-05-16 12:15:15,17,r/MadeMeSmile,66,2018-05-16 18:16:29,0,0,1,0
8jufjl,2018-05-16 12:15:15,17,r/MadeMeSmile,67,2018-05-16 18:22:41,0,0,1,0
8jufjl,2018-05-16 12:15:15,17,r/MadeMeSmile,68,2018-05-16 18:23:30,0,0,1,0
8jufjl,2018-05-16 12:15:15,17,r/MadeMeSmile,69,2018-05-16 18:25:39,0,0,1,0
8jufjl,2018-05-16 12:15:15,17,r/MadeMeSmile,70,2018-05-16 18:27:27,0,0,1,0
8jufjl,2018-05-16 12:15:15,17,r/MadeMeSmile,71,2018-05-16 18:29:53,0,0,1,0
8jufjl,2018-05-16 12:15:15,17,r/MadeMeSmile,72,2018-05-16 15:14:05,0,2,-7,0
8jufjl,2018-05-16 12:15:15,17,r/MadeMeSmile,72,2018-05-16 15:27:35,1,1,4,0
8jufjl,2018-05-16 12:15:15,17,r/MadeMeSmile,72,2018-05-16 15:34:05,2,1,4,0
8jufjl,2018-05-16 12:15:15,17,r/MadeMeSmile,72,2018-05-16 17:50:33,3,0,2,0
8jufjl,2018-05-16 12:15:15,17,r/MadeMeSmile,72,2018-05-16 17:30:55,1,0,1,0
8jufjl,2018-05-16 12:15:15,17,r/MadeMeSmile,73,2018-05-16 15:31:00,0,0,1,0
8jufjl,2018-05-16 12:15:15,17,r/MadeMeSmile,74,2018-05-16 17:05:18,0,1,1,0
8jufjl,2018-05-16 12:15:15,17,r/MadeMeSmile,74,2018-05-16 17:28:01,1,0,2,0
8jufjl,2018-05-16 12:15:15,17,r/MadeMeSmile,75,2018-05-16 16:24:13,0,0,1,0
8jufjl,2018-05-16 12:15:15,17,r/MadeMeSmile,76,2018-05-16 17:13:21,0,0,1,0
8jufjl,2018-05-16 12:15:15,17,r/MadeMeSmile,77,2018-05-16 18:18:04,0,0,1,0
8jufjl,2018-05-16 12:15:15,17,r/MadeMeSmile,78,2018-05-16 15:33:17,0,2,-16,0
8jufjl,2018-05-16 12:15:15,17,r/MadeMeSmile,78,2018-05-16 15:43:25,1,1,27,0
8jufjl,2018-05-16 12:15:15,17,r/MadeMeSmile,78,2018-05-16 15:52:01,2,0,3,0
8jufjl,2018-05-16 12:15:15,17,r/MadeMeSmile,78,2018-05-16 15:41:06,1,0,7,0
8jufjl,2018-05-16 12:15:15,17,r/MadeMeSmile,79,2018-05-16 16:26:44,0,0,-1,0
8jufjl,2018-05-16 12:15:15,17,r/MadeMeSmile,80,2018-05-16 17:00:31,0,0,1,0
8jufjl,2018-05-16 12:15:15,17,r/MadeMeSmile,81,2018-05-16 17:03:02,0,0,0,0
8jufjl,2018-05-16 12:15:15,17,r/MadeMeSmile,82,2018-05-16 17:05:04,0,0,0,0
8jufjl,2018-05-16 12:15:15,17,r/MadeMeSmile,83,2018-05-16 15:50:47,0,0,-10,0
8jufjl,2018-05-16 12:15:15,17,r/MadeMeSmile,84,2018-05-16 17:09:25,0,0,-2,0
8jufjl,2018-05-16 12:15:15,17,r/MadeMeSmile,85,2018-05-16 17:51:05,0,0,-3,0
8jufjl,2018-05-16 12:15:15,17,r/MadeMeSmile,86,2018-05-16 17:04:55,0,0,-4,0
8jvr8x,2018-05-16 15:21:42,18,r/wholesomememes,0,2018-05-16 17:54:58,0,0,1,0
8jvr8x,2018-05-16 15:21:42,18,r/wholesomememes,1,2018-05-16 16:01:12,0,1,751,0
8jvr8x,2018-05-16 15:21:42,18,r/wholesomememes,1,2018-05-16 16:39:37,1,4,109,0
8jvr8x,2018-05-16 15:21:42,18,r/wholesomememes,1,2018-05-16 17:03:32,2,1,55,0
8jvr8x,2018-05-16 15:21:42,18,r/wholesomememes,1,2018-05-16 18:30:15,3,0,1,0
8jvr8x,2018-05-16 15:21:42,18,r/wholesomememes,1,2018-05-16 17:04:12,2,0,13,0
8jvr8x,2018-05-16 15:21:42,18,r/wholesomememes,1,2018-05-16 18:07:22,2,0,4,0
8jvr8x,2018-05-16 15:21:42,18,r/wholesomememes,1,2018-05-16 18:12:31,2,1,2,0
8jvr8x,2018-05-16 15:21:42,18,r/wholesomememes,1,2018-05-16 18:18:49,3,0,3,0
8jvr8x,2018-05-16 15:21:42,18,r/wholesomememes,2,2018-05-16 16:07:15,0,10,529,0
8jvr8x,2018-05-16 15:21:42,18,r/wholesomememes,2,2018-05-16 16:11:36,1,4,195,0
8jvr8x,2018-05-16 15:21:42,18,r/wholesomememes,2,2018-05-16 16:18:57,2,2,37,0
8jvr8x,2018-05-16 15:21:42,18,r/wholesomememes,2,2018-05-16 17:06:28,3,0,42,0
8jvr8x,2018-05-16 15:21:42,18,r/wholesomememes,2,2018-05-16 17:54:53,3,2,13,0
8jvr8x,2018-05-16 15:21:42,18,r/wholesomememes,2,2018-05-16 18:10:34,4,0,9,0
8jvr8x,2018-05-16 15:21:42,18,r/wholesomememes,2,2018-05-16 18:26:30,4,0,1,0
8jvr8x,2018-05-16 15:21:42,18,r/wholesomememes,2,2018-05-16 18:17:59,2,1,4,0
8jvr8x,2018-05-16 15:21:42,18,r/wholesomememes,2,2018-05-16 18:20:45,3,1,4,0
8jvr8x,2018-05-16 15:21:42,18,r/wholesomememes,2,2018-05-16 18:25:24,4,0,1,0
8jvr8x,2018-05-16 15:21:42,18,r/wholesomememes,2,2018-05-16 18:21:36,2,0,1,0
8jvr8x,2018-05-16 15:21:42,18,r/wholesomememes,2,2018-05-16 18:30:16,2,0,1,0
8jvr8x,2018-05-16 15:21:42,18,r/wholesomememes,2,2018-05-16 16:22:07,1,1,82,0
8jvr8x,2018-05-16 15:21:42,18,r/wholesomememes,2,2018-05-16 18:13:26,2,1,2,0
8jvr8x,2018-05-16 15:21:42,18,r/wholesomememes,2,2018-05-16 18:18:49,3,0,3,0
8jvr8x,2018-05-16 15:21:42,18,r/wholesomememes,2,2018-05-16 17:33:54,1,1,12,0
8jvr8x,2018-05-16 15:21:42,18,r/wholesomememes,2,2018-05-16 18:03:22,2,2,5,0
8jvr8x,2018-05-16 15:21:42,18,r/wholesomememes,2,2018-05-16 18:11:14,3,1,4,0
8jvr8x,2018-05-16 15:21:42,18,r/wholesomememes,2,2018-05-16 18:21:19,4,0,2,0
8jvr8x,2018-05-16 15:21:42,18,r/wholesomememes,2,2018-05-16 18:14:58,3,0,3,0
8jvr8x,2018-05-16 15:21:42,18,r/wholesomememes,2,2018-05-16 16:51:06,1,2,10,0
8jvr8x,2018-05-16 15:21:42,18,r/wholesomememes,2,2018-05-16 17:46:02,2,0,4,0
8jvr8x,2018-05-16 15:21:42,18,r/wholesomememes,2,2018-05-16 18:14:50,2,0,2,0
8jvr8x,2018-05-16 15:21:42,18,r/wholesomememes,2,2018-05-16 17:47:45,1,0,10,0
8jvr8x,2018-05-16 15:21:42,18,r/wholesomememes,2,2018-05-16 17:13:56,1,1,2,0
8jvr8x,2018-05-16 15:21:42,18,r/wholesomememes,2,2018-05-16 18:13:37,2,1,5,0
8jvr8x,2018-05-16 15:21:42,18,r/wholesomememes,2,2018-05-16 18:15:32,3,0,1,0
8jvr8x,2018-05-16 15:21:42,18,r/wholesomememes,2,2018-05-16 18:07:18,1,0,2,0
8jvr8x,2018-05-16 15:21:42,18,r/wholesomememes,2,2018-05-16 17:44:04,1,0,1,0
8jvr8x,2018-05-16 15:21:42,18,r/wholesomememes,2,2018-05-16 18:14:09,1,0,2,0
8jvr8x,2018-05-16 15:21:42,18,r/wholesomememes,2,2018-05-16 18:23:21,1,0,1,0
8jvr8x,2018-05-16 15:21:42,18,r/wholesomememes,3,2018-05-16 16:13:36,0,2,336,0
8jvr8x,2018-05-16 15:21:42,18,r/wholesomememes,3,2018-05-16 17:52:18,1,4,63,0
8jvr8x,2018-05-16 15:21:42,18,r/wholesomememes,3,2018-05-16 18:08:33,2,1,18,0
8jvr8x,2018-05-16 15:21:42,18,r/wholesomememes,3,2018-05-16 18:24:55,3,1,5,0
8jvr8x,2018-05-16 15:21:42,18,r/wholesomememes,3,2018-05-16 18:26:44,4,0,2,0
8jvr8x,2018-05-16 15:21:42,18,r/wholesomememes,3,2018-05-16 18:14:39,2,0,7,0
8jvr8x,2018-05-16 15:21:42,18,r/wholesomememes,3,2018-05-16 18:09:35,2,0,4,0
8jvr8x,2018-05-16 15:21:42,18,r/wholesomememes,3,2018-05-16 18:26:07,2,0,1,0
8jvr8x,2018-05-16 15:21:42,18,r/wholesomememes,3,2018-05-16 18:15:39,1,0,4,0
8jvr8x,2018-05-16 15:21:42,18,r/wholesomememes,4,2018-05-16 16:18:12,0,7,137,0
8jvr8x,2018-05-16 15:21:42,18,r/wholesomememes,4,2018-05-16 16:36:37,1,1,41,0
8jvr8x,2018-05-16 15:21:42,18,r/wholesomememes,4,2018-05-16 17:26:55,2,0,11,0
8jvr8x,2018-05-16 15:21:42,18,r/wholesomememes,4,2018-05-16 17:41:40,1,0,11,0
8jvr8x,2018-05-16 15:21:42,18,r/wholesomememes,4,2018-05-16 17:57:01,1,0,4,0
8jvr8x,2018-05-16 15:21:42,18,r/wholesomememes,4,2018-05-16 17:45:19,1,0,2,0
8jvr8x,2018-05-16 15:21:42,18,r/wholesomememes,4,2018-05-16 18:10:35,1,0,2,0
8jvr8x,2018-05-16 15:21:42,18,r/wholesomememes,4,2018-05-16 18:02:24,1,0,1,0
8jvr8x,2018-05-16 15:21:42,18,r/wholesomememes,4,2018-05-16 18:29:23,1,0,1,0
8jvr8x,2018-05-16 15:21:42,18,r/wholesomememes,5,2018-05-16 16:09:03,0,3,111,0
8jvr8x,2018-05-16 15:21:42,18,r/wholesomememes,5,2018-05-16 17:51:31,1,3,45,0
8jvr8x,2018-05-16 15:21:42,18,r/wholesomememes,5,2018-05-16 17:59:56,2,1,26,0
8jvr8x,2018-05-16 15:21:42,18,r/wholesomememes,5,2018-05-16 18:02:03,3,0,19,0
8jvr8x,2018-05-16 15:21:42,18,r/wholesomememes,5,2018-05-16 18:04:47,2,1,12,0
8jvr8x,2018-05-16 15:21:42,18,r/wholesomememes,5,2018-05-16 18:12:35,3,1,4,0
8jvr8x,2018-05-16 15:21:42,18,r/wholesomememes,5,2018-05-16 18:19:44,4,0,2,0
8jvr8x,2018-05-16 15:21:42,18,r/wholesomememes,5,2018-05-16 18:07:58,2,0,7,0
8jvr8x,2018-05-16 15:21:42,18,r/wholesomememes,5,2018-05-16 17:46:21,1,0,10,0
8jvr8x,2018-05-16 15:21:42,18,r/wholesomememes,5,2018-05-16 18:01:19,1,0,3,0
8jvr8x,2018-05-16 15:21:42,18,r/wholesomememes,6,2018-05-16 17:22:58,0,5,71,0
8jvr8x,2018-05-16 15:21:42,18,r/wholesomememes,6,2018-05-16 17:58:36,1,2,14,0
8jvr8x,2018-05-16 15:21:42,18,r/wholesomememes,6,2018-05-16 18:07:51,2,1,7,0
8jvr8x,2018-05-16 15:21:42,18,r/wholesomememes,6,2018-05-16 18:14:56,3,0,3,0
8jvr8x,2018-05-16 15:21:42,18,r/wholesomememes,6,2018-05-16 18:27:21,2,0,2,0
8jvr8x,2018-05-16 15:21:42,18,r/wholesomememes,6,2018-05-16 18:17:24,1,1,3,0
8jvr8x,2018-05-16 15:21:42,18,r/wholesomememes,6,2018-05-16 18:29:19,2,0,1,0
8jvr8x,2018-05-16 15:21:42,18,r/wholesomememes,6,2018-05-16 18:21:39,1,1,2,0
8jvr8x,2018-05-16 15:21:42,18,r/wholesomememes,6,2018-05-16 18:28:30,2,0,1,0
8jvr8x,2018-05-16 15:21:42,18,r/wholesomememes,6,2018-05-16 18:23:47,1,1,2,0
8jvr8x,2018-05-16 15:21:42,18,r/wholesomememes,6,2018-05-16 18:29:37,2,0,1,0
8jvr8x,2018-05-16 15:21:42,18,r/wholesomememes,6,2018-05-16 18:26:32,1,0,2,0
8jvr8x,2018-05-16 15:21:42,18,r/wholesomememes,7,2018-05-16 16:29:03,0,1,32,0
8jvr8x,2018-05-16 15:21:42,18,r/wholesomememes,7,2018-05-16 17:56:28,1,0,3,0
8jvr8x,2018-05-16 15:21:42,18,r/wholesomememes,8,2018-05-16 16:48:34,0,0,9,0
8jvr8x,2018-05-16 15:21:42,18,r/wholesomememes,9,2018-05-16 17:06:02,0,0,8,0
8jvr8x,2018-05-16 15:21:42,18,r/wholesomememes,10,2018-05-16 17:13:49,0,1,7,0
8jvr8x,2018-05-16 15:21:42,18,r/wholesomememes,10,2018-05-16 18:30:28,1,0,1,0
8jvr8x,2018-05-16 15:21:42,18,r/wholesomememes,11,2018-05-16 17:39:40,0,0,6,0
8jvr8x,2018-05-16 15:21:42,18,r/wholesomememes,12,2018-05-16 17:19:05,0,0,5,0
8jvr8x,2018-05-16 15:21:42,18,r/wholesomememes,13,2018-05-16 17:24:20,0,0,3,0
8jvr8x,2018-05-16 15:21:42,18,r/wholesomememes,14,2018-05-16 17:39:30,0,2,4,0
8jvr8x,2018-05-16 15:21:42,18,r/wholesomememes,14,2018-05-16 17:41:55,1,1,8,0
8jvr8x,2018-05-16 15:21:42,18,r/wholesomememes,14,2018-05-16 17:48:43,2,1,2,0
8jvr8x,2018-05-16 15:21:42,18,r/wholesomememes,14,2018-05-16 17:49:47,3,0,1,0
8jvr8x,2018-05-16 15:21:42,18,r/wholesomememes,14,2018-05-16 18:26:59,1,0,1,0
8jvr8x,2018-05-16 15:21:42,18,r/wholesomememes,15,2018-05-16 17:45:19,0,0,5,0
8jvr8x,2018-05-16 15:21:42,18,r/wholesomememes,16,2018-05-16 17:45:16,0,0,4,0
8jvr8x,2018-05-16 15:21:42,18,r/wholesomememes,17,2018-05-16 17:53:55,0,0,2,0
8jvr8x,2018-05-16 15:21:42,18,r/wholesomememes,18,2018-05-16 17:59:20,0,0,2,0
8jvr8x,2018-05-16 15:21:42,18,r/wholesomememes,19,2018-05-16 18:24:02,0,0,1,0
8jvr8x,2018-05-16 15:21:42,18,r/wholesomememes,20,2018-05-16 17:31:02,0,0,1,0
8jvr8x,2018-05-16 15:21:42,18,r/wholesomememes,21,2018-05-16 17:51:52,0,0,1,0
8jvr8x,2018-05-16 15:21:42,18,r/wholesomememes,22,2018-05-16 18:04:36,0,0,1,0
8jvr8x,2018-05-16 15:21:42,18,r/wholesomememes,23,2018-05-16 18:11:45,0,0,1,0
8jvr8x,2018-05-16 15:21:42,18,r/wholesomememes,24,2018-05-16 18:14:31,0,0,1,0
8jvr8x,2018-05-16 15:21:42,18,r/wholesomememes,25,2018-05-16 18:18:04,0,0,1,0
8jvr8x,2018-05-16 15:21:42,18,r/wholesomememes,26,2018-05-16 18:19:15,0,0,1,0
8jvr8x,2018-05-16 15:21:42,18,r/wholesomememes,27,2018-05-16 18:19:36,0,0,1,0
8jvr8x,2018-05-16 15:21:42,18,r/wholesomememes,28,2018-05-16 18:22:15,0,0,1,0
8jvr8x,2018-05-16 15:21:42,18,r/wholesomememes,29,2018-05-16 18:27:32,0,0,1,0
8jvr8x,2018-05-16 15:21:42,18,r/wholesomememes,30,2018-05-16 18:29:13,0,0,1,0
8jvr8x,2018-05-16 15:21:42,18,r/wholesomememes,31,2018-05-16 18:30:15,0,0,1,0
8jvr8x,2018-05-16 15:21:42,18,r/wholesomememes,32,2018-05-16 17:56:11,0,2,-3,0
8jvr8x,2018-05-16 15:21:42,18,r/wholesomememes,32,2018-05-16 18:09:12,1,0,4,0
8jvr8x,2018-05-16 15:21:42,18,r/wholesomememes,32,2018-05-16 18:14:33,1,0,3,0
8jueyy,2018-05-16 12:12:34,19,r/MemeEconomy,0,2018-05-16 12:53:28,0,4,1425,0
8jueyy,2018-05-16 12:12:34,19,r/MemeEconomy,0,2018-05-16 15:19:47,1,0,71,0
8jueyy,2018-05-16 12:12:34,19,r/MemeEconomy,0,2018-05-16 13:12:52,1,4,398,0
8jueyy,2018-05-16 12:12:34,19,r/MemeEconomy,0,2018-05-16 14:38:23,2,1,231,0
8jueyy,2018-05-16 12:12:34,19,r/MemeEconomy,0,2018-05-16 15:32:44,3,34,-619,0
8jueyy,2018-05-16 12:12:34,19,r/MemeEconomy,0,2018-05-16 15:45:20,4,0,88,0
8jueyy,2018-05-16 12:12:34,19,r/MemeEconomy,0,2018-05-16 15:34:07,4,3,171,0
8jueyy,2018-05-16 12:12:34,19,r/MemeEconomy,0,2018-05-16 15:40:53,5,2,65,0
8jueyy,2018-05-16 12:12:34,19,r/MemeEconomy,0,2018-05-16 15:44:24,6,0,35,0
8jueyy,2018-05-16 12:12:34,19,r/MemeEconomy,0,2018-05-16 16:58:33,6,0,0,0
8jueyy,2018-05-16 12:12:34,19,r/MemeEconomy,0,2018-05-16 17:11:04,5,0,-9,0
8jueyy,2018-05-16 12:12:34,19,r/MemeEconomy,0,2018-05-16 16:06:57,4,1,44,0
8jueyy,2018-05-16 12:12:34,19,r/MemeEconomy,0,2018-05-16 16:09:45,5,1,22,0
8jueyy,2018-05-16 12:12:34,19,r/MemeEconomy,0,2018-05-16 15:42:30,4,1,60,0
8jueyy,2018-05-16 12:12:34,19,r/MemeEconomy,0,2018-05-16 15:47:10,5,1,24,0
8jueyy,2018-05-16 12:12:34,19,r/MemeEconomy,0,2018-05-16 16:00:21,6,2,-31,0
8jueyy,2018-05-16 12:12:34,19,r/MemeEconomy,0,2018-05-16 16:03:21,7,1,29,0
8jueyy,2018-05-16 12:12:34,19,r/MemeEconomy,0,2018-05-16 16:38:16,8,1,5,0
8jueyy,2018-05-16 12:12:34,19,r/MemeEconomy,0,2018-05-16 17:11:06,9,1,7,0
8jueyy,2018-05-16 12:12:34,19,r/MemeEconomy,0,2018-05-16 16:07:09,7,0,12,0
8jueyy,2018-05-16 12:12:34,19,r/MemeEconomy,0,2018-05-16 15:47:04,4,0,44,0
8jueyy,2018-05-16 12:12:34,19,r/MemeEconomy,0,2018-05-16 16:03:47,4,2,49,0
8jueyy,2018-05-16 12:12:34,19,r/MemeEconomy,0,2018-05-16 17:11:44,5,0,1,0
8jueyy,2018-05-16 12:12:34,19,r/MemeEconomy,0,2018-05-16 16:12:44,5,2,-24,0
8jueyy,2018-05-16 12:12:34,19,r/MemeEconomy,0,2018-05-16 16:19:13,6,0,29,0
8jueyy,2018-05-16 12:12:34,19,r/MemeEconomy,0,2018-05-16 16:19:07,6,1,18,0
8jueyy,2018-05-16 12:12:34,19,r/MemeEconomy,0,2018-05-16 15:53:29,4,0,19,0
8jueyy,2018-05-16 12:12:34,19,r/MemeEconomy,0,2018-05-16 16:39:30,4,0,7,0
8jueyy,2018-05-16 12:12:34,19,r/MemeEconomy,0,2018-05-16 16:41:20,4,0,5,0
8jueyy,2018-05-16 12:12:34,19,r/MemeEconomy,0,2018-05-16 16:08:25,4,0,12,0
8jueyy,2018-05-16 12:12:34,19,r/MemeEconomy,0,2018-05-16 17:34:14,4,1,6,0
8jueyy,2018-05-16 12:12:34,19,r/MemeEconomy,0,2018-05-16 18:06:36,5,0,-1,0
8jueyy,2018-05-16 12:12:34,19,r/MemeEconomy,0,2018-05-16 16:44:57,4,0,11,0
8jueyy,2018-05-16 12:12:34,19,r/MemeEconomy,0,2018-05-16 16:55:16,4,0,5,0
8jueyy,2018-05-16 12:12:34,19,r/MemeEconomy,0,2018-05-16 17:13:58,4,0,5,0
8jueyy,2018-05-16 12:12:34,19,r/MemeEconomy,0,2018-05-16 16:15:51,4,0,9,0
8jueyy,2018-05-16 12:12:34,19,r/MemeEconomy,0,2018-05-16 17:01:32,4,0,4,0
8jueyy,2018-05-16 12:12:34,19,r/MemeEconomy,0,2018-05-16 16:22:15,4,0,6,0
8jueyy,2018-05-16 12:12:34,19,r/MemeEconomy,0,2018-05-16 16:02:03,4,0,10,0
8jueyy,2018-05-16 12:12:34,19,r/MemeEconomy,0,2018-05-16 16:29:11,4,0,6,0
8jueyy,2018-05-16 12:12:34,19,r/MemeEconomy,0,2018-05-16 16:47:05,4,0,6,0
8jueyy,2018-05-16 12:12:34,19,r/MemeEconomy,0,2018-05-16 15:53:20,4,1,14,0
8jueyy,2018-05-16 12:12:34,19,r/MemeEconomy,0,2018-05-16 15:58:12,5,1,12,0
8jueyy,2018-05-16 12:12:34,19,r/MemeEconomy,0,2018-05-16 18:15:09,6,0,1,0
8jueyy,2018-05-16 12:12:34,19,r/MemeEconomy,0,2018-05-16 16:17:38,4,0,4,0
8jueyy,2018-05-16 12:12:34,19,r/MemeEconomy,0,2018-05-16 17:06:01,4,0,2,0
8jueyy,2018-05-16 12:12:34,19,r/MemeEconomy,0,2018-05-16 17:06:52,4,0,2,0
8jueyy,2018-05-16 12:12:34,19,r/MemeEconomy,0,2018-05-16 17:11:04,4,1,2,0
8jueyy,2018-05-16 12:12:34,19,r/MemeEconomy,0,2018-05-16 18:14:43,5,0,2,0
8jueyy,2018-05-16 12:12:34,19,r/MemeEconomy,0,2018-05-16 17:24:13,4,0,2,0
8jueyy,2018-05-16 12:12:34,19,r/MemeEconomy,0,2018-05-16 17:57:19,4,0,2,0
8jueyy,2018-05-16 12:12:34,19,r/MemeEconomy,0,2018-05-16 16:38:36,4,0,2,0
8jueyy,2018-05-16 12:12:34,19,r/MemeEconomy,0,2018-05-16 17:57:42,4,0,1,0
8jueyy,2018-05-16 12:12:34,19,r/MemeEconomy,0,2018-05-16 17:58:29,4,0,1,0
8jueyy,2018-05-16 12:12:34,19,r/MemeEconomy,0,2018-05-16 18:17:27,4,0,1,0
8jueyy,2018-05-16 12:12:34,19,r/MemeEconomy,0,2018-05-16 18:20:01,4,0,1,0
8jueyy,2018-05-16 12:12:34,19,r/MemeEconomy,0,2018-05-16 15:40:01,4,2,-24,0
8jueyy,2018-05-16 12:12:34,19,r/MemeEconomy,0,2018-05-16 15:59:16,5,1,26,0
8jueyy,2018-05-16 12:12:34,19,r/MemeEconomy,0,2018-05-16 16:03:45,6,3,-19,0
8jueyy,2018-05-16 12:12:34,19,r/MemeEconomy,0,2018-05-16 16:11:33,7,2,14,0
8jueyy,2018-05-16 12:12:34,19,r/MemeEconomy,0,2018-05-16 16:16:24,8,0,14,0
8jueyy,2018-05-16 12:12:34,19,r/MemeEconomy,0,2018-05-16 16:17:24,7,3,6,0
8jueyy,2018-05-16 12:12:34,19,r/MemeEconomy,0,2018-05-16 16:26:36,8,1,6,0
8jueyy,2018-05-16 12:12:34,19,r/MemeEconomy,0,2018-05-16 16:31:50,9,1,-1,0
8jueyy,2018-05-16 12:12:34,19,r/MemeEconomy,0,2018-05-16 18:26:43,8,0,1,0
8jueyy,2018-05-16 12:12:34,19,r/MemeEconomy,0,2018-05-16 16:32:42,8,0,-2,0
8jueyy,2018-05-16 12:12:34,19,r/MemeEconomy,0,2018-05-16 16:23:57,7,1,3,0
8jueyy,2018-05-16 12:12:34,19,r/MemeEconomy,0,2018-05-16 16:27:59,8,1,-3,0
8jueyy,2018-05-16 12:12:34,19,r/MemeEconomy,0,2018-05-16 17:07:06,9,1,3,0
8jueyy,2018-05-16 12:12:34,19,r/MemeEconomy,0,2018-05-16 16:18:46,5,1,11,0
8jueyy,2018-05-16 12:12:34,19,r/MemeEconomy,0,2018-05-16 16:24:16,6,1,-6,0
8jueyy,2018-05-16 12:12:34,19,r/MemeEconomy,0,2018-05-16 16:39:09,7,1,6,0
8jueyy,2018-05-16 12:12:34,19,r/MemeEconomy,0,2018-05-16 16:42:53,8,1,-3,0
8jueyy,2018-05-16 12:12:34,19,r/MemeEconomy,0,2018-05-16 16:49:48,9,0,5,0
8jueyy,2018-05-16 12:12:34,19,r/MemeEconomy,0,2018-05-16 16:21:01,4,0,-11,0
8jueyy,2018-05-16 12:12:34,19,r/MemeEconomy,0,2018-05-16 16:55:54,2,0,5,0
8jueyy,2018-05-16 12:12:34,19,r/MemeEconomy,0,2018-05-16 17:03:49,2,1,-1,0
8jueyy,2018-05-16 12:12:34,19,r/MemeEconomy,0,2018-05-16 17:27:18,3,1,36,0
8jueyy,2018-05-16 12:12:34,19,r/MemeEconomy,0,2018-05-16 17:41:55,4,3,-27,0
8jueyy,2018-05-16 12:12:34,19,r/MemeEconomy,0,2018-05-16 17:47:12,5,1,26,0
8jueyy,2018-05-16 12:12:34,19,r/MemeEconomy,0,2018-05-16 18:19:46,6,2,-5,0
8jueyy,2018-05-16 12:12:34,19,r/MemeEconomy,0,2018-05-16 18:28:44,7,0,3,0
8jueyy,2018-05-16 12:12:34,19,r/MemeEconomy,0,2018-05-16 18:28:55,7,0,-1,0
8jueyy,2018-05-16 12:12:34,19,r/MemeEconomy,0,2018-05-16 18:04:44,5,1,7,0
8jueyy,2018-05-16 12:12:34,19,r/MemeEconomy,0,2018-05-16 18:18:34,6,0,-6,0
8jueyy,2018-05-16 12:12:34,19,r/MemeEconomy,0,2018-05-16 18:14:26,5,0,3,0
8jueyy,2018-05-16 12:12:34,19,r/MemeEconomy,0,2018-05-16 14:53:45,2,6,-153,0
8jueyy,2018-05-16 12:12:34,19,r/MemeEconomy,0,2018-05-16 15:00:50,3,1,136,0
8jueyy,2018-05-16 12:12:34,19,r/MemeEconomy,0,2018-05-16 15:03:20,4,3,-115,0
8jueyy,2018-05-16 12:12:34,19,r/MemeEconomy,0,2018-05-16 15:08:18,5,1,78,0
8jueyy,2018-05-16 12:12:34,19,r/MemeEconomy,0,2018-05-16 15:34:40,5,1,56,0
8jueyy,2018-05-16 12:12:34,19,r/MemeEconomy,0,2018-05-16 16:40:40,6,1,-6,0
8jueyy,2018-05-16 12:12:34,19,r/MemeEconomy,0,2018-05-16 16:53:56,7,1,13,0
8jueyy,2018-05-16 12:12:34,19,r/MemeEconomy,0,2018-05-16 16:57:49,8,0,-7,0
8jueyy,2018-05-16 12:12:34,19,r/MemeEconomy,0,2018-05-16 15:58:10,5,1,27,0
8jueyy,2018-05-16 12:12:34,19,r/MemeEconomy,0,2018-05-16 16:45:29,6,1,-6,0
8jueyy,2018-05-16 12:12:34,19,r/MemeEconomy,0,2018-05-16 16:48:25,7,1,14,0
8jueyy,2018-05-16 12:12:34,19,r/MemeEconomy,0,2018-05-16 16:52:22,8,1,-8,0
8jueyy,2018-05-16 12:12:34,19,r/MemeEconomy,0,2018-05-16 17:04:22,9,1,13,0
8jueyy,2018-05-16 12:12:34,19,r/MemeEconomy,0,2018-05-16 16:17:41,3,1,30,0
8jueyy,2018-05-16 12:12:34,19,r/MemeEconomy,0,2018-05-16 17:23:27,4,0,4,0
8jueyy,2018-05-16 12:12:34,19,r/MemeEconomy,0,2018-05-16 17:02:17,3,1,13,0
8jueyy,2018-05-16 12:12:34,19,r/MemeEconomy,0,2018-05-16 17:09:22,4,1,-6,0
8jueyy,2018-05-16 12:12:34,19,r/MemeEconomy,0,2018-05-16 17:16:51,5,1,9,0
8jueyy,2018-05-16 12:12:34,19,r/MemeEconomy,0,2018-05-16 17:38:22,6,0,-1,0
8jueyy,2018-05-16 12:12:34,19,r/MemeEconomy,0,2018-05-16 16:16:21,3,1,8,0
8jueyy,2018-05-16 12:12:34,19,r/MemeEconomy,0,2018-05-16 16:42:29,4,1,-2,0
8jueyy,2018-05-16 12:12:34,19,r/MemeEconomy,0,2018-05-16 17:02:53,5,1,6,0
8jueyy,2018-05-16 12:12:34,19,r/MemeEconomy,0,2018-05-16 17:08:32,6,0,-4,0
8jueyy,2018-05-16 12:12:34,19,r/MemeEconomy,0,2018-05-16 17:35:56,3,0,2,0
8jueyy,2018-05-16 12:12:34,19,r/MemeEconomy,0,2018-05-16 16:44:37,3,0,-4,0
8jueyy,2018-05-16 12:12:34,19,r/MemeEconomy,0,2018-05-16 18:09:19,1,0,2,0
8jueyy,2018-05-16 12:12:34,19,r/MemeEconomy,0,2018-05-16 18:15:35,1,0,1,0
8jueyy,2018-05-16 12:12:34,19,r/MemeEconomy,1,2018-05-16 14:55:02,0,4,1051,0
8jueyy,2018-05-16 12:12:34,19,r/MemeEconomy,1,2018-05-16 15:01:48,1,1,134,0
8jueyy,2018-05-16 12:12:34,19,r/MemeEconomy,1,2018-05-16 17:40:17,2,0,18,0
8jueyy,2018-05-16 12:12:34,19,r/MemeEconomy,1,2018-05-16 16:20:24,1,1,45,0
8jueyy,2018-05-16 12:12:34,19,r/MemeEconomy,1,2018-05-16 17:40:56,2,0,10,0
8jueyy,2018-05-16 12:12:34,19,r/MemeEconomy,1,2018-05-16 16:26:24,1,0,22,0
8jueyy,2018-05-16 12:12:34,19,r/MemeEconomy,1,2018-05-16 16:50:36,1,0,5,0
8jueyy,2018-05-16 12:12:34,19,r/MemeEconomy,2,2018-05-16 14:06:05,0,7,774,0
8jueyy,2018-05-16 12:12:34,19,r/MemeEconomy,2,2018-05-16 15:04:11,1,2,232,0
8jueyy,2018-05-16 12:12:34,19,r/MemeEconomy,2,2018-05-16 15:59:42,2,2,39,0
8jueyy,2018-05-16 12:12:34,19,r/MemeEconomy,2,2018-05-16 17:09:10,3,0,8,0
8jueyy,2018-05-16 12:12:34,19,r/MemeEconomy,2,2018-05-16 17:15:47,3,0,4,0
8jueyy,2018-05-16 12:12:34,19,r/MemeEconomy,2,2018-05-16 18:17:09,2,0,2,0
8jueyy,2018-05-16 12:12:34,19,r/MemeEconomy,2,2018-05-16 14:38:21,1,1,115,0
8jueyy,2018-05-16 12:12:34,19,r/MemeEconomy,2,2018-05-16 15:21:27,2,1,20,0
8jueyy,2018-05-16 12:12:34,19,r/MemeEconomy,2,2018-05-16 17:01:36,3,0,6,0
8jueyy,2018-05-16 12:12:34,19,r/MemeEconomy,2,2018-05-16 15:08:50,1,1,31,0
8jueyy,2018-05-16 12:12:34,19,r/MemeEconomy,2,2018-05-16 16:52:35,2,0,3,0
8jueyy,2018-05-16 12:12:34,19,r/MemeEconomy,2,2018-05-16 15:24:52,1,0,15,0
8jueyy,2018-05-16 12:12:34,19,r/MemeEconomy,2,2018-05-16 17:10:58,1,0,1,0
8jueyy,2018-05-16 12:12:34,19,r/MemeEconomy,2,2018-05-16 17:14:42,1,0,1,0
8jueyy,2018-05-16 12:12:34,19,r/MemeEconomy,2,2018-05-16 17:59:01,1,0,1,0
8jueyy,2018-05-16 12:12:34,19,r/MemeEconomy,3,2018-05-16 16:20:52,0,8,450,0
8jueyy,2018-05-16 12:12:34,19,r/MemeEconomy,3,2018-05-16 16:49:57,1,2,519,0
8jueyy,2018-05-16 12:12:34,19,r/MemeEconomy,3,2018-05-16 17:38:17,2,3,122,0
8jueyy,2018-05-16 12:12:34,19,r/MemeEconomy,3,2018-05-16 17:40:29,3,3,69,0
8jueyy,2018-05-16 12:12:34,19,r/MemeEconomy,3,2018-05-16 17:48:08,4,0,25,0
8jueyy,2018-05-16 12:12:34,19,r/MemeEconomy,3,2018-05-16 17:48:35,4,1,18,0
8jueyy,2018-05-16 12:12:34,19,r/MemeEconomy,3,2018-05-16 18:17:08,5,0,1,0
8jueyy,2018-05-16 12:12:34,19,r/MemeEconomy,3,2018-05-16 18:30:03,4,0,1,0
8jueyy,2018-05-16 12:12:34,19,r/MemeEconomy,3,2018-05-16 18:01:16,3,0,7,0
8jueyy,2018-05-16 12:12:34,19,r/MemeEconomy,3,2018-05-16 18:12:47,3,0,1,0
8jueyy,2018-05-16 12:12:34,19,r/MemeEconomy,3,2018-05-16 17:28:22,2,0,12,0
8jueyy,2018-05-16 12:12:34,19,r/MemeEconomy,3,2018-05-16 16:52:01,1,0,75,0
8jueyy,2018-05-16 12:12:34,19,r/MemeEconomy,3,2018-05-16 16:54:30,1,0,36,0
8jueyy,2018-05-16 12:12:34,19,r/MemeEconomy,3,2018-05-16 16:59:56,1,3,163,0
8jueyy,2018-05-16 12:12:34,19,r/MemeEconomy,3,2018-05-16 17:03:23,2,3,112,0
8jueyy,2018-05-16 12:12:34,19,r/MemeEconomy,3,2018-05-16 17:14:04,3,2,27,0
8jueyy,2018-05-16 12:12:34,19,r/MemeEconomy,3,2018-05-16 17:53:05,4,0,10,0
8jueyy,2018-05-16 12:12:34,19,r/MemeEconomy,3,2018-05-16 17:25:47,4,0,19,0
8jueyy,2018-05-16 12:12:34,19,r/MemeEconomy,3,2018-05-16 17:22:42,3,0,20,0
8jueyy,2018-05-16 12:12:34,19,r/MemeEconomy,3,2018-05-16 17:25:10,3,9,-54,0
8jueyy,2018-05-16 12:12:34,19,r/MemeEconomy,3,2018-05-16 17:39:22,4,1,24,0
8jueyy,2018-05-16 12:12:34,19,r/MemeEconomy,3,2018-05-16 18:30:31,5,0,1,0
8jueyy,2018-05-16 12:12:34,19,r/MemeEconomy,3,2018-05-16 17:32:19,4,0,31,0
8jueyy,2018-05-16 12:12:34,19,r/MemeEconomy,3,2018-05-16 17:28:48,4,0,39,0
8jueyy,2018-05-16 12:12:34,19,r/MemeEconomy,3,2018-05-16 17:31:20,4,0,15,0
8jueyy,2018-05-16 12:12:34,19,r/MemeEconomy,3,2018-05-16 17:35:33,4,0,10,0
8jueyy,2018-05-16 12:12:34,19,r/MemeEconomy,3,2018-05-16 18:03:16,4,0,3,0
8jueyy,2018-05-16 12:12:34,19,r/MemeEconomy,3,2018-05-16 18:15:52,4,0,2,0
8jueyy,2018-05-16 12:12:34,19,r/MemeEconomy,3,2018-05-16 17:29:04,4,2,-17,0
8jueyy,2018-05-16 12:12:34,19,r/MemeEconomy,3,2018-05-16 18:04:19,5,0,4,0
8jueyy,2018-05-16 12:12:34,19,r/MemeEconomy,3,2018-05-16 18:01:58,5,1,2,0
8jueyy,2018-05-16 12:12:34,19,r/MemeEconomy,3,2018-05-16 18:02:20,6,0,1,0
8jueyy,2018-05-16 12:12:34,19,r/MemeEconomy,3,2018-05-16 17:32:47,4,1,-8,0
8jueyy,2018-05-16 12:12:34,19,r/MemeEconomy,3,2018-05-16 17:36:46,5,0,0,0
8jueyy,2018-05-16 12:12:34,19,r/MemeEconomy,3,2018-05-16 17:47:15,2,2,9,0
8jueyy,2018-05-16 12:12:34,19,r/MemeEconomy,3,2018-05-16 17:58:38,3,1,4,0
8jueyy,2018-05-16 12:12:34,19,r/MemeEconomy,3,2018-05-16 18:12:21,4,0,2,0
8jueyy,2018-05-16 12:12:34,19,r/MemeEconomy,3,2018-05-16 18:22:39,3,0,1,0
8jueyy,2018-05-16 12:12:34,19,r/MemeEconomy,3,2018-05-16 18:19:54,2,0,4,0
8jueyy,2018-05-16 12:12:34,19,r/MemeEconomy,3,2018-05-16 17:11:35,1,2,21,0
8jueyy,2018-05-16 12:12:34,19,r/MemeEconomy,3,2018-05-16 17:16:46,2,1,6,0
8jueyy,2018-05-16 12:12:34,19,r/MemeEconomy,3,2018-05-16 17:19:50,3,0,1,0
8jueyy,2018-05-16 12:12:34,19,r/MemeEconomy,3,2018-05-16 17:17:05,2,0,1,0
8jueyy,2018-05-16 12:12:34,19,r/MemeEconomy,3,2018-05-16 17:31:18,1,1,26,0
8jueyy,2018-05-16 12:12:34,19,r/MemeEconomy,3,2018-05-16 17:37:15,2,0,23,0
8jueyy,2018-05-16 12:12:34,19,r/MemeEconomy,3,2018-05-16 16:52:47,1,0,11,0
8jueyy,2018-05-16 12:12:34,19,r/MemeEconomy,3,2018-05-16 18:14:49,1,0,0,0
8jueyy,2018-05-16 12:12:34,19,r/MemeEconomy,4,2018-05-16 14:45:59,0,3,271,0
8jueyy,2018-05-16 12:12:34,19,r/MemeEconomy,4,2018-05-16 14:57:26,1,2,63,0
8jueyy,2018-05-16 12:12:34,19,r/MemeEconomy,4,2018-05-16 17:09:27,2,0,16,0
8jueyy,2018-05-16 12:12:34,19,r/MemeEconomy,4,2018-05-16 17:49:55,2,0,3,0
8jueyy,2018-05-16 12:12:34,19,r/MemeEconomy,4,2018-05-16 15:23:52,1,2,20,0
8jueyy,2018-05-16 12:12:34,19,r/MemeEconomy,4,2018-05-16 16:06:07,2,2,82,0
8jueyy,2018-05-16 12:12:34,19,r/MemeEconomy,4,2018-05-16 16:16:45,3,1,42,0
8jueyy,2018-05-16 12:12:34,19,r/MemeEconomy,4,2018-05-16 16:26:26,4,0,16,0
8jueyy,2018-05-16 12:12:34,19,r/MemeEconomy,4,2018-05-16 16:07:17,3,0,5,0
8jueyy,2018-05-16 12:12:34,19,r/MemeEconomy,4,2018-05-16 18:12:25,2,2,5,0
8jueyy,2018-05-16 12:12:34,19,r/MemeEconomy,4,2018-05-16 18:21:20,3,0,1,0
8jueyy,2018-05-16 12:12:34,19,r/MemeEconomy,4,2018-05-16 18:28:07,3,0,1,0
8jueyy,2018-05-16 12:12:34,19,r/MemeEconomy,4,2018-05-16 16:32:14,1,0,2,0
8jueyy,2018-05-16 12:12:34,19,r/MemeEconomy,5,2018-05-16 14:50:09,0,3,142,0
8jueyy,2018-05-16 12:12:34,19,r/MemeEconomy,5,2018-05-16 15:37:50,1,0,33,0
8jueyy,2018-05-16 12:12:34,19,r/MemeEconomy,5,2018-05-16 17:23:57,1,0,9,0
8jueyy,2018-05-16 12:12:34,19,r/MemeEconomy,5,2018-05-16 18:06:22,1,0,2,0
8jueyy,2018-05-16 12:12:34,19,r/MemeEconomy,6,2018-05-16 14:52:22,0,1,113,0
8jueyy,2018-05-16 12:12:34,19,r/MemeEconomy,6,2018-05-16 17:03:00,1,1,12,0
8jueyy,2018-05-16 12:12:34,19,r/MemeEconomy,6,2018-05-16 17:04:37,2,1,21,0
8jueyy,2018-05-16 12:12:34,19,r/MemeEconomy,6,2018-05-16 17:13:31,3,1,6,0
8jueyy,2018-05-16 12:12:34,19,r/MemeEconomy,6,2018-05-16 17:22:32,4,1,7,0
8jueyy,2018-05-16 12:12:34,19,r/MemeEconomy,6,2018-05-16 17:24:50,5,0,5,0
8jueyy,2018-05-16 12:12:34,19,r/MemeEconomy,7,2018-05-16 15:47:51,0,1,26,0
8jueyy,2018-05-16 12:12:34,19,r/MemeEconomy,7,2018-05-16 17:19:44,1,1,17,0
8jueyy,2018-05-16 12:12:34,19,r/MemeEconomy,7,2018-05-16 18:16:13,2,0,1,0
8jueyy,2018-05-16 12:12:34,19,r/MemeEconomy,8,2018-05-16 14:13:04,0,0,120,0
8jueyy,2018-05-16 12:12:34,19,r/MemeEconomy,9,2018-05-16 14:35:30,0,6,78,0
8jueyy,2018-05-16 12:12:34,19,r/MemeEconomy,9,2018-05-16 15:27:59,1,1,61,0
8jueyy,2018-05-16 12:12:34,19,r/MemeEconomy,9,2018-05-16 17:56:33,2,0,-2,0
8jueyy,2018-05-16 12:12:34,19,r/MemeEconomy,9,2018-05-16 15:46:47,1,1,36,0
8jueyy,2018-05-16 12:12:34,19,r/MemeEconomy,9,2018-05-16 15:52:52,2,0,1,0
8jueyy,2018-05-16 12:12:34,19,r/MemeEconomy,9,2018-05-16 15:25:50,1,0,9,0
8jueyy,2018-05-16 12:12:34,19,r/MemeEconomy,9,2018-05-16 16:11:03,1,0,1,0
8jueyy,2018-05-16 12:12:34,19,r/MemeEconomy,9,2018-05-16 16:25:06,1,0,1,0
8jueyy,2018-05-16 12:12:34,19,r/MemeEconomy,9,2018-05-16 18:29:31,1,0,1,0
8jueyy,2018-05-16 12:12:34,19,r/MemeEconomy,10,2018-05-16 16:06:52,0,1,13,0
8jueyy,2018-05-16 12:12:34,19,r/MemeEconomy,10,2018-05-16 17:56:55,1,0,5,0
8jueyy,2018-05-16 12:12:34,19,r/MemeEconomy,11,2018-05-16 14:55:49,0,0,6,0
8jueyy,2018-05-16 12:12:34,19,r/MemeEconomy,12,2018-05-16 15:05:38,0,0,6,0
8jueyy,2018-05-16 12:12:34,19,r/MemeEconomy,13,2018-05-16 16:28:34,0,1,6,0
8jueyy,2018-05-16 12:12:34,19,r/MemeEconomy,13,2018-05-16 17:32:28,1,0,5,0
8jueyy,2018-05-16 12:12:34,19,r/MemeEconomy,14,2018-05-16 14:46:36,0,0,15,0
8jueyy,2018-05-16 12:12:34,19,r/MemeEconomy,15,2018-05-16 16:37:16,0,1,15,0
8jueyy,2018-05-16 12:12:34,19,r/MemeEconomy,15,2018-05-16 17:34:05,1,0,6,0
8jueyy,2018-05-16 12:12:34,19,r/MemeEconomy,16,2018-05-16 14:27:13,0,0,20,0
8jueyy,2018-05-16 12:12:34,19,r/MemeEconomy,17,2018-05-16 16:01:18,0,0,4,0
8jueyy,2018-05-16 12:12:34,19,r/MemeEconomy,18,2018-05-16 16:35:12,0,0,3,0
8jueyy,2018-05-16 12:12:34,19,r/MemeEconomy,19,2018-05-16 17:23:22,0,0,4,0
8jueyy,2018-05-16 12:12:34,19,r/MemeEconomy,20,2018-05-16 17:28:41,0,0,3,0
8jueyy,2018-05-16 12:12:34,19,r/MemeEconomy,21,2018-05-16 17:45:10,0,0,3,0
8jueyy,2018-05-16 12:12:34,19,r/MemeEconomy,22,2018-05-16 18:00:04,0,0,3,0
8jueyy,2018-05-16 12:12:34,19,r/MemeEconomy,23,2018-05-16 13:10:52,0,1,31,0
8jueyy,2018-05-16 12:12:34,19,r/MemeEconomy,23,2018-05-16 15:14:49,1,2,-85,0
8jueyy,2018-05-16 12:12:34,19,r/MemeEconomy,23,2018-05-16 15:46:56,2,0,48,0
8jueyy,2018-05-16 12:12:34,19,r/MemeEconomy,23,2018-05-16 15:48:48,2,0,40,0
8jueyy,2018-05-16 12:12:34,19,r/MemeEconomy,24,2018-05-16 16:56:12,0,0,5,0
8jueyy,2018-05-16 12:12:34,19,r/MemeEconomy,25,2018-05-16 15:26:38,0,0,2,0
8jueyy,2018-05-16 12:12:34,19,r/MemeEconomy,26,2018-05-16 16:45:51,0,1,2,0
8jueyy,2018-05-16 12:12:34,19,r/MemeEconomy,26,2018-05-16 17:57:35,1,0,2,0
8jueyy,2018-05-16 12:12:34,19,r/MemeEconomy,27,2018-05-16 16:53:50,0,0,2,0
8jueyy,2018-05-16 12:12:34,19,r/MemeEconomy,28,2018-05-16 16:55:46,0,0,2,0
8jueyy,2018-05-16 12:12:34,19,r/MemeEconomy,29,2018-05-16 17:35:34,0,0,2,0
8jueyy,2018-05-16 12:12:34,19,r/MemeEconomy,30,2018-05-16 17:39:26,0,0,2,0
8jueyy,2018-05-16 12:12:34,19,r/MemeEconomy,31,2018-05-16 14:17:09,0,11,27,0
8jueyy,2018-05-16 12:12:34,19,r/MemeEconomy,31,2018-05-16 15:55:13,1,1,59,0
8jueyy,2018-05-16 12:12:34,19,r/MemeEconomy,31,2018-05-16 16:23:28,2,1,7,0
8jueyy,2018-05-16 12:12:34,19,r/MemeEconomy,31,2018-05-16 17:57:34,3,0,1,0
8jueyy,2018-05-16 12:12:34,19,r/MemeEconomy,31,2018-05-16 16:12:47,1,0,21,0
8jueyy,2018-05-16 12:12:34,19,r/MemeEconomy,31,2018-05-16 15:49:05,1,2,47,0
8jueyy,2018-05-16 12:12:34,19,r/MemeEconomy,31,2018-05-16 16:15:52,2,2,16,0
8jueyy,2018-05-16 12:12:34,19,r/MemeEconomy,31,2018-05-16 17:45:14,3,0,4,0
8jueyy,2018-05-16 12:12:34,19,r/MemeEconomy,31,2018-05-16 16:23:53,3,2,-29,0
8jueyy,2018-05-16 12:12:34,19,r/MemeEconomy,31,2018-05-16 16:30:14,4,2,17,0
8jueyy,2018-05-16 12:12:34,19,r/MemeEconomy,31,2018-05-16 17:33:12,5,0,7,0
8jueyy,2018-05-16 12:12:34,19,r/MemeEconomy,31,2018-05-16 16:34:47,5,2,-13,0
8jueyy,2018-05-16 12:12:34,19,r/MemeEconomy,31,2018-05-16 16:46:05,6,0,11,0
8jueyy,2018-05-16 12:12:34,19,r/MemeEconomy,31,2018-05-16 16:48:37,6,0,7,0
8jueyy,2018-05-16 12:12:34,19,r/MemeEconomy,31,2018-05-16 16:27:39,4,2,7,0
8jueyy,2018-05-16 12:12:34,19,r/MemeEconomy,31,2018-05-16 16:31:34,5,1,1,0
8jueyy,2018-05-16 12:12:34,19,r/MemeEconomy,31,2018-05-16 16:39:40,6,1,5,0
8jueyy,2018-05-16 12:12:34,19,r/MemeEconomy,31,2018-05-16 16:54:26,7,2,-5,0
8jueyy,2018-05-16 12:12:34,19,r/MemeEconomy,31,2018-05-16 17:42:20,8,0,2,0
8jueyy,2018-05-16 12:12:34,19,r/MemeEconomy,31,2018-05-16 17:23:57,8,0,4,0
8jueyy,2018-05-16 12:12:34,19,r/MemeEconomy,31,2018-05-16 16:46:36,5,0,1,0
8jueyy,2018-05-16 12:12:34,19,r/MemeEconomy,31,2018-05-16 17:09:45,2,0,0,0
8jueyy,2018-05-16 12:12:34,19,r/MemeEconomy,31,2018-05-16 14:27:42,1,1,7,0
8jueyy,2018-05-16 12:12:34,19,r/MemeEconomy,31,2018-05-16 14:41:16,2,1,12,0
8jueyy,2018-05-16 12:12:34,19,r/MemeEconomy,31,2018-05-16 16:21:48,3,0,1,0
8jueyy,2018-05-16 12:12:34,19,r/MemeEconomy,31,2018-05-16 14:49:45,1,2,23,0
8jueyy,2018-05-16 12:12:34,19,r/MemeEconomy,31,2018-05-16 15:01:00,2,2,-23,0
8jueyy,2018-05-16 12:12:34,19,r/MemeEconomy,31,2018-05-16 15:15:59,3,2,39,0
8jueyy,2018-05-16 12:12:34,19,r/MemeEconomy,31,2018-05-16 16:21:09,4,1,1,0
8jueyy,2018-05-16 12:12:34,19,r/MemeEconomy,31,2018-05-16 16:30:15,5,1,-2,0
8jueyy,2018-05-16 12:12:34,19,r/MemeEconomy,31,2018-05-16 16:43:57,6,1,2,0
8jueyy,2018-05-16 12:12:34,19,r/MemeEconomy,31,2018-05-16 16:46:34,7,0,-1,0
8jueyy,2018-05-16 12:12:34,19,r/MemeEconomy,31,2018-05-16 16:03:22,4,1,-5,0
8jueyy,2018-05-16 12:12:34,19,r/MemeEconomy,31,2018-05-16 16:15:40,5,0,6,0
8jueyy,2018-05-16 12:12:34,19,r/MemeEconomy,31,2018-05-16 15:25:25,3,0,10,0
8jueyy,2018-05-16 12:12:34,19,r/MemeEconomy,31,2018-05-16 15:14:27,2,4,-45,0
8jueyy,2018-05-16 12:12:34,19,r/MemeEconomy,31,2018-05-16 15:23:47,3,1,33,0
8jueyy,2018-05-16 12:12:34,19,r/MemeEconomy,31,2018-05-16 15:52:52,4,1,-6,0
8jueyy,2018-05-16 12:12:34,19,r/MemeEconomy,31,2018-05-16 16:29:36,5,0,4,0
8jueyy,2018-05-16 12:12:34,19,r/MemeEconomy,31,2018-05-16 16:04:23,3,1,12,0
8jueyy,2018-05-16 12:12:34,19,r/MemeEconomy,31,2018-05-16 16:19:03,4,2,12,0
8jueyy,2018-05-16 12:12:34,19,r/MemeEconomy,31,2018-05-16 16:30:49,5,0,9,0
8jueyy,2018-05-16 12:12:34,19,r/MemeEconomy,31,2018-05-16 18:01:55,5,1,-2,0
8jueyy,2018-05-16 12:12:34,19,r/MemeEconomy,31,2018-05-16 18:11:53,6,0,3,0
8jueyy,2018-05-16 12:12:34,19,r/MemeEconomy,31,2018-05-16 17:58:24,3,0,2,0
8jueyy,2018-05-16 12:12:34,19,r/MemeEconomy,31,2018-05-16 18:26:06,3,0,1,0
8jueyy,2018-05-16 12:12:34,19,r/MemeEconomy,31,2018-05-16 16:11:20,1,0,2,0
8jueyy,2018-05-16 12:12:34,19,r/MemeEconomy,31,2018-05-16 16:23:50,1,0,1,0
8jueyy,2018-05-16 12:12:34,19,r/MemeEconomy,31,2018-05-16 16:30:02,1,0,1,0
8jueyy,2018-05-16 12:12:34,19,r/MemeEconomy,31,2018-05-16 17:15:34,1,1,1,0
8jueyy,2018-05-16 12:12:34,19,r/MemeEconomy,31,2018-05-16 17:45:34,2,1,-1,0
8jueyy,2018-05-16 12:12:34,19,r/MemeEconomy,31,2018-05-16 17:49:48,3,1,4,0
8jueyy,2018-05-16 12:12:34,19,r/MemeEconomy,31,2018-05-16 17:55:19,4,1,-1,0
8jueyy,2018-05-16 12:12:34,19,r/MemeEconomy,31,2018-05-16 18:26:56,5,1,1,0
8jueyy,2018-05-16 12:12:34,19,r/MemeEconomy,31,2018-05-16 18:28:52,6,0,1,0
8jueyy,2018-05-16 12:12:34,19,r/MemeEconomy,31,2018-05-16 17:54:44,1,0,1,0
8jueyy,2018-05-16 12:12:34,19,r/MemeEconomy,31,2018-05-16 16:48:22,1,0,-1,0
8jueyy,2018-05-16 12:12:34,19,r/MemeEconomy,32,2018-05-16 15:17:08,0,1,7,0
8jueyy,2018-05-16 12:12:34,19,r/MemeEconomy,32,2018-05-16 17:48:25,1,0,-6,0
8jueyy,2018-05-16 12:12:34,19,r/MemeEconomy,33,2018-05-16 14:27:56,0,1,4,0
8jueyy,2018-05-16 12:12:34,19,r/MemeEconomy,33,2018-05-16 18:29:25,1,0,1,0
8jueyy,2018-05-16 12:12:34,19,r/MemeEconomy,34,2018-05-16 17:39:10,0,1,4,0
8jueyy,2018-05-16 12:12:34,19,r/MemeEconomy,34,2018-05-16 18:14:20,1,0,0,0
8jueyy,2018-05-16 12:12:34,19,r/MemeEconomy,35,2018-05-16 15:10:32,0,2,4,0
8jueyy,2018-05-16 12:12:34,19,r/MemeEconomy,35,2018-05-16 18:21:10,1,0,1,0
8jueyy,2018-05-16 12:12:34,19,r/MemeEconomy,35,2018-05-16 15:59:27,1,0,-4,0
8jueyy,2018-05-16 12:12:34,19,r/MemeEconomy,36,2018-05-16 12:57:19,0,0,3,0
8jueyy,2018-05-16 12:12:34,19,r/MemeEconomy,37,2018-05-16 14:34:09,0,0,2,0
8jueyy,2018-05-16 12:12:34,19,r/MemeEconomy,38,2018-05-16 17:58:06,0,1,2,0
8jueyy,2018-05-16 12:12:34,19,r/MemeEconomy,38,2018-05-16 18:25:55,1,0,1,0
8jueyy,2018-05-16 12:12:34,19,r/MemeEconomy,39,2018-05-16 15:22:34,0,0,1,0
8jueyy,2018-05-16 12:12:34,19,r/MemeEconomy,40,2018-05-16 16:31:11,0,0,1,0
8jueyy,2018-05-16 12:12:34,19,r/MemeEconomy,41,2018-05-16 16:35:57,0,0,1,0
8jueyy,2018-05-16 12:12:34,19,r/MemeEconomy,42,2018-05-16 16:45:00,0,0,1,0
8jueyy,2018-05-16 12:12:34,19,r/MemeEconomy,43,2018-05-16 16:47:42,0,0,1,0
8jueyy,2018-05-16 12:12:34,19,r/MemeEconomy,44,2018-05-16 16:53:40,0,0,1,0
8jueyy,2018-05-16 12:12:34,19,r/MemeEconomy,45,2018-05-16 17:03:49,0,0,1,0
8jueyy,2018-05-16 12:12:34,19,r/MemeEconomy,46,2018-05-16 17:15:30,0,0,1,0
8jueyy,2018-05-16 12:12:34,19,r/MemeEconomy,47,2018-05-16 17:18:44,0,0,1,0
8jueyy,2018-05-16 12:12:34,19,r/MemeEconomy,48,2018-05-16 17:20:29,0,0,1,0
8jueyy,2018-05-16 12:12:34,19,r/MemeEconomy,49,2018-05-16 17:20:47,0,0,1,0
8jueyy,2018-05-16 12:12:34,19,r/MemeEconomy,50,2018-05-16 17:26:05,0,0,1,0
8jueyy,2018-05-16 12:12:34,19,r/MemeEconomy,51,2018-05-16 17:32:04,0,0,1,0
8jueyy,2018-05-16 12:12:34,19,r/MemeEconomy,52,2018-05-16 17:44:39,0,0,1,0
8jueyy,2018-05-16 12:12:34,19,r/MemeEconomy,53,2018-05-16 17:46:44,0,0,1,0
8jueyy,2018-05-16 12:12:34,19,r/MemeEconomy,54,2018-05-16 17:48:31,0,0,1,0
8jueyy,2018-05-16 12:12:34,19,r/MemeEconomy,55,2018-05-16 17:52:57,0,1,1,0
8jueyy,2018-05-16 12:12:34,19,r/MemeEconomy,55,2018-05-16 18:22:39,1,1,1,0
8jueyy,2018-05-16 12:12:34,19,r/MemeEconomy,55,2018-05-16 18:28:34,2,0,1,0
8jueyy,2018-05-16 12:12:34,19,r/MemeEconomy,56,2018-05-16 17:53:53,0,0,1,0
8jueyy,2018-05-16 12:12:34,19,r/MemeEconomy,57,2018-05-16 17:55:26,0,0,1,0
8jueyy,2018-05-16 12:12:34,19,r/MemeEconomy,58,2018-05-16 18:04:32,0,0,2,0
8jueyy,2018-05-16 12:12:34,19,r/MemeEconomy,59,2018-05-16 18:14:38,0,0,1,0
8jueyy,2018-05-16 12:12:34,19,r/MemeEconomy,60,2018-05-16 18:20:13,0,0,1,0
8jueyy,2018-05-16 12:12:34,19,r/MemeEconomy,61,2018-05-16 18:24:39,0,0,1,0
8jueyy,2018-05-16 12:12:34,19,r/MemeEconomy,62,2018-05-16 18:27:54,0,0,1,0
8jueyy,2018-05-16 12:12:34,19,r/MemeEconomy,63,2018-05-16 18:30:03,0,0,1,0
8jueyy,2018-05-16 12:12:34,19,r/MemeEconomy,64,2018-05-16 18:30:25,0,0,1,0
8jueyy,2018-05-16 12:12:34,19,r/MemeEconomy,65,2018-05-16 17:08:14,0,1,-5,0
8jueyy,2018-05-16 12:12:34,19,r/MemeEconomy,65,2018-05-16 17:23:03,1,1,5,0
8jueyy,2018-05-16 12:12:34,19,r/MemeEconomy,65,2018-05-16 18:12:14,2,0,2,0
8jueyy,2018-05-16 12:12:34,19,r/MemeEconomy,66,2018-05-16 17:57:47,0,0,1,0
8jueyy,2018-05-16 12:12:34,19,r/MemeEconomy,67,2018-05-16 18:10:05,0,0,1,0
8jueyy,2018-05-16 12:12:34,19,r/MemeEconomy,68,2018-05-16 13:51:27,0,4,-50,0
8jueyy,2018-05-16 12:12:34,19,r/MemeEconomy,68,2018-05-16 15:16:50,1,1,49,0
8jueyy,2018-05-16 12:12:34,19,r/MemeEconomy,68,2018-05-16 15:50:23,2,1,-17,0
8jueyy,2018-05-16 12:12:34,19,r/MemeEconomy,68,2018-05-16 15:55:37,3,1,19,0
8jueyy,2018-05-16 12:12:34,19,r/MemeEconomy,68,2018-05-16 17:05:36,4,0,-5,0
8jueyy,2018-05-16 12:12:34,19,r/MemeEconomy,68,2018-05-16 14:36:12,1,1,44,0
8jueyy,2018-05-16 12:12:34,19,r/MemeEconomy,68,2018-05-16 14:49:52,2,1,50,0
8jueyy,2018-05-16 12:12:34,19,r/MemeEconomy,68,2018-05-16 15:39:26,3,0,-8,0
8jueyy,2018-05-16 12:12:34,19,r/MemeEconomy,68,2018-05-16 17:10:31,1,0,3,0
8jueyy,2018-05-16 12:12:34,19,r/MemeEconomy,68,2018-05-16 16:30:11,1,0,10,0
8jueyy,2018-05-16 12:12:34,19,r/MemeEconomy,69,2018-05-16 13:39:37,0,0,-5,0
8jueyy,2018-05-16 12:12:34,19,r/MemeEconomy,70,2018-05-16 17:56:24,0,0,-1,0
8jueyy,2018-05-16 12:12:34,19,r/MemeEconomy,71,2018-05-16 17:13:35,0,1,-21,0
8jueyy,2018-05-16 12:12:34,19,r/MemeEconomy,71,2018-05-16 18:13:06,1,0,-4,0
8jueyy,2018-05-16 12:12:34,19,r/MemeEconomy,72,2018-05-16 18:08:21,0,1,0,0
8jueyy,2018-05-16 12:12:34,19,r/MemeEconomy,72,2018-05-16 18:10:50,1,2,1,0
8jueyy,2018-05-16 12:12:34,19,r/MemeEconomy,72,2018-05-16 18:29:01,2,0,1,0
8jueyy,2018-05-16 12:12:34,19,r/MemeEconomy,72,2018-05-16 18:21:44,2,0,0,0
8jueyy,2018-05-16 12:12:34,19,r/MemeEconomy,73,2018-05-16 18:26:57,0,0,0,0
8jueyy,2018-05-16 12:12:34,19,r/MemeEconomy,74,2018-05-16 16:35:06,0,0,-8,0
8jueyy,2018-05-16 12:12:34,19,r/MemeEconomy,75,2018-05-16 15:09:54,0,0,-9,0
8jueyy,2018-05-16 12:12:34,19,r/MemeEconomy,76,2018-05-16 15:39:29,0,0,-14,0
8jueyy,2018-05-16 12:12:34,19,r/MemeEconomy,77,2018-05-16 16:28:22,0,2,-35,0
8jueyy,2018-05-16 12:12:34,19,r/MemeEconomy,77,2018-05-16 16:40:37,1,1,41,0
8jueyy,2018-05-16 12:12:34,19,r/MemeEconomy,77,2018-05-16 17:38:11,2,3,-10,0
8jueyy,2018-05-16 12:12:34,19,r/MemeEconomy,77,2018-05-16 17:57:25,3,0,3,0
8jueyy,2018-05-16 12:12:34,19,r/MemeEconomy,77,2018-05-16 18:23:51,3,0,1,0
8jueyy,2018-05-16 12:12:34,19,r/MemeEconomy,77,2018-05-16 17:50:43,3,1,-4,0
8jueyy,2018-05-16 12:12:34,19,r/MemeEconomy,77,2018-05-16 17:58:23,4,0,2,0
8jueyy,2018-05-16 12:12:34,19,r/MemeEconomy,77,2018-05-16 18:16:27,1,0,0,0
8jueyy,2018-05-16 12:12:34,19,r/MemeEconomy,78,2018-05-16 17:50:42,0,0,-5,0
8jueyy,2018-05-16 12:12:34,19,r/MemeEconomy,79,2018-05-16 17:07:33,0,2,-29,0
8jueyy,2018-05-16 12:12:34,19,r/MemeEconomy,79,2018-05-16 17:44:46,1,1,15,0
8jueyy,2018-05-16 12:12:34,19,r/MemeEconomy,79,2018-05-16 18:11:05,2,0,-3,0
8jueyy,2018-05-16 12:12:34,19,r/MemeEconomy,79,2018-05-16 18:09:12,1,0,0,0
8jueyy,2018-05-16 12:12:34,19,r/MemeEconomy,80,2018-05-16 17:11:23,0,2,-27,0
8jueyy,2018-05-16 12:12:34,19,r/MemeEconomy,80,2018-05-16 17:34:12,1,2,11,0
8jueyy,2018-05-16 12:12:34,19,r/MemeEconomy,80,2018-05-16 17:49:14,2,0,-6,0
8jueyy,2018-05-16 12:12:34,19,r/MemeEconomy,80,2018-05-16 17:47:59,2,1,-6,0
8jueyy,2018-05-16 12:12:34,19,r/MemeEconomy,80,2018-05-16 17:55:56,3,0,2,0
8jueyy,2018-05-16 12:12:34,19,r/MemeEconomy,80,2018-05-16 18:01:15,1,1,8,0
8jueyy,2018-05-16 12:12:34,19,r/MemeEconomy,80,2018-05-16 18:14:51,2,1,-8,0
8jueyy,2018-05-16 12:12:34,19,r/MemeEconomy,80,2018-05-16 18:30:02,3,0,1,0
8jueyy,2018-05-16 12:12:34,19,r/MemeEconomy,81,2018-05-16 16:50:37,0,2,-16,0
8jueyy,2018-05-16 12:12:34,19,r/MemeEconomy,81,2018-05-16 17:52:24,1,1,1,0
8jueyy,2018-05-16 12:12:34,19,r/MemeEconomy,81,2018-05-16 18:28:09,2,0,1,0
8jueyy,2018-05-16 12:12:34,19,r/MemeEconomy,81,2018-05-16 17:39:17,1,1,-7,0
8jueyy,2018-05-16 12:12:34,19,r/MemeEconomy,81,2018-05-16 18:08:23,2,1,2,0
8jueyy,2018-05-16 12:12:34,19,r/MemeEconomy,81,2018-05-16 18:13:56,3,0,-1,0
8jueyy,2018-05-16 12:12:34,19,r/MemeEconomy,82,2018-05-16 14:55:01,0,5,-77,0
8jueyy,2018-05-16 12:12:34,19,r/MemeEconomy,82,2018-05-16 15:19:19,1,1,63,0
8jueyy,2018-05-16 12:12:34,19,r/MemeEconomy,82,2018-05-16 15:36:57,2,1,-57,0
8jueyy,2018-05-16 12:12:34,19,r/MemeEconomy,82,2018-05-16 15:37:29,3,1,49,0
8jueyy,2018-05-16 12:12:34,19,r/MemeEconomy,82,2018-05-16 15:45:58,4,5,-48,0
8jueyy,2018-05-16 12:12:34,19,r/MemeEconomy,82,2018-05-16 15:57:32,5,1,42,0
8jueyy,2018-05-16 12:12:34,19,r/MemeEconomy,82,2018-05-16 15:58:38,6,2,-22,0
8jueyy,2018-05-16 12:12:34,19,r/MemeEconomy,82,2018-05-16 16:06:40,7,0,29,0
8jueyy,2018-05-16 12:12:34,19,r/MemeEconomy,82,2018-05-16 16:40:48,7,1,14,0
8jueyy,2018-05-16 12:12:34,19,r/MemeEconomy,82,2018-05-16 16:59:38,8,2,-11,0
8jueyy,2018-05-16 12:12:34,19,r/MemeEconomy,82,2018-05-16 17:06:10,9,1,10,0
8jueyy,2018-05-16 12:12:34,19,r/MemeEconomy,82,2018-05-16 17:57:18,9,0,2,0
8jueyy,2018-05-16 12:12:34,19,r/MemeEconomy,82,2018-05-16 16:03:32,5,1,20,0
8jueyy,2018-05-16 12:12:34,19,r/MemeEconomy,82,2018-05-16 16:08:58,6,1,-6,0
8jueyy,2018-05-16 12:12:34,19,r/MemeEconomy,82,2018-05-16 17:19:31,7,0,8,0
8jueyy,2018-05-16 12:12:34,19,r/MemeEconomy,82,2018-05-16 16:05:46,5,0,8,0
8jueyy,2018-05-16 12:12:34,19,r/MemeEconomy,82,2018-05-16 17:01:13,5,0,4,0
8jueyy,2018-05-16 12:12:34,19,r/MemeEconomy,82,2018-05-16 17:39:33,5,1,1,0
8jueyy,2018-05-16 12:12:34,19,r/MemeEconomy,82,2018-05-16 17:49:39,6,1,1,0
8jueyy,2018-05-16 12:12:34,19,r/MemeEconomy,82,2018-05-16 17:51:43,7,1,0,0
8jueyy,2018-05-16 12:12:34,19,r/MemeEconomy,82,2018-05-16 17:59:59,8,1,0,0
8jueyy,2018-05-16 12:12:34,19,r/MemeEconomy,82,2018-05-16 18:00:59,9,0,2,0
8jueyy,2018-05-16 12:12:34,19,r/MemeEconomy,82,2018-05-16 15:57:56,1,1,21,0
8jueyy,2018-05-16 12:12:34,19,r/MemeEconomy,82,2018-05-16 16:34:21,2,1,-15,0
8jueyy,2018-05-16 12:12:34,19,r/MemeEconomy,82,2018-05-16 16:53:27,3,1,7,0
8jueyy,2018-05-16 12:12:34,19,r/MemeEconomy,82,2018-05-16 17:09:52,4,0,-2,0
8jueyy,2018-05-16 12:12:34,19,r/MemeEconomy,82,2018-05-16 15:47:25,1,1,34,0
8jueyy,2018-05-16 12:12:34,19,r/MemeEconomy,82,2018-05-16 17:38:56,2,1,-3,0
8jueyy,2018-05-16 12:12:34,19,r/MemeEconomy,82,2018-05-16 18:17:29,3,0,1,0
8jueyy,2018-05-16 12:12:34,19,r/MemeEconomy,82,2018-05-16 16:20:23,1,1,2,0
8jueyy,2018-05-16 12:12:34,19,r/MemeEconomy,82,2018-05-16 16:57:19,2,0,3,0
8jueyy,2018-05-16 12:12:34,19,r/MemeEconomy,82,2018-05-16 16:46:09,1,0,3,0
8jueyy,2018-05-16 12:12:34,19,r/MemeEconomy,83,2018-05-16 15:38:34,0,2,-59,0
8jueyy,2018-05-16 12:12:34,19,r/MemeEconomy,83,2018-05-16 16:22:22,1,1,30,0
8jueyy,2018-05-16 12:12:34,19,r/MemeEconomy,83,2018-05-16 17:51:14,2,0,-4,0
8jueyy,2018-05-16 12:12:34,19,r/MemeEconomy,83,2018-05-16 18:16:00,1,0,1,0
8jueyy,2018-05-16 12:12:34,19,r/MemeEconomy,84,2018-05-16 17:16:12,0,0,-7,0
8jueyy,2018-05-16 12:12:34,19,r/MemeEconomy,85,2018-05-16 16:47:55,0,0,-12,0
8jueyy,2018-05-16 12:12:34,19,r/MemeEconomy,86,2018-05-16 15:20:41,0,3,-67,0
8jueyy,2018-05-16 12:12:34,19,r/MemeEconomy,86,2018-05-16 15:48:01,1,2,52,0
8jueyy,2018-05-16 12:12:34,19,r/MemeEconomy,86,2018-05-16 16:20:19,2,2,-26,0
8jueyy,2018-05-16 12:12:34,19,r/MemeEconomy,86,2018-05-16 16:58:52,3,0,14,0
8jueyy,2018-05-16 12:12:34,19,r/MemeEconomy,86,2018-05-16 16:33:14,3,0,23,0
8jueyy,2018-05-16 12:12:34,19,r/MemeEconomy,86,2018-05-16 15:55:23,2,4,-40,0
8jueyy,2018-05-16 12:12:34,19,r/MemeEconomy,86,2018-05-16 16:07:37,3,1,30,0
8jueyy,2018-05-16 12:12:34,19,r/MemeEconomy,86,2018-05-16 16:09:25,4,1,-26,0
8jueyy,2018-05-16 12:12:34,19,r/MemeEconomy,86,2018-05-16 16:12:19,5,1,20,0
8jueyy,2018-05-16 12:12:34,19,r/MemeEconomy,86,2018-05-16 16:15:53,6,2,-14,0
8jueyy,2018-05-16 12:12:34,19,r/MemeEconomy,86,2018-05-16 16:32:28,7,0,16,0
8jueyy,2018-05-16 12:12:34,19,r/MemeEconomy,86,2018-05-16 16:55:50,7,1,11,0
8jueyy,2018-05-16 12:12:34,19,r/MemeEconomy,86,2018-05-16 16:58:01,8,0,-6,0
8jueyy,2018-05-16 12:12:34,19,r/MemeEconomy,86,2018-05-16 16:13:30,3,1,12,0
8jueyy,2018-05-16 12:12:34,19,r/MemeEconomy,86,2018-05-16 16:14:29,4,2,-5,0
8jueyy,2018-05-16 12:12:34,19,r/MemeEconomy,86,2018-05-16 16:33:08,5,1,3,0
8jueyy,2018-05-16 12:12:34,19,r/MemeEconomy,86,2018-05-16 16:52:41,6,0,4,0
8jueyy,2018-05-16 12:12:34,19,r/MemeEconomy,86,2018-05-16 16:18:46,5,2,9,0
8jueyy,2018-05-16 12:12:34,19,r/MemeEconomy,86,2018-05-16 16:27:07,6,0,4,0
8jueyy,2018-05-16 12:12:34,19,r/MemeEconomy,86,2018-05-16 16:23:36,6,2,-5,0
8jueyy,2018-05-16 12:12:34,19,r/MemeEconomy,86,2018-05-16 16:39:07,7,2,11,0
8jueyy,2018-05-16 12:12:34,19,r/MemeEconomy,86,2018-05-16 17:21:58,8,1,2,0
8jueyy,2018-05-16 12:12:34,19,r/MemeEconomy,86,2018-05-16 17:48:53,9,0,4,0
8jueyy,2018-05-16 12:12:34,19,r/MemeEconomy,86,2018-05-16 16:42:56,8,0,-3,0
8jueyy,2018-05-16 12:12:34,19,r/MemeEconomy,86,2018-05-16 16:34:00,7,0,5,0
8jueyy,2018-05-16 12:12:34,19,r/MemeEconomy,86,2018-05-16 16:06:47,3,1,22,0
8jueyy,2018-05-16 12:12:34,19,r/MemeEconomy,86,2018-05-16 16:10:21,4,0,-10,0
8jueyy,2018-05-16 12:12:34,19,r/MemeEconomy,86,2018-05-16 17:18:22,3,0,4,0
8jueyy,2018-05-16 12:12:34,19,r/MemeEconomy,86,2018-05-16 16:02:24,1,2,23,0
8jueyy,2018-05-16 12:12:34,19,r/MemeEconomy,86,2018-05-16 16:22:32,2,1,7,0
8jueyy,2018-05-16 12:12:34,19,r/MemeEconomy,86,2018-05-16 16:09:50,2,0,-8,0
8jueyy,2018-05-16 12:12:34,19,r/MemeEconomy,86,2018-05-16 17:11:49,1,0,12,0
8jueyy,2018-05-16 12:12:34,19,r/MemeEconomy,87,2018-05-16 16:51:03,0,4,-21,0
8jueyy,2018-05-16 12:12:34,19,r/MemeEconomy,87,2018-05-16 17:00:22,1,0,8,0
8jueyy,2018-05-16 12:12:34,19,r/MemeEconomy,87,2018-05-16 17:08:01,1,1,14,0
8jueyy,2018-05-16 12:12:34,19,r/MemeEconomy,87,2018-05-16 17:47:16,2,0,4,0
8jueyy,2018-05-16 12:12:34,19,r/MemeEconomy,87,2018-05-16 17:24:21,1,0,5,0
8jueyy,2018-05-16 12:12:34,19,r/MemeEconomy,87,2018-05-16 17:30:23,1,0,1,0
8jueyy,2018-05-16 12:12:34,19,r/MemeEconomy,88,2018-05-16 16:41:34,0,0,-8,0
8jueyy,2018-05-16 12:12:34,19,r/MemeEconomy,89,2018-05-16 18:09:11,0,0,-4,0
8jueyy,2018-05-16 12:12:34,19,r/MemeEconomy,90,2018-05-16 15:16:54,0,5,-72,0
8jueyy,2018-05-16 12:12:34,19,r/MemeEconomy,90,2018-05-16 16:12:52,1,1,27,0
8jueyy,2018-05-16 12:12:34,19,r/MemeEconomy,90,2018-05-16 16:38:50,2,1,20,0
8jueyy,2018-05-16 12:12:34,19,r/MemeEconomy,90,2018-05-16 16:52:08,3,0,11,0
8jueyy,2018-05-16 12:12:34,19,r/MemeEconomy,90,2018-05-16 15:38:06,1,0,29,0
8jueyy,2018-05-16 12:12:34,19,r/MemeEconomy,90,2018-05-16 16:53:10,1,0,8,0
8jueyy,2018-05-16 12:12:34,19,r/MemeEconomy,90,2018-05-16 17:05:17,1,0,3,0
8jueyy,2018-05-16 12:12:34,19,r/MemeEconomy,90,2018-05-16 18:02:17,1,1,3,0
8jueyy,2018-05-16 12:12:34,19,r/MemeEconomy,90,2018-05-16 18:05:55,2,0,0,0
8jueyy,2018-05-16 12:12:34,19,r/MemeEconomy,91,2018-05-16 16:41:28,0,0,-17,0
8jueyy,2018-05-16 12:12:34,19,r/MemeEconomy,92,2018-05-16 16:34:43,0,4,-37,0
8jueyy,2018-05-16 12:12:34,19,r/MemeEconomy,92,2018-05-16 16:44:45,1,0,39,0
8jueyy,2018-05-16 12:12:34,19,r/MemeEconomy,92,2018-05-16 16:50:52,1,0,30,0
8jueyy,2018-05-16 12:12:34,19,r/MemeEconomy,92,2018-05-16 17:08:32,1,0,10,0
8jueyy,2018-05-16 12:12:34,19,r/MemeEconomy,93,2018-05-16 17:58:36,0,1,-3,0
8jueyy,2018-05-16 12:12:34,19,r/MemeEconomy,93,2018-05-16 18:11:45,1,0,3,0
8jueyy,2018-05-16 12:12:34,19,r/MemeEconomy,94,2018-05-16 16:26:49,0,1,-25,0
8jueyy,2018-05-16 12:12:34,19,r/MemeEconomy,94,2018-05-16 16:32:03,1,0,23,0
8jueyy,2018-05-16 12:12:34,19,r/MemeEconomy,95,2018-05-16 17:26:59,0,0,-7,0
8junzk,2018-05-16 12:53:15,20,r/aww,0,2018-05-16 14:03:56,0,8,999,0
8junzk,2018-05-16 12:53:15,20,r/aww,0,2018-05-16 17:09:03,1,6,183,0
8junzk,2018-05-16 12:53:15,20,r/aww,0,2018-05-16 17:43:41,2,5,26,0
8junzk,2018-05-16 12:53:15,20,r/aww,0,2018-05-16 18:08:34,3,1,38,0
8junzk,2018-05-16 12:53:15,20,r/aww,0,2018-05-16 18:23:46,4,0,7,0
8junzk,2018-05-16 12:53:15,20,r/aww,0,2018-05-16 18:07:21,3,1,2,0
8junzk,2018-05-16 12:53:15,20,r/aww,0,2018-05-16 18:23:15,4,0,2,0
8junzk,2018-05-16 12:53:15,20,r/aww,0,2018-05-16 18:10:52,3,2,3,0
8junzk,2018-05-16 12:53:15,20,r/aww,0,2018-05-16 18:22:27,4,0,1,0
8junzk,2018-05-16 12:53:15,20,r/aww,0,2018-05-16 18:23:04,4,0,1,0
8junzk,2018-05-16 12:53:15,20,r/aww,0,2018-05-16 18:24:03,3,0,1,0
8junzk,2018-05-16 12:53:15,20,r/aww,0,2018-05-16 17:49:43,3,0,1,0
8junzk,2018-05-16 12:53:15,20,r/aww,0,2018-05-16 17:58:08,2,0,11,0
8junzk,2018-05-16 12:53:15,20,r/aww,0,2018-05-16 17:45:35,2,1,5,0
8junzk,2018-05-16 12:53:15,20,r/aww,0,2018-05-16 18:09:25,3,0,1,0
8junzk,2018-05-16 12:53:15,20,r/aww,0,2018-05-16 18:21:07,2,0,1,0
8junzk,2018-05-16 12:53:15,20,r/aww,0,2018-05-16 18:23:14,2,0,1,0
8junzk,2018-05-16 12:53:15,20,r/aww,0,2018-05-16 18:23:18,2,0,1,0
8junzk,2018-05-16 12:53:15,20,r/aww,0,2018-05-16 14:23:06,1,1,59,0
8junzk,2018-05-16 12:53:15,20,r/aww,0,2018-05-16 16:23:13,2,0,5,0
8junzk,2018-05-16 12:53:15,20,r/aww,0,2018-05-16 17:46:48,1,0,8,0
8junzk,2018-05-16 12:53:15,20,r/aww,0,2018-05-16 16:23:14,1,0,6,0
8junzk,2018-05-16 12:53:15,20,r/aww,0,2018-05-16 17:25:41,1,0,2,0
8junzk,2018-05-16 12:53:15,20,r/aww,0,2018-05-16 17:51:23,1,0,2,0
8junzk,2018-05-16 12:53:15,20,r/aww,0,2018-05-16 18:05:29,1,0,2,0
8junzk,2018-05-16 12:53:15,20,r/aww,0,2018-05-16 18:21:03,1,0,1,0
8junzk,2018-05-16 12:53:15,20,r/aww,1,2018-05-16 14:37:25,0,3,313,0
8junzk,2018-05-16 12:53:15,20,r/aww,1,2018-05-16 16:43:44,1,1,63,0
8junzk,2018-05-16 12:53:15,20,r/aww,1,2018-05-16 16:49:56,2,0,42,0
8junzk,2018-05-16 12:53:15,20,r/aww,1,2018-05-16 16:50:23,1,0,5,0
8junzk,2018-05-16 12:53:15,20,r/aww,1,2018-05-16 18:09:29,1,0,2,0
8junzk,2018-05-16 12:53:15,20,r/aww,2,2018-05-16 13:01:41,0,5,747,0
8junzk,2018-05-16 12:53:15,20,r/aww,2,2018-05-16 13:11:24,1,2,240,0
8junzk,2018-05-16 12:53:15,20,r/aww,2,2018-05-16 13:57:42,2,1,93,0
8junzk,2018-05-16 12:53:15,20,r/aww,2,2018-05-16 16:50:41,3,1,9,0
8junzk,2018-05-16 12:53:15,20,r/aww,2,2018-05-16 17:28:47,4,0,7,0
8junzk,2018-05-16 12:53:15,20,r/aww,2,2018-05-16 18:03:37,2,0,8,0
8junzk,2018-05-16 12:53:15,20,r/aww,2,2018-05-16 15:29:46,1,3,110,0
8junzk,2018-05-16 12:53:15,20,r/aww,2,2018-05-16 16:35:47,2,0,37,0
8junzk,2018-05-16 12:53:15,20,r/aww,2,2018-05-16 17:41:51,2,0,10,0
8junzk,2018-05-16 12:53:15,20,r/aww,2,2018-05-16 16:56:18,2,0,1,0
8junzk,2018-05-16 12:53:15,20,r/aww,2,2018-05-16 16:51:28,1,0,12,0
8junzk,2018-05-16 12:53:15,20,r/aww,2,2018-05-16 17:21:44,1,0,9,0
8junzk,2018-05-16 12:53:15,20,r/aww,2,2018-05-16 16:05:05,1,0,7,0
8junzk,2018-05-16 12:53:15,20,r/aww,3,2018-05-16 13:13:50,0,3,92,0
8junzk,2018-05-16 12:53:15,20,r/aww,3,2018-05-16 16:50:12,1,0,17,0
8junzk,2018-05-16 12:53:15,20,r/aww,3,2018-05-16 16:57:08,1,0,3,0
8junzk,2018-05-16 12:53:15,20,r/aww,3,2018-05-16 18:13:51,1,0,2,0
8junzk,2018-05-16 12:53:15,20,r/aww,4,2018-05-16 14:30:42,0,0,86,0
8junzk,2018-05-16 12:53:15,20,r/aww,5,2018-05-16 16:13:35,0,1,45,0
8junzk,2018-05-16 12:53:15,20,r/aww,5,2018-05-16 17:21:37,1,0,18,0
8junzk,2018-05-16 12:53:15,20,r/aww,6,2018-05-16 14:56:03,0,2,52,0
8junzk,2018-05-16 12:53:15,20,r/aww,6,2018-05-16 15:42:20,1,0,11,0
8junzk,2018-05-16 12:53:15,20,r/aww,6,2018-05-16 16:30:46,1,1,0,0
8junzk,2018-05-16 12:53:15,20,r/aww,6,2018-05-16 16:36:21,2,2,15,0
8junzk,2018-05-16 12:53:15,20,r/aww,6,2018-05-16 16:55:42,3,0,10,0
8junzk,2018-05-16 12:53:15,20,r/aww,6,2018-05-16 17:03:22,3,0,2,0
8junzk,2018-05-16 12:53:15,20,r/aww,7,2018-05-16 13:31:54,0,8,413,0
8junzk,2018-05-16 12:53:15,20,r/aww,7,2018-05-16 14:56:53,1,0,38,0
8junzk,2018-05-16 12:53:15,20,r/aww,7,2018-05-16 16:10:05,1,0,20,0
8junzk,2018-05-16 12:53:15,20,r/aww,7,2018-05-16 17:43:26,1,0,5,0
8junzk,2018-05-16 12:53:15,20,r/aww,7,2018-05-16 16:44:00,1,0,12,0
8junzk,2018-05-16 12:53:15,20,r/aww,7,2018-05-16 16:32:41,1,0,5,0
8junzk,2018-05-16 12:53:15,20,r/aww,7,2018-05-16 17:34:26,1,0,3,0
8junzk,2018-05-16 12:53:15,20,r/aww,7,2018-05-16 18:26:34,1,0,1,0
8junzk,2018-05-16 12:53:15,20,r/aww,7,2018-05-16 17:13:50,1,2,-26,0
8junzk,2018-05-16 12:53:15,20,r/aww,7,2018-05-16 18:03:11,2,0,6,0
8junzk,2018-05-16 12:53:15,20,r/aww,7,2018-05-16 18:04:01,2,1,-2,0
8junzk,2018-05-16 12:53:15,20,r/aww,7,2018-05-16 18:26:46,3,0,2,0
8junzk,2018-05-16 12:53:15,20,r/aww,8,2018-05-16 15:43:29,0,0,21,0
8junzk,2018-05-16 12:53:15,20,r/aww,9,2018-05-16 13:39:28,0,0,41,0
8junzk,2018-05-16 12:53:15,20,r/aww,10,2018-05-16 17:07:30,0,0,17,0
8junzk,2018-05-16 12:53:15,20,r/aww,11,2018-05-16 13:46:27,0,0,22,0
8junzk,2018-05-16 12:53:15,20,r/aww,12,2018-05-16 13:50:04,0,0,10,0
8junzk,2018-05-16 12:53:15,20,r/aww,13,2018-05-16 14:54:55,0,0,9,0
8junzk,2018-05-16 12:53:15,20,r/aww,14,2018-05-16 16:55:11,0,0,9,0
8junzk,2018-05-16 12:53:15,20,r/aww,15,2018-05-16 13:08:18,0,1,9,0
8junzk,2018-05-16 12:53:15,20,r/aww,15,2018-05-16 18:07:23,1,0,2,0
8junzk,2018-05-16 12:53:15,20,r/aww,16,2018-05-16 16:48:22,0,0,8,0
8junzk,2018-05-16 12:53:15,20,r/aww,17,2018-05-16 15:58:05,0,0,6,0
8junzk,2018-05-16 12:53:15,20,r/aww,18,2018-05-16 14:05:20,0,0,5,0
8junzk,2018-05-16 12:53:15,20,r/aww,19,2018-05-16 15:51:00,0,0,4,0
8junzk,2018-05-16 12:53:15,20,r/aww,20,2018-05-16 16:10:57,0,0,4,0
8junzk,2018-05-16 12:53:15,20,r/aww,21,2018-05-16 16:11:33,0,0,4,0
8junzk,2018-05-16 12:53:15,20,r/aww,22,2018-05-16 14:22:21,0,0,3,0
8junzk,2018-05-16 12:53:15,20,r/aww,23,2018-05-16 15:50:25,0,0,3,0
8junzk,2018-05-16 12:53:15,20,r/aww,24,2018-05-16 16:20:57,0,0,3,0
8junzk,2018-05-16 12:53:15,20,r/aww,25,2018-05-16 16:28:30,0,0,3,0
8junzk,2018-05-16 12:53:15,20,r/aww,26,2018-05-16 16:37:30,0,0,3,0
8junzk,2018-05-16 12:53:15,20,r/aww,27,2018-05-16 17:22:59,0,0,3,0
8junzk,2018-05-16 12:53:15,20,r/aww,28,2018-05-16 17:38:33,0,0,3,0
8junzk,2018-05-16 12:53:15,20,r/aww,29,2018-05-16 13:52:06,0,2,2,0
8junzk,2018-05-16 12:53:15,20,r/aww,29,2018-05-16 15:08:10,1,0,11,0
8junzk,2018-05-16 12:53:15,20,r/aww,29,2018-05-16 15:40:18,1,0,2,0
8junzk,2018-05-16 12:53:15,20,r/aww,30,2018-05-16 16:00:48,0,0,2,0
8junzk,2018-05-16 12:53:15,20,r/aww,31,2018-05-16 16:04:36,0,0,2,0
8junzk,2018-05-16 12:53:15,20,r/aww,32,2018-05-16 16:06:27,0,0,2,0
8junzk,2018-05-16 12:53:15,20,r/aww,33,2018-05-16 16:20:14,0,0,2,0
8junzk,2018-05-16 12:53:15,20,r/aww,34,2018-05-16 16:22:15,0,0,2,0
8junzk,2018-05-16 12:53:15,20,r/aww,35,2018-05-16 16:25:14,0,0,2,0
8junzk,2018-05-16 12:53:15,20,r/aww,36,2018-05-16 16:42:27,0,0,2,0
8junzk,2018-05-16 12:53:15,20,r/aww,37,2018-05-16 16:42:46,0,0,2,0
8junzk,2018-05-16 12:53:15,20,r/aww,38,2018-05-16 17:06:12,0,0,2,0
8junzk,2018-05-16 12:53:15,20,r/aww,39,2018-05-16 17:14:00,0,0,2,0
8junzk,2018-05-16 12:53:15,20,r/aww,40,2018-05-16 17:23:16,0,0,2,0
8junzk,2018-05-16 12:53:15,20,r/aww,41,2018-05-16 17:28:23,0,0,2,0
8junzk,2018-05-16 12:53:15,20,r/aww,42,2018-05-16 17:31:43,0,0,2,0
8junzk,2018-05-16 12:53:15,20,r/aww,43,2018-05-16 17:35:41,0,0,2,0
8junzk,2018-05-16 12:53:15,20,r/aww,44,2018-05-16 17:41:51,0,0,2,0
8junzk,2018-05-16 12:53:15,20,r/aww,45,2018-05-16 17:43:27,0,0,2,0
8junzk,2018-05-16 12:53:15,20,r/aww,46,2018-05-16 17:55:23,0,0,2,0
8junzk,2018-05-16 12:53:15,20,r/aww,47,2018-05-16 17:57:46,0,0,2,0
8junzk,2018-05-16 12:53:15,20,r/aww,48,2018-05-16 17:59:28,0,0,2,0
8junzk,2018-05-16 12:53:15,20,r/aww,49,2018-05-16 18:15:48,0,0,2,0
8junzk,2018-05-16 12:53:15,20,r/aww,50,2018-05-16 13:00:45,0,0,2,0
8junzk,2018-05-16 12:53:15,20,r/aww,51,2018-05-16 15:15:30,0,0,1,0
8junzk,2018-05-16 12:53:15,20,r/aww,52,2018-05-16 15:49:11,0,0,1,0
8junzk,2018-05-16 12:53:15,20,r/aww,53,2018-05-16 16:02:37,0,0,1,0
8junzk,2018-05-16 12:53:15,20,r/aww,54,2018-05-16 16:14:34,0,0,1,0
8junzk,2018-05-16 12:53:15,20,r/aww,55,2018-05-16 16:19:40,0,0,1,0
8junzk,2018-05-16 12:53:15,20,r/aww,56,2018-05-16 16:29:03,0,0,1,0
8junzk,2018-05-16 12:53:15,20,r/aww,57,2018-05-16 16:29:53,0,0,1,0
8junzk,2018-05-16 12:53:15,20,r/aww,58,2018-05-16 16:29:58,0,0,1,0
8junzk,2018-05-16 12:53:15,20,r/aww,59,2018-05-16 16:31:26,0,0,1,0
8junzk,2018-05-16 12:53:15,20,r/aww,60,2018-05-16 16:33:26,0,0,1,0
8junzk,2018-05-16 12:53:15,20,r/aww,61,2018-05-16 16:33:26,0,0,1,0
8junzk,2018-05-16 12:53:15,20,r/aww,62,2018-05-16 16:37:21,0,0,1,0
8junzk,2018-05-16 12:53:15,20,r/aww,63,2018-05-16 16:37:33,0,0,1,0
8junzk,2018-05-16 12:53:15,20,r/aww,64,2018-05-16 16:38:41,0,0,1,0
8junzk,2018-05-16 12:53:15,20,r/aww,65,2018-05-16 16:40:59,0,0,1,0
8junzk,2018-05-16 12:53:15,20,r/aww,66,2018-05-16 16:45:46,0,0,1,0
8junzk,2018-05-16 12:53:15,20,r/aww,67,2018-05-16 16:45:54,0,0,1,0
8junzk,2018-05-16 12:53:15,20,r/aww,68,2018-05-16 16:49:28,0,0,1,0
8junzk,2018-05-16 12:53:15,20,r/aww,69,2018-05-16 16:51:07,0,0,1,0
8junzk,2018-05-16 12:53:15,20,r/aww,70,2018-05-16 16:55:33,0,0,1,0
8junzk,2018-05-16 12:53:15,20,r/aww,71,2018-05-16 16:55:52,0,0,1,0
8junzk,2018-05-16 12:53:15,20,r/aww,72,2018-05-16 16:55:59,0,0,1,0
8junzk,2018-05-16 12:53:15,20,r/aww,73,2018-05-16 16:56:04,0,0,1,0
8junzk,2018-05-16 12:53:15,20,r/aww,74,2018-05-16 16:57:51,0,0,1,0
8junzk,2018-05-16 12:53:15,20,r/aww,75,2018-05-16 16:58:36,0,0,1,0
8junzk,2018-05-16 12:53:15,20,r/aww,76,2018-05-16 16:59:24,0,0,1,0
8junzk,2018-05-16 12:53:15,20,r/aww,77,2018-05-16 17:00:20,0,0,1,0
8junzk,2018-05-16 12:53:15,20,r/aww,78,2018-05-16 17:00:56,0,0,1,0
8junzk,2018-05-16 12:53:15,20,r/aww,79,2018-05-16 17:03:17,0,0,1,0
8junzk,2018-05-16 12:53:15,20,r/aww,80,2018-05-16 17:04:47,0,0,1,0
8junzk,2018-05-16 12:53:15,20,r/aww,81,2018-05-16 17:05:06,0,0,1,0
8junzk,2018-05-16 12:53:15,20,r/aww,82,2018-05-16 17:05:13,0,0,1,0
8junzk,2018-05-16 12:53:15,20,r/aww,83,2018-05-16 17:07:48,0,0,1,0
8junzk,2018-05-16 12:53:15,20,r/aww,84,2018-05-16 17:09:11,0,0,1,0
8junzk,2018-05-16 12:53:15,20,r/aww,85,2018-05-16 17:10:23,0,0,1,0
8junzk,2018-05-16 12:53:15,20,r/aww,86,2018-05-16 17:16:28,0,0,1,0
8junzk,2018-05-16 12:53:15,20,r/aww,87,2018-05-16 17:17:33,0,0,1,0
8junzk,2018-05-16 12:53:15,20,r/aww,88,2018-05-16 17:19:10,0,0,1,0
8junzk,2018-05-16 12:53:15,20,r/aww,89,2018-05-16 17:21:20,0,0,1,0
8junzk,2018-05-16 12:53:15,20,r/aww,90,2018-05-16 17:24:23,0,0,1,0
8junzk,2018-05-16 12:53:15,20,r/aww,91,2018-05-16 17:27:59,0,0,1,0
8junzk,2018-05-16 12:53:15,20,r/aww,92,2018-05-16 17:30:38,0,0,1,0
8junzk,2018-05-16 12:53:15,20,r/aww,93,2018-05-16 17:31:10,0,0,1,0
8junzk,2018-05-16 12:53:15,20,r/aww,94,2018-05-16 17:31:36,0,0,1,0
8junzk,2018-05-16 12:53:15,20,r/aww,95,2018-05-16 17:31:48,0,0,1,0
8junzk,2018-05-16 12:53:15,20,r/aww,96,2018-05-16 17:33:52,0,0,1,0
8junzk,2018-05-16 12:53:15,20,r/aww,97,2018-05-16 17:35:51,0,0,1,0
8junzk,2018-05-16 12:53:15,20,r/aww,98,2018-05-16 17:36:30,0,0,1,0
8junzk,2018-05-16 12:53:15,20,r/aww,99,2018-05-16 17:39:13,0,0,1,0
8junzk,2018-05-16 12:53:15,20,r/aww,100,2018-05-16 17:40:30,0,0,1,0
8junzk,2018-05-16 12:53:15,20,r/aww,101,2018-05-16 17:47:19,0,0,1,0
8junzk,2018-05-16 12:53:15,20,r/aww,102,2018-05-16 17:47:47,0,0,1,0
8junzk,2018-05-16 12:53:15,20,r/aww,103,2018-05-16 17:48:47,0,0,1,0
8junzk,2018-05-16 12:53:15,20,r/aww,104,2018-05-16 17:49:41,0,0,1,0
8junzk,2018-05-16 12:53:15,20,r/aww,105,2018-05-16 17:50:36,0,0,1,0
8junzk,2018-05-16 12:53:15,20,r/aww,106,2018-05-16 17:50:37,0,0,1,0
8junzk,2018-05-16 12:53:15,20,r/aww,107,2018-05-16 17:51:22,0,0,1,0
8junzk,2018-05-16 12:53:15,20,r/aww,108,2018-05-16 17:51:26,0,0,1,0
8junzk,2018-05-16 12:53:15,20,r/aww,109,2018-05-16 17:53:58,0,0,1,0
8junzk,2018-05-16 12:53:15,20,r/aww,110,2018-05-16 18:02:09,0,0,1,0
8junzk,2018-05-16 12:53:15,20,r/aww,111,2018-05-16 18:02:35,0,0,1,0
8junzk,2018-05-16 12:53:15,20,r/aww,112,2018-05-16 18:02:36,0,0,1,0
8junzk,2018-05-16 12:53:15,20,r/aww,113,2018-05-16 18:03:29,0,0,1,0
8junzk,2018-05-16 12:53:15,20,r/aww,114,2018-05-16 18:06:04,0,0,1,0
8junzk,2018-05-16 12:53:15,20,r/aww,115,2018-05-16 18:06:45,0,0,1,0
8junzk,2018-05-16 12:53:15,20,r/aww,116,2018-05-16 18:08:55,0,0,1,0
8junzk,2018-05-16 12:53:15,20,r/aww,117,2018-05-16 18:09:51,0,0,1,0
8junzk,2018-05-16 12:53:15,20,r/aww,118,2018-05-16 18:14:19,0,0,1,0
8junzk,2018-05-16 12:53:15,20,r/aww,119,2018-05-16 18:16:32,0,0,1,0
8junzk,2018-05-16 12:53:15,20,r/aww,120,2018-05-16 18:17:18,0,0,1,0
8junzk,2018-05-16 12:53:15,20,r/aww,121,2018-05-16 18:17:47,0,0,1,0
8junzk,2018-05-16 12:53:15,20,r/aww,122,2018-05-16 18:21:32,0,0,1,0
8junzk,2018-05-16 12:53:15,20,r/aww,123,2018-05-16 18:21:51,0,0,1,0
8junzk,2018-05-16 12:53:15,20,r/aww,124,2018-05-16 18:23:51,0,0,1,0
8junzk,2018-05-16 12:53:15,20,r/aww,125,2018-05-16 18:24:12,0,0,1,0
8junzk,2018-05-16 12:53:15,20,r/aww,126,2018-05-16 18:24:35,0,0,1,0
8junzk,2018-05-16 12:53:15,20,r/aww,127,2018-05-16 18:27:47,0,0,1,0
8junzk,2018-05-16 12:53:15,20,r/aww,128,2018-05-16 18:27:53,0,0,1,0
8junzk,2018-05-16 12:53:15,20,r/aww,129,2018-05-16 18:28:23,0,0,1,0
8junzk,2018-05-16 12:53:15,20,r/aww,130,2018-05-16 18:28:53,0,0,1,0
8junzk,2018-05-16 12:53:15,20,r/aww,131,2018-05-16 18:29:07,0,0,1,0
8junzk,2018-05-16 12:53:15,20,r/aww,132,2018-05-16 18:29:24,0,0,1,0
8junzk,2018-05-16 12:53:15,20,r/aww,133,2018-05-16 18:29:56,0,0,1,0
8junzk,2018-05-16 12:53:15,20,r/aww,134,2018-05-16 18:30:00,0,0,1,0
8junzk,2018-05-16 12:53:15,20,r/aww,135,2018-05-16 18:30:21,0,0,1,0
8junzk,2018-05-16 12:53:15,20,r/aww,136,2018-05-16 18:30:23,0,0,1,0
8junzk,2018-05-16 12:53:15,20,r/aww,137,2018-05-16 16:30:51,0,0,1,0
8junzk,2018-05-16 12:53:15,20,r/aww,138,2018-05-16 17:11:42,0,0,1,0
8junzk,2018-05-16 12:53:15,20,r/aww,139,2018-05-16 14:32:16,0,0,-2,0
8junzk,2018-05-16 12:53:15,20,r/aww,140,2018-05-16 18:13:55,0,1,-1,0
8junzk,2018-05-16 12:53:15,20,r/aww,140,2018-05-16 18:25:48,1,0,1,0
8junzk,2018-05-16 12:53:15,20,r/aww,141,2018-05-16 16:31:19,0,1,-2,0
8junzk,2018-05-16 12:53:15,20,r/aww,141,2018-05-16 18:25:05,1,0,1,0
8junzk,2018-05-16 12:53:15,20,r/aww,142,2018-05-16 17:25:54,0,0,-4,0
8junzk,2018-05-16 12:53:15,20,r/aww,143,2018-05-16 13:50:49,0,0,-8,0
8jubbx,2018-05-16 11:56:38,21,r/WhitePeopleTwitter,0,2018-05-16 13:57:39,0,6,3056,0
8jubbx,2018-05-16 11:56:38,21,r/WhitePeopleTwitter,0,2018-05-16 14:31:04,1,3,653,0
8jubbx,2018-05-16 11:56:38,21,r/WhitePeopleTwitter,0,2018-05-16 14:42:03,2,2,363,0
8jubbx,2018-05-16 11:56:38,21,r/WhitePeopleTwitter,0,2018-05-16 14:46:46,3,2,264,0
8jubbx,2018-05-16 11:56:38,21,r/WhitePeopleTwitter,0,2018-05-16 14:55:34,4,2,251,0
8jubbx,2018-05-16 11:56:38,21,r/WhitePeopleTwitter,0,2018-05-16 15:13:06,5,2,245,0
8jubbx,2018-05-16 11:56:38,21,r/WhitePeopleTwitter,0,2018-05-16 15:20:01,6,2,172,0
8jubbx,2018-05-16 11:56:38,21,r/WhitePeopleTwitter,0,2018-05-16 16:03:32,7,1,55,0
8jubbx,2018-05-16 11:56:38,21,r/WhitePeopleTwitter,0,2018-05-16 16:32:53,8,1,39,0
8jubbx,2018-05-16 11:56:38,21,r/WhitePeopleTwitter,0,2018-05-16 17:42:36,9,1,7,0
8jubbx,2018-05-16 11:56:38,21,r/WhitePeopleTwitter,0,2018-05-16 17:12:19,6,1,7,0
8jubbx,2018-05-16 11:56:38,21,r/WhitePeopleTwitter,0,2018-05-16 17:15:55,7,0,3,0
8jubbx,2018-05-16 11:56:38,21,r/WhitePeopleTwitter,0,2018-05-16 15:53:18,5,0,18,0
8jubbx,2018-05-16 11:56:38,21,r/WhitePeopleTwitter,0,2018-05-16 15:21:49,4,1,44,0
8jubbx,2018-05-16 11:56:38,21,r/WhitePeopleTwitter,0,2018-05-16 15:53:00,5,1,6,0
8jubbx,2018-05-16 11:56:38,21,r/WhitePeopleTwitter,0,2018-05-16 15:19:56,2,0,5,0
8jubbx,2018-05-16 11:56:38,21,r/WhitePeopleTwitter,0,2018-05-16 17:01:24,2,0,2,0
8jubbx,2018-05-16 11:56:38,21,r/WhitePeopleTwitter,0,2018-05-16 14:40:37,1,4,226,0
8jubbx,2018-05-16 11:56:38,21,r/WhitePeopleTwitter,0,2018-05-16 15:45:58,2,0,22,0
8jubbx,2018-05-16 11:56:38,21,r/WhitePeopleTwitter,0,2018-05-16 15:56:11,2,2,13,0
8jubbx,2018-05-16 11:56:38,21,r/WhitePeopleTwitter,0,2018-05-16 16:41:27,3,0,6,0
8jubbx,2018-05-16 11:56:38,21,r/WhitePeopleTwitter,0,2018-05-16 16:01:59,2,1,2,0
8jubbx,2018-05-16 11:56:38,21,r/WhitePeopleTwitter,0,2018-05-16 16:04:38,3,0,4,0
8jubbx,2018-05-16 11:56:38,21,r/WhitePeopleTwitter,0,2018-05-16 15:16:40,1,1,63,0
8jubbx,2018-05-16 11:56:38,21,r/WhitePeopleTwitter,0,2018-05-16 15:25:09,2,1,48,0
8jubbx,2018-05-16 11:56:38,21,r/WhitePeopleTwitter,0,2018-05-16 15:43:46,3,1,20,0
8jubbx,2018-05-16 11:56:38,21,r/WhitePeopleTwitter,0,2018-05-16 14:35:39,1,1,63,0
8jubbx,2018-05-16 11:56:38,21,r/WhitePeopleTwitter,0,2018-05-16 14:40:55,2,1,29,0
8jubbx,2018-05-16 11:56:38,21,r/WhitePeopleTwitter,0,2018-05-16 15:30:23,3,0,10,0
8jubbx,2018-05-16 11:56:38,21,r/WhitePeopleTwitter,0,2018-05-16 15:31:54,1,4,27,0
8jubbx,2018-05-16 11:56:38,21,r/WhitePeopleTwitter,0,2018-05-16 15:56:49,2,3,43,0
8jubbx,2018-05-16 11:56:38,21,r/WhitePeopleTwitter,0,2018-05-16 16:22:56,3,2,18,0
8jubbx,2018-05-16 11:56:38,21,r/WhitePeopleTwitter,0,2018-05-16 16:28:09,4,1,12,0
8jubbx,2018-05-16 11:56:38,21,r/WhitePeopleTwitter,0,2018-05-16 16:31:37,5,2,15,0
8jubbx,2018-05-16 11:56:38,21,r/WhitePeopleTwitter,0,2018-05-16 17:47:27,6,1,3,0
8jubbx,2018-05-16 11:56:38,21,r/WhitePeopleTwitter,0,2018-05-16 17:06:37,6,1,6,0
8jubbx,2018-05-16 11:56:38,21,r/WhitePeopleTwitter,0,2018-05-16 17:12:13,3,0,2,0
8jubbx,2018-05-16 11:56:38,21,r/WhitePeopleTwitter,0,2018-05-16 15:53:53,2,0,9,0
8jubbx,2018-05-16 11:56:38,21,r/WhitePeopleTwitter,0,2018-05-16 16:34:21,2,1,2,0
8jubbx,2018-05-16 11:56:38,21,r/WhitePeopleTwitter,0,2018-05-16 16:48:02,3,0,2,0
8jubbx,2018-05-16 11:56:38,21,r/WhitePeopleTwitter,1,2018-05-16 12:13:48,0,3,3031,0
8jubbx,2018-05-16 11:56:38,21,r/WhitePeopleTwitter,1,2018-05-16 14:40:38,1,5,1516,0
8jubbx,2018-05-16 11:56:38,21,r/WhitePeopleTwitter,1,2018-05-16 14:52:38,2,1,105,0
8jubbx,2018-05-16 11:56:38,21,r/WhitePeopleTwitter,1,2018-05-16 17:07:14,3,0,2,0
8jubbx,2018-05-16 11:56:38,21,r/WhitePeopleTwitter,1,2018-05-16 14:45:48,2,9,434,0
8jubbx,2018-05-16 11:56:38,21,r/WhitePeopleTwitter,1,2018-05-16 14:49:28,3,4,268,0
8jubbx,2018-05-16 11:56:38,21,r/WhitePeopleTwitter,1,2018-05-16 14:50:41,4,5,386,0
8jubbx,2018-05-16 11:56:38,21,r/WhitePeopleTwitter,1,2018-05-16 14:53:31,5,6,319,0
8jubbx,2018-05-16 11:56:38,21,r/WhitePeopleTwitter,1,2018-05-16 15:08:08,6,3,467,0
8jubbx,2018-05-16 11:56:38,21,r/WhitePeopleTwitter,1,2018-05-16 15:11:04,7,1,48,0
8jubbx,2018-05-16 11:56:38,21,r/WhitePeopleTwitter,1,2018-05-16 15:14:26,8,2,9,0
8jubbx,2018-05-16 11:56:38,21,r/WhitePeopleTwitter,1,2018-05-16 15:17:00,9,1,2,0
8jubbx,2018-05-16 11:56:38,21,r/WhitePeopleTwitter,1,2018-05-16 15:33:25,7,1,4,0
8jubbx,2018-05-16 11:56:38,21,r/WhitePeopleTwitter,1,2018-05-16 17:16:31,8,1,3,0
8jubbx,2018-05-16 11:56:38,21,r/WhitePeopleTwitter,1,2018-05-16 15:37:33,6,1,39,0
8jubbx,2018-05-16 11:56:38,21,r/WhitePeopleTwitter,1,2018-05-16 15:12:22,6,3,17,0
8jubbx,2018-05-16 11:56:38,21,r/WhitePeopleTwitter,1,2018-05-16 15:22:14,7,1,36,0
8jubbx,2018-05-16 11:56:38,21,r/WhitePeopleTwitter,1,2018-05-16 15:23:17,7,0,4,0
8jubbx,2018-05-16 11:56:38,21,r/WhitePeopleTwitter,1,2018-05-16 15:23:12,6,2,4,0
8jubbx,2018-05-16 11:56:38,21,r/WhitePeopleTwitter,1,2018-05-16 16:23:19,7,1,2,0
8jubbx,2018-05-16 11:56:38,21,r/WhitePeopleTwitter,1,2018-05-16 16:30:18,8,0,2,0
8jubbx,2018-05-16 11:56:38,21,r/WhitePeopleTwitter,1,2018-05-16 15:26:45,6,0,2,0
8jubbx,2018-05-16 11:56:38,21,r/WhitePeopleTwitter,1,2018-05-16 14:53:34,5,10,129,0
8jubbx,2018-05-16 11:56:38,21,r/WhitePeopleTwitter,1,2018-05-16 14:55:55,6,2,140,0
8jubbx,2018-05-16 11:56:38,21,r/WhitePeopleTwitter,1,2018-05-16 14:59:49,7,5,48,0
8jubbx,2018-05-16 11:56:38,21,r/WhitePeopleTwitter,1,2018-05-16 15:47:00,8,3,58,0
8jubbx,2018-05-16 11:56:38,21,r/WhitePeopleTwitter,1,2018-05-16 15:57:42,9,1,21,0
8jubbx,2018-05-16 11:56:38,21,r/WhitePeopleTwitter,1,2018-05-16 16:05:04,9,0,3,0
8jubbx,2018-05-16 11:56:38,21,r/WhitePeopleTwitter,1,2018-05-16 16:00:15,8,0,2,0
8jubbx,2018-05-16 11:56:38,21,r/WhitePeopleTwitter,1,2018-05-16 16:04:42,8,0,2,0
8jubbx,2018-05-16 11:56:38,21,r/WhitePeopleTwitter,1,2018-05-16 17:11:49,8,0,2,0
8jubbx,2018-05-16 11:56:38,21,r/WhitePeopleTwitter,1,2018-05-16 15:40:11,7,0,4,0
8jubbx,2018-05-16 11:56:38,21,r/WhitePeopleTwitter,1,2018-05-16 15:06:51,6,1,12,0
8jubbx,2018-05-16 11:56:38,21,r/WhitePeopleTwitter,1,2018-05-16 14:56:49,6,5,157,0
8jubbx,2018-05-16 11:56:38,21,r/WhitePeopleTwitter,1,2018-05-16 15:02:32,7,1,68,0
8jubbx,2018-05-16 11:56:38,21,r/WhitePeopleTwitter,1,2018-05-16 15:17:54,7,0,26,0
8jubbx,2018-05-16 11:56:38,21,r/WhitePeopleTwitter,1,2018-05-16 15:35:07,7,0,6,0
8jubbx,2018-05-16 11:56:38,21,r/WhitePeopleTwitter,1,2018-05-16 15:32:16,7,0,2,0
8jubbx,2018-05-16 11:56:38,21,r/WhitePeopleTwitter,1,2018-05-16 15:01:56,6,2,28,0
8jubbx,2018-05-16 11:56:38,21,r/WhitePeopleTwitter,1,2018-05-16 15:45:26,7,3,38,0
8jubbx,2018-05-16 11:56:38,21,r/WhitePeopleTwitter,1,2018-05-16 16:12:42,8,1,15,0
8jubbx,2018-05-16 11:56:38,21,r/WhitePeopleTwitter,1,2018-05-16 16:10:15,8,0,2,0
8jubbx,2018-05-16 11:56:38,21,r/WhitePeopleTwitter,1,2018-05-16 14:57:01,6,1,42,0
8jubbx,2018-05-16 11:56:38,21,r/WhitePeopleTwitter,1,2018-05-16 15:07:45,6,0,4,0
8jubbx,2018-05-16 11:56:38,21,r/WhitePeopleTwitter,1,2018-05-16 15:06:35,6,1,10,0
8jubbx,2018-05-16 11:56:38,21,r/WhitePeopleTwitter,1,2018-05-16 16:07:16,7,1,2,0
8jubbx,2018-05-16 11:56:38,21,r/WhitePeopleTwitter,1,2018-05-16 14:55:23,6,2,34,0
8jubbx,2018-05-16 11:56:38,21,r/WhitePeopleTwitter,1,2018-05-16 15:14:10,7,2,11,0
8jubbx,2018-05-16 11:56:38,21,r/WhitePeopleTwitter,1,2018-05-16 15:33:36,8,1,6,0
8jubbx,2018-05-16 11:56:38,21,r/WhitePeopleTwitter,1,2018-05-16 15:47:14,9,1,5,0
8jubbx,2018-05-16 11:56:38,21,r/WhitePeopleTwitter,1,2018-05-16 15:57:00,8,0,6,0
8jubbx,2018-05-16 11:56:38,21,r/WhitePeopleTwitter,1,2018-05-16 15:32:03,6,2,4,0
8jubbx,2018-05-16 11:56:38,21,r/WhitePeopleTwitter,1,2018-05-16 16:16:53,7,1,2,0
8jubbx,2018-05-16 11:56:38,21,r/WhitePeopleTwitter,1,2018-05-16 14:54:43,5,1,10,0
8jubbx,2018-05-16 11:56:38,21,r/WhitePeopleTwitter,1,2018-05-16 14:52:39,5,1,4,0
8jubbx,2018-05-16 11:56:38,21,r/WhitePeopleTwitter,1,2018-05-16 14:53:50,6,0,3,0
8jubbx,2018-05-16 11:56:38,21,r/WhitePeopleTwitter,1,2018-05-16 17:02:43,4,0,2,0
8jubbx,2018-05-16 11:56:38,21,r/WhitePeopleTwitter,1,2018-05-16 15:10:23,4,1,3,0
8jubbx,2018-05-16 11:56:38,21,r/WhitePeopleTwitter,1,2018-05-16 15:07:08,3,0,48,0
8jubbx,2018-05-16 11:56:38,21,r/WhitePeopleTwitter,1,2018-05-16 14:50:51,3,3,76,0
8jubbx,2018-05-16 11:56:38,21,r/WhitePeopleTwitter,1,2018-05-16 14:53:31,4,0,32,0
8jubbx,2018-05-16 11:56:38,21,r/WhitePeopleTwitter,1,2018-05-16 14:53:29,4,0,31,0
8jubbx,2018-05-16 11:56:38,21,r/WhitePeopleTwitter,1,2018-05-16 15:18:23,3,0,5,0
8jubbx,2018-05-16 11:56:38,21,r/WhitePeopleTwitter,1,2018-05-16 15:37:34,3,0,6,0
8jubbx,2018-05-16 11:56:38,21,r/WhitePeopleTwitter,1,2018-05-16 14:55:30,3,2,19,0
8jubbx,2018-05-16 11:56:38,21,r/WhitePeopleTwitter,1,2018-05-16 15:03:35,4,1,3,0
8jubbx,2018-05-16 11:56:38,21,r/WhitePeopleTwitter,1,2018-05-16 15:12:09,4,0,2,0
8jubbx,2018-05-16 11:56:38,21,r/WhitePeopleTwitter,1,2018-05-16 15:01:27,3,0,5,0
8jubbx,2018-05-16 11:56:38,21,r/WhitePeopleTwitter,1,2018-05-16 16:39:25,3,0,2,0
8jubbx,2018-05-16 11:56:38,21,r/WhitePeopleTwitter,1,2018-05-16 15:00:51,2,1,5,0
8jubbx,2018-05-16 11:56:38,21,r/WhitePeopleTwitter,1,2018-05-16 15:35:15,2,1,5,0
8jubbx,2018-05-16 11:56:38,21,r/WhitePeopleTwitter,1,2018-05-16 16:12:58,3,1,2,0
8jubbx,2018-05-16 11:56:38,21,r/WhitePeopleTwitter,1,2018-05-16 16:25:55,4,0,2,0
8jubbx,2018-05-16 11:56:38,21,r/WhitePeopleTwitter,1,2018-05-16 14:40:17,1,13,177,0
8jubbx,2018-05-16 11:56:38,21,r/WhitePeopleTwitter,1,2018-05-16 14:57:07,2,8,286,0
8jubbx,2018-05-16 11:56:38,21,r/WhitePeopleTwitter,1,2018-05-16 15:29:20,3,3,55,0
8jubbx,2018-05-16 11:56:38,21,r/WhitePeopleTwitter,1,2018-05-16 17:57:18,4,0,2,0
8jubbx,2018-05-16 11:56:38,21,r/WhitePeopleTwitter,1,2018-05-16 17:38:26,4,1,1,0
8jubbx,2018-05-16 11:56:38,21,r/WhitePeopleTwitter,1,2018-05-16 15:12:16,3,3,110,0
8jubbx,2018-05-16 11:56:38,21,r/WhitePeopleTwitter,1,2018-05-16 15:46:52,4,4,51,0
8jubbx,2018-05-16 11:56:38,21,r/WhitePeopleTwitter,1,2018-05-16 15:53:52,5,1,5,0
8jubbx,2018-05-16 11:56:38,21,r/WhitePeopleTwitter,1,2018-05-16 17:06:48,5,1,3,0
8jubbx,2018-05-16 11:56:38,21,r/WhitePeopleTwitter,1,2018-05-16 17:33:00,6,0,2,0
8jubbx,2018-05-16 11:56:38,21,r/WhitePeopleTwitter,1,2018-05-16 18:14:09,5,0,1,0
8jubbx,2018-05-16 11:56:38,21,r/WhitePeopleTwitter,1,2018-05-16 15:25:27,4,2,6,0
8jubbx,2018-05-16 11:56:38,21,r/WhitePeopleTwitter,1,2018-05-16 15:28:13,5,1,19,0
8jubbx,2018-05-16 11:56:38,21,r/WhitePeopleTwitter,1,2018-05-16 16:02:53,6,2,2,0
8jubbx,2018-05-16 11:56:38,21,r/WhitePeopleTwitter,1,2018-05-16 16:12:10,7,1,2,0
8jubbx,2018-05-16 11:56:38,21,r/WhitePeopleTwitter,1,2018-05-16 16:35:03,8,1,2,0
8jubbx,2018-05-16 11:56:38,21,r/WhitePeopleTwitter,1,2018-05-16 16:46:48,9,0,2,0
8jubbx,2018-05-16 11:56:38,21,r/WhitePeopleTwitter,1,2018-05-16 15:09:04,3,4,137,0
8jubbx,2018-05-16 11:56:38,21,r/WhitePeopleTwitter,1,2018-05-16 15:17:28,4,4,20,0
8jubbx,2018-05-16 11:56:38,21,r/WhitePeopleTwitter,1,2018-05-16 16:01:38,5,2,21,0
8jubbx,2018-05-16 11:56:38,21,r/WhitePeopleTwitter,1,2018-05-16 18:24:16,6,0,2,0
8jubbx,2018-05-16 11:56:38,21,r/WhitePeopleTwitter,1,2018-05-16 15:22:23,5,2,62,0
8jubbx,2018-05-16 11:56:38,21,r/WhitePeopleTwitter,1,2018-05-16 16:57:34,6,1,2,0
8jubbx,2018-05-16 11:56:38,21,r/WhitePeopleTwitter,1,2018-05-16 17:09:31,7,1,6,0
8jubbx,2018-05-16 11:56:38,21,r/WhitePeopleTwitter,1,2018-05-16 15:39:44,5,1,36,0
8jubbx,2018-05-16 11:56:38,21,r/WhitePeopleTwitter,1,2018-05-16 15:39:18,4,0,5,0
8jubbx,2018-05-16 11:56:38,21,r/WhitePeopleTwitter,1,2018-05-16 16:50:48,4,0,4,0
8jubbx,2018-05-16 11:56:38,21,r/WhitePeopleTwitter,1,2018-05-16 15:03:13,3,8,23,0
8jubbx,2018-05-16 11:56:38,21,r/WhitePeopleTwitter,1,2018-05-16 15:45:34,4,1,16,0
8jubbx,2018-05-16 11:56:38,21,r/WhitePeopleTwitter,1,2018-05-16 16:19:39,5,0,2,0
8jubbx,2018-05-16 11:56:38,21,r/WhitePeopleTwitter,1,2018-05-16 15:40:45,4,2,14,0
8jubbx,2018-05-16 11:56:38,21,r/WhitePeopleTwitter,1,2018-05-16 16:23:30,5,1,3,0
8jubbx,2018-05-16 11:56:38,21,r/WhitePeopleTwitter,1,2018-05-16 15:25:14,4,4,22,0
8jubbx,2018-05-16 11:56:38,21,r/WhitePeopleTwitter,1,2018-05-16 15:48:57,5,1,14,0
8jubbx,2018-05-16 11:56:38,21,r/WhitePeopleTwitter,1,2018-05-16 17:18:50,6,0,2,0
8jubbx,2018-05-16 11:56:38,21,r/WhitePeopleTwitter,1,2018-05-16 15:51:42,5,0,1,0
8jubbx,2018-05-16 11:56:38,21,r/WhitePeopleTwitter,1,2018-05-16 16:43:41,5,1,2,0
8jubbx,2018-05-16 11:56:38,21,r/WhitePeopleTwitter,1,2018-05-16 15:20:26,4,3,30,0
8jubbx,2018-05-16 11:56:38,21,r/WhitePeopleTwitter,1,2018-05-16 15:34:44,5,0,9,0
8jubbx,2018-05-16 11:56:38,21,r/WhitePeopleTwitter,1,2018-05-16 16:14:40,5,0,5,0
8jubbx,2018-05-16 11:56:38,21,r/WhitePeopleTwitter,1,2018-05-16 15:59:19,4,1,4,0
8jubbx,2018-05-16 11:56:38,21,r/WhitePeopleTwitter,1,2018-05-16 15:48:25,4,1,7,0
8jubbx,2018-05-16 11:56:38,21,r/WhitePeopleTwitter,1,2018-05-16 15:26:15,4,0,11,0
8jubbx,2018-05-16 11:56:38,21,r/WhitePeopleTwitter,1,2018-05-16 15:10:59,3,4,14,0
8jubbx,2018-05-16 11:56:38,21,r/WhitePeopleTwitter,1,2018-05-16 15:17:48,4,2,15,0
8jubbx,2018-05-16 11:56:38,21,r/WhitePeopleTwitter,1,2018-05-16 16:23:21,5,0,1,0
8jubbx,2018-05-16 11:56:38,21,r/WhitePeopleTwitter,1,2018-05-16 15:14:14,4,2,10,0
8jubbx,2018-05-16 11:56:38,21,r/WhitePeopleTwitter,1,2018-05-16 15:32:01,5,0,5,0
8jubbx,2018-05-16 11:56:38,21,r/WhitePeopleTwitter,1,2018-05-16 15:39:47,5,0,2,0
8jubbx,2018-05-16 11:56:38,21,r/WhitePeopleTwitter,1,2018-05-16 15:29:02,4,1,4,0
8jubbx,2018-05-16 11:56:38,21,r/WhitePeopleTwitter,1,2018-05-16 16:17:07,3,0,2,0
8jubbx,2018-05-16 11:56:38,21,r/WhitePeopleTwitter,1,2018-05-16 15:17:33,3,1,4,0
8jubbx,2018-05-16 11:56:38,21,r/WhitePeopleTwitter,1,2018-05-16 17:25:46,2,1,4,0
8jubbx,2018-05-16 11:56:38,21,r/WhitePeopleTwitter,1,2018-05-16 17:30:05,2,0,3,0
8jubbx,2018-05-16 11:56:38,21,r/WhitePeopleTwitter,1,2018-05-16 15:53:43,2,1,5,0
8jubbx,2018-05-16 11:56:38,21,r/WhitePeopleTwitter,1,2018-05-16 16:06:44,2,1,2,0
8jubbx,2018-05-16 11:56:38,21,r/WhitePeopleTwitter,1,2018-05-16 16:41:54,2,0,2,0
8jubbx,2018-05-16 11:56:38,21,r/WhitePeopleTwitter,1,2018-05-16 17:18:36,2,0,2,0
8jubbx,2018-05-16 11:56:38,21,r/WhitePeopleTwitter,1,2018-05-16 15:50:02,2,1,4,0
8jubbx,2018-05-16 11:56:38,21,r/WhitePeopleTwitter,1,2018-05-16 18:10:11,3,0,1,0
8jubbx,2018-05-16 11:56:38,21,r/WhitePeopleTwitter,1,2018-05-16 14:54:43,2,0,5,0
8jubbx,2018-05-16 11:56:38,21,r/WhitePeopleTwitter,1,2018-05-16 15:39:21,2,0,2,0
8jubbx,2018-05-16 11:56:38,21,r/WhitePeopleTwitter,1,2018-05-16 16:17:25,2,0,2,0
8jubbx,2018-05-16 11:56:38,21,r/WhitePeopleTwitter,1,2018-05-16 16:32:10,2,1,5,0
8jubbx,2018-05-16 11:56:38,21,r/WhitePeopleTwitter,2,2018-05-16 14:28:59,0,8,2141,0
8jubbx,2018-05-16 11:56:38,21,r/WhitePeopleTwitter,2,2018-05-16 14:43:37,1,5,1265,0
8jubbx,2018-05-16 11:56:38,21,r/WhitePeopleTwitter,2,2018-05-16 15:13:43,2,1,222,0
8jubbx,2018-05-16 11:56:38,21,r/WhitePeopleTwitter,2,2018-05-16 17:10:17,3,2,37,0
8jubbx,2018-05-16 11:56:38,21,r/WhitePeopleTwitter,2,2018-05-16 17:16:23,4,1,10,0
8jubbx,2018-05-16 11:56:38,21,r/WhitePeopleTwitter,2,2018-05-16 18:25:12,5,0,3,0
8jubbx,2018-05-16 11:56:38,21,r/WhitePeopleTwitter,2,2018-05-16 14:44:42,2,3,173,0
8jubbx,2018-05-16 11:56:38,21,r/WhitePeopleTwitter,2,2018-05-16 15:17:42,3,5,125,0
8jubbx,2018-05-16 11:56:38,21,r/WhitePeopleTwitter,2,2018-05-16 15:19:32,4,1,47,0
8jubbx,2018-05-16 11:56:38,21,r/WhitePeopleTwitter,2,2018-05-16 15:25:36,5,1,8,0
8jubbx,2018-05-16 11:56:38,21,r/WhitePeopleTwitter,2,2018-05-16 16:07:00,4,1,9,0
8jubbx,2018-05-16 11:56:38,21,r/WhitePeopleTwitter,2,2018-05-16 15:34:11,4,0,2,0
8jubbx,2018-05-16 11:56:38,21,r/WhitePeopleTwitter,2,2018-05-16 16:34:09,4,0,2,0
8jubbx,2018-05-16 11:56:38,21,r/WhitePeopleTwitter,2,2018-05-16 15:13:50,3,2,12,0
8jubbx,2018-05-16 11:56:38,21,r/WhitePeopleTwitter,2,2018-05-16 16:25:16,4,0,3,0
8jubbx,2018-05-16 11:56:38,21,r/WhitePeopleTwitter,2,2018-05-16 15:39:09,3,0,2,0
8jubbx,2018-05-16 11:56:38,21,r/WhitePeopleTwitter,2,2018-05-16 14:52:31,2,2,21,0
8jubbx,2018-05-16 11:56:38,21,r/WhitePeopleTwitter,2,2018-05-16 15:38:15,3,0,11,0
8jubbx,2018-05-16 11:56:38,21,r/WhitePeopleTwitter,2,2018-05-16 15:43:13,2,0,8,0
8jubbx,2018-05-16 11:56:38,21,r/WhitePeopleTwitter,2,2018-05-16 14:58:57,1,3,45,0
8jubbx,2018-05-16 11:56:38,21,r/WhitePeopleTwitter,2,2018-05-16 15:57:16,2,4,53,0
8jubbx,2018-05-16 11:56:38,21,r/WhitePeopleTwitter,2,2018-05-16 16:23:53,3,3,8,0
8jubbx,2018-05-16 11:56:38,21,r/WhitePeopleTwitter,2,2018-05-16 16:29:55,4,0,3,0
8jubbx,2018-05-16 11:56:38,21,r/WhitePeopleTwitter,2,2018-05-16 16:40:32,4,0,2,0
8jubbx,2018-05-16 11:56:38,21,r/WhitePeopleTwitter,2,2018-05-16 15:58:21,3,0,2,0
8jubbx,2018-05-16 11:56:38,21,r/WhitePeopleTwitter,2,2018-05-16 16:24:40,3,1,2,0
8jubbx,2018-05-16 11:56:38,21,r/WhitePeopleTwitter,2,2018-05-16 15:06:13,2,0,4,0
8jubbx,2018-05-16 11:56:38,21,r/WhitePeopleTwitter,2,2018-05-16 15:09:01,1,1,13,0
8jubbx,2018-05-16 11:56:38,21,r/WhitePeopleTwitter,2,2018-05-16 15:18:03,2,0,7,0
8jubbx,2018-05-16 11:56:38,21,r/WhitePeopleTwitter,2,2018-05-16 15:37:12,1,1,9,0
8jubbx,2018-05-16 11:56:38,21,r/WhitePeopleTwitter,2,2018-05-16 16:19:01,1,0,3,0
8jubbx,2018-05-16 11:56:38,21,r/WhitePeopleTwitter,2,2018-05-16 15:53:58,1,0,6,0
8jubbx,2018-05-16 11:56:38,21,r/WhitePeopleTwitter,2,2018-05-16 17:41:02,1,0,2,0
8jubbx,2018-05-16 11:56:38,21,r/WhitePeopleTwitter,3,2018-05-16 14:27:53,0,9,2487,0
8jubbx,2018-05-16 11:56:38,21,r/WhitePeopleTwitter,3,2018-05-16 14:40:02,1,3,469,0
8jubbx,2018-05-16 11:56:38,21,r/WhitePeopleTwitter,3,2018-05-16 14:45:12,2,3,296,0
8jubbx,2018-05-16 11:56:38,21,r/WhitePeopleTwitter,3,2018-05-16 15:17:07,3,5,200,0
8jubbx,2018-05-16 11:56:38,21,r/WhitePeopleTwitter,3,2018-05-16 15:25:56,4,2,100,0
8jubbx,2018-05-16 11:56:38,21,r/WhitePeopleTwitter,3,2018-05-16 15:29:30,5,1,15,0
8jubbx,2018-05-16 11:56:38,21,r/WhitePeopleTwitter,3,2018-05-16 15:30:57,6,1,6,0
8jubbx,2018-05-16 11:56:38,21,r/WhitePeopleTwitter,3,2018-05-16 15:33:24,7,1,41,0
8jubbx,2018-05-16 11:56:38,21,r/WhitePeopleTwitter,3,2018-05-16 15:50:32,8,1,12,0
8jubbx,2018-05-16 11:56:38,21,r/WhitePeopleTwitter,3,2018-05-16 16:01:54,9,1,6,0
8jubbx,2018-05-16 11:56:38,21,r/WhitePeopleTwitter,3,2018-05-16 15:51:05,4,0,5,0
8jubbx,2018-05-16 11:56:38,21,r/WhitePeopleTwitter,3,2018-05-16 16:53:10,4,0,3,0
8jubbx,2018-05-16 11:56:38,21,r/WhitePeopleTwitter,3,2018-05-16 16:07:48,4,1,4,0
8jubbx,2018-05-16 11:56:38,21,r/WhitePeopleTwitter,3,2018-05-16 17:05:43,3,0,3,0
8jubbx,2018-05-16 11:56:38,21,r/WhitePeopleTwitter,3,2018-05-16 15:08:14,2,3,27,0
8jubbx,2018-05-16 11:56:38,21,r/WhitePeopleTwitter,3,2018-05-16 15:17:33,3,1,48,0
8jubbx,2018-05-16 11:56:38,21,r/WhitePeopleTwitter,3,2018-05-16 16:48:11,4,0,6,0
8jubbx,2018-05-16 11:56:38,21,r/WhitePeopleTwitter,3,2018-05-16 15:20:35,3,0,16,0
8jubbx,2018-05-16 11:56:38,21,r/WhitePeopleTwitter,3,2018-05-16 15:23:22,3,1,3,0
8jubbx,2018-05-16 11:56:38,21,r/WhitePeopleTwitter,3,2018-05-16 14:44:44,1,2,285,0
8jubbx,2018-05-16 11:56:38,21,r/WhitePeopleTwitter,3,2018-05-16 15:01:47,2,3,146,0
8jubbx,2018-05-16 11:56:38,21,r/WhitePeopleTwitter,3,2018-05-16 15:16:22,3,2,55,0
8jubbx,2018-05-16 11:56:38,21,r/WhitePeopleTwitter,3,2018-05-16 17:08:15,4,1,0,0
8jubbx,2018-05-16 11:56:38,21,r/WhitePeopleTwitter,3,2018-05-16 15:14:18,3,2,8,0
8jubbx,2018-05-16 11:56:38,21,r/WhitePeopleTwitter,3,2018-05-16 15:25:44,4,3,30,0
8jubbx,2018-05-16 11:56:38,21,r/WhitePeopleTwitter,3,2018-05-16 16:00:35,5,1,5,0
8jubbx,2018-05-16 11:56:38,21,r/WhitePeopleTwitter,3,2018-05-16 16:17:41,6,1,7,0
8jubbx,2018-05-16 11:56:38,21,r/WhitePeopleTwitter,3,2018-05-16 16:13:29,5,1,1,0
8jubbx,2018-05-16 11:56:38,21,r/WhitePeopleTwitter,3,2018-05-16 16:15:52,6,2,8,0
8jubbx,2018-05-16 11:56:38,21,r/WhitePeopleTwitter,3,2018-05-16 17:39:56,7,1,2,0
8jubbx,2018-05-16 11:56:38,21,r/WhitePeopleTwitter,3,2018-05-16 18:02:13,8,0,2,0
8jubbx,2018-05-16 11:56:38,21,r/WhitePeopleTwitter,3,2018-05-16 15:52:46,4,0,2,0
8jubbx,2018-05-16 11:56:38,21,r/WhitePeopleTwitter,3,2018-05-16 14:33:14,1,1,552,0
8jubbx,2018-05-16 11:56:38,21,r/WhitePeopleTwitter,3,2018-05-16 14:45:33,1,1,50,0
8jubbx,2018-05-16 11:56:38,21,r/WhitePeopleTwitter,3,2018-05-16 14:45:41,1,0,18,0
8jubbx,2018-05-16 11:56:38,21,r/WhitePeopleTwitter,3,2018-05-16 14:45:04,1,0,12,0
8jubbx,2018-05-16 11:56:38,21,r/WhitePeopleTwitter,3,2018-05-16 14:49:15,1,1,6,0
8jubbx,2018-05-16 11:56:38,21,r/WhitePeopleTwitter,3,2018-05-16 14:42:00,1,0,3,0
8jubbx,2018-05-16 11:56:38,21,r/WhitePeopleTwitter,4,2018-05-16 15:04:57,0,4,376,0
8jubbx,2018-05-16 11:56:38,21,r/WhitePeopleTwitter,4,2018-05-16 15:25:38,1,7,72,0
8jubbx,2018-05-16 11:56:38,21,r/WhitePeopleTwitter,4,2018-05-16 15:43:19,2,1,85,0
8jubbx,2018-05-16 11:56:38,21,r/WhitePeopleTwitter,4,2018-05-16 16:03:06,3,1,5,0
8jubbx,2018-05-16 11:56:38,21,r/WhitePeopleTwitter,4,2018-05-16 17:32:01,4,1,8,0
8jubbx,2018-05-16 11:56:38,21,r/WhitePeopleTwitter,4,2018-05-16 17:59:41,5,1,5,0
8jubbx,2018-05-16 11:56:38,21,r/WhitePeopleTwitter,4,2018-05-16 18:13:33,6,0,5,0
8jubbx,2018-05-16 11:56:38,21,r/WhitePeopleTwitter,4,2018-05-16 15:29:26,2,2,58,0
8jubbx,2018-05-16 11:56:38,21,r/WhitePeopleTwitter,4,2018-05-16 15:51:42,3,1,24,0
8jubbx,2018-05-16 11:56:38,21,r/WhitePeopleTwitter,4,2018-05-16 15:54:18,2,1,30,0
8jubbx,2018-05-16 11:56:38,21,r/WhitePeopleTwitter,4,2018-05-16 17:04:53,2,0,11,0
8jubbx,2018-05-16 11:56:38,21,r/WhitePeopleTwitter,4,2018-05-16 15:54:37,2,0,3,0
8jubbx,2018-05-16 11:56:38,21,r/WhitePeopleTwitter,4,2018-05-16 16:01:33,2,0,3,0
8jubbx,2018-05-16 11:56:38,21,r/WhitePeopleTwitter,4,2018-05-16 16:08:10,1,1,7,0
8jubbx,2018-05-16 11:56:38,21,r/WhitePeopleTwitter,4,2018-05-16 16:47:30,2,0,3,0
8jubbx,2018-05-16 11:56:38,21,r/WhitePeopleTwitter,4,2018-05-16 15:28:57,1,0,7,0
8jubbx,2018-05-16 11:56:38,21,r/WhitePeopleTwitter,5,2018-05-16 12:16:21,0,5,576,0
8jubbx,2018-05-16 11:56:38,21,r/WhitePeopleTwitter,5,2018-05-16 12:19:49,1,5,2025,0
8jubbx,2018-05-16 11:56:38,21,r/WhitePeopleTwitter,5,2018-05-16 13:07:09,2,3,506,0
8jubbx,2018-05-16 11:56:38,21,r/WhitePeopleTwitter,5,2018-05-16 14:34:53,3,2,202,0
8jubbx,2018-05-16 11:56:38,21,r/WhitePeopleTwitter,5,2018-05-16 14:40:25,4,8,182,0
8jubbx,2018-05-16 11:56:38,21,r/WhitePeopleTwitter,5,2018-05-16 14:45:38,5,2,75,0
8jubbx,2018-05-16 11:56:38,21,r/WhitePeopleTwitter,5,2018-05-16 16:53:03,6,0,6,0
8jubbx,2018-05-16 11:56:38,21,r/WhitePeopleTwitter,5,2018-05-16 15:04:47,6,0,7,0
8jubbx,2018-05-16 11:56:38,21,r/WhitePeopleTwitter,5,2018-05-16 14:44:28,5,2,17,0
8jubbx,2018-05-16 11:56:38,21,r/WhitePeopleTwitter,5,2018-05-16 14:51:57,6,4,72,0
8jubbx,2018-05-16 11:56:38,21,r/WhitePeopleTwitter,5,2018-05-16 14:57:20,7,1,17,0
8jubbx,2018-05-16 11:56:38,21,r/WhitePeopleTwitter,5,2018-05-16 14:53:56,7,0,26,0
8jubbx,2018-05-16 11:56:38,21,r/WhitePeopleTwitter,5,2018-05-16 14:57:57,7,0,18,0
8jubbx,2018-05-16 11:56:38,21,r/WhitePeopleTwitter,5,2018-05-16 14:46:38,5,1,4,0
8jubbx,2018-05-16 11:56:38,21,r/WhitePeopleTwitter,5,2018-05-16 14:48:13,5,0,2,0
8jubbx,2018-05-16 11:56:38,21,r/WhitePeopleTwitter,5,2018-05-16 14:49:50,5,0,2,0
8jubbx,2018-05-16 11:56:38,21,r/WhitePeopleTwitter,5,2018-05-16 14:54:24,5,1,2,0
8jubbx,2018-05-16 11:56:38,21,r/WhitePeopleTwitter,5,2018-05-16 15:22:15,6,0,2,0
8jubbx,2018-05-16 11:56:38,21,r/WhitePeopleTwitter,5,2018-05-16 14:58:07,5,0,2,0
8jubbx,2018-05-16 11:56:38,21,r/WhitePeopleTwitter,5,2018-05-16 17:53:33,3,0,2,0
8jubbx,2018-05-16 11:56:38,21,r/WhitePeopleTwitter,5,2018-05-16 12:59:46,2,7,198,0
8jubbx,2018-05-16 11:56:38,21,r/WhitePeopleTwitter,5,2018-05-16 14:34:06,3,1,171,0
8jubbx,2018-05-16 11:56:38,21,r/WhitePeopleTwitter,5,2018-05-16 14:32:37,3,0,15,0
8jubbx,2018-05-16 11:56:38,21,r/WhitePeopleTwitter,5,2018-05-16 14:11:48,3,6,187,0
8jubbx,2018-05-16 11:56:38,21,r/WhitePeopleTwitter,5,2018-05-16 14:48:02,4,1,20,0
8jubbx,2018-05-16 11:56:38,21,r/WhitePeopleTwitter,5,2018-05-16 14:35:29,4,6,143,0
8jubbx,2018-05-16 11:56:38,21,r/WhitePeopleTwitter,5,2018-05-16 14:41:18,5,1,84,0
8jubbx,2018-05-16 11:56:38,21,r/WhitePeopleTwitter,5,2018-05-16 14:54:08,5,1,31,0
8jubbx,2018-05-16 11:56:38,21,r/WhitePeopleTwitter,5,2018-05-16 14:52:51,5,0,12,0
8jubbx,2018-05-16 11:56:38,21,r/WhitePeopleTwitter,5,2018-05-16 16:10:21,5,0,2,0
8jubbx,2018-05-16 11:56:38,21,r/WhitePeopleTwitter,5,2018-05-16 15:38:53,5,0,3,0
8jubbx,2018-05-16 11:56:38,21,r/WhitePeopleTwitter,5,2018-05-16 14:34:23,4,1,102,0
8jubbx,2018-05-16 11:56:38,21,r/WhitePeopleTwitter,5,2018-05-16 14:42:19,5,0,10,0
8jubbx,2018-05-16 11:56:38,21,r/WhitePeopleTwitter,5,2018-05-16 14:24:22,4,1,69,0
8jubbx,2018-05-16 11:56:38,21,r/WhitePeopleTwitter,5,2018-05-16 14:25:06,4,1,14,0
8jubbx,2018-05-16 11:56:38,21,r/WhitePeopleTwitter,5,2018-05-16 14:12:04,3,3,25,0
8jubbx,2018-05-16 11:56:38,21,r/WhitePeopleTwitter,5,2018-05-16 14:30:17,4,0,36,0
8jubbx,2018-05-16 11:56:38,21,r/WhitePeopleTwitter,5,2018-05-16 15:04:20,4,0,2,0
8jubbx,2018-05-16 11:56:38,21,r/WhitePeopleTwitter,5,2018-05-16 13:57:41,3,2,25,0
8jubbx,2018-05-16 11:56:38,21,r/WhitePeopleTwitter,5,2018-05-16 14:15:31,4,1,30,0
8jubbx,2018-05-16 11:56:38,21,r/WhitePeopleTwitter,5,2018-05-16 14:17:50,5,1,10,0
8jubbx,2018-05-16 11:56:38,21,r/WhitePeopleTwitter,5,2018-05-16 14:27:27,3,0,5,0
8jubbx,2018-05-16 11:56:38,21,r/WhitePeopleTwitter,5,2018-05-16 14:51:32,2,1,2,0
8jubbx,2018-05-16 11:56:38,21,r/WhitePeopleTwitter,5,2018-05-16 15:05:31,3,0,3,0
8jubbx,2018-05-16 11:56:38,21,r/WhitePeopleTwitter,5,2018-05-16 14:44:25,2,0,3,0
8jubbx,2018-05-16 11:56:38,21,r/WhitePeopleTwitter,5,2018-05-16 12:30:01,1,4,193,0
8jubbx,2018-05-16 11:56:38,21,r/WhitePeopleTwitter,5,2018-05-16 14:19:05,2,3,44,0
8jubbx,2018-05-16 11:56:38,21,r/WhitePeopleTwitter,5,2018-05-16 14:24:35,3,1,17,0
8jubbx,2018-05-16 11:56:38,21,r/WhitePeopleTwitter,5,2018-05-16 14:53:55,4,3,30,0
8jubbx,2018-05-16 11:56:38,21,r/WhitePeopleTwitter,5,2018-05-16 15:21:39,5,1,7,0
8jubbx,2018-05-16 11:56:38,21,r/WhitePeopleTwitter,5,2018-05-16 17:40:08,6,1,1,0
8jubbx,2018-05-16 11:56:38,21,r/WhitePeopleTwitter,5,2018-05-16 15:26:37,5,0,3,0
8jubbx,2018-05-16 11:56:38,21,r/WhitePeopleTwitter,5,2018-05-16 15:28:54,3,1,3,0
8jubbx,2018-05-16 11:56:38,21,r/WhitePeopleTwitter,5,2018-05-16 14:24:08,3,2,22,0
8jubbx,2018-05-16 11:56:38,21,r/WhitePeopleTwitter,5,2018-05-16 14:28:18,4,2,4,0
8jubbx,2018-05-16 11:56:38,21,r/WhitePeopleTwitter,5,2018-05-16 15:49:31,5,0,4,0
8jubbx,2018-05-16 11:56:38,21,r/WhitePeopleTwitter,5,2018-05-16 12:31:41,2,7,235,0
8jubbx,2018-05-16 11:56:38,21,r/WhitePeopleTwitter,5,2018-05-16 12:55:21,3,2,144,0
8jubbx,2018-05-16 11:56:38,21,r/WhitePeopleTwitter,5,2018-05-16 14:54:19,4,4,41,0
8jubbx,2018-05-16 11:56:38,21,r/WhitePeopleTwitter,5,2018-05-16 15:05:11,5,4,21,0
8jubbx,2018-05-16 11:56:38,21,r/WhitePeopleTwitter,5,2018-05-16 15:07:24,6,1,42,0
8jubbx,2018-05-16 11:56:38,21,r/WhitePeopleTwitter,5,2018-05-16 16:17:49,6,1,14,0
8jubbx,2018-05-16 11:56:38,21,r/WhitePeopleTwitter,5,2018-05-16 15:06:53,6,1,5,0
8jubbx,2018-05-16 11:56:38,21,r/WhitePeopleTwitter,5,2018-05-16 15:02:37,5,1,7,0
8jubbx,2018-05-16 11:56:38,21,r/WhitePeopleTwitter,5,2018-05-16 15:06:13,5,0,3,0
8jubbx,2018-05-16 11:56:38,21,r/WhitePeopleTwitter,5,2018-05-16 14:12:14,3,1,33,0
8jubbx,2018-05-16 11:56:38,21,r/WhitePeopleTwitter,5,2018-05-16 15:04:28,4,1,16,0
8jubbx,2018-05-16 11:56:38,21,r/WhitePeopleTwitter,5,2018-05-16 14:26:42,3,1,26,0
8jubbx,2018-05-16 11:56:38,21,r/WhitePeopleTwitter,5,2018-05-16 13:28:09,3,1,37,0
8jubbx,2018-05-16 11:56:38,21,r/WhitePeopleTwitter,5,2018-05-16 13:56:39,3,2,8,0
8jubbx,2018-05-16 11:56:38,21,r/WhitePeopleTwitter,5,2018-05-16 14:06:15,4,1,56,0
8jubbx,2018-05-16 11:56:38,21,r/WhitePeopleTwitter,5,2018-05-16 14:49:36,5,0,6,0
8jubbx,2018-05-16 11:56:38,21,r/WhitePeopleTwitter,5,2018-05-16 14:53:09,4,2,4,0
8jubbx,2018-05-16 11:56:38,21,r/WhitePeopleTwitter,5,2018-05-16 15:02:28,5,1,6,0
8jubbx,2018-05-16 11:56:38,21,r/WhitePeopleTwitter,5,2018-05-16 15:18:32,3,0,2,0
8jubbx,2018-05-16 11:56:38,21,r/WhitePeopleTwitter,5,2018-05-16 16:35:23,2,1,2,0
8jubbx,2018-05-16 11:56:38,21,r/WhitePeopleTwitter,5,2018-05-16 15:14:11,1,1,16,0
8jubbx,2018-05-16 11:56:38,21,r/WhitePeopleTwitter,5,2018-05-16 16:16:34,2,1,2,0
8jubbx,2018-05-16 11:56:38,21,r/WhitePeopleTwitter,5,2018-05-16 16:20:36,3,1,2,0
8jubbx,2018-05-16 11:56:38,21,r/WhitePeopleTwitter,5,2018-05-16 16:32:53,4,1,2,0
8jubbx,2018-05-16 11:56:38,21,r/WhitePeopleTwitter,5,2018-05-16 16:34:46,5,1,3,0
8jubbx,2018-05-16 11:56:38,21,r/WhitePeopleTwitter,5,2018-05-16 14:24:07,1,2,50,0
8jubbx,2018-05-16 11:56:38,21,r/WhitePeopleTwitter,5,2018-05-16 14:38:20,2,3,35,0
8jubbx,2018-05-16 11:56:38,21,r/WhitePeopleTwitter,5,2018-05-16 15:04:46,3,2,15,0
8jubbx,2018-05-16 11:56:38,21,r/WhitePeopleTwitter,5,2018-05-16 15:29:56,4,1,6,0
8jubbx,2018-05-16 11:56:38,21,r/WhitePeopleTwitter,5,2018-05-16 15:01:36,3,0,3,0
8jubbx,2018-05-16 11:56:38,21,r/WhitePeopleTwitter,6,2018-05-16 14:39:51,0,2,75,0
8jubbx,2018-05-16 11:56:38,21,r/WhitePeopleTwitter,6,2018-05-16 17:15:57,1,0,2,0
8jubbx,2018-05-16 11:56:38,21,r/WhitePeopleTwitter,7,2018-05-16 14:55:42,0,3,49,0
8jubbx,2018-05-16 11:56:38,21,r/WhitePeopleTwitter,7,2018-05-16 15:03:52,1,4,58,0
8jubbx,2018-05-16 11:56:38,21,r/WhitePeopleTwitter,7,2018-05-16 15:55:07,2,4,28,0
8jubbx,2018-05-16 11:56:38,21,r/WhitePeopleTwitter,7,2018-05-16 16:53:29,3,2,36,0
8jubbx,2018-05-16 11:56:38,21,r/WhitePeopleTwitter,7,2018-05-16 16:57:14,4,0,4,0
8jubbx,2018-05-16 11:56:38,21,r/WhitePeopleTwitter,7,2018-05-16 16:53:30,3,1,2,0
8jubbx,2018-05-16 11:56:38,21,r/WhitePeopleTwitter,7,2018-05-16 16:59:08,4,1,3,0
8jubbx,2018-05-16 11:56:38,21,r/WhitePeopleTwitter,7,2018-05-16 16:58:00,3,0,2,0
8jubbx,2018-05-16 11:56:38,21,r/WhitePeopleTwitter,7,2018-05-16 15:35:18,2,0,5,0
8jubbx,2018-05-16 11:56:38,21,r/WhitePeopleTwitter,7,2018-05-16 15:55:45,2,0,5,0
8jubbx,2018-05-16 11:56:38,21,r/WhitePeopleTwitter,7,2018-05-16 15:34:24,1,0,5,0
8jubbx,2018-05-16 11:56:38,21,r/WhitePeopleTwitter,8,2018-05-16 14:20:16,0,3,178,0
8jubbx,2018-05-16 11:56:38,21,r/WhitePeopleTwitter,8,2018-05-16 14:56:56,1,2,93,0
8jubbx,2018-05-16 11:56:38,21,r/WhitePeopleTwitter,8,2018-05-16 15:56:24,2,1,73,0
8jubbx,2018-05-16 11:56:38,21,r/WhitePeopleTwitter,8,2018-05-16 17:41:01,3,0,2,0
8jubbx,2018-05-16 11:56:38,21,r/WhitePeopleTwitter,8,2018-05-16 15:45:15,2,1,32,0
8jubbx,2018-05-16 11:56:38,21,r/WhitePeopleTwitter,8,2018-05-16 15:24:02,1,2,24,0
8jubbx,2018-05-16 11:56:38,21,r/WhitePeopleTwitter,8,2018-05-16 16:06:19,2,1,4,0
8jubbx,2018-05-16 11:56:38,21,r/WhitePeopleTwitter,8,2018-05-16 17:35:21,3,1,7,0
8jubbx,2018-05-16 11:56:38,21,r/WhitePeopleTwitter,8,2018-05-16 17:00:45,2,1,3,0
8jubbx,2018-05-16 11:56:38,21,r/WhitePeopleTwitter,8,2018-05-16 17:30:07,3,0,7,0
8jubbx,2018-05-16 11:56:38,21,r/WhitePeopleTwitter,9,2018-05-16 14:41:19,0,2,36,0
8jubbx,2018-05-16 11:56:38,21,r/WhitePeopleTwitter,9,2018-05-16 15:20:14,1,0,12,0
8jubbx,2018-05-16 11:56:38,21,r/WhitePeopleTwitter,10,2018-05-16 17:45:01,0,1,5,0
8jubbx,2018-05-16 11:56:38,21,r/WhitePeopleTwitter,11,2018-05-16 13:02:29,0,6,105,0
8jubbx,2018-05-16 11:56:38,21,r/WhitePeopleTwitter,11,2018-05-16 13:27:27,1,10,340,0
8jubbx,2018-05-16 11:56:38,21,r/WhitePeopleTwitter,11,2018-05-16 13:55:12,2,2,407,0
8jubbx,2018-05-16 11:56:38,21,r/WhitePeopleTwitter,11,2018-05-16 14:51:50,3,1,112,0
8jubbx,2018-05-16 11:56:38,21,r/WhitePeopleTwitter,11,2018-05-16 16:47:49,4,1,7,0
8jubbx,2018-05-16 11:56:38,21,r/WhitePeopleTwitter,11,2018-05-16 17:31:53,5,0,5,0
8jubbx,2018-05-16 11:56:38,21,r/WhitePeopleTwitter,11,2018-05-16 13:36:49,2,7,76,0
8jubbx,2018-05-16 11:56:38,21,r/WhitePeopleTwitter,11,2018-05-16 14:48:00,3,2,72,0
8jubbx,2018-05-16 11:56:38,21,r/WhitePeopleTwitter,11,2018-05-16 15:08:49,4,5,39,0
8jubbx,2018-05-16 11:56:38,21,r/WhitePeopleTwitter,11,2018-05-16 15:39:09,5,1,11,0
8jubbx,2018-05-16 11:56:38,21,r/WhitePeopleTwitter,11,2018-05-16 16:13:57,5,0,8,0
8jubbx,2018-05-16 11:56:38,21,r/WhitePeopleTwitter,11,2018-05-16 16:14:31,5,1,7,0
8jubbx,2018-05-16 11:56:38,21,r/WhitePeopleTwitter,11,2018-05-16 16:27:10,6,1,5,0
8jubbx,2018-05-16 11:56:38,21,r/WhitePeopleTwitter,11,2018-05-16 15:45:06,5,2,4,0
8jubbx,2018-05-16 11:56:38,21,r/WhitePeopleTwitter,11,2018-05-16 16:24:21,6,1,4,0
8jubbx,2018-05-16 11:56:38,21,r/WhitePeopleTwitter,11,2018-05-16 16:56:53,5,0,2,0
8jubbx,2018-05-16 11:56:38,21,r/WhitePeopleTwitter,11,2018-05-16 15:43:27,4,0,2,0
8jubbx,2018-05-16 11:56:38,21,r/WhitePeopleTwitter,11,2018-05-16 13:45:57,3,2,107,0
8jubbx,2018-05-16 11:56:38,21,r/WhitePeopleTwitter,11,2018-05-16 14:45:47,4,0,10,0
8jubbx,2018-05-16 11:56:38,21,r/WhitePeopleTwitter,11,2018-05-16 13:47:17,3,1,25,0
8jubbx,2018-05-16 11:56:38,21,r/WhitePeopleTwitter,11,2018-05-16 14:18:52,4,6,73,0
8jubbx,2018-05-16 11:56:38,21,r/WhitePeopleTwitter,11,2018-05-16 15:03:30,5,2,46,0
8jubbx,2018-05-16 11:56:38,21,r/WhitePeopleTwitter,11,2018-05-16 15:21:00,6,0,8,0
8jubbx,2018-05-16 11:56:38,21,r/WhitePeopleTwitter,11,2018-05-16 15:48:27,6,1,9,0
8jubbx,2018-05-16 11:56:38,21,r/WhitePeopleTwitter,11,2018-05-16 17:11:10,7,0,6,0
8jubbx,2018-05-16 11:56:38,21,r/WhitePeopleTwitter,11,2018-05-16 15:52:43,5,0,5,0
8jubbx,2018-05-16 11:56:38,21,r/WhitePeopleTwitter,11,2018-05-16 14:29:56,5,0,4,0
8jubbx,2018-05-16 11:56:38,21,r/WhitePeopleTwitter,11,2018-05-16 16:56:45,5,0,2,0
8jubbx,2018-05-16 11:56:38,21,r/WhitePeopleTwitter,11,2018-05-16 16:58:10,5,0,2,0
8jubbx,2018-05-16 11:56:38,21,r/WhitePeopleTwitter,11,2018-05-16 14:46:50,3,1,8,0
8jubbx,2018-05-16 11:56:38,21,r/WhitePeopleTwitter,11,2018-05-16 16:14:52,3,1,3,0
8jubbx,2018-05-16 11:56:38,21,r/WhitePeopleTwitter,11,2018-05-16 16:43:32,4,1,2,0
8jubbx,2018-05-16 11:56:38,21,r/WhitePeopleTwitter,11,2018-05-16 16:49:32,5,0,2,0
8jubbx,2018-05-16 11:56:38,21,r/WhitePeopleTwitter,11,2018-05-16 14:16:52,3,4,17,0
8jubbx,2018-05-16 11:56:38,21,r/WhitePeopleTwitter,11,2018-05-16 14:40:52,4,0,14,0
8jubbx,2018-05-16 11:56:38,21,r/WhitePeopleTwitter,11,2018-05-16 14:32:01,4,2,29,0
8jubbx,2018-05-16 11:56:38,21,r/WhitePeopleTwitter,11,2018-05-16 14:34:17,5,2,5,0
8jubbx,2018-05-16 11:56:38,21,r/WhitePeopleTwitter,11,2018-05-16 14:38:13,6,1,6,0
8jubbx,2018-05-16 11:56:38,21,r/WhitePeopleTwitter,11,2018-05-16 14:44:34,7,2,7,0
8jubbx,2018-05-16 11:56:38,21,r/WhitePeopleTwitter,11,2018-05-16 14:47:15,8,0,4,0
8jubbx,2018-05-16 11:56:38,21,r/WhitePeopleTwitter,11,2018-05-16 16:00:54,4,1,2,0
8jubbx,2018-05-16 11:56:38,21,r/WhitePeopleTwitter,11,2018-05-16 14:55:32,2,0,12,0
8jubbx,2018-05-16 11:56:38,21,r/WhitePeopleTwitter,11,2018-05-16 14:16:48,2,1,8,0
8jubbx,2018-05-16 11:56:38,21,r/WhitePeopleTwitter,11,2018-05-16 14:20:06,3,0,7,0
8jubbx,2018-05-16 11:56:38,21,r/WhitePeopleTwitter,11,2018-05-16 14:29:42,2,1,19,0
8jubbx,2018-05-16 11:56:38,21,r/WhitePeopleTwitter,11,2018-05-16 15:33:04,2,0,3,0
8jubbx,2018-05-16 11:56:38,21,r/WhitePeopleTwitter,11,2018-05-16 16:17:40,2,0,3,0
8jubbx,2018-05-16 11:56:38,21,r/WhitePeopleTwitter,11,2018-05-16 14:08:50,2,3,14,0
8jubbx,2018-05-16 11:56:38,21,r/WhitePeopleTwitter,11,2018-05-16 14:26:34,3,2,52,0
8jubbx,2018-05-16 11:56:38,21,r/WhitePeopleTwitter,11,2018-05-16 14:32:33,4,2,15,0
8jubbx,2018-05-16 11:56:38,21,r/WhitePeopleTwitter,11,2018-05-16 15:25:13,5,0,7,0
8jubbx,2018-05-16 11:56:38,21,r/WhitePeopleTwitter,11,2018-05-16 14:39:36,3,2,19,0
8jubbx,2018-05-16 11:56:38,21,r/WhitePeopleTwitter,11,2018-05-16 14:47:56,4,1,7,0
8jubbx,2018-05-16 11:56:38,21,r/WhitePeopleTwitter,11,2018-05-16 14:44:25,3,1,7,0
8jubbx,2018-05-16 11:56:38,21,r/WhitePeopleTwitter,11,2018-05-16 13:33:27,2,6,16,0
8jubbx,2018-05-16 11:56:38,21,r/WhitePeopleTwitter,11,2018-05-16 14:02:41,3,4,40,0
8jubbx,2018-05-16 11:56:38,21,r/WhitePeopleTwitter,11,2018-05-16 14:16:55,4,6,20,0
8jubbx,2018-05-16 11:56:38,21,r/WhitePeopleTwitter,11,2018-05-16 14:44:48,5,1,11,0
8jubbx,2018-05-16 11:56:38,21,r/WhitePeopleTwitter,11,2018-05-16 14:31:01,5,1,13,0
8jubbx,2018-05-16 11:56:38,21,r/WhitePeopleTwitter,11,2018-05-16 14:53:44,6,1,8,0
8jubbx,2018-05-16 11:56:38,21,r/WhitePeopleTwitter,11,2018-05-16 15:21:23,5,1,4,0
8jubbx,2018-05-16 11:56:38,21,r/WhitePeopleTwitter,11,2018-05-16 14:27:03,5,1,18,0
8jubbx,2018-05-16 11:56:38,21,r/WhitePeopleTwitter,11,2018-05-16 15:11:53,5,0,3,0
8jubbx,2018-05-16 11:56:38,21,r/WhitePeopleTwitter,11,2018-05-16 14:48:07,4,0,3,0
8jubbx,2018-05-16 11:56:38,21,r/WhitePeopleTwitter,11,2018-05-16 16:18:48,4,1,2,0
8jubbx,2018-05-16 11:56:38,21,r/WhitePeopleTwitter,11,2018-05-16 14:05:10,3,0,12,0
8jubbx,2018-05-16 11:56:38,21,r/WhitePeopleTwitter,11,2018-05-16 14:04:38,3,1,14,0
8jubbx,2018-05-16 11:56:38,21,r/WhitePeopleTwitter,11,2018-05-16 16:23:03,4,0,2,0
8jubbx,2018-05-16 11:56:38,21,r/WhitePeopleTwitter,11,2018-05-16 14:47:22,3,0,2,0
8jubbx,2018-05-16 11:56:38,21,r/WhitePeopleTwitter,11,2018-05-16 14:38:36,3,1,5,0
8jubbx,2018-05-16 11:56:38,21,r/WhitePeopleTwitter,11,2018-05-16 16:20:10,4,1,2,0
8jubbx,2018-05-16 11:56:38,21,r/WhitePeopleTwitter,11,2018-05-16 14:53:50,1,2,15,0
8jubbx,2018-05-16 11:56:38,21,r/WhitePeopleTwitter,11,2018-05-16 16:51:52,2,0,7,0
8jubbx,2018-05-16 11:56:38,21,r/WhitePeopleTwitter,11,2018-05-16 15:32:23,2,0,4,0
8jubbx,2018-05-16 11:56:38,21,r/WhitePeopleTwitter,11,2018-05-16 14:42:28,1,1,5,0
8jubbx,2018-05-16 11:56:38,21,r/WhitePeopleTwitter,11,2018-05-16 15:16:29,2,1,3,0
8jubbx,2018-05-16 11:56:38,21,r/WhitePeopleTwitter,11,2018-05-16 15:19:22,1,0,2,0
8jubbx,2018-05-16 11:56:38,21,r/WhitePeopleTwitter,11,2018-05-16 15:21:45,1,0,3,0
8jubbx,2018-05-16 11:56:38,21,r/WhitePeopleTwitter,12,2018-05-16 15:22:46,0,0,4,0
8jubbx,2018-05-16 11:56:38,21,r/WhitePeopleTwitter,13,2018-05-16 17:11:39,0,0,4,0
8jubbx,2018-05-16 11:56:38,21,r/WhitePeopleTwitter,14,2018-05-16 14:56:25,0,1,14,0
8jubbx,2018-05-16 11:56:38,21,r/WhitePeopleTwitter,15,2018-05-16 16:53:14,0,0,3,0
8jubbx,2018-05-16 11:56:38,21,r/WhitePeopleTwitter,16,2018-05-16 17:15:59,0,0,3,0
8jubbx,2018-05-16 11:56:38,21,r/WhitePeopleTwitter,17,2018-05-16 17:20:11,0,0,3,0
8jubbx,2018-05-16 11:56:38,21,r/WhitePeopleTwitter,18,2018-05-16 15:58:03,0,1,5,0
8jubbx,2018-05-16 11:56:38,21,r/WhitePeopleTwitter,19,2018-05-16 14:53:06,0,1,17,0
8jubbx,2018-05-16 11:56:38,21,r/WhitePeopleTwitter,19,2018-05-16 16:13:40,1,0,4,0
8jubbx,2018-05-16 11:56:38,21,r/WhitePeopleTwitter,20,2018-05-16 13:44:13,0,2,41,0
8jubbx,2018-05-16 11:56:38,21,r/WhitePeopleTwitter,20,2018-05-16 14:56:26,1,2,72,0
8jubbx,2018-05-16 11:56:38,21,r/WhitePeopleTwitter,20,2018-05-16 16:12:38,2,0,2,0
8jubbx,2018-05-16 11:56:38,21,r/WhitePeopleTwitter,20,2018-05-16 14:44:55,1,1,13,0
8jubbx,2018-05-16 11:56:38,21,r/WhitePeopleTwitter,20,2018-05-16 15:15:53,2,0,2,0
8jubbx,2018-05-16 11:56:38,21,r/WhitePeopleTwitter,21,2018-05-16 13:09:12,0,1,27,0
8jubbx,2018-05-16 11:56:38,21,r/WhitePeopleTwitter,22,2018-05-16 14:15:06,0,2,21,0
8jubbx,2018-05-16 11:56:38,21,r/WhitePeopleTwitter,22,2018-05-16 14:52:13,1,2,45,0
8jubbx,2018-05-16 11:56:38,21,r/WhitePeopleTwitter,22,2018-05-16 16:27:14,2,1,4,0
8jubbx,2018-05-16 11:56:38,21,r/WhitePeopleTwitter,22,2018-05-16 16:34:54,3,1,3,0
8jubbx,2018-05-16 11:56:38,21,r/WhitePeopleTwitter,22,2018-05-16 16:38:51,4,0,2,0
8jubbx,2018-05-16 11:56:38,21,r/WhitePeopleTwitter,22,2018-05-16 14:54:32,1,0,3,0
8jubbx,2018-05-16 11:56:38,21,r/WhitePeopleTwitter,23,2018-05-16 15:09:00,0,1,2,0
8jubbx,2018-05-16 11:56:38,21,r/WhitePeopleTwitter,23,2018-05-16 15:22:17,1,0,2,0
8jubbx,2018-05-16 11:56:38,21,r/WhitePeopleTwitter,24,2018-05-16 16:04:42,0,0,2,0
8jubbx,2018-05-16 11:56:38,21,r/WhitePeopleTwitter,25,2018-05-16 16:18:03,0,0,2,0
8jubbx,2018-05-16 11:56:38,21,r/WhitePeopleTwitter,26,2018-05-16 16:23:23,0,0,2,0
8jubbx,2018-05-16 11:56:38,21,r/WhitePeopleTwitter,27,2018-05-16 16:32:56,0,0,2,0
8jubbx,2018-05-16 11:56:38,21,r/WhitePeopleTwitter,28,2018-05-16 16:51:42,0,0,2,0
8jubbx,2018-05-16 11:56:38,21,r/WhitePeopleTwitter,29,2018-05-16 17:02:11,0,0,2,0
8jubbx,2018-05-16 11:56:38,21,r/WhitePeopleTwitter,30,2018-05-16 17:06:42,0,1,2,0
8jubbx,2018-05-16 11:56:38,21,r/WhitePeopleTwitter,31,2018-05-16 17:07:12,0,1,2,0
8jubbx,2018-05-16 11:56:38,21,r/WhitePeopleTwitter,32,2018-05-16 17:10:37,0,0,2,0
8jubbx,2018-05-16 11:56:38,21,r/WhitePeopleTwitter,33,2018-05-16 17:12:16,0,0,2,0
8jubbx,2018-05-16 11:56:38,21,r/WhitePeopleTwitter,34,2018-05-16 17:58:25,0,0,2,0
8jubbx,2018-05-16 11:56:38,21,r/WhitePeopleTwitter,35,2018-05-16 17:58:49,0,0,2,0
8jubbx,2018-05-16 11:56:38,21,r/WhitePeopleTwitter,36,2018-05-16 18:22:49,0,0,2,0
8jubbx,2018-05-16 11:56:38,21,r/WhitePeopleTwitter,37,2018-05-16 18:25:41,0,0,1,0
8jubbx,2018-05-16 11:56:38,21,r/WhitePeopleTwitter,38,2018-05-16 14:39:11,0,1,19,0
8jubbx,2018-05-16 11:56:38,21,r/WhitePeopleTwitter,39,2018-05-16 15:27:15,0,0,6,0
8jubbx,2018-05-16 11:56:38,21,r/WhitePeopleTwitter,40,2018-05-16 14:36:30,0,1,4,0
8jubbx,2018-05-16 11:56:38,21,r/WhitePeopleTwitter,40,2018-05-16 14:40:30,1,1,3,0
8jubbx,2018-05-16 11:56:38,21,r/WhitePeopleTwitter,41,2018-05-16 14:41:10,0,0,3,0
8jubbx,2018-05-16 11:56:38,21,r/WhitePeopleTwitter,42,2018-05-16 15:58:15,0,0,3,0
8jubbx,2018-05-16 11:56:38,21,r/WhitePeopleTwitter,43,2018-05-16 14:58:37,0,1,3,0
8jv01z,2018-05-16 13:42:33,22,r/videos,0,2018-05-16 14:49:33,0,10,2208,0
8jv01z,2018-05-16 13:42:33,22,r/videos,0,2018-05-16 14:55:28,1,13,630,0
8jv01z,2018-05-16 13:42:33,22,r/videos,0,2018-05-16 16:59:57,2,2,127,0
8jv01z,2018-05-16 13:42:33,22,r/videos,0,2018-05-16 17:05:47,3,0,1,0
8jv01z,2018-05-16 13:42:33,22,r/videos,0,2018-05-16 17:25:40,3,0,1,0
8jv01z,2018-05-16 13:42:33,22,r/videos,0,2018-05-16 16:20:09,2,8,411,0
8jv01z,2018-05-16 13:42:33,22,r/videos,0,2018-05-16 17:15:35,3,4,1,0
8jv01z,2018-05-16 13:42:33,22,r/videos,0,2018-05-16 17:27:46,4,1,1,0
8jv01z,2018-05-16 13:42:33,22,r/videos,0,2018-05-16 18:05:11,5,0,1,0
8jv01z,2018-05-16 13:42:33,22,r/videos,0,2018-05-16 17:32:29,4,1,1,0
8jv01z,2018-05-16 13:42:33,22,r/videos,0,2018-05-16 17:45:04,5,1,1,0
8jv01z,2018-05-16 13:42:33,22,r/videos,0,2018-05-16 18:17:55,6,0,1,0
8jv01z,2018-05-16 13:42:33,22,r/videos,0,2018-05-16 17:32:50,4,0,1,0
8jv01z,2018-05-16 13:42:33,22,r/videos,0,2018-05-16 17:36:13,4,0,1,0
8jv01z,2018-05-16 13:42:33,22,r/videos,0,2018-05-16 17:18:18,3,1,1,0
8jv01z,2018-05-16 13:42:33,22,r/videos,0,2018-05-16 17:37:20,4,1,1,0
8jv01z,2018-05-16 13:42:33,22,r/videos,0,2018-05-16 17:46:18,5,1,1,0
8jv01z,2018-05-16 13:42:33,22,r/videos,0,2018-05-16 18:04:57,6,2,1,0
8jv01z,2018-05-16 13:42:33,22,r/videos,0,2018-05-16 18:19:42,7,0,1,0
8jv01z,2018-05-16 13:42:33,22,r/videos,0,2018-05-16 18:22:11,7,0,1,0
8jv01z,2018-05-16 13:42:33,22,r/videos,0,2018-05-16 17:26:46,3,2,1,0
8jv01z,2018-05-16 13:42:33,22,r/videos,0,2018-05-16 17:40:01,4,0,1,0
8jv01z,2018-05-16 13:42:33,22,r/videos,0,2018-05-16 18:20:25,4,1,1,0
8jv01z,2018-05-16 13:42:33,22,r/videos,0,2018-05-16 18:28:02,5,0,1,0
8jv01z,2018-05-16 13:42:33,22,r/videos,0,2018-05-16 17:09:43,3,0,1,0
8jv01z,2018-05-16 13:42:33,22,r/videos,0,2018-05-16 17:51:33,3,0,1,0
8jv01z,2018-05-16 13:42:33,22,r/videos,0,2018-05-16 18:00:31,3,0,1,0
8jv01z,2018-05-16 13:42:33,22,r/videos,0,2018-05-16 18:05:47,3,0,1,0
8jv01z,2018-05-16 13:42:33,22,r/videos,0,2018-05-16 18:17:12,3,0,1,0
8jv01z,2018-05-16 13:42:33,22,r/videos,0,2018-05-16 17:08:27,2,2,1,0
8jv01z,2018-05-16 13:42:33,22,r/videos,0,2018-05-16 17:15:08,3,0,1,0
8jv01z,2018-05-16 13:42:33,22,r/videos,0,2018-05-16 18:05:41,3,0,1,0
8jv01z,2018-05-16 13:42:33,22,r/videos,0,2018-05-16 15:16:13,2,0,26,0
8jv01z,2018-05-16 13:42:33,22,r/videos,0,2018-05-16 16:54:06,2,1,21,0
8jv01z,2018-05-16 13:42:33,22,r/videos,0,2018-05-16 18:06:20,3,0,1,0
8jv01z,2018-05-16 13:42:33,22,r/videos,0,2018-05-16 17:38:02,2,0,1,0
8jv01z,2018-05-16 13:42:33,22,r/videos,0,2018-05-16 16:33:37,2,2,13,0
8jv01z,2018-05-16 13:42:33,22,r/videos,0,2018-05-16 16:37:12,3,0,18,0
8jv01z,2018-05-16 13:42:33,22,r/videos,0,2018-05-16 18:07:15,3,0,1,0
8jv01z,2018-05-16 13:42:33,22,r/videos,0,2018-05-16 15:46:59,2,0,14,0
8jv01z,2018-05-16 13:42:33,22,r/videos,0,2018-05-16 17:11:02,2,0,1,0
8jv01z,2018-05-16 13:42:33,22,r/videos,0,2018-05-16 17:15:21,2,0,1,0
8jv01z,2018-05-16 13:42:33,22,r/videos,0,2018-05-16 18:07:37,2,0,1,0
8jv01z,2018-05-16 13:42:33,22,r/videos,0,2018-05-16 18:11:42,2,0,1,0
8jv01z,2018-05-16 13:42:33,22,r/videos,0,2018-05-16 17:23:12,1,0,1,0
8jv01z,2018-05-16 13:42:33,22,r/videos,0,2018-05-16 16:50:26,1,0,9,0
8jv01z,2018-05-16 13:42:33,22,r/videos,0,2018-05-16 16:27:25,1,2,48,0
8jv01z,2018-05-16 13:42:33,22,r/videos,0,2018-05-16 17:13:26,2,0,1,0
8jv01z,2018-05-16 13:42:33,22,r/videos,0,2018-05-16 17:32:59,1,0,1,0
8jv01z,2018-05-16 13:42:33,22,r/videos,0,2018-05-16 17:54:53,1,0,1,0
8jv01z,2018-05-16 13:42:33,22,r/videos,0,2018-05-16 18:08:34,1,0,1,0
8jv01z,2018-05-16 13:42:33,22,r/videos,0,2018-05-16 18:16:48,1,0,1,0
8jv01z,2018-05-16 13:42:33,22,r/videos,0,2018-05-16 18:04:32,1,0,1,0
8jv01z,2018-05-16 13:42:33,22,r/videos,1,2018-05-16 14:50:50,0,12,1386,0
8jv01z,2018-05-16 13:42:33,22,r/videos,1,2018-05-16 15:01:16,1,2,323,0
8jv01z,2018-05-16 13:42:33,22,r/videos,1,2018-05-16 15:03:19,2,3,390,0
8jv01z,2018-05-16 13:42:33,22,r/videos,1,2018-05-16 17:05:55,3,0,1,0
8jv01z,2018-05-16 13:42:33,22,r/videos,1,2018-05-16 15:36:57,3,0,57,0
8jv01z,2018-05-16 13:42:33,22,r/videos,1,2018-05-16 17:39:57,3,0,1,0
8jv01z,2018-05-16 13:42:33,22,r/videos,1,2018-05-16 18:25:33,2,0,1,0
8jv01z,2018-05-16 13:42:33,22,r/videos,1,2018-05-16 17:21:10,1,1,1,0
8jv01z,2018-05-16 13:42:33,22,r/videos,1,2018-05-16 18:30:05,2,0,1,0
8jv01z,2018-05-16 13:42:33,22,r/videos,1,2018-05-16 14:58:23,1,0,31,0
8jv01z,2018-05-16 13:42:33,22,r/videos,1,2018-05-16 16:43:54,1,0,19,0
8jv01z,2018-05-16 13:42:33,22,r/videos,1,2018-05-16 17:03:53,1,0,1,0
8jv01z,2018-05-16 13:42:33,22,r/videos,1,2018-05-16 17:44:14,1,0,1,0
8jv01z,2018-05-16 13:42:33,22,r/videos,1,2018-05-16 16:06:24,1,0,2,0
8jv01z,2018-05-16 13:42:33,22,r/videos,1,2018-05-16 17:54:53,1,0,1,0
8jv01z,2018-05-16 13:42:33,22,r/videos,1,2018-05-16 18:07:38,1,0,1,0
8jv01z,2018-05-16 13:42:33,22,r/videos,1,2018-05-16 18:16:28,1,0,1,0
8jv01z,2018-05-16 13:42:33,22,r/videos,1,2018-05-16 17:20:05,1,0,1,0
8jv01z,2018-05-16 13:42:33,22,r/videos,2,2018-05-16 15:15:39,0,0,199,0
8jv01z,2018-05-16 13:42:33,22,r/videos,3,2018-05-16 14:49:49,0,6,505,0
8jv01z,2018-05-16 13:42:33,22,r/videos,3,2018-05-16 17:41:48,1,6,1,0
8jv01z,2018-05-16 13:42:33,22,r/videos,3,2018-05-16 18:04:41,2,0,1,0
8jv01z,2018-05-16 13:42:33,22,r/videos,3,2018-05-16 18:12:24,2,1,1,0
8jv01z,2018-05-16 13:42:33,22,r/videos,3,2018-05-16 18:22:51,3,0,1,0
8jv01z,2018-05-16 13:42:33,22,r/videos,3,2018-05-16 18:21:04,2,1,1,0
8jv01z,2018-05-16 13:42:33,22,r/videos,3,2018-05-16 18:26:56,2,0,1,0
8jv01z,2018-05-16 13:42:33,22,r/videos,3,2018-05-16 18:04:58,2,0,1,0
8jv01z,2018-05-16 13:42:33,22,r/videos,3,2018-05-16 18:29:46,2,0,1,0
8jv01z,2018-05-16 13:42:33,22,r/videos,3,2018-05-16 14:50:00,1,1,167,0
8jv01z,2018-05-16 13:42:33,22,r/videos,3,2018-05-16 16:19:09,2,2,46,0
8jv01z,2018-05-16 13:42:33,22,r/videos,3,2018-05-16 16:19:41,3,6,78,0
8jv01z,2018-05-16 13:42:33,22,r/videos,3,2018-05-16 16:33:14,4,2,62,0
8jv01z,2018-05-16 13:42:33,22,r/videos,3,2018-05-16 16:48:51,5,1,6,0
8jv01z,2018-05-16 13:42:33,22,r/videos,3,2018-05-16 17:50:32,6,0,1,0
8jv01z,2018-05-16 13:42:33,22,r/videos,3,2018-05-16 17:57:47,5,0,1,0
8jv01z,2018-05-16 13:42:33,22,r/videos,3,2018-05-16 17:26:33,4,0,1,0
8jv01z,2018-05-16 13:42:33,22,r/videos,3,2018-05-16 17:04:15,4,1,1,0
8jv01z,2018-05-16 13:42:33,22,r/videos,3,2018-05-16 17:04:55,5,1,1,0
8jv01z,2018-05-16 13:42:33,22,r/videos,3,2018-05-16 17:17:10,6,1,1,0
8jv01z,2018-05-16 13:42:33,22,r/videos,3,2018-05-16 17:17:28,7,0,1,0
8jv01z,2018-05-16 13:42:33,22,r/videos,3,2018-05-16 16:39:23,4,0,2,0
8jv01z,2018-05-16 13:42:33,22,r/videos,3,2018-05-16 16:37:54,4,4,1,0
8jv01z,2018-05-16 13:42:33,22,r/videos,3,2018-05-16 16:39:29,5,0,5,0
8jv01z,2018-05-16 13:42:33,22,r/videos,3,2018-05-16 17:13:04,5,0,1,0
8jv01z,2018-05-16 13:42:33,22,r/videos,3,2018-05-16 16:42:37,5,0,1,0
8jv01z,2018-05-16 13:42:33,22,r/videos,3,2018-05-16 17:57:53,3,0,1,0
8jv01z,2018-05-16 13:42:33,22,r/videos,3,2018-05-16 17:56:53,1,0,1,0
8jv01z,2018-05-16 13:42:33,22,r/videos,3,2018-05-16 17:09:10,1,2,1,0
8jv01z,2018-05-16 13:42:33,22,r/videos,3,2018-05-16 17:20:10,2,2,1,0
8jv01z,2018-05-16 13:42:33,22,r/videos,3,2018-05-16 18:12:00,3,0,1,0
8jv01z,2018-05-16 13:42:33,22,r/videos,3,2018-05-16 18:07:30,2,0,1,0
8jv01z,2018-05-16 13:42:33,22,r/videos,3,2018-05-16 17:14:02,1,2,1,0
8jv01z,2018-05-16 13:42:33,22,r/videos,3,2018-05-16 18:21:50,2,0,1,0
8jv01z,2018-05-16 13:42:33,22,r/videos,3,2018-05-16 17:44:14,2,0,1,0
8jv01z,2018-05-16 13:42:33,22,r/videos,3,2018-05-16 17:18:59,1,1,1,0
8jv01z,2018-05-16 13:42:33,22,r/videos,3,2018-05-16 17:34:16,2,0,1,0
8jv01z,2018-05-16 13:42:33,22,r/videos,4,2018-05-16 16:22:40,0,5,77,0
8jv01z,2018-05-16 13:42:33,22,r/videos,4,2018-05-16 17:04:43,1,1,1,0
8jv01z,2018-05-16 13:42:33,22,r/videos,4,2018-05-16 18:08:39,2,0,1,0
8jv01z,2018-05-16 13:42:33,22,r/videos,4,2018-05-16 17:51:37,1,0,1,0
8jv01z,2018-05-16 13:42:33,22,r/videos,4,2018-05-16 18:02:01,1,0,1,0
8jv01z,2018-05-16 13:42:33,22,r/videos,4,2018-05-16 17:23:51,1,0,1,0
8jv01z,2018-05-16 13:42:33,22,r/videos,5,2018-05-16 15:21:17,0,4,329,0
8jv01z,2018-05-16 13:42:33,22,r/videos,5,2018-05-16 17:25:31,1,0,1,0
8jv01z,2018-05-16 13:42:33,22,r/videos,5,2018-05-16 17:09:22,1,0,1,0
8jv01z,2018-05-16 13:42:33,22,r/videos,5,2018-05-16 17:34:24,1,1,1,0
8jv01z,2018-05-16 13:42:33,22,r/videos,5,2018-05-16 17:35:19,2,1,1,0
8jv01z,2018-05-16 13:42:33,22,r/videos,5,2018-05-16 17:40:12,3,0,1,0
8jv01z,2018-05-16 13:42:33,22,r/videos,6,2018-05-16 15:43:30,0,2,191,0
8jv01z,2018-05-16 13:42:33,22,r/videos,6,2018-05-16 17:13:06,1,6,1,0
8jv01z,2018-05-16 13:42:33,22,r/videos,6,2018-05-16 17:23:07,2,2,1,0
8jv01z,2018-05-16 13:42:33,22,r/videos,6,2018-05-16 17:46:57,3,1,1,0
8jv01z,2018-05-16 13:42:33,22,r/videos,6,2018-05-16 18:00:23,4,0,1,0
8jv01z,2018-05-16 13:42:33,22,r/videos,6,2018-05-16 18:00:18,3,0,1,0
8jv01z,2018-05-16 13:42:33,22,r/videos,6,2018-05-16 17:19:59,2,1,1,0
8jv01z,2018-05-16 13:42:33,22,r/videos,6,2018-05-16 17:32:48,3,1,1,0
8jv01z,2018-05-16 13:42:33,22,r/videos,6,2018-05-16 18:00:52,4,0,1,0
8jv01z,2018-05-16 13:42:33,22,r/videos,6,2018-05-16 17:43:37,2,0,1,0
8jv01z,2018-05-16 13:42:33,22,r/videos,6,2018-05-16 18:06:57,2,0,1,0
8jv01z,2018-05-16 13:42:33,22,r/videos,6,2018-05-16 18:13:09,2,0,1,0
8jv01z,2018-05-16 13:42:33,22,r/videos,6,2018-05-16 17:37:30,1,1,1,0
8jv01z,2018-05-16 13:42:33,22,r/videos,6,2018-05-16 18:28:19,2,0,1,0
8jv01z,2018-05-16 13:42:33,22,r/videos,7,2018-05-16 16:53:23,0,0,40,0
8jv01z,2018-05-16 13:42:33,22,r/videos,8,2018-05-16 14:13:57,0,1,127,0
8jv01z,2018-05-16 13:42:33,22,r/videos,8,2018-05-16 17:48:33,1,2,1,0
8jv01z,2018-05-16 13:42:33,22,r/videos,8,2018-05-16 18:01:24,2,1,1,0
8jv01z,2018-05-16 13:42:33,22,r/videos,8,2018-05-16 18:15:17,3,1,1,0
8jv01z,2018-05-16 13:42:33,22,r/videos,8,2018-05-16 18:27:18,4,0,1,0
8jv01z,2018-05-16 13:42:33,22,r/videos,8,2018-05-16 18:30:03,2,0,1,0
8jv01z,2018-05-16 13:42:33,22,r/videos,9,2018-05-16 15:12:05,0,4,251,0
8jv01z,2018-05-16 13:42:33,22,r/videos,9,2018-05-16 17:08:45,1,0,1,0
8jv01z,2018-05-16 13:42:33,22,r/videos,9,2018-05-16 15:34:30,1,5,108,0
8jv01z,2018-05-16 13:42:33,22,r/videos,9,2018-05-16 15:56:29,2,0,17,0
8jv01z,2018-05-16 13:42:33,22,r/videos,9,2018-05-16 16:37:18,2,3,26,0
8jv01z,2018-05-16 13:42:33,22,r/videos,9,2018-05-16 17:03:10,3,7,1,0
8jv01z,2018-05-16 13:42:33,22,r/videos,9,2018-05-16 17:18:19,4,0,1,0
8jv01z,2018-05-16 13:42:33,22,r/videos,9,2018-05-16 17:30:08,4,2,1,0
8jv01z,2018-05-16 13:42:33,22,r/videos,9,2018-05-16 18:12:25,5,0,1,0
8jv01z,2018-05-16 13:42:33,22,r/videos,9,2018-05-16 18:16:48,5,0,1,0
8jv01z,2018-05-16 13:42:33,22,r/videos,9,2018-05-16 17:50:29,4,3,1,0
8jv01z,2018-05-16 13:42:33,22,r/videos,9,2018-05-16 18:10:20,5,0,1,0
8jv01z,2018-05-16 13:42:33,22,r/videos,9,2018-05-16 18:03:38,5,0,1,0
8jv01z,2018-05-16 13:42:33,22,r/videos,9,2018-05-16 18:06:30,5,0,1,0
8jv01z,2018-05-16 13:42:33,22,r/videos,9,2018-05-16 17:19:18,4,1,1,0
8jv01z,2018-05-16 13:42:33,22,r/videos,9,2018-05-16 17:40:54,5,2,1,0
8jv01z,2018-05-16 13:42:33,22,r/videos,9,2018-05-16 17:45:11,6,2,1,0
8jv01z,2018-05-16 13:42:33,22,r/videos,9,2018-05-16 18:11:48,7,1,1,0
8jv01z,2018-05-16 13:42:33,22,r/videos,9,2018-05-16 17:17:55,4,1,1,0
8jv01z,2018-05-16 13:42:33,22,r/videos,9,2018-05-16 17:22:25,5,2,1,0
8jv01z,2018-05-16 13:42:33,22,r/videos,9,2018-05-16 18:02:31,6,1,1,0
8jv01z,2018-05-16 13:42:33,22,r/videos,9,2018-05-16 17:49:05,6,2,1,0
8jv01z,2018-05-16 13:42:33,22,r/videos,9,2018-05-16 17:59:27,7,1,1,0
8jv01z,2018-05-16 13:42:33,22,r/videos,9,2018-05-16 18:09:03,8,0,1,0
8jv01z,2018-05-16 13:42:33,22,r/videos,9,2018-05-16 18:03:24,4,0,1,0
8jv01z,2018-05-16 13:42:33,22,r/videos,9,2018-05-16 17:54:12,4,0,1,0
8jv01z,2018-05-16 13:42:33,22,r/videos,9,2018-05-16 17:14:50,3,2,1,0
8jv01z,2018-05-16 13:42:33,22,r/videos,9,2018-05-16 17:22:43,4,2,1,0
8jv01z,2018-05-16 13:42:33,22,r/videos,9,2018-05-16 17:37:53,5,2,1,0
8jv01z,2018-05-16 13:42:33,22,r/videos,9,2018-05-16 17:40:31,6,1,1,0
8jv01z,2018-05-16 13:42:33,22,r/videos,9,2018-05-16 17:56:01,7,0,1,0
8jv01z,2018-05-16 13:42:33,22,r/videos,9,2018-05-16 17:27:02,5,1,1,0
8jv01z,2018-05-16 13:42:33,22,r/videos,9,2018-05-16 17:33:24,6,1,1,0
8jv01z,2018-05-16 13:42:33,22,r/videos,9,2018-05-16 17:39:31,7,1,1,0
8jv01z,2018-05-16 13:42:33,22,r/videos,9,2018-05-16 17:51:15,8,2,1,0
8jv01z,2018-05-16 13:42:33,22,r/videos,9,2018-05-16 17:56:39,9,1,1,0
8jv01z,2018-05-16 13:42:33,22,r/videos,9,2018-05-16 18:02:31,9,1,1,0
8jv01z,2018-05-16 13:42:33,22,r/videos,9,2018-05-16 17:26:27,4,1,1,0
8jv01z,2018-05-16 13:42:33,22,r/videos,9,2018-05-16 17:27:36,5,3,1,0
8jv01z,2018-05-16 13:42:33,22,r/videos,9,2018-05-16 18:11:39,6,1,1,0
8jv01z,2018-05-16 13:42:33,22,r/videos,9,2018-05-16 18:21:14,7,0,1,0
8jv01z,2018-05-16 13:42:33,22,r/videos,9,2018-05-16 17:30:42,6,1,1,0
8jv01z,2018-05-16 13:42:33,22,r/videos,9,2018-05-16 17:31:58,7,1,1,0
8jv01z,2018-05-16 13:42:33,22,r/videos,9,2018-05-16 17:48:34,8,2,1,0
8jv01z,2018-05-16 13:42:33,22,r/videos,9,2018-05-16 18:15:23,9,0,1,0
8jv01z,2018-05-16 13:42:33,22,r/videos,9,2018-05-16 18:16:01,9,0,1,0
8jv01z,2018-05-16 13:42:33,22,r/videos,9,2018-05-16 17:32:28,6,1,1,0
8jv01z,2018-05-16 13:42:33,22,r/videos,9,2018-05-16 17:38:46,7,1,1,0
8jv01z,2018-05-16 13:42:33,22,r/videos,9,2018-05-16 17:43:45,8,1,1,0
8jv01z,2018-05-16 13:42:33,22,r/videos,9,2018-05-16 17:45:46,9,1,1,0
8jv01z,2018-05-16 13:42:33,22,r/videos,9,2018-05-16 18:01:40,3,1,1,0
8jv01z,2018-05-16 13:42:33,22,r/videos,9,2018-05-16 18:20:04,4,0,1,0
8jv01z,2018-05-16 13:42:33,22,r/videos,9,2018-05-16 17:53:34,2,0,1,0
8jv01z,2018-05-16 13:42:33,22,r/videos,9,2018-05-16 18:17:51,2,1,1,0
8jv01z,2018-05-16 13:42:33,22,r/videos,9,2018-05-16 18:19:15,3,1,1,0
8jv01z,2018-05-16 13:42:33,22,r/videos,9,2018-05-16 18:24:50,4,0,1,0
8jv01z,2018-05-16 13:42:33,22,r/videos,9,2018-05-16 15:58:11,1,0,6,0
8jv01z,2018-05-16 13:42:33,22,r/videos,9,2018-05-16 17:39:35,1,0,1,0
8jv01z,2018-05-16 13:42:33,22,r/videos,10,2018-05-16 15:14:56,0,4,61,0
8jv01z,2018-05-16 13:42:33,22,r/videos,10,2018-05-16 15:47:54,1,2,47,0
8jv01z,2018-05-16 13:42:33,22,r/videos,10,2018-05-16 17:19:30,2,1,1,0
8jv01z,2018-05-16 13:42:33,22,r/videos,10,2018-05-16 17:41:14,3,1,1,0
8jv01z,2018-05-16 13:42:33,22,r/videos,10,2018-05-16 18:17:40,4,0,1,0
8jv01z,2018-05-16 13:42:33,22,r/videos,10,2018-05-16 18:15:40,2,0,1,0
8jv01z,2018-05-16 13:42:33,22,r/videos,10,2018-05-16 16:29:22,1,2,17,0
8jv01z,2018-05-16 13:42:33,22,r/videos,10,2018-05-16 16:35:38,2,1,25,0
8jv01z,2018-05-16 13:42:33,22,r/videos,10,2018-05-16 17:59:51,3,0,1,0
8jv01z,2018-05-16 13:42:33,22,r/videos,10,2018-05-16 17:12:32,2,0,1,0
8jv01z,2018-05-16 13:42:33,22,r/videos,10,2018-05-16 16:56:18,1,0,3,0
8jv01z,2018-05-16 13:42:33,22,r/videos,10,2018-05-16 18:01:35,1,0,1,0
8jv01z,2018-05-16 13:42:33,22,r/videos,11,2018-05-16 14:29:48,0,10,334,0
8jv01z,2018-05-16 13:42:33,22,r/videos,11,2018-05-16 14:48:09,1,1,361,0
8jv01z,2018-05-16 13:42:33,22,r/videos,11,2018-05-16 16:17:48,2,1,46,0
8jv01z,2018-05-16 13:42:33,22,r/videos,11,2018-05-16 16:31:01,3,1,31,0
8jv01z,2018-05-16 13:42:33,22,r/videos,11,2018-05-16 17:18:26,4,0,1,0
8jv01z,2018-05-16 13:42:33,22,r/videos,11,2018-05-16 16:02:10,1,1,94,0
8jv01z,2018-05-16 13:42:33,22,r/videos,11,2018-05-16 16:21:03,2,1,96,0
8jv01z,2018-05-16 13:42:33,22,r/videos,11,2018-05-16 16:45:40,3,1,35,0
8jv01z,2018-05-16 13:42:33,22,r/videos,11,2018-05-16 17:39:35,4,0,1,0
8jv01z,2018-05-16 13:42:33,22,r/videos,11,2018-05-16 16:39:00,1,3,57,0
8jv01z,2018-05-16 13:42:33,22,r/videos,11,2018-05-16 17:01:09,2,0,1,0
8jv01z,2018-05-16 13:42:33,22,r/videos,11,2018-05-16 17:13:31,2,1,1,0
8jv01z,2018-05-16 13:42:33,22,r/videos,11,2018-05-16 17:28:27,3,3,1,0
8jv01z,2018-05-16 13:42:33,22,r/videos,11,2018-05-16 17:31:48,4,0,1,0
8jv01z,2018-05-16 13:42:33,22,r/videos,11,2018-05-16 17:39:38,4,0,1,0
8jv01z,2018-05-16 13:42:33,22,r/videos,11,2018-05-16 18:02:03,4,1,1,0
8jv01z,2018-05-16 13:42:33,22,r/videos,11,2018-05-16 18:02:34,5,1,1,0
8jv01z,2018-05-16 13:42:33,22,r/videos,11,2018-05-16 18:17:19,6,0,1,0
8jv01z,2018-05-16 13:42:33,22,r/videos,11,2018-05-16 17:09:59,2,0,1,0
8jv01z,2018-05-16 13:42:33,22,r/videos,11,2018-05-16 17:04:06,1,2,1,0
8jv01z,2018-05-16 13:42:33,22,r/videos,11,2018-05-16 17:32:09,2,0,1,0
8jv01z,2018-05-16 13:42:33,22,r/videos,11,2018-05-16 17:16:21,2,0,1,0
8jv01z,2018-05-16 13:42:33,22,r/videos,11,2018-05-16 17:32:28,1,1,1,0
8jv01z,2018-05-16 13:42:33,22,r/videos,11,2018-05-16 17:53:50,2,1,1,0
8jv01z,2018-05-16 13:42:33,22,r/videos,11,2018-05-16 17:26:09,1,1,1,0
8jv01z,2018-05-16 13:42:33,22,r/videos,11,2018-05-16 17:47:31,2,2,1,0
8jv01z,2018-05-16 13:42:33,22,r/videos,11,2018-05-16 17:56:39,3,1,1,0
8jv01z,2018-05-16 13:42:33,22,r/videos,11,2018-05-16 18:03:57,4,0,1,0
8jv01z,2018-05-16 13:42:33,22,r/videos,11,2018-05-16 18:01:12,3,0,1,0
8jv01z,2018-05-16 13:42:33,22,r/videos,11,2018-05-16 17:48:50,1,0,1,0
8jv01z,2018-05-16 13:42:33,22,r/videos,11,2018-05-16 18:21:03,1,0,1,0
8jv01z,2018-05-16 13:42:33,22,r/videos,11,2018-05-16 16:30:21,1,0,2,0
8jv01z,2018-05-16 13:42:33,22,r/videos,12,2018-05-16 14:01:45,0,1,74,0
8jv01z,2018-05-16 13:42:33,22,r/videos,12,2018-05-16 14:04:14,1,8,38,0
8jv01z,2018-05-16 13:42:33,22,r/videos,12,2018-05-16 14:26:46,2,0,18,0
8jv01z,2018-05-16 13:42:33,22,r/videos,12,2018-05-16 17:15:00,2,0,1,0
8jv01z,2018-05-16 13:42:33,22,r/videos,12,2018-05-16 15:23:18,2,0,5,0
8jv01z,2018-05-16 13:42:33,22,r/videos,12,2018-05-16 15:53:05,2,0,7,0
8jv01z,2018-05-16 13:42:33,22,r/videos,12,2018-05-16 17:54:26,2,0,1,0
8jv01z,2018-05-16 13:42:33,22,r/videos,12,2018-05-16 18:14:42,2,0,1,0
8jv01z,2018-05-16 13:42:33,22,r/videos,12,2018-05-16 18:23:18,2,0,1,0
8jv01z,2018-05-16 13:42:33,22,r/videos,12,2018-05-16 18:29:38,2,0,1,0
8jv01z,2018-05-16 13:42:33,22,r/videos,13,2018-05-16 17:06:53,0,0,1,0
8jv01z,2018-05-16 13:42:33,22,r/videos,14,2018-05-16 14:57:39,0,2,123,0
8jv01z,2018-05-16 13:42:33,22,r/videos,14,2018-05-16 15:46:36,1,4,39,0
8jv01z,2018-05-16 13:42:33,22,r/videos,14,2018-05-16 16:43:21,2,1,37,0
8jv01z,2018-05-16 13:42:33,22,r/videos,14,2018-05-16 16:44:28,3,3,10,0
8jv01z,2018-05-16 13:42:33,22,r/videos,14,2018-05-16 17:02:15,4,4,1,0
8jv01z,2018-05-16 13:42:33,22,r/videos,14,2018-05-16 17:34:30,5,0,1,0
8jv01z,2018-05-16 13:42:33,22,r/videos,14,2018-05-16 17:15:19,5,0,1,0
8jv01z,2018-05-16 13:42:33,22,r/videos,14,2018-05-16 17:33:58,5,0,1,0
8jv01z,2018-05-16 13:42:33,22,r/videos,14,2018-05-16 17:16:49,4,1,1,0
8jv01z,2018-05-16 13:42:33,22,r/videos,14,2018-05-16 17:02:32,2,2,1,0
8jv01z,2018-05-16 13:42:33,22,r/videos,14,2018-05-16 17:09:15,3,1,1,0
8jv01z,2018-05-16 13:42:33,22,r/videos,14,2018-05-16 17:13:10,4,1,1,0
8jv01z,2018-05-16 13:42:33,22,r/videos,14,2018-05-16 17:39:16,3,0,1,0
8jv01z,2018-05-16 13:42:33,22,r/videos,14,2018-05-16 17:27:11,2,1,1,0
8jv01z,2018-05-16 13:42:33,22,r/videos,14,2018-05-16 17:32:54,3,0,1,0
8jv01z,2018-05-16 13:42:33,22,r/videos,14,2018-05-16 17:45:10,2,1,1,0
8jv01z,2018-05-16 13:42:33,22,r/videos,14,2018-05-16 17:50:27,3,0,1,0
8jv01z,2018-05-16 13:42:33,22,r/videos,15,2018-05-16 14:08:51,0,0,18,0
8jv01z,2018-05-16 13:42:33,22,r/videos,16,2018-05-16 17:14:58,0,0,1,0
8jv01z,2018-05-16 13:42:33,22,r/videos,17,2018-05-16 16:50:02,0,0,5,0
8jv01z,2018-05-16 13:42:33,22,r/videos,18,2018-05-16 17:01:59,0,0,1,0
8jv01z,2018-05-16 13:42:33,22,r/videos,19,2018-05-16 15:43:44,0,0,10,0
8jv01z,2018-05-16 13:42:33,22,r/videos,20,2018-05-16 16:34:51,0,1,6,0
8jv01z,2018-05-16 13:42:33,22,r/videos,20,2018-05-16 17:36:04,1,0,1,0
8jv01z,2018-05-16 13:42:33,22,r/videos,21,2018-05-16 16:06:54,0,2,15,0
8jv01z,2018-05-16 13:42:33,22,r/videos,21,2018-05-16 18:09:58,1,0,1,0
8jv01z,2018-05-16 13:42:33,22,r/videos,21,2018-05-16 17:32:46,1,0,1,0
8jv01z,2018-05-16 13:42:33,22,r/videos,22,2018-05-16 14:15:10,0,0,3,0
8jv01z,2018-05-16 13:42:33,22,r/videos,23,2018-05-16 16:23:02,0,0,3,0
8jv01z,2018-05-16 13:42:33,22,r/videos,24,2018-05-16 16:43:30,0,1,3,0
8jv01z,2018-05-16 13:42:33,22,r/videos,25,2018-05-16 17:08:54,0,0,1,0
8jv01z,2018-05-16 13:42:33,22,r/videos,26,2018-05-16 17:21:52,0,1,1,0
8jv01z,2018-05-16 13:42:33,22,r/videos,26,2018-05-16 17:24:49,1,2,1,0
8jv01z,2018-05-16 13:42:33,22,r/videos,26,2018-05-16 18:02:21,2,0,1,0
8jv01z,2018-05-16 13:42:33,22,r/videos,26,2018-05-16 18:22:38,2,0,1,0
8jv01z,2018-05-16 13:42:33,22,r/videos,27,2018-05-16 17:25:12,0,1,1,0
8jv01z,2018-05-16 13:42:33,22,r/videos,27,2018-05-16 17:38:08,1,0,1,0
8jv01z,2018-05-16 13:42:33,22,r/videos,28,2018-05-16 17:47:21,0,0,1,0
8jv01z,2018-05-16 13:42:33,22,r/videos,29,2018-05-16 18:13:44,0,0,1,0
8jv01z,2018-05-16 13:42:33,22,r/videos,30,2018-05-16 14:58:14,0,0,6,0
8jv01z,2018-05-16 13:42:33,22,r/videos,31,2018-05-16 16:40:22,0,0,2,0
8jv01z,2018-05-16 13:42:33,22,r/videos,32,2018-05-16 16:49:26,0,0,2,0
8jv01z,2018-05-16 13:42:33,22,r/videos,33,2018-05-16 17:19:51,0,0,1,0
8jv01z,2018-05-16 13:42:33,22,r/videos,34,2018-05-16 17:25:25,0,1,1,0
8jv01z,2018-05-16 13:42:33,22,r/videos,34,2018-05-16 17:52:44,1,0,1,0
8jv01z,2018-05-16 13:42:33,22,r/videos,35,2018-05-16 17:32:38,0,0,1,0
8jv01z,2018-05-16 13:42:33,22,r/videos,36,2018-05-16 17:36:07,0,0,1,0
8jv01z,2018-05-16 13:42:33,22,r/videos,37,2018-05-16 17:47:22,0,0,1,0
8jv01z,2018-05-16 13:42:33,22,r/videos,38,2018-05-16 17:50:07,0,0,1,0
8jv01z,2018-05-16 13:42:33,22,r/videos,39,2018-05-16 17:51:14,0,0,1,0
8jv01z,2018-05-16 13:42:33,22,r/videos,40,2018-05-16 17:53:36,0,0,1,0
8jv01z,2018-05-16 13:42:33,22,r/videos,41,2018-05-16 17:53:49,0,0,1,0
8jv01z,2018-05-16 13:42:33,22,r/videos,42,2018-05-16 17:54:13,0,1,1,0
8jv01z,2018-05-16 13:42:33,22,r/videos,42,2018-05-16 18:26:59,1,0,1,0
8jv01z,2018-05-16 13:42:33,22,r/videos,43,2018-05-16 17:55:47,0,0,1,0
8jv01z,2018-05-16 13:42:33,22,r/videos,44,2018-05-16 17:56:06,0,0,1,0
8jv01z,2018-05-16 13:42:33,22,r/videos,45,2018-05-16 18:01:03,0,0,1,0
8jv01z,2018-05-16 13:42:33,22,r/videos,46,2018-05-16 18:01:54,0,0,1,0
8jv01z,2018-05-16 13:42:33,22,r/videos,47,2018-05-16 18:04:13,0,0,1,0
8jv01z,2018-05-16 13:42:33,22,r/videos,48,2018-05-16 18:04:25,0,0,1,0
8jv01z,2018-05-16 13:42:33,22,r/videos,49,2018-05-16 18:04:48,0,1,1,0
8jv01z,2018-05-16 13:42:33,22,r/videos,49,2018-05-16 18:09:54,1,0,1,0
8jv01z,2018-05-16 13:42:33,22,r/videos,50,2018-05-16 18:04:58,0,0,1,0
8jv01z,2018-05-16 13:42:33,22,r/videos,51,2018-05-16 18:07:02,0,0,1,0
8jv01z,2018-05-16 13:42:33,22,r/videos,52,2018-05-16 18:07:23,0,0,1,0
8jv01z,2018-05-16 13:42:33,22,r/videos,53,2018-05-16 18:08:21,0,1,1,0
8jv01z,2018-05-16 13:42:33,22,r/videos,53,2018-05-16 18:08:48,1,0,1,0
8jv01z,2018-05-16 13:42:33,22,r/videos,54,2018-05-16 18:13:41,0,0,1,0
8jv01z,2018-05-16 13:42:33,22,r/videos,55,2018-05-16 18:17:56,0,0,1,0
8jv01z,2018-05-16 13:42:33,22,r/videos,56,2018-05-16 18:21:31,0,0,1,0
8jv01z,2018-05-16 13:42:33,22,r/videos,57,2018-05-16 18:21:40,0,0,1,0
8jv01z,2018-05-16 13:42:33,22,r/videos,58,2018-05-16 14:42:56,0,1,5,0
8jv01z,2018-05-16 13:42:33,22,r/videos,58,2018-05-16 15:31:25,1,0,2,0
8jv01z,2018-05-16 13:42:33,22,r/videos,59,2018-05-16 16:37:36,0,0,4,0
8jv01z,2018-05-16 13:42:33,22,r/videos,60,2018-05-16 16:38:15,0,0,4,0
8jv01z,2018-05-16 13:42:33,22,r/videos,61,2018-05-16 16:04:29,0,1,3,0
8jv01z,2018-05-16 13:42:33,22,r/videos,61,2018-05-16 17:08:03,1,0,1,0
8jv01z,2018-05-16 13:42:33,22,r/videos,62,2018-05-16 14:59:01,0,0,2,0
8jv01z,2018-05-16 13:42:33,22,r/videos,63,2018-05-16 16:02:25,0,0,1,0
8jv01z,2018-05-16 13:42:33,22,r/videos,64,2018-05-16 16:49:32,0,2,2,0
8jv01z,2018-05-16 13:42:33,22,r/videos,64,2018-05-16 17:18:03,1,0,1,0
8jv01z,2018-05-16 13:42:33,22,r/videos,65,2018-05-16 15:33:00,0,0,3,0
8jv01z,2018-05-16 13:42:33,22,r/videos,66,2018-05-16 16:53:30,0,1,1,0
8jv01z,2018-05-16 13:42:33,22,r/videos,66,2018-05-16 17:37:16,1,0,1,0
8jv01z,2018-05-16 13:42:33,22,r/videos,67,2018-05-16 16:56:44,0,0,1,0
8jv01z,2018-05-16 13:42:33,22,r/videos,68,2018-05-16 16:15:47,0,0,1,0
8jv01z,2018-05-16 13:42:33,22,r/videos,69,2018-05-16 16:56:05,0,0,1,0
8jv01z,2018-05-16 13:42:33,22,r/videos,70,2018-05-16 16:56:08,0,2,1,0
8jv01z,2018-05-16 13:42:33,22,r/videos,70,2018-05-16 18:03:06,1,0,1,0
8jv01z,2018-05-16 13:42:33,22,r/videos,70,2018-05-16 18:21:16,1,1,1,0
8jv01z,2018-05-16 13:42:33,22,r/videos,70,2018-05-16 18:28:44,2,0,1,0
8jv01z,2018-05-16 13:42:33,22,r/videos,71,2018-05-16 16:58:38,0,0,1,0
8jv01z,2018-05-16 13:42:33,22,r/videos,72,2018-05-16 17:10:58,0,1,1,0
8jv01z,2018-05-16 13:42:33,22,r/videos,72,2018-05-16 17:33:16,1,0,1,0
8jv01z,2018-05-16 13:42:33,22,r/videos,73,2018-05-16 17:13:47,0,0,1,0
8jv01z,2018-05-16 13:42:33,22,r/videos,74,2018-05-16 17:14:18,0,0,1,0
8jv01z,2018-05-16 13:42:33,22,r/videos,75,2018-05-16 17:15:47,0,0,1,0
8jv01z,2018-05-16 13:42:33,22,r/videos,76,2018-05-16 17:16:36,0,0,1,0
8jv01z,2018-05-16 13:42:33,22,r/videos,77,2018-05-16 17:16:52,0,0,1,0
8jv01z,2018-05-16 13:42:33,22,r/videos,78,2018-05-16 17:18:47,0,0,1,0
8jv01z,2018-05-16 13:42:33,22,r/videos,79,2018-05-16 17:18:56,0,0,1,0
8jv01z,2018-05-16 13:42:33,22,r/videos,80,2018-05-16 17:22:52,0,0,1,0
8jv01z,2018-05-16 13:42:33,22,r/videos,81,2018-05-16 17:23:05,0,0,1,0
8jv01z,2018-05-16 13:42:33,22,r/videos,82,2018-05-16 17:23:59,0,0,1,0
8jv01z,2018-05-16 13:42:33,22,r/videos,83,2018-05-16 17:24:23,0,0,1,0
8jv01z,2018-05-16 13:42:33,22,r/videos,84,2018-05-16 17:24:29,0,1,1,0
8jv01z,2018-05-16 13:42:33,22,r/videos,84,2018-05-16 17:24:43,1,1,1,0
8jv01z,2018-05-16 13:42:33,22,r/videos,84,2018-05-16 17:25:47,2,0,1,0
8jv01z,2018-05-16 13:42:33,22,r/videos,85,2018-05-16 17:25:16,0,0,1,0
8jv01z,2018-05-16 13:42:33,22,r/videos,86,2018-05-16 17:26:08,0,0,1,0
8jv01z,2018-05-16 13:42:33,22,r/videos,87,2018-05-16 17:28:26,0,0,1,0
8jv01z,2018-05-16 13:42:33,22,r/videos,88,2018-05-16 17:28:38,0,0,1,0
8jv01z,2018-05-16 13:42:33,22,r/videos,89,2018-05-16 17:29:26,0,0,1,0
8jv01z,2018-05-16 13:42:33,22,r/videos,90,2018-05-16 17:30:58,0,0,1,0
8jv01z,2018-05-16 13:42:33,22,r/videos,91,2018-05-16 17:31:24,0,0,1,0
8jv01z,2018-05-16 13:42:33,22,r/videos,92,2018-05-16 17:32:35,0,0,1,0
8jv01z,2018-05-16 13:42:33,22,r/videos,93,2018-05-16 17:37:27,0,0,1,0
8jv01z,2018-05-16 13:42:33,22,r/videos,94,2018-05-16 17:38:01,0,1,1,0
8jv01z,2018-05-16 13:42:33,22,r/videos,94,2018-05-16 17:44:22,1,1,1,0
8jv01z,2018-05-16 13:42:33,22,r/videos,94,2018-05-16 17:48:46,2,0,1,0
8jv01z,2018-05-16 13:42:33,22,r/videos,95,2018-05-16 17:39:16,0,0,1,0
8jv01z,2018-05-16 13:42:33,22,r/videos,96,2018-05-16 17:39:35,0,0,1,0
8jv01z,2018-05-16 13:42:33,22,r/videos,97,2018-05-16 17:40:05,0,0,1,0
8jv01z,2018-05-16 13:42:33,22,r/videos,98,2018-05-16 17:41:03,0,0,1,0
8jv01z,2018-05-16 13:42:33,22,r/videos,99,2018-05-16 17:41:24,0,0,1,0
8jv01z,2018-05-16 13:42:33,22,r/videos,100,2018-05-16 17:41:26,0,0,1,0
8jv01z,2018-05-16 13:42:33,22,r/videos,101,2018-05-16 17:41:47,0,0,1,0
8jv01z,2018-05-16 13:42:33,22,r/videos,102,2018-05-16 17:41:57,0,0,1,0
8jv01z,2018-05-16 13:42:33,22,r/videos,103,2018-05-16 17:43:24,0,0,1,0
8jv01z,2018-05-16 13:42:33,22,r/videos,104,2018-05-16 17:43:26,0,0,1,0
8jv01z,2018-05-16 13:42:33,22,r/videos,105,2018-05-16 17:43:58,0,0,1,0
8jv01z,2018-05-16 13:42:33,22,r/videos,106,2018-05-16 17:44:21,0,0,1,0
8jv01z,2018-05-16 13:42:33,22,r/videos,107,2018-05-16 17:44:29,0,0,1,0
8jv01z,2018-05-16 13:42:33,22,r/videos,108,2018-05-16 17:47:51,0,0,1,0
8jv01z,2018-05-16 13:42:33,22,r/videos,109,2018-05-16 17:48:34,0,0,1,0
8jv01z,2018-05-16 13:42:33,22,r/videos,110,2018-05-16 17:49:34,0,0,1,0
8jv01z,2018-05-16 13:42:33,22,r/videos,111,2018-05-16 17:50:32,0,0,1,0
8jv01z,2018-05-16 13:42:33,22,r/videos,112,2018-05-16 17:50:49,0,0,1,0
8jv01z,2018-05-16 13:42:33,22,r/videos,113,2018-05-16 17:54:16,0,0,1,0
8jv01z,2018-05-16 13:42:33,22,r/videos,114,2018-05-16 17:54:51,0,0,1,0
8jv01z,2018-05-16 13:42:33,22,r/videos,115,2018-05-16 17:55:48,0,0,1,0
8jv01z,2018-05-16 13:42:33,22,r/videos,116,2018-05-16 17:55:51,0,0,1,0
8jv01z,2018-05-16 13:42:33,22,r/videos,117,2018-05-16 17:57:05,0,0,1,0
8jv01z,2018-05-16 13:42:33,22,r/videos,118,2018-05-16 17:57:39,0,0,1,0
8jv01z,2018-05-16 13:42:33,22,r/videos,119,2018-05-16 17:58:55,0,0,1,0
8jv01z,2018-05-16 13:42:33,22,r/videos,120,2018-05-16 17:59:12,0,0,1,0
8jv01z,2018-05-16 13:42:33,22,r/videos,121,2018-05-16 17:59:57,0,0,1,0
8jv01z,2018-05-16 13:42:33,22,r/videos,122,2018-05-16 18:00:10,0,0,1,0
8jv01z,2018-05-16 13:42:33,22,r/videos,123,2018-05-16 18:00:17,0,0,1,0
8jv01z,2018-05-16 13:42:33,22,r/videos,124,2018-05-16 18:06:17,0,0,1,0
8jv01z,2018-05-16 13:42:33,22,r/videos,125,2018-05-16 18:06:26,0,0,1,0
8jv01z,2018-05-16 13:42:33,22,r/videos,126,2018-05-16 18:08:00,0,0,1,0
8jv01z,2018-05-16 13:42:33,22,r/videos,127,2018-05-16 18:09:56,0,0,1,0
8jv01z,2018-05-16 13:42:33,22,r/videos,128,2018-05-16 18:10:55,0,0,1,0
8jv01z,2018-05-16 13:42:33,22,r/videos,129,2018-05-16 18:10:57,0,0,1,0
8jv01z,2018-05-16 13:42:33,22,r/videos,130,2018-05-16 18:11:03,0,0,1,0
8jv01z,2018-05-16 13:42:33,22,r/videos,131,2018-05-16 18:11:52,0,0,1,0
8jv01z,2018-05-16 13:42:33,22,r/videos,132,2018-05-16 18:15:36,0,0,1,0
8jv01z,2018-05-16 13:42:33,22,r/videos,133,2018-05-16 18:16:10,0,0,1,0
8jv01z,2018-05-16 13:42:33,22,r/videos,134,2018-05-16 18:18:21,0,0,1,0
8jv01z,2018-05-16 13:42:33,22,r/videos,135,2018-05-16 18:19:13,0,0,1,0
8jv01z,2018-05-16 13:42:33,22,r/videos,136,2018-05-16 18:19:15,0,0,1,0
8jv01z,2018-05-16 13:42:33,22,r/videos,137,2018-05-16 18:19:26,0,0,1,0
8jv01z,2018-05-16 13:42:33,22,r/videos,138,2018-05-16 18:20:29,0,0,1,0
8jv01z,2018-05-16 13:42:33,22,r/videos,139,2018-05-16 18:21:30,0,0,1,0
8jv01z,2018-05-16 13:42:33,22,r/videos,140,2018-05-16 18:21:38,0,0,1,0
8jv01z,2018-05-16 13:42:33,22,r/videos,141,2018-05-16 18:22:52,0,0,1,0
8jv01z,2018-05-16 13:42:33,22,r/videos,142,2018-05-16 18:24:09,0,0,1,0
8jv01z,2018-05-16 13:42:33,22,r/videos,143,2018-05-16 18:24:14,0,0,1,0
8jv01z,2018-05-16 13:42:33,22,r/videos,144,2018-05-16 18:24:19,0,0,1,0
8jv01z,2018-05-16 13:42:33,22,r/videos,145,2018-05-16 18:24:21,0,0,1,0
8jv01z,2018-05-16 13:42:33,22,r/videos,146,2018-05-16 18:24:53,0,0,1,0
8jv01z,2018-05-16 13:42:33,22,r/videos,147,2018-05-16 18:25:07,0,0,1,0
8jv01z,2018-05-16 13:42:33,22,r/videos,148,2018-05-16 18:25:13,0,0,1,0
8jv01z,2018-05-16 13:42:33,22,r/videos,149,2018-05-16 18:25:37,0,0,1,0
8jv01z,2018-05-16 13:42:33,22,r/videos,150,2018-05-16 18:26:36,0,0,1,0
8jv01z,2018-05-16 13:42:33,22,r/videos,151,2018-05-16 18:28:51,0,0,1,0
8jv01z,2018-05-16 13:42:33,22,r/videos,152,2018-05-16 18:29:34,0,0,1,0
8jv01z,2018-05-16 13:42:33,22,r/videos,153,2018-05-16 17:10:43,0,0,1,0
8jv01z,2018-05-16 13:42:33,22,r/videos,154,2018-05-16 17:13:32,0,1,1,0
8jv01z,2018-05-16 13:42:33,22,r/videos,154,2018-05-16 17:29:17,1,0,1,0
8jv01z,2018-05-16 13:42:33,22,r/videos,155,2018-05-16 16:55:46,0,0,1,0
8jv01z,2018-05-16 13:42:33,22,r/videos,156,2018-05-16 16:56:45,0,0,1,0
8jv01z,2018-05-16 13:42:33,22,r/videos,157,2018-05-16 17:10:25,0,0,1,0
8jv01z,2018-05-16 13:42:33,22,r/videos,158,2018-05-16 17:22:12,0,0,1,0
8jv01z,2018-05-16 13:42:33,22,r/videos,159,2018-05-16 17:23:41,0,0,1,0
8jv01z,2018-05-16 13:42:33,22,r/videos,160,2018-05-16 17:28:28,0,0,1,0
8jv01z,2018-05-16 13:42:33,22,r/videos,161,2018-05-16 17:02:52,0,0,1,0
8jv01z,2018-05-16 13:42:33,22,r/videos,162,2018-05-16 17:15:07,0,0,1,0
8jv01z,2018-05-16 13:42:33,22,r/videos,163,2018-05-16 17:15:36,0,0,1,0
8jv01z,2018-05-16 13:42:33,22,r/videos,164,2018-05-16 17:17:49,0,0,1,0
8jv01z,2018-05-16 13:42:33,22,r/videos,165,2018-05-16 16:07:34,0,2,-2,0
8jv01z,2018-05-16 13:42:33,22,r/videos,165,2018-05-16 16:44:23,1,1,5,0
8jv01z,2018-05-16 13:42:33,22,r/videos,165,2018-05-16 17:37:27,2,1,1,0
8jv01z,2018-05-16 13:42:33,22,r/videos,165,2018-05-16 17:41:14,3,0,1,0
8jv01z,2018-05-16 13:42:33,22,r/videos,165,2018-05-16 16:47:57,1,0,2,0
8juo8i,2018-05-16 12:54:03,23,r/combinedgifs,0,2018-05-16 13:25:46,0,7,1373,0
8juo8i,2018-05-16 12:54:03,23,r/combinedgifs,0,2018-05-16 15:36:27,1,3,366,0
8juo8i,2018-05-16 12:54:03,23,r/combinedgifs,0,2018-05-16 16:20:24,2,1,82,0
8juo8i,2018-05-16 12:54:03,23,r/combinedgifs,0,2018-05-16 16:28:07,3,2,69,0
8juo8i,2018-05-16 12:54:03,23,r/combinedgifs,0,2018-05-16 16:28:56,4,0,17,0
8juo8i,2018-05-16 12:54:03,23,r/combinedgifs,0,2018-05-16 16:41:16,4,0,10,0
8juo8i,2018-05-16 12:54:03,23,r/combinedgifs,0,2018-05-16 17:26:10,2,0,1,0
8juo8i,2018-05-16 12:54:03,23,r/combinedgifs,0,2018-05-16 18:00:54,2,0,1,0
8juo8i,2018-05-16 12:54:03,23,r/combinedgifs,0,2018-05-16 14:15:28,1,1,297,0
8juo8i,2018-05-16 12:54:03,23,r/combinedgifs,0,2018-05-16 16:51:37,2,0,11,0
8juo8i,2018-05-16 12:54:03,23,r/combinedgifs,0,2018-05-16 15:34:45,1,0,21,0
8juo8i,2018-05-16 12:54:03,23,r/combinedgifs,0,2018-05-16 17:57:47,1,0,3,0
8juo8i,2018-05-16 12:54:03,23,r/combinedgifs,0,2018-05-16 17:44:39,1,0,1,0
8juo8i,2018-05-16 12:54:03,23,r/combinedgifs,0,2018-05-16 17:46:54,1,0,1,0
8juo8i,2018-05-16 12:54:03,23,r/combinedgifs,0,2018-05-16 18:12:08,1,0,1,0
8juo8i,2018-05-16 12:54:03,23,r/combinedgifs,1,2018-05-16 12:56:25,0,2,338,0
8juo8i,2018-05-16 12:54:03,23,r/combinedgifs,1,2018-05-16 13:39:58,1,1,62,0
8juo8i,2018-05-16 12:54:03,23,r/combinedgifs,1,2018-05-16 14:36:00,2,5,-31,0
8juo8i,2018-05-16 12:54:03,23,r/combinedgifs,1,2018-05-16 15:21:33,3,2,29,0
8juo8i,2018-05-16 12:54:03,23,r/combinedgifs,1,2018-05-16 16:43:22,4,1,17,0
8juo8i,2018-05-16 12:54:03,23,r/combinedgifs,1,2018-05-16 16:58:37,5,0,8,0
8juo8i,2018-05-16 12:54:03,23,r/combinedgifs,1,2018-05-16 17:03:20,4,0,1,0
8juo8i,2018-05-16 12:54:03,23,r/combinedgifs,1,2018-05-16 14:48:58,3,0,17,0
8juo8i,2018-05-16 12:54:03,23,r/combinedgifs,1,2018-05-16 15:19:42,3,0,4,0
8juo8i,2018-05-16 12:54:03,23,r/combinedgifs,1,2018-05-16 14:36:10,3,0,3,0
8juo8i,2018-05-16 12:54:03,23,r/combinedgifs,1,2018-05-16 16:29:37,3,0,2,0
8juo8i,2018-05-16 12:54:03,23,r/combinedgifs,1,2018-05-16 15:02:53,1,0,-2,0
8juo8i,2018-05-16 12:54:03,23,r/combinedgifs,2,2018-05-16 13:20:00,0,2,178,0
8juo8i,2018-05-16 12:54:03,23,r/combinedgifs,2,2018-05-16 14:19:57,1,2,66,0
8juo8i,2018-05-16 12:54:03,23,r/combinedgifs,2,2018-05-16 14:22:43,2,1,34,0
8juo8i,2018-05-16 12:54:03,23,r/combinedgifs,2,2018-05-16 16:59:19,3,0,2,0
8juo8i,2018-05-16 12:54:03,23,r/combinedgifs,2,2018-05-16 16:47:05,2,3,7,0
8juo8i,2018-05-16 12:54:03,23,r/combinedgifs,2,2018-05-16 16:52:22,3,0,12,0
8juo8i,2018-05-16 12:54:03,23,r/combinedgifs,2,2018-05-16 17:29:53,3,1,7,0
8juo8i,2018-05-16 12:54:03,23,r/combinedgifs,2,2018-05-16 17:33:32,4,0,3,0
8juo8i,2018-05-16 12:54:03,23,r/combinedgifs,2,2018-05-16 16:52:11,3,0,2,0
8juo8i,2018-05-16 12:54:03,23,r/combinedgifs,2,2018-05-16 14:47:19,1,0,3,0
8juo8i,2018-05-16 12:54:03,23,r/combinedgifs,3,2018-05-16 13:47:24,0,3,126,0
8juo8i,2018-05-16 12:54:03,23,r/combinedgifs,3,2018-05-16 14:14:49,1,1,83,0
8juo8i,2018-05-16 12:54:03,23,r/combinedgifs,3,2018-05-16 14:26:41,2,2,45,0
8juo8i,2018-05-16 12:54:03,23,r/combinedgifs,3,2018-05-16 15:31:54,3,0,9,0
8juo8i,2018-05-16 12:54:03,23,r/combinedgifs,3,2018-05-16 14:43:16,3,1,-19,0
8juo8i,2018-05-16 12:54:03,23,r/combinedgifs,3,2018-05-16 16:20:14,4,1,12,0
8juo8i,2018-05-16 12:54:03,23,r/combinedgifs,3,2018-05-16 17:23:57,5,0,3,0
8juo8i,2018-05-16 12:54:03,23,r/combinedgifs,3,2018-05-16 15:42:43,1,0,8,0
8juo8i,2018-05-16 12:54:03,23,r/combinedgifs,3,2018-05-16 16:59:19,1,0,2,0
8juo8i,2018-05-16 12:54:03,23,r/combinedgifs,4,2018-05-16 13:17:50,0,0,28,0
8juo8i,2018-05-16 12:54:03,23,r/combinedgifs,5,2018-05-16 13:54:01,0,1,58,0
8juo8i,2018-05-16 12:54:03,23,r/combinedgifs,5,2018-05-16 18:10:08,1,1,-8,0
8juo8i,2018-05-16 12:54:03,23,r/combinedgifs,5,2018-05-16 18:17:33,2,1,2,0
8juo8i,2018-05-16 12:54:03,23,r/combinedgifs,5,2018-05-16 18:19:54,3,1,1,0
8juo8i,2018-05-16 12:54:03,23,r/combinedgifs,5,2018-05-16 18:21:55,4,0,1,0
8juo8i,2018-05-16 12:54:03,23,r/combinedgifs,6,2018-05-16 13:22:07,0,9,77,0
8juo8i,2018-05-16 12:54:03,23,r/combinedgifs,6,2018-05-16 13:25:46,1,1,121,0
8juo8i,2018-05-16 12:54:03,23,r/combinedgifs,6,2018-05-16 13:33:21,2,0,27,0
8juo8i,2018-05-16 12:54:03,23,r/combinedgifs,6,2018-05-16 13:38:02,1,1,74,0
8juo8i,2018-05-16 12:54:03,23,r/combinedgifs,6,2018-05-16 13:41:50,2,1,92,0
8juo8i,2018-05-16 12:54:03,23,r/combinedgifs,6,2018-05-16 13:48:21,3,2,37,0
8juo8i,2018-05-16 12:54:03,23,r/combinedgifs,6,2018-05-16 14:18:03,4,1,3,0
8juo8i,2018-05-16 12:54:03,23,r/combinedgifs,6,2018-05-16 15:51:04,5,0,4,0
8juo8i,2018-05-16 12:54:03,23,r/combinedgifs,6,2018-05-16 18:28:38,4,0,1,0
8juo8i,2018-05-16 12:54:03,23,r/combinedgifs,6,2018-05-16 13:50:07,1,0,7,0
8juo8i,2018-05-16 12:54:03,23,r/combinedgifs,6,2018-05-16 13:56:00,1,0,13,0
8juo8i,2018-05-16 12:54:03,23,r/combinedgifs,6,2018-05-16 14:24:54,1,0,5,0
8juo8i,2018-05-16 12:54:03,23,r/combinedgifs,6,2018-05-16 15:53:48,1,0,5,0
8juo8i,2018-05-16 12:54:03,23,r/combinedgifs,6,2018-05-16 14:58:37,1,0,1,0
8juo8i,2018-05-16 12:54:03,23,r/combinedgifs,6,2018-05-16 16:35:15,1,0,1,0
8juo8i,2018-05-16 12:54:03,23,r/combinedgifs,6,2018-05-16 16:59:36,1,0,1,0
8juo8i,2018-05-16 12:54:03,23,r/combinedgifs,7,2018-05-16 14:14:53,0,1,16,0
8juo8i,2018-05-16 12:54:03,23,r/combinedgifs,7,2018-05-16 16:38:52,1,0,4,0
8juo8i,2018-05-16 12:54:03,23,r/combinedgifs,8,2018-05-16 14:56:30,0,1,23,0
8juo8i,2018-05-16 12:54:03,23,r/combinedgifs,8,2018-05-16 17:58:07,1,0,2,0
8juo8i,2018-05-16 12:54:03,23,r/combinedgifs,9,2018-05-16 16:07:40,0,0,9,0
8juo8i,2018-05-16 12:54:03,23,r/combinedgifs,10,2018-05-16 13:08:54,0,7,39,0
8juo8i,2018-05-16 12:54:03,23,r/combinedgifs,10,2018-05-16 13:10:07,1,2,34,0
8juo8i,2018-05-16 12:54:03,23,r/combinedgifs,10,2018-05-16 13:11:39,2,0,14,0
8juo8i,2018-05-16 12:54:03,23,r/combinedgifs,10,2018-05-16 13:47:17,2,0,6,0
8juo8i,2018-05-16 12:54:03,23,r/combinedgifs,10,2018-05-16 14:50:33,1,0,9,0
8juo8i,2018-05-16 12:54:03,23,r/combinedgifs,10,2018-05-16 13:10:24,1,1,7,0
8juo8i,2018-05-16 12:54:03,23,r/combinedgifs,10,2018-05-16 15:43:36,2,0,4,0
8juo8i,2018-05-16 12:54:03,23,r/combinedgifs,10,2018-05-16 13:18:23,1,0,11,0
8juo8i,2018-05-16 12:54:03,23,r/combinedgifs,10,2018-05-16 14:50:02,1,0,3,0
8juo8i,2018-05-16 12:54:03,23,r/combinedgifs,10,2018-05-16 13:55:31,1,0,1,0
8juo8i,2018-05-16 12:54:03,23,r/combinedgifs,10,2018-05-16 17:02:32,1,0,1,0
8juo8i,2018-05-16 12:54:03,23,r/combinedgifs,11,2018-05-16 14:36:48,0,0,5,0
8juo8i,2018-05-16 12:54:03,23,r/combinedgifs,12,2018-05-16 13:51:29,0,0,2,0
8juo8i,2018-05-16 12:54:03,23,r/combinedgifs,13,2018-05-16 15:57:49,0,0,2,0
8juo8i,2018-05-16 12:54:03,23,r/combinedgifs,14,2018-05-16 16:23:47,0,1,2,0
8juo8i,2018-05-16 12:54:03,23,r/combinedgifs,14,2018-05-16 17:28:59,1,1,1,0
8juo8i,2018-05-16 12:54:03,23,r/combinedgifs,14,2018-05-16 17:58:13,2,1,1,0
8juo8i,2018-05-16 12:54:03,23,r/combinedgifs,14,2018-05-16 18:19:10,3,0,1,0
8juo8i,2018-05-16 12:54:03,23,r/combinedgifs,15,2018-05-16 16:35:05,0,0,2,0
8juo8i,2018-05-16 12:54:03,23,r/combinedgifs,16,2018-05-16 16:40:37,0,0,2,0
8juo8i,2018-05-16 12:54:03,23,r/combinedgifs,17,2018-05-16 16:57:53,0,0,2,0
8juo8i,2018-05-16 12:54:03,23,r/combinedgifs,18,2018-05-16 17:12:42,0,1,2,0
8juo8i,2018-05-16 12:54:03,23,r/combinedgifs,18,2018-05-16 17:38:31,1,0,1,0
8juo8i,2018-05-16 12:54:03,23,r/combinedgifs,19,2018-05-16 17:50:15,0,0,2,0
8juo8i,2018-05-16 12:54:03,23,r/combinedgifs,20,2018-05-16 13:31:02,0,0,2,0
8juo8i,2018-05-16 12:54:03,23,r/combinedgifs,21,2018-05-16 16:09:11,0,0,3,0
8juo8i,2018-05-16 12:54:03,23,r/combinedgifs,22,2018-05-16 14:18:38,0,0,1,0
8juo8i,2018-05-16 12:54:03,23,r/combinedgifs,23,2018-05-16 14:35:53,0,0,1,0
8juo8i,2018-05-16 12:54:03,23,r/combinedgifs,24,2018-05-16 14:47:36,0,0,1,0
8juo8i,2018-05-16 12:54:03,23,r/combinedgifs,25,2018-05-16 14:49:23,0,0,1,0
8juo8i,2018-05-16 12:54:03,23,r/combinedgifs,26,2018-05-16 14:54:34,0,0,1,0
8juo8i,2018-05-16 12:54:03,23,r/combinedgifs,27,2018-05-16 14:59:20,0,0,1,0
8juo8i,2018-05-16 12:54:03,23,r/combinedgifs,28,2018-05-16 15:01:38,0,0,1,0
8juo8i,2018-05-16 12:54:03,23,r/combinedgifs,29,2018-05-16 15:04:49,0,0,1,0
8juo8i,2018-05-16 12:54:03,23,r/combinedgifs,30,2018-05-16 15:24:32,0,0,1,0
8juo8i,2018-05-16 12:54:03,23,r/combinedgifs,31,2018-05-16 15:26:30,0,1,1,0
8juo8i,2018-05-16 12:54:03,23,r/combinedgifs,31,2018-05-16 15:26:31,1,0,1,0
8juo8i,2018-05-16 12:54:03,23,r/combinedgifs,32,2018-05-16 15:51:10,0,0,1,0
8juo8i,2018-05-16 12:54:03,23,r/combinedgifs,33,2018-05-16 16:08:43,0,0,1,0
8juo8i,2018-05-16 12:54:03,23,r/combinedgifs,34,2018-05-16 16:18:33,0,0,1,0
8juo8i,2018-05-16 12:54:03,23,r/combinedgifs,35,2018-05-16 16:23:55,0,0,1,0
8juo8i,2018-05-16 12:54:03,23,r/combinedgifs,36,2018-05-16 17:09:33,0,0,1,0
8juo8i,2018-05-16 12:54:03,23,r/combinedgifs,37,2018-05-16 17:15:49,0,0,1,0
8juo8i,2018-05-16 12:54:03,23,r/combinedgifs,38,2018-05-16 17:16:16,0,0,1,0
8juo8i,2018-05-16 12:54:03,23,r/combinedgifs,39,2018-05-16 17:22:09,0,1,1,0
8juo8i,2018-05-16 12:54:03,23,r/combinedgifs,39,2018-05-16 17:22:09,1,0,1,0
8juo8i,2018-05-16 12:54:03,23,r/combinedgifs,40,2018-05-16 18:04:14,0,0,1,0
8juo8i,2018-05-16 12:54:03,23,r/combinedgifs,41,2018-05-16 18:13:06,0,0,1,0
8juo8i,2018-05-16 12:54:03,23,r/combinedgifs,42,2018-05-16 18:24:49,0,0,1,0
8juo8i,2018-05-16 12:54:03,23,r/combinedgifs,43,2018-05-16 18:24:52,0,0,1,0
8juo8i,2018-05-16 12:54:03,23,r/combinedgifs,44,2018-05-16 13:57:35,0,0,1,0
8juo8i,2018-05-16 12:54:03,23,r/combinedgifs,45,2018-05-16 15:38:34,0,0,-1,0
8jvc1m,2018-05-16 14:27:03,24,r/ExpectationVsReality,0,2018-05-16 14:42:28,0,4,511,0
8jvc1m,2018-05-16 14:27:03,24,r/ExpectationVsReality,0,2018-05-16 14:43:21,1,4,303,0
8jvc1m,2018-05-16 14:27:03,24,r/ExpectationVsReality,0,2018-05-16 15:12:27,2,4,108,0
8jvc1m,2018-05-16 14:27:03,24,r/ExpectationVsReality,0,2018-05-16 16:03:17,3,8,68,0
8jvc1m,2018-05-16 14:27:03,24,r/ExpectationVsReality,0,2018-05-16 16:08:28,4,2,30,0
8jvc1m,2018-05-16 14:27:03,24,r/ExpectationVsReality,0,2018-05-16 16:09:34,5,1,13,0
8jvc1m,2018-05-16 14:27:03,24,r/ExpectationVsReality,0,2018-05-16 18:26:38,6,1,2,0
8jvc1m,2018-05-16 14:27:03,24,r/ExpectationVsReality,0,2018-05-16 18:29:58,7,0,1,0
8jvc1m,2018-05-16 14:27:03,24,r/ExpectationVsReality,0,2018-05-16 18:30:27,5,0,1,0
8jvc1m,2018-05-16 14:27:03,24,r/ExpectationVsReality,0,2018-05-16 16:11:38,4,0,15,0
8jvc1m,2018-05-16 14:27:03,24,r/ExpectationVsReality,0,2018-05-16 16:19:07,4,1,12,0
8jvc1m,2018-05-16 14:27:03,24,r/ExpectationVsReality,0,2018-05-16 16:54:19,5,1,-12,0
8jvc1m,2018-05-16 14:27:03,24,r/ExpectationVsReality,0,2018-05-16 17:54:21,6,0,5,0
8jvc1m,2018-05-16 14:27:03,24,r/ExpectationVsReality,0,2018-05-16 18:00:01,4,0,3,0
8jvc1m,2018-05-16 14:27:03,24,r/ExpectationVsReality,0,2018-05-16 18:14:08,4,0,2,0
8jvc1m,2018-05-16 14:27:03,24,r/ExpectationVsReality,0,2018-05-16 16:53:38,4,0,2,0
8jvc1m,2018-05-16 14:27:03,24,r/ExpectationVsReality,0,2018-05-16 16:51:05,4,0,1,0
8jvc1m,2018-05-16 14:27:03,24,r/ExpectationVsReality,0,2018-05-16 18:01:38,4,0,1,0
8jvc1m,2018-05-16 14:27:03,24,r/ExpectationVsReality,0,2018-05-16 17:55:19,3,0,6,0
8jvc1m,2018-05-16 14:27:03,24,r/ExpectationVsReality,0,2018-05-16 17:45:57,3,0,1,0
8jvc1m,2018-05-16 14:27:03,24,r/ExpectationVsReality,0,2018-05-16 18:08:40,3,0,1,0
8jvc1m,2018-05-16 14:27:03,24,r/ExpectationVsReality,0,2018-05-16 16:48:24,2,0,11,0
8jvc1m,2018-05-16 14:27:03,24,r/ExpectationVsReality,0,2018-05-16 16:28:44,2,1,3,0
8jvc1m,2018-05-16 14:27:03,24,r/ExpectationVsReality,0,2018-05-16 18:20:35,3,0,1,0
8jvc1m,2018-05-16 14:27:03,24,r/ExpectationVsReality,0,2018-05-16 18:08:31,2,0,2,0
8jvc1m,2018-05-16 14:27:03,24,r/ExpectationVsReality,0,2018-05-16 16:15:57,1,5,11,0
8jvc1m,2018-05-16 14:27:03,24,r/ExpectationVsReality,0,2018-05-16 16:23:35,2,0,20,0
8jvc1m,2018-05-16 14:27:03,24,r/ExpectationVsReality,0,2018-05-16 16:58:08,2,0,12,0
8jvc1m,2018-05-16 14:27:03,24,r/ExpectationVsReality,0,2018-05-16 16:23:53,2,0,12,0
8jvc1m,2018-05-16 14:27:03,24,r/ExpectationVsReality,0,2018-05-16 18:21:25,2,0,2,0
8jvc1m,2018-05-16 14:27:03,24,r/ExpectationVsReality,0,2018-05-16 18:04:33,2,0,1,0
8jvc1m,2018-05-16 14:27:03,24,r/ExpectationVsReality,0,2018-05-16 17:36:27,1,3,5,0
8jvc1m,2018-05-16 14:27:03,24,r/ExpectationVsReality,0,2018-05-16 18:10:15,2,1,6,0
8jvc1m,2018-05-16 14:27:03,24,r/ExpectationVsReality,0,2018-05-16 18:22:16,3,1,2,0
8jvc1m,2018-05-16 14:27:03,24,r/ExpectationVsReality,0,2018-05-16 18:25:15,4,0,1,0
8jvc1m,2018-05-16 14:27:03,24,r/ExpectationVsReality,0,2018-05-16 17:56:55,2,2,3,0
8jvc1m,2018-05-16 14:27:03,24,r/ExpectationVsReality,0,2018-05-16 18:03:14,3,0,5,0
8jvc1m,2018-05-16 14:27:03,24,r/ExpectationVsReality,0,2018-05-16 18:17:46,3,0,1,0
8jvc1m,2018-05-16 14:27:03,24,r/ExpectationVsReality,0,2018-05-16 18:16:22,2,0,1,0
8jvc1m,2018-05-16 14:27:03,24,r/ExpectationVsReality,0,2018-05-16 16:53:06,1,1,6,0
8jvc1m,2018-05-16 14:27:03,24,r/ExpectationVsReality,0,2018-05-16 17:46:09,2,0,15,0
8jvc1m,2018-05-16 14:27:03,24,r/ExpectationVsReality,1,2018-05-16 15:56:23,0,3,88,0
8jvc1m,2018-05-16 14:27:03,24,r/ExpectationVsReality,1,2018-05-16 17:54:54,1,2,15,0
8jvc1m,2018-05-16 14:27:03,24,r/ExpectationVsReality,1,2018-05-16 18:00:03,2,0,9,0
8jvc1m,2018-05-16 14:27:03,24,r/ExpectationVsReality,1,2018-05-16 18:01:19,2,1,4,0
8jvc1m,2018-05-16 14:27:03,24,r/ExpectationVsReality,1,2018-05-16 18:02:27,3,1,5,0
8jvc1m,2018-05-16 14:27:03,24,r/ExpectationVsReality,1,2018-05-16 18:13:29,4,1,3,0
8jvc1m,2018-05-16 14:27:03,24,r/ExpectationVsReality,1,2018-05-16 18:13:57,5,0,2,0
8jvc1m,2018-05-16 14:27:03,24,r/ExpectationVsReality,1,2018-05-16 18:00:16,1,1,2,0
8jvc1m,2018-05-16 14:27:03,24,r/ExpectationVsReality,1,2018-05-16 18:28:08,2,0,1,0
8jvc1m,2018-05-16 14:27:03,24,r/ExpectationVsReality,1,2018-05-16 18:11:55,1,0,1,0
8jvc1m,2018-05-16 14:27:03,24,r/ExpectationVsReality,2,2018-05-16 15:19:45,0,15,112,0
8jvc1m,2018-05-16 14:27:03,24,r/ExpectationVsReality,2,2018-05-16 15:23:20,1,1,82,0
8jvc1m,2018-05-16 14:27:03,24,r/ExpectationVsReality,2,2018-05-16 16:19:16,2,1,22,0
8jvc1m,2018-05-16 14:27:03,24,r/ExpectationVsReality,2,2018-05-16 18:02:27,3,0,12,0
8jvc1m,2018-05-16 14:27:03,24,r/ExpectationVsReality,2,2018-05-16 17:19:29,1,1,11,0
8jvc1m,2018-05-16 14:27:03,24,r/ExpectationVsReality,2,2018-05-16 17:19:45,2,1,5,0
8jvc1m,2018-05-16 14:27:03,24,r/ExpectationVsReality,2,2018-05-16 17:22:42,3,0,3,0
8jvc1m,2018-05-16 14:27:03,24,r/ExpectationVsReality,2,2018-05-16 16:10:05,1,3,39,0
8jvc1m,2018-05-16 14:27:03,24,r/ExpectationVsReality,2,2018-05-16 16:35:39,2,0,23,0
8jvc1m,2018-05-16 14:27:03,24,r/ExpectationVsReality,2,2018-05-16 16:16:38,2,1,6,0
8jvc1m,2018-05-16 14:27:03,24,r/ExpectationVsReality,2,2018-05-16 17:27:47,3,1,3,0
8jvc1m,2018-05-16 14:27:03,24,r/ExpectationVsReality,2,2018-05-16 18:11:50,4,0,2,0
8jvc1m,2018-05-16 14:27:03,24,r/ExpectationVsReality,2,2018-05-16 17:55:03,2,1,2,0
8jvc1m,2018-05-16 14:27:03,24,r/ExpectationVsReality,2,2018-05-16 18:20:14,3,0,1,0
8jvc1m,2018-05-16 14:27:03,24,r/ExpectationVsReality,2,2018-05-16 17:29:46,1,0,7,0
8jvc1m,2018-05-16 14:27:03,24,r/ExpectationVsReality,2,2018-05-16 16:22:02,1,1,7,0
8jvc1m,2018-05-16 14:27:03,24,r/ExpectationVsReality,2,2018-05-16 16:24:41,2,1,5,0
8jvc1m,2018-05-16 14:27:03,24,r/ExpectationVsReality,2,2018-05-16 18:14:31,3,0,1,0
8jvc1m,2018-05-16 14:27:03,24,r/ExpectationVsReality,2,2018-05-16 17:20:43,1,0,5,0
8jvc1m,2018-05-16 14:27:03,24,r/ExpectationVsReality,2,2018-05-16 17:40:07,1,0,4,0
8jvc1m,2018-05-16 14:27:03,24,r/ExpectationVsReality,2,2018-05-16 18:07:37,1,1,2,0
8jvc1m,2018-05-16 14:27:03,24,r/ExpectationVsReality,2,2018-05-16 18:17:08,2,1,1,0
8jvc1m,2018-05-16 14:27:03,24,r/ExpectationVsReality,2,2018-05-16 18:17:28,3,0,1,0
8jvc1m,2018-05-16 14:27:03,24,r/ExpectationVsReality,2,2018-05-16 16:04:00,1,2,3,0
8jvc1m,2018-05-16 14:27:03,24,r/ExpectationVsReality,2,2018-05-16 16:18:27,2,1,6,0
8jvc1m,2018-05-16 14:27:03,24,r/ExpectationVsReality,2,2018-05-16 16:32:44,3,1,8,0
8jvc1m,2018-05-16 14:27:03,24,r/ExpectationVsReality,2,2018-05-16 16:52:25,4,0,2,0
8jvc1m,2018-05-16 14:27:03,24,r/ExpectationVsReality,2,2018-05-16 16:21:42,2,0,16,0
8jvc1m,2018-05-16 14:27:03,24,r/ExpectationVsReality,2,2018-05-16 17:08:44,1,0,1,0
8jvc1m,2018-05-16 14:27:03,24,r/ExpectationVsReality,2,2018-05-16 18:02:05,1,0,1,0
8jvc1m,2018-05-16 14:27:03,24,r/ExpectationVsReality,2,2018-05-16 18:08:57,1,0,1,0
8jvc1m,2018-05-16 14:27:03,24,r/ExpectationVsReality,2,2018-05-16 18:14:04,1,0,1,0
8jvc1m,2018-05-16 14:27:03,24,r/ExpectationVsReality,2,2018-05-16 18:14:58,1,0,1,0
8jvc1m,2018-05-16 14:27:03,24,r/ExpectationVsReality,2,2018-05-16 18:19:25,1,0,1,0
8jvc1m,2018-05-16 14:27:03,24,r/ExpectationVsReality,3,2018-05-16 16:04:37,0,1,23,0
8jvc1m,2018-05-16 14:27:03,24,r/ExpectationVsReality,3,2018-05-16 16:12:26,1,0,5,0
8jvc1m,2018-05-16 14:27:03,24,r/ExpectationVsReality,4,2018-05-16 16:07:40,0,4,90,0
8jvc1m,2018-05-16 14:27:03,24,r/ExpectationVsReality,4,2018-05-16 16:42:57,1,2,25,0
8jvc1m,2018-05-16 14:27:03,24,r/ExpectationVsReality,4,2018-05-16 16:55:59,2,1,17,0
8jvc1m,2018-05-16 14:27:03,24,r/ExpectationVsReality,4,2018-05-16 18:16:29,3,1,2,0
8jvc1m,2018-05-16 14:27:03,24,r/ExpectationVsReality,4,2018-05-16 18:29:08,4,0,1,0
8jvc1m,2018-05-16 14:27:03,24,r/ExpectationVsReality,4,2018-05-16 17:01:19,2,1,9,0
8jvc1m,2018-05-16 14:27:03,24,r/ExpectationVsReality,4,2018-05-16 17:16:06,3,0,4,0
8jvc1m,2018-05-16 14:27:03,24,r/ExpectationVsReality,4,2018-05-16 16:15:56,1,2,66,0
8jvc1m,2018-05-16 14:27:03,24,r/ExpectationVsReality,4,2018-05-16 16:55:49,2,3,38,0
8jvc1m,2018-05-16 14:27:03,24,r/ExpectationVsReality,4,2018-05-16 17:30:30,3,1,16,0
8jvc1m,2018-05-16 14:27:03,24,r/ExpectationVsReality,4,2018-05-16 17:50:58,4,0,5,0
8jvc1m,2018-05-16 14:27:03,24,r/ExpectationVsReality,4,2018-05-16 17:51:12,3,0,3,0
8jvc1m,2018-05-16 14:27:03,24,r/ExpectationVsReality,4,2018-05-16 17:30:34,3,2,-6,0
8jvc1m,2018-05-16 14:27:03,24,r/ExpectationVsReality,4,2018-05-16 17:36:53,4,3,7,0
8jvc1m,2018-05-16 14:27:03,24,r/ExpectationVsReality,4,2018-05-16 17:41:18,5,2,-2,0
8jvc1m,2018-05-16 14:27:03,24,r/ExpectationVsReality,4,2018-05-16 17:49:21,6,0,-1,0
8jvc1m,2018-05-16 14:27:03,24,r/ExpectationVsReality,4,2018-05-16 17:49:37,6,1,-2,0
8jvc1m,2018-05-16 14:27:03,24,r/ExpectationVsReality,4,2018-05-16 17:56:00,7,0,-1,0
8jvc1m,2018-05-16 14:27:03,24,r/ExpectationVsReality,4,2018-05-16 17:44:15,5,1,0,0
8jvc1m,2018-05-16 14:27:03,24,r/ExpectationVsReality,4,2018-05-16 17:46:08,6,0,1,0
8jvc1m,2018-05-16 14:27:03,24,r/ExpectationVsReality,4,2018-05-16 17:46:20,5,0,-3,0
8jvc1m,2018-05-16 14:27:03,24,r/ExpectationVsReality,4,2018-05-16 17:37:54,4,0,1,0
8jvc1m,2018-05-16 14:27:03,24,r/ExpectationVsReality,4,2018-05-16 17:11:24,2,0,10,0
8jvc1m,2018-05-16 14:27:03,24,r/ExpectationVsReality,4,2018-05-16 17:12:34,1,0,2,0
8jvc1m,2018-05-16 14:27:03,24,r/ExpectationVsReality,4,2018-05-16 17:17:03,1,2,0,0
8jvc1m,2018-05-16 14:27:03,24,r/ExpectationVsReality,4,2018-05-16 17:28:50,2,0,-2,0
8jvc1m,2018-05-16 14:27:03,24,r/ExpectationVsReality,4,2018-05-16 17:58:26,2,0,-2,0
8jvc1m,2018-05-16 14:27:03,24,r/ExpectationVsReality,5,2018-05-16 15:22:29,0,4,39,0
8jvc1m,2018-05-16 14:27:03,24,r/ExpectationVsReality,5,2018-05-16 15:25:45,1,1,34,0
8jvc1m,2018-05-16 14:27:03,24,r/ExpectationVsReality,5,2018-05-16 15:49:14,2,1,11,0
8jvc1m,2018-05-16 14:27:03,24,r/ExpectationVsReality,5,2018-05-16 17:39:10,3,1,3,0
8jvc1m,2018-05-16 14:27:03,24,r/ExpectationVsReality,5,2018-05-16 17:52:48,4,0,2,0
8jvc1m,2018-05-16 14:27:03,24,r/ExpectationVsReality,5,2018-05-16 15:44:38,1,0,4,0
8jvc1m,2018-05-16 14:27:03,24,r/ExpectationVsReality,5,2018-05-16 17:46:01,1,0,4,0
8jvc1m,2018-05-16 14:27:03,24,r/ExpectationVsReality,5,2018-05-16 15:24:27,1,1,2,0
8jvc1m,2018-05-16 14:27:03,24,r/ExpectationVsReality,5,2018-05-16 16:13:59,2,1,7,0
8jvc1m,2018-05-16 14:27:03,24,r/ExpectationVsReality,5,2018-05-16 17:06:29,3,0,3,0
8jvc1m,2018-05-16 14:27:03,24,r/ExpectationVsReality,6,2018-05-16 15:42:08,0,3,62,0
8jvc1m,2018-05-16 14:27:03,24,r/ExpectationVsReality,6,2018-05-16 15:43:37,1,2,67,0
8jvc1m,2018-05-16 14:27:03,24,r/ExpectationVsReality,6,2018-05-16 15:54:48,2,0,10,0
8jvc1m,2018-05-16 14:27:03,24,r/ExpectationVsReality,6,2018-05-16 16:06:47,2,1,7,0
8jvc1m,2018-05-16 14:27:03,24,r/ExpectationVsReality,6,2018-05-16 16:59:46,3,1,6,0
8jvc1m,2018-05-16 14:27:03,24,r/ExpectationVsReality,6,2018-05-16 17:19:38,4,1,4,0
8jvc1m,2018-05-16 14:27:03,24,r/ExpectationVsReality,6,2018-05-16 17:25:53,5,1,2,0
8jvc1m,2018-05-16 14:27:03,24,r/ExpectationVsReality,6,2018-05-16 17:45:09,6,0,0,0
8jvc1m,2018-05-16 14:27:03,24,r/ExpectationVsReality,6,2018-05-16 17:54:22,1,0,2,0
8jvc1m,2018-05-16 14:27:03,24,r/ExpectationVsReality,6,2018-05-16 16:56:41,1,0,0,0
8jvc1m,2018-05-16 14:27:03,24,r/ExpectationVsReality,7,2018-05-16 15:45:48,0,2,11,0
8jvc1m,2018-05-16 14:27:03,24,r/ExpectationVsReality,7,2018-05-16 17:40:17,1,0,7,0
8jvc1m,2018-05-16 14:27:03,24,r/ExpectationVsReality,7,2018-05-16 16:20:07,1,0,6,0
8jvc1m,2018-05-16 14:27:03,24,r/ExpectationVsReality,8,2018-05-16 15:27:27,0,1,26,0
8jvc1m,2018-05-16 14:27:03,24,r/ExpectationVsReality,8,2018-05-16 17:58:00,1,0,1,0
8jvc1m,2018-05-16 14:27:03,24,r/ExpectationVsReality,9,2018-05-16 16:07:03,0,0,6,0
8jvc1m,2018-05-16 14:27:03,24,r/ExpectationVsReality,10,2018-05-16 16:07:47,0,0,6,0
8jvc1m,2018-05-16 14:27:03,24,r/ExpectationVsReality,11,2018-05-16 17:32:10,0,0,4,0
8jvc1m,2018-05-16 14:27:03,24,r/ExpectationVsReality,12,2018-05-16 15:48:26,0,0,3,0
8jvc1m,2018-05-16 14:27:03,24,r/ExpectationVsReality,13,2018-05-16 16:30:07,0,0,3,0
8jvc1m,2018-05-16 14:27:03,24,r/ExpectationVsReality,14,2018-05-16 16:41:33,0,0,3,0
8jvc1m,2018-05-16 14:27:03,24,r/ExpectationVsReality,15,2018-05-16 16:42:38,0,0,3,0
8jvc1m,2018-05-16 14:27:03,24,r/ExpectationVsReality,16,2018-05-16 16:48:52,0,1,3,0
8jvc1m,2018-05-16 14:27:03,24,r/ExpectationVsReality,16,2018-05-16 18:23:51,1,1,2,0
8jvc1m,2018-05-16 14:27:03,24,r/ExpectationVsReality,16,2018-05-16 18:25:23,2,0,2,0
8jvc1m,2018-05-16 14:27:03,24,r/ExpectationVsReality,17,2018-05-16 16:49:23,0,0,3,0
8jvc1m,2018-05-16 14:27:03,24,r/ExpectationVsReality,18,2018-05-16 17:37:17,0,0,3,0
8jvc1m,2018-05-16 14:27:03,24,r/ExpectationVsReality,19,2018-05-16 17:41:13,0,0,3,0
8jvc1m,2018-05-16 14:27:03,24,r/ExpectationVsReality,20,2018-05-16 15:22:26,0,4,10,0
8jvc1m,2018-05-16 14:27:03,24,r/ExpectationVsReality,20,2018-05-16 15:24:18,1,1,28,0
8jvc1m,2018-05-16 14:27:03,24,r/ExpectationVsReality,20,2018-05-16 16:58:46,2,2,7,0
8jvc1m,2018-05-16 14:27:03,24,r/ExpectationVsReality,20,2018-05-16 17:41:19,3,1,2,0
8jvc1m,2018-05-16 14:27:03,24,r/ExpectationVsReality,20,2018-05-16 17:51:12,4,0,4,0
8jvc1m,2018-05-16 14:27:03,24,r/ExpectationVsReality,20,2018-05-16 17:57:19,3,1,2,0
8jvc1m,2018-05-16 14:27:03,24,r/ExpectationVsReality,20,2018-05-16 18:06:26,4,0,2,0
8jvc1m,2018-05-16 14:27:03,24,r/ExpectationVsReality,20,2018-05-16 16:57:25,1,1,5,0
8jvc1m,2018-05-16 14:27:03,24,r/ExpectationVsReality,20,2018-05-16 18:24:52,2,0,1,0
8jvc1m,2018-05-16 14:27:03,24,r/ExpectationVsReality,20,2018-05-16 15:27:46,1,0,3,0
8jvc1m,2018-05-16 14:27:03,24,r/ExpectationVsReality,20,2018-05-16 15:56:13,1,0,1,0
8jvc1m,2018-05-16 14:27:03,24,r/ExpectationVsReality,21,2018-05-16 15:12:05,0,1,8,0
8jvc1m,2018-05-16 14:27:03,24,r/ExpectationVsReality,21,2018-05-16 15:40:28,1,0,-1,0
8jvc1m,2018-05-16 14:27:03,24,r/ExpectationVsReality,22,2018-05-16 16:42:15,0,1,2,0
8jvc1m,2018-05-16 14:27:03,24,r/ExpectationVsReality,22,2018-05-16 18:04:49,1,1,1,0
8jvc1m,2018-05-16 14:27:03,24,r/ExpectationVsReality,22,2018-05-16 18:27:39,2,1,1,0
8jvc1m,2018-05-16 14:27:03,24,r/ExpectationVsReality,22,2018-05-16 18:30:35,3,0,1,0
8jvc1m,2018-05-16 14:27:03,24,r/ExpectationVsReality,23,2018-05-16 16:42:23,0,0,2,0
8jvc1m,2018-05-16 14:27:03,24,r/ExpectationVsReality,24,2018-05-16 16:51:30,0,0,2,0
8jvc1m,2018-05-16 14:27:03,24,r/ExpectationVsReality,25,2018-05-16 16:56:21,0,0,2,0
8jvc1m,2018-05-16 14:27:03,24,r/ExpectationVsReality,26,2018-05-16 17:06:59,0,0,2,0
8jvc1m,2018-05-16 14:27:03,24,r/ExpectationVsReality,27,2018-05-16 17:11:38,0,0,2,0
8jvc1m,2018-05-16 14:27:03,24,r/ExpectationVsReality,28,2018-05-16 17:27:56,0,0,2,0
8jvc1m,2018-05-16 14:27:03,24,r/ExpectationVsReality,29,2018-05-16 17:35:43,0,1,2,0
8jvc1m,2018-05-16 14:27:03,24,r/ExpectationVsReality,29,2018-05-16 17:37:33,1,0,1,0
8jvc1m,2018-05-16 14:27:03,24,r/ExpectationVsReality,30,2018-05-16 17:38:13,0,0,2,0
8jvc1m,2018-05-16 14:27:03,24,r/ExpectationVsReality,31,2018-05-16 17:43:02,0,0,2,0
8jvc1m,2018-05-16 14:27:03,24,r/ExpectationVsReality,32,2018-05-16 17:43:02,0,1,2,0
8jvc1m,2018-05-16 14:27:03,24,r/ExpectationVsReality,32,2018-05-16 17:46:36,1,0,0,0
8jvc1m,2018-05-16 14:27:03,24,r/ExpectationVsReality,33,2018-05-16 17:45:26,0,0,2,0
8jvc1m,2018-05-16 14:27:03,24,r/ExpectationVsReality,34,2018-05-16 17:48:36,0,1,2,0
8jvc1m,2018-05-16 14:27:03,24,r/ExpectationVsReality,34,2018-05-16 17:51:54,1,0,1,0
8jvc1m,2018-05-16 14:27:03,24,r/ExpectationVsReality,35,2018-05-16 17:49:04,0,0,1,0
8jvc1m,2018-05-16 14:27:03,24,r/ExpectationVsReality,36,2018-05-16 17:52:06,0,0,2,0
8jvc1m,2018-05-16 14:27:03,24,r/ExpectationVsReality,37,2018-05-16 17:53:09,0,0,2,0
8jvc1m,2018-05-16 14:27:03,24,r/ExpectationVsReality,38,2018-05-16 17:53:24,0,0,2,0
8jvc1m,2018-05-16 14:27:03,24,r/ExpectationVsReality,39,2018-05-16 17:59:55,0,0,2,0
8jvc1m,2018-05-16 14:27:03,24,r/ExpectationVsReality,40,2018-05-16 18:02:01,0,0,2,0
8jvc1m,2018-05-16 14:27:03,24,r/ExpectationVsReality,41,2018-05-16 18:06:10,0,0,2,0
8jvc1m,2018-05-16 14:27:03,24,r/ExpectationVsReality,42,2018-05-16 18:09:36,0,0,2,0
8jvc1m,2018-05-16 14:27:03,24,r/ExpectationVsReality,43,2018-05-16 18:10:51,0,0,2,0
8jvc1m,2018-05-16 14:27:03,24,r/ExpectationVsReality,44,2018-05-16 18:13:34,0,0,2,0
8jvc1m,2018-05-16 14:27:03,24,r/ExpectationVsReality,45,2018-05-16 18:19:25,0,0,2,0
8jvc1m,2018-05-16 14:27:03,24,r/ExpectationVsReality,46,2018-05-16 18:20:07,0,0,2,0
8jvc1m,2018-05-16 14:27:03,24,r/ExpectationVsReality,47,2018-05-16 18:24:08,0,0,2,0
8jvc1m,2018-05-16 14:27:03,24,r/ExpectationVsReality,48,2018-05-16 18:24:29,0,0,2,0
8jvc1m,2018-05-16 14:27:03,24,r/ExpectationVsReality,49,2018-05-16 18:25:22,0,0,2,0
8jvc1m,2018-05-16 14:27:03,24,r/ExpectationVsReality,50,2018-05-16 18:28:19,0,0,2,0
8jvc1m,2018-05-16 14:27:03,24,r/ExpectationVsReality,51,2018-05-16 16:21:51,0,1,1,0
8jvc1m,2018-05-16 14:27:03,24,r/ExpectationVsReality,51,2018-05-16 16:21:54,1,1,-3,0
8jvc1m,2018-05-16 14:27:03,24,r/ExpectationVsReality,51,2018-05-16 16:56:01,2,2,4,0
8jvc1m,2018-05-16 14:27:03,24,r/ExpectationVsReality,51,2018-05-16 16:56:17,3,0,1,0
8jvc1m,2018-05-16 14:27:03,24,r/ExpectationVsReality,51,2018-05-16 17:43:39,3,0,1,0
8jvc1m,2018-05-16 14:27:03,24,r/ExpectationVsReality,52,2018-05-16 16:10:19,0,0,1,0
8jvc1m,2018-05-16 14:27:03,24,r/ExpectationVsReality,53,2018-05-16 16:35:29,0,0,1,0
8jvc1m,2018-05-16 14:27:03,24,r/ExpectationVsReality,54,2018-05-16 16:45:35,0,0,1,0
8jvc1m,2018-05-16 14:27:03,24,r/ExpectationVsReality,55,2018-05-16 17:31:45,0,0,1,0
8jvc1m,2018-05-16 14:27:03,24,r/ExpectationVsReality,56,2018-05-16 16:36:53,0,0,1,0
8jvc1m,2018-05-16 14:27:03,24,r/ExpectationVsReality,57,2018-05-16 16:41:25,0,0,1,0
8jvc1m,2018-05-16 14:27:03,24,r/ExpectationVsReality,58,2018-05-16 18:01:27,0,0,1,0
8jvc1m,2018-05-16 14:27:03,24,r/ExpectationVsReality,59,2018-05-16 16:06:21,0,2,-4,0
8jvc1m,2018-05-16 14:27:03,24,r/ExpectationVsReality,59,2018-05-16 16:19:55,1,1,8,0
8jvc1m,2018-05-16 14:27:03,24,r/ExpectationVsReality,59,2018-05-16 17:44:42,2,1,0,0
8jvc1m,2018-05-16 14:27:03,24,r/ExpectationVsReality,59,2018-05-16 18:06:17,3,0,0,0
8jvc1m,2018-05-16 14:27:03,24,r/ExpectationVsReality,59,2018-05-16 16:35:59,1,0,0,0
8jvc1m,2018-05-16 14:27:03,24,r/ExpectationVsReality,60,2018-05-16 16:18:06,0,0,-5,0
8jvc1m,2018-05-16 14:27:03,24,r/ExpectationVsReality,61,2018-05-16 15:57:39,0,1,-7,0
8jvc1m,2018-05-16 14:27:03,24,r/ExpectationVsReality,61,2018-05-16 18:10:49,1,0,0,0
8jvc1m,2018-05-16 14:27:03,24,r/ExpectationVsReality,62,2018-05-16 17:47:35,0,0,-2,0
8jv50q,2018-05-16 14:01:15,25,r/lotr,0,2018-05-16 14:28:21,0,2,218,0
8jv50q,2018-05-16 14:01:15,25,r/lotr,0,2018-05-16 15:05:15,1,0,49,0
8jv50q,2018-05-16 14:01:15,25,r/lotr,0,2018-05-16 15:35:04,1,1,-3,0
8jv50q,2018-05-16 14:01:15,25,r/lotr,0,2018-05-16 17:11:22,2,1,7,0
8jv50q,2018-05-16 14:01:15,25,r/lotr,0,2018-05-16 18:11:29,3,0,1,0
8jv50q,2018-05-16 14:01:15,25,r/lotr,1,2018-05-16 15:18:40,0,2,130,0
8jv50q,2018-05-16 14:01:15,25,r/lotr,1,2018-05-16 15:27:35,1,1,30,0
8jv50q,2018-05-16 14:01:15,25,r/lotr,1,2018-05-16 16:42:38,2,1,13,0
8jv50q,2018-05-16 14:01:15,25,r/lotr,1,2018-05-16 16:50:40,3,1,8,0
8jv50q,2018-05-16 14:01:15,25,r/lotr,1,2018-05-16 16:55:37,4,0,9,0
8jv50q,2018-05-16 14:01:15,25,r/lotr,1,2018-05-16 16:54:55,1,0,6,0
8jv50q,2018-05-16 14:01:15,25,r/lotr,2,2018-05-16 15:14:58,0,0,26,0
8jv50q,2018-05-16 14:01:15,25,r/lotr,3,2018-05-16 15:17:40,0,1,19,0
8jv50q,2018-05-16 14:01:15,25,r/lotr,3,2018-05-16 15:57:18,1,0,4,0
8jv50q,2018-05-16 14:01:15,25,r/lotr,4,2018-05-16 17:25:29,0,1,15,0
8jv50q,2018-05-16 14:01:15,25,r/lotr,4,2018-05-16 18:29:48,1,0,1,0
8jv50q,2018-05-16 14:01:15,25,r/lotr,5,2018-05-16 14:29:39,0,0,10,0
8jv50q,2018-05-16 14:01:15,25,r/lotr,6,2018-05-16 14:57:28,0,0,35,0
8jv50q,2018-05-16 14:01:15,25,r/lotr,7,2018-05-16 17:02:08,0,0,3,0
8jv50q,2018-05-16 14:01:15,25,r/lotr,8,2018-05-16 14:45:24,0,0,3,0
8jv50q,2018-05-16 14:01:15,25,r/lotr,9,2018-05-16 15:40:50,0,0,3,0
8jv50q,2018-05-16 14:01:15,25,r/lotr,10,2018-05-16 15:26:45,0,0,2,0
8jv50q,2018-05-16 14:01:15,25,r/lotr,11,2018-05-16 17:36:42,0,0,1,0
8jv50q,2018-05-16 14:01:15,25,r/lotr,12,2018-05-16 17:57:00,0,0,1,0
8jv50q,2018-05-16 14:01:15,25,r/lotr,13,2018-05-16 18:29:15,0,0,1,0
8jv50q,2018-05-16 14:01:15,25,r/lotr,14,2018-05-16 15:51:41,0,1,1,0
8jv50q,2018-05-16 14:01:15,25,r/lotr,14,2018-05-16 18:29:50,1,0,1,0
8julbw,2018-05-16 12:40:58,26,r/Whatcouldgowrong,0,2018-05-16 12:55:34,0,11,1488,0
8julbw,2018-05-16 12:40:58,26,r/Whatcouldgowrong,0,2018-05-16 14:46:02,1,8,389,0
8julbw,2018-05-16 12:40:58,26,r/Whatcouldgowrong,0,2018-05-16 15:00:06,2,7,71,0
8julbw,2018-05-16 12:40:58,26,r/Whatcouldgowrong,0,2018-05-16 15:13:56,3,1,38,0
8julbw,2018-05-16 12:40:58,26,r/Whatcouldgowrong,0,2018-05-16 16:04:07,4,3,21,0
8julbw,2018-05-16 12:40:58,26,r/Whatcouldgowrong,0,2018-05-16 16:12:00,5,1,11,0
8julbw,2018-05-16 12:40:58,26,r/Whatcouldgowrong,0,2018-05-16 16:16:18,6,1,9,0
8julbw,2018-05-16 12:40:58,26,r/Whatcouldgowrong,0,2018-05-16 16:40:02,7,1,4,0
8julbw,2018-05-16 12:40:58,26,r/Whatcouldgowrong,0,2018-05-16 17:34:59,8,0,0,0
8julbw,2018-05-16 12:40:58,26,r/Whatcouldgowrong,0,2018-05-16 16:38:31,5,0,3,0
8julbw,2018-05-16 12:40:58,26,r/Whatcouldgowrong,0,2018-05-16 17:24:29,5,0,3,0
8julbw,2018-05-16 12:40:58,26,r/Whatcouldgowrong,0,2018-05-16 16:05:24,3,0,3,0
8julbw,2018-05-16 12:40:58,26,r/Whatcouldgowrong,0,2018-05-16 16:45:37,3,0,1,0
8julbw,2018-05-16 12:40:58,26,r/Whatcouldgowrong,0,2018-05-16 17:48:20,3,0,1,0
8julbw,2018-05-16 12:40:58,26,r/Whatcouldgowrong,0,2018-05-16 18:00:37,3,0,1,0
8julbw,2018-05-16 12:40:58,26,r/Whatcouldgowrong,0,2018-05-16 18:09:24,3,0,1,0
8julbw,2018-05-16 12:40:58,26,r/Whatcouldgowrong,0,2018-05-16 17:48:44,3,0,0,0
8julbw,2018-05-16 12:40:58,26,r/Whatcouldgowrong,0,2018-05-16 16:50:39,2,0,3,0
8julbw,2018-05-16 12:40:58,26,r/Whatcouldgowrong,0,2018-05-16 17:36:34,2,0,4,0
8julbw,2018-05-16 12:40:58,26,r/Whatcouldgowrong,0,2018-05-16 16:04:31,2,1,3,0
8julbw,2018-05-16 12:40:58,26,r/Whatcouldgowrong,0,2018-05-16 16:29:09,3,1,-3,0
8julbw,2018-05-16 12:40:58,26,r/Whatcouldgowrong,0,2018-05-16 16:57:46,4,0,0,0
8julbw,2018-05-16 12:40:58,26,r/Whatcouldgowrong,0,2018-05-16 16:50:39,2,0,5,0
8julbw,2018-05-16 12:40:58,26,r/Whatcouldgowrong,0,2018-05-16 17:44:39,2,0,1,0
8julbw,2018-05-16 12:40:58,26,r/Whatcouldgowrong,0,2018-05-16 17:45:43,2,0,1,0
8julbw,2018-05-16 12:40:58,26,r/Whatcouldgowrong,0,2018-05-16 18:20:34,2,0,1,0
8julbw,2018-05-16 12:40:58,26,r/Whatcouldgowrong,0,2018-05-16 15:29:30,1,0,28,0
8julbw,2018-05-16 12:40:58,26,r/Whatcouldgowrong,0,2018-05-16 15:44:19,1,0,13,0
8julbw,2018-05-16 12:40:58,26,r/Whatcouldgowrong,0,2018-05-16 15:46:20,1,0,6,0
8julbw,2018-05-16 12:40:58,26,r/Whatcouldgowrong,0,2018-05-16 16:43:02,1,0,3,0
8julbw,2018-05-16 12:40:58,26,r/Whatcouldgowrong,0,2018-05-16 16:38:35,1,0,2,0
8julbw,2018-05-16 12:40:58,26,r/Whatcouldgowrong,0,2018-05-16 13:29:14,1,0,4,0
8julbw,2018-05-16 12:40:58,26,r/Whatcouldgowrong,0,2018-05-16 16:20:29,1,0,1,0
8julbw,2018-05-16 12:40:58,26,r/Whatcouldgowrong,0,2018-05-16 16:30:03,1,0,1,0
8julbw,2018-05-16 12:40:58,26,r/Whatcouldgowrong,0,2018-05-16 17:37:27,1,1,1,0
8julbw,2018-05-16 12:40:58,26,r/Whatcouldgowrong,0,2018-05-16 17:37:29,2,0,1,0
8julbw,2018-05-16 12:40:58,26,r/Whatcouldgowrong,0,2018-05-16 17:58:33,1,0,1,0
8julbw,2018-05-16 12:40:58,26,r/Whatcouldgowrong,1,2018-05-16 13:19:57,0,5,683,0
8julbw,2018-05-16 12:40:58,26,r/Whatcouldgowrong,1,2018-05-16 15:02:40,1,1,151,0
8julbw,2018-05-16 12:40:58,26,r/Whatcouldgowrong,1,2018-05-16 17:08:46,2,0,13,0
8julbw,2018-05-16 12:40:58,26,r/Whatcouldgowrong,1,2018-05-16 16:27:21,1,0,14,0
8julbw,2018-05-16 12:40:58,26,r/Whatcouldgowrong,1,2018-05-16 16:47:31,1,3,11,0
8julbw,2018-05-16 12:40:58,26,r/Whatcouldgowrong,1,2018-05-16 17:14:02,2,1,18,0
8julbw,2018-05-16 12:40:58,26,r/Whatcouldgowrong,1,2018-05-16 17:34:20,3,0,6,0
8julbw,2018-05-16 12:40:58,26,r/Whatcouldgowrong,1,2018-05-16 16:53:28,2,1,6,0
8julbw,2018-05-16 12:40:58,26,r/Whatcouldgowrong,1,2018-05-16 16:59:14,3,3,37,0
8julbw,2018-05-16 12:40:58,26,r/Whatcouldgowrong,1,2018-05-16 17:11:57,4,1,10,0
8julbw,2018-05-16 12:40:58,26,r/Whatcouldgowrong,1,2018-05-16 17:51:40,5,0,3,0
8julbw,2018-05-16 12:40:58,26,r/Whatcouldgowrong,1,2018-05-16 18:23:09,4,0,1,0
8julbw,2018-05-16 12:40:58,26,r/Whatcouldgowrong,1,2018-05-16 18:26:56,4,0,1,0
8julbw,2018-05-16 12:40:58,26,r/Whatcouldgowrong,1,2018-05-16 17:14:47,2,0,1,0
8julbw,2018-05-16 12:40:58,26,r/Whatcouldgowrong,1,2018-05-16 17:47:59,1,0,2,0
8julbw,2018-05-16 12:40:58,26,r/Whatcouldgowrong,1,2018-05-16 18:21:29,1,0,1,0
8julbw,2018-05-16 12:40:58,26,r/Whatcouldgowrong,2,2018-05-16 14:30:24,0,3,280,0
8julbw,2018-05-16 12:40:58,26,r/Whatcouldgowrong,2,2018-05-16 16:54:08,1,1,63,0
8julbw,2018-05-16 12:40:58,26,r/Whatcouldgowrong,2,2018-05-16 17:36:01,2,1,13,0
8julbw,2018-05-16 12:40:58,26,r/Whatcouldgowrong,2,2018-05-16 18:16:58,3,0,3,0
8julbw,2018-05-16 12:40:58,26,r/Whatcouldgowrong,2,2018-05-16 16:49:33,1,5,9,0
8julbw,2018-05-16 12:40:58,26,r/Whatcouldgowrong,2,2018-05-16 17:16:01,2,1,17,0
8julbw,2018-05-16 12:40:58,26,r/Whatcouldgowrong,2,2018-05-16 17:20:35,3,1,6,0
8julbw,2018-05-16 12:40:58,26,r/Whatcouldgowrong,2,2018-05-16 17:41:46,4,0,2,0
8julbw,2018-05-16 12:40:58,26,r/Whatcouldgowrong,2,2018-05-16 17:23:14,2,1,10,0
8julbw,2018-05-16 12:40:58,26,r/Whatcouldgowrong,2,2018-05-16 18:24:23,3,0,1,0
8julbw,2018-05-16 12:40:58,26,r/Whatcouldgowrong,2,2018-05-16 17:57:20,2,0,1,0
8julbw,2018-05-16 12:40:58,26,r/Whatcouldgowrong,2,2018-05-16 18:02:22,2,0,1,0
8julbw,2018-05-16 12:40:58,26,r/Whatcouldgowrong,2,2018-05-16 18:26:24,2,0,1,0
8julbw,2018-05-16 12:40:58,26,r/Whatcouldgowrong,2,2018-05-16 18:04:58,1,0,1,0
8julbw,2018-05-16 12:40:58,26,r/Whatcouldgowrong,3,2018-05-16 15:05:17,0,4,180,0
8julbw,2018-05-16 12:40:58,26,r/Whatcouldgowrong,3,2018-05-16 16:19:55,1,0,11,0
8julbw,2018-05-16 12:40:58,26,r/Whatcouldgowrong,3,2018-05-16 17:16:18,1,0,3,0
8julbw,2018-05-16 12:40:58,26,r/Whatcouldgowrong,3,2018-05-16 17:35:28,1,0,2,0
8julbw,2018-05-16 12:40:58,26,r/Whatcouldgowrong,3,2018-05-16 17:58:36,1,0,1,0
8julbw,2018-05-16 12:40:58,26,r/Whatcouldgowrong,4,2018-05-16 13:58:05,0,0,98,0
8julbw,2018-05-16 12:40:58,26,r/Whatcouldgowrong,5,2018-05-16 13:52:24,0,3,108,0
8julbw,2018-05-16 12:40:58,26,r/Whatcouldgowrong,5,2018-05-16 16:07:51,1,1,17,0
8julbw,2018-05-16 12:40:58,26,r/Whatcouldgowrong,5,2018-05-16 16:44:12,2,0,1,0
8julbw,2018-05-16 12:40:58,26,r/Whatcouldgowrong,5,2018-05-16 14:42:51,1,1,4,0
8julbw,2018-05-16 12:40:58,26,r/Whatcouldgowrong,5,2018-05-16 16:14:41,2,1,3,0
8julbw,2018-05-16 12:40:58,26,r/Whatcouldgowrong,5,2018-05-16 16:44:27,3,0,7,0
8julbw,2018-05-16 12:40:58,26,r/Whatcouldgowrong,5,2018-05-16 16:55:00,1,0,1,0
8julbw,2018-05-16 12:40:58,26,r/Whatcouldgowrong,6,2018-05-16 12:55:37,0,1,89,0
8julbw,2018-05-16 12:40:58,26,r/Whatcouldgowrong,6,2018-05-16 15:02:39,1,1,101,0
8julbw,2018-05-16 12:40:58,26,r/Whatcouldgowrong,6,2018-05-16 15:19:32,2,2,14,0
8julbw,2018-05-16 12:40:58,26,r/Whatcouldgowrong,6,2018-05-16 15:27:53,3,0,21,0
8julbw,2018-05-16 12:40:58,26,r/Whatcouldgowrong,6,2018-05-16 15:28:59,3,0,17,0
8julbw,2018-05-16 12:40:58,26,r/Whatcouldgowrong,7,2018-05-16 13:48:27,0,0,33,0
8julbw,2018-05-16 12:40:58,26,r/Whatcouldgowrong,8,2018-05-16 13:25:22,0,2,108,0
8julbw,2018-05-16 12:40:58,26,r/Whatcouldgowrong,8,2018-05-16 14:18:20,1,6,99,0
8julbw,2018-05-16 12:40:58,26,r/Whatcouldgowrong,8,2018-05-16 16:07:03,2,1,12,0
8julbw,2018-05-16 12:40:58,26,r/Whatcouldgowrong,8,2018-05-16 16:12:22,3,2,4,0
8julbw,2018-05-16 12:40:58,26,r/Whatcouldgowrong,8,2018-05-16 16:48:19,4,1,13,0
8julbw,2018-05-16 12:40:58,26,r/Whatcouldgowrong,8,2018-05-16 16:54:56,5,1,-2,0
8julbw,2018-05-16 12:40:58,26,r/Whatcouldgowrong,8,2018-05-16 17:02:18,6,1,8,0
8julbw,2018-05-16 12:40:58,26,r/Whatcouldgowrong,8,2018-05-16 18:00:33,7,0,1,0
8julbw,2018-05-16 12:40:58,26,r/Whatcouldgowrong,8,2018-05-16 16:49:55,4,0,1,0
8julbw,2018-05-16 12:40:58,26,r/Whatcouldgowrong,8,2018-05-16 16:30:44,2,0,6,0
8julbw,2018-05-16 12:40:58,26,r/Whatcouldgowrong,8,2018-05-16 15:53:08,2,0,6,0
8julbw,2018-05-16 12:40:58,26,r/Whatcouldgowrong,8,2018-05-16 16:31:36,2,1,2,0
8julbw,2018-05-16 12:40:58,26,r/Whatcouldgowrong,8,2018-05-16 16:53:30,3,1,1,0
8julbw,2018-05-16 12:40:58,26,r/Whatcouldgowrong,8,2018-05-16 17:05:57,4,1,1,0
8julbw,2018-05-16 12:40:58,26,r/Whatcouldgowrong,8,2018-05-16 17:16:33,5,0,1,0
8julbw,2018-05-16 12:40:58,26,r/Whatcouldgowrong,8,2018-05-16 14:32:50,2,3,-12,0
8julbw,2018-05-16 12:40:58,26,r/Whatcouldgowrong,8,2018-05-16 15:03:37,3,1,24,0
8julbw,2018-05-16 12:40:58,26,r/Whatcouldgowrong,8,2018-05-16 15:13:19,4,0,2,0
8julbw,2018-05-16 12:40:58,26,r/Whatcouldgowrong,8,2018-05-16 15:00:02,3,0,2,0
8julbw,2018-05-16 12:40:58,26,r/Whatcouldgowrong,8,2018-05-16 15:21:37,3,1,1,0
8julbw,2018-05-16 12:40:58,26,r/Whatcouldgowrong,8,2018-05-16 15:32:57,4,0,0,0
8julbw,2018-05-16 12:40:58,26,r/Whatcouldgowrong,8,2018-05-16 16:11:48,2,0,-1,0
8julbw,2018-05-16 12:40:58,26,r/Whatcouldgowrong,8,2018-05-16 13:57:48,1,0,20,0
8julbw,2018-05-16 12:40:58,26,r/Whatcouldgowrong,9,2018-05-16 15:32:59,0,2,11,0
8julbw,2018-05-16 12:40:58,26,r/Whatcouldgowrong,9,2018-05-16 15:43:50,1,0,9,0
8julbw,2018-05-16 12:40:58,26,r/Whatcouldgowrong,9,2018-05-16 18:08:04,1,0,4,0
8julbw,2018-05-16 12:40:58,26,r/Whatcouldgowrong,10,2018-05-16 16:44:12,0,0,9,0
8julbw,2018-05-16 12:40:58,26,r/Whatcouldgowrong,11,2018-05-16 14:58:22,0,0,11,0
8julbw,2018-05-16 12:40:58,26,r/Whatcouldgowrong,12,2018-05-16 17:05:11,0,0,4,0
8julbw,2018-05-16 12:40:58,26,r/Whatcouldgowrong,13,2018-05-16 18:16:08,0,0,4,0
8julbw,2018-05-16 12:40:58,26,r/Whatcouldgowrong,14,2018-05-16 13:17:03,0,0,6,0
8julbw,2018-05-16 12:40:58,26,r/Whatcouldgowrong,15,2018-05-16 13:41:14,0,0,3,0
8julbw,2018-05-16 12:40:58,26,r/Whatcouldgowrong,16,2018-05-16 14:29:46,0,1,3,0
8julbw,2018-05-16 12:40:58,26,r/Whatcouldgowrong,16,2018-05-16 14:53:34,1,0,2,0
8julbw,2018-05-16 12:40:58,26,r/Whatcouldgowrong,17,2018-05-16 14:46:50,0,0,3,0
8julbw,2018-05-16 12:40:58,26,r/Whatcouldgowrong,18,2018-05-16 15:01:31,0,1,3,0
8julbw,2018-05-16 12:40:58,26,r/Whatcouldgowrong,18,2018-05-16 18:09:48,1,0,1,0
8julbw,2018-05-16 12:40:58,26,r/Whatcouldgowrong,19,2018-05-16 16:52:02,0,0,3,0
8julbw,2018-05-16 12:40:58,26,r/Whatcouldgowrong,20,2018-05-16 12:47:30,0,4,11,0
8julbw,2018-05-16 12:40:58,26,r/Whatcouldgowrong,20,2018-05-16 13:28:07,1,2,21,0
8julbw,2018-05-16 12:40:58,26,r/Whatcouldgowrong,20,2018-05-16 16:02:22,2,0,1,0
8julbw,2018-05-16 12:40:58,26,r/Whatcouldgowrong,20,2018-05-16 14:28:05,2,0,1,0
8julbw,2018-05-16 12:40:58,26,r/Whatcouldgowrong,20,2018-05-16 16:32:42,1,0,2,0
8julbw,2018-05-16 12:40:58,26,r/Whatcouldgowrong,20,2018-05-16 16:37:56,1,0,2,0
8julbw,2018-05-16 12:40:58,26,r/Whatcouldgowrong,20,2018-05-16 15:39:13,1,1,1,0
8julbw,2018-05-16 12:40:58,26,r/Whatcouldgowrong,20,2018-05-16 15:50:32,2,0,3,0
8julbw,2018-05-16 12:40:58,26,r/Whatcouldgowrong,21,2018-05-16 14:59:35,0,0,3,0
8julbw,2018-05-16 12:40:58,26,r/Whatcouldgowrong,22,2018-05-16 15:13:59,0,0,2,0
8julbw,2018-05-16 12:40:58,26,r/Whatcouldgowrong,23,2018-05-16 15:37:52,0,0,2,0
8julbw,2018-05-16 12:40:58,26,r/Whatcouldgowrong,24,2018-05-16 16:16:21,0,0,2,0
8julbw,2018-05-16 12:40:58,26,r/Whatcouldgowrong,25,2018-05-16 17:25:19,0,0,2,0
8julbw,2018-05-16 12:40:58,26,r/Whatcouldgowrong,26,2018-05-16 17:45:45,0,0,2,0
8julbw,2018-05-16 12:40:58,26,r/Whatcouldgowrong,27,2018-05-16 18:13:06,0,0,2,0
8julbw,2018-05-16 12:40:58,26,r/Whatcouldgowrong,28,2018-05-16 18:21:34,0,0,2,0
8julbw,2018-05-16 12:40:58,26,r/Whatcouldgowrong,29,2018-05-16 14:39:33,0,1,3,0
8julbw,2018-05-16 12:40:58,26,r/Whatcouldgowrong,29,2018-05-16 16:34:19,1,2,1,0
8julbw,2018-05-16 12:40:58,26,r/Whatcouldgowrong,29,2018-05-16 17:01:16,2,1,3,0
8julbw,2018-05-16 12:40:58,26,r/Whatcouldgowrong,29,2018-05-16 17:08:38,3,1,4,0
8julbw,2018-05-16 12:40:58,26,r/Whatcouldgowrong,29,2018-05-16 17:10:12,4,0,1,0
8julbw,2018-05-16 12:40:58,26,r/Whatcouldgowrong,29,2018-05-16 17:31:12,2,0,1,0
8julbw,2018-05-16 12:40:58,26,r/Whatcouldgowrong,30,2018-05-16 14:24:11,0,1,2,0
8julbw,2018-05-16 12:40:58,26,r/Whatcouldgowrong,30,2018-05-16 15:04:01,1,1,3,0
8julbw,2018-05-16 12:40:58,26,r/Whatcouldgowrong,30,2018-05-16 15:10:44,2,0,1,0
8julbw,2018-05-16 12:40:58,26,r/Whatcouldgowrong,31,2018-05-16 15:46:29,0,0,2,0
8julbw,2018-05-16 12:40:58,26,r/Whatcouldgowrong,32,2018-05-16 15:09:35,0,0,1,0
8julbw,2018-05-16 12:40:58,26,r/Whatcouldgowrong,33,2018-05-16 15:09:56,0,0,1,0
8julbw,2018-05-16 12:40:58,26,r/Whatcouldgowrong,34,2018-05-16 15:14:13,0,0,1,0
8julbw,2018-05-16 12:40:58,26,r/Whatcouldgowrong,35,2018-05-16 15:14:45,0,0,1,0
8julbw,2018-05-16 12:40:58,26,r/Whatcouldgowrong,36,2018-05-16 15:26:51,0,0,1,0
8julbw,2018-05-16 12:40:58,26,r/Whatcouldgowrong,37,2018-05-16 15:28:03,0,0,1,0
8julbw,2018-05-16 12:40:58,26,r/Whatcouldgowrong,38,2018-05-16 15:29:11,0,0,1,0
8julbw,2018-05-16 12:40:58,26,r/Whatcouldgowrong,39,2018-05-16 15:31:14,0,0,1,0
8julbw,2018-05-16 12:40:58,26,r/Whatcouldgowrong,40,2018-05-16 15:31:54,0,0,1,0
8julbw,2018-05-16 12:40:58,26,r/Whatcouldgowrong,41,2018-05-16 15:35:39,0,0,1,0
8julbw,2018-05-16 12:40:58,26,r/Whatcouldgowrong,42,2018-05-16 15:37:08,0,0,1,0
8julbw,2018-05-16 12:40:58,26,r/Whatcouldgowrong,43,2018-05-16 15:38:35,0,0,1,0
8julbw,2018-05-16 12:40:58,26,r/Whatcouldgowrong,44,2018-05-16 15:44:33,0,0,1,0
8julbw,2018-05-16 12:40:58,26,r/Whatcouldgowrong,45,2018-05-16 15:44:38,0,0,1,0
8julbw,2018-05-16 12:40:58,26,r/Whatcouldgowrong,46,2018-05-16 15:45:07,0,0,1,0
8julbw,2018-05-16 12:40:58,26,r/Whatcouldgowrong,47,2018-05-16 15:49:53,0,0,1,0
8julbw,2018-05-16 12:40:58,26,r/Whatcouldgowrong,48,2018-05-16 15:50:28,0,0,1,0
8julbw,2018-05-16 12:40:58,26,r/Whatcouldgowrong,49,2018-05-16 15:57:50,0,1,1,0
8julbw,2018-05-16 12:40:58,26,r/Whatcouldgowrong,49,2018-05-16 15:58:28,1,0,2,0
8julbw,2018-05-16 12:40:58,26,r/Whatcouldgowrong,50,2018-05-16 15:58:01,0,0,1,0
8julbw,2018-05-16 12:40:58,26,r/Whatcouldgowrong,51,2018-05-16 16:00:42,0,0,1,0
8julbw,2018-05-16 12:40:58,26,r/Whatcouldgowrong,52,2018-05-16 16:01:15,0,0,1,0
8julbw,2018-05-16 12:40:58,26,r/Whatcouldgowrong,53,2018-05-16 16:01:20,0,0,1,0
8julbw,2018-05-16 12:40:58,26,r/Whatcouldgowrong,54,2018-05-16 16:01:24,0,0,1,0
8julbw,2018-05-16 12:40:58,26,r/Whatcouldgowrong,55,2018-05-16 16:03:07,0,0,1,0
8julbw,2018-05-16 12:40:58,26,r/Whatcouldgowrong,56,2018-05-16 16:08:07,0,0,1,0
8julbw,2018-05-16 12:40:58,26,r/Whatcouldgowrong,57,2018-05-16 16:09:16,0,0,1,0
8julbw,2018-05-16 12:40:58,26,r/Whatcouldgowrong,58,2018-05-16 16:11:48,0,0,1,0
8julbw,2018-05-16 12:40:58,26,r/Whatcouldgowrong,59,2018-05-16 16:14:56,0,0,1,0
8julbw,2018-05-16 12:40:58,26,r/Whatcouldgowrong,60,2018-05-16 16:16:00,0,0,1,0
8julbw,2018-05-16 12:40:58,26,r/Whatcouldgowrong,61,2018-05-16 16:19:54,0,0,1,0
8julbw,2018-05-16 12:40:58,26,r/Whatcouldgowrong,62,2018-05-16 16:20:56,0,1,1,0
8julbw,2018-05-16 12:40:58,26,r/Whatcouldgowrong,62,2018-05-16 16:39:18,1,0,1,0
8julbw,2018-05-16 12:40:58,26,r/Whatcouldgowrong,63,2018-05-16 16:21:38,0,0,1,0
8julbw,2018-05-16 12:40:58,26,r/Whatcouldgowrong,64,2018-05-16 16:22:17,0,0,1,0
8julbw,2018-05-16 12:40:58,26,r/Whatcouldgowrong,65,2018-05-16 16:27:16,0,0,1,0
8julbw,2018-05-16 12:40:58,26,r/Whatcouldgowrong,66,2018-05-16 16:27:52,0,0,1,0
8julbw,2018-05-16 12:40:58,26,r/Whatcouldgowrong,67,2018-05-16 16:28:00,0,0,1,0
8julbw,2018-05-16 12:40:58,26,r/Whatcouldgowrong,68,2018-05-16 16:28:45,0,0,1,0
8julbw,2018-05-16 12:40:58,26,r/Whatcouldgowrong,69,2018-05-16 16:29:46,0,0,1,0
8julbw,2018-05-16 12:40:58,26,r/Whatcouldgowrong,70,2018-05-16 16:34:27,0,0,1,0
8julbw,2018-05-16 12:40:58,26,r/Whatcouldgowrong,71,2018-05-16 16:36:22,0,0,1,0
8julbw,2018-05-16 12:40:58,26,r/Whatcouldgowrong,72,2018-05-16 16:36:40,0,0,1,0
8julbw,2018-05-16 12:40:58,26,r/Whatcouldgowrong,73,2018-05-16 16:37:24,0,0,1,0
8julbw,2018-05-16 12:40:58,26,r/Whatcouldgowrong,74,2018-05-16 16:39:10,0,0,1,0
8julbw,2018-05-16 12:40:58,26,r/Whatcouldgowrong,75,2018-05-16 16:39:31,0,0,1,0
8julbw,2018-05-16 12:40:58,26,r/Whatcouldgowrong,76,2018-05-16 16:40:31,0,0,1,0
8julbw,2018-05-16 12:40:58,26,r/Whatcouldgowrong,77,2018-05-16 16:42:32,0,0,1,0
8julbw,2018-05-16 12:40:58,26,r/Whatcouldgowrong,78,2018-05-16 16:42:42,0,0,1,0
8julbw,2018-05-16 12:40:58,26,r/Whatcouldgowrong,79,2018-05-16 16:45:42,0,0,1,0
8julbw,2018-05-16 12:40:58,26,r/Whatcouldgowrong,80,2018-05-16 16:46:13,0,0,1,0
8julbw,2018-05-16 12:40:58,26,r/Whatcouldgowrong,81,2018-05-16 16:49:51,0,0,1,0
8julbw,2018-05-16 12:40:58,26,r/Whatcouldgowrong,82,2018-05-16 16:52:24,0,0,1,0
8julbw,2018-05-16 12:40:58,26,r/Whatcouldgowrong,83,2018-05-16 16:55:43,0,0,1,0
8julbw,2018-05-16 12:40:58,26,r/Whatcouldgowrong,84,2018-05-16 16:56:26,0,0,1,0
8julbw,2018-05-16 12:40:58,26,r/Whatcouldgowrong,85,2018-05-16 16:57:20,0,0,1,0
8julbw,2018-05-16 12:40:58,26,r/Whatcouldgowrong,86,2018-05-16 16:58:47,0,0,1,0
8julbw,2018-05-16 12:40:58,26,r/Whatcouldgowrong,87,2018-05-16 17:01:04,0,0,1,0
8julbw,2018-05-16 12:40:58,26,r/Whatcouldgowrong,88,2018-05-16 17:01:23,0,0,1,0
8julbw,2018-05-16 12:40:58,26,r/Whatcouldgowrong,89,2018-05-16 17:02:23,0,0,1,0
8julbw,2018-05-16 12:40:58,26,r/Whatcouldgowrong,90,2018-05-16 17:05:34,0,0,1,0
8julbw,2018-05-16 12:40:58,26,r/Whatcouldgowrong,91,2018-05-16 17:06:01,0,0,1,0
8julbw,2018-05-16 12:40:58,26,r/Whatcouldgowrong,92,2018-05-16 17:10:06,0,0,1,0
8julbw,2018-05-16 12:40:58,26,r/Whatcouldgowrong,93,2018-05-16 17:16:56,0,0,1,0
8julbw,2018-05-16 12:40:58,26,r/Whatcouldgowrong,94,2018-05-16 17:19:02,0,0,1,0
8julbw,2018-05-16 12:40:58,26,r/Whatcouldgowrong,95,2018-05-16 17:21:08,0,0,1,0
8julbw,2018-05-16 12:40:58,26,r/Whatcouldgowrong,96,2018-05-16 17:21:59,0,0,1,0
8julbw,2018-05-16 12:40:58,26,r/Whatcouldgowrong,97,2018-05-16 17:22:01,0,0,1,0
8julbw,2018-05-16 12:40:58,26,r/Whatcouldgowrong,98,2018-05-16 17:23:57,0,0,1,0
8julbw,2018-05-16 12:40:58,26,r/Whatcouldgowrong,99,2018-05-16 17:24:56,0,0,1,0
8julbw,2018-05-16 12:40:58,26,r/Whatcouldgowrong,100,2018-05-16 17:27:16,0,0,1,0
8julbw,2018-05-16 12:40:58,26,r/Whatcouldgowrong,101,2018-05-16 17:27:16,0,0,1,0
8julbw,2018-05-16 12:40:58,26,r/Whatcouldgowrong,102,2018-05-16 17:27:45,0,0,1,0
8julbw,2018-05-16 12:40:58,26,r/Whatcouldgowrong,103,2018-05-16 17:31:19,0,0,1,0
8julbw,2018-05-16 12:40:58,26,r/Whatcouldgowrong,104,2018-05-16 17:32:19,0,0,1,0
8julbw,2018-05-16 12:40:58,26,r/Whatcouldgowrong,105,2018-05-16 17:32:32,0,0,1,0
8julbw,2018-05-16 12:40:58,26,r/Whatcouldgowrong,106,2018-05-16 17:33:39,0,0,1,0
8julbw,2018-05-16 12:40:58,26,r/Whatcouldgowrong,107,2018-05-16 17:34:03,0,0,1,0
8julbw,2018-05-16 12:40:58,26,r/Whatcouldgowrong,108,2018-05-16 17:36:17,0,0,1,0
8julbw,2018-05-16 12:40:58,26,r/Whatcouldgowrong,109,2018-05-16 17:38:25,0,0,1,0
8julbw,2018-05-16 12:40:58,26,r/Whatcouldgowrong,110,2018-05-16 17:40:16,0,0,1,0
8julbw,2018-05-16 12:40:58,26,r/Whatcouldgowrong,111,2018-05-16 17:40:28,0,0,1,0
8julbw,2018-05-16 12:40:58,26,r/Whatcouldgowrong,112,2018-05-16 17:52:02,0,0,1,0
8julbw,2018-05-16 12:40:58,26,r/Whatcouldgowrong,113,2018-05-16 17:53:37,0,0,1,0
8julbw,2018-05-16 12:40:58,26,r/Whatcouldgowrong,114,2018-05-16 17:54:54,0,0,1,0
8julbw,2018-05-16 12:40:58,26,r/Whatcouldgowrong,115,2018-05-16 17:56:10,0,0,1,0
8julbw,2018-05-16 12:40:58,26,r/Whatcouldgowrong,116,2018-05-16 17:56:21,0,0,1,0
8julbw,2018-05-16 12:40:58,26,r/Whatcouldgowrong,117,2018-05-16 17:58:40,0,0,1,0
8julbw,2018-05-16 12:40:58,26,r/Whatcouldgowrong,118,2018-05-16 17:59:08,0,0,1,0
8julbw,2018-05-16 12:40:58,26,r/Whatcouldgowrong,119,2018-05-16 17:59:34,0,0,1,0
8julbw,2018-05-16 12:40:58,26,r/Whatcouldgowrong,120,2018-05-16 18:00:24,0,0,1,0
8julbw,2018-05-16 12:40:58,26,r/Whatcouldgowrong,121,2018-05-16 18:05:05,0,0,1,0
8julbw,2018-05-16 12:40:58,26,r/Whatcouldgowrong,122,2018-05-16 18:05:54,0,0,1,0
8julbw,2018-05-16 12:40:58,26,r/Whatcouldgowrong,123,2018-05-16 18:06:59,0,0,1,0
8julbw,2018-05-16 12:40:58,26,r/Whatcouldgowrong,124,2018-05-16 18:07:15,0,0,1,0
8julbw,2018-05-16 12:40:58,26,r/Whatcouldgowrong,125,2018-05-16 18:30:16,0,0,1,0
8julbw,2018-05-16 12:40:58,26,r/Whatcouldgowrong,126,2018-05-16 14:43:57,0,1,1,0
8julbw,2018-05-16 12:40:58,26,r/Whatcouldgowrong,126,2018-05-16 15:12:31,1,1,4,0
8julbw,2018-05-16 12:40:58,26,r/Whatcouldgowrong,126,2018-05-16 15:28:38,2,0,0,0
8julbw,2018-05-16 12:40:58,26,r/Whatcouldgowrong,127,2018-05-16 15:16:55,0,0,1,0
8julbw,2018-05-16 12:40:58,26,r/Whatcouldgowrong,128,2018-05-16 14:20:00,0,2,-4,0
8julbw,2018-05-16 12:40:58,26,r/Whatcouldgowrong,128,2018-05-16 15:40:06,1,1,5,0
8julbw,2018-05-16 12:40:58,26,r/Whatcouldgowrong,128,2018-05-16 15:55:14,2,0,2,0
8julbw,2018-05-16 12:40:58,26,r/Whatcouldgowrong,128,2018-05-16 15:44:22,1,0,3,0
8julbw,2018-05-16 12:40:58,26,r/Whatcouldgowrong,129,2018-05-16 15:05:27,0,0,0,0
8julbw,2018-05-16 12:40:58,26,r/Whatcouldgowrong,130,2018-05-16 15:30:43,0,0,0,0
8julbw,2018-05-16 12:40:58,26,r/Whatcouldgowrong,131,2018-05-16 15:18:01,0,0,-2,0
8julbw,2018-05-16 12:40:58,26,r/Whatcouldgowrong,132,2018-05-16 15:47:53,0,0,-2,0
8ju33w,2018-05-16 11:16:37,27,r/BikiniBottomTwitter,0,2018-05-16 12:32:14,0,3,406,0
8ju33w,2018-05-16 11:16:37,27,r/BikiniBottomTwitter,0,2018-05-16 15:44:39,1,1,74,0
8ju33w,2018-05-16 11:16:37,27,r/BikiniBottomTwitter,0,2018-05-16 15:49:12,2,3,82,0
8ju33w,2018-05-16 11:16:37,27,r/BikiniBottomTwitter,0,2018-05-16 15:57:22,3,2,54,0
8ju33w,2018-05-16 11:16:37,27,r/BikiniBottomTwitter,0,2018-05-16 15:58:51,4,2,16,0
8ju33w,2018-05-16 11:16:37,27,r/BikiniBottomTwitter,0,2018-05-16 16:20:04,5,1,3,0
8ju33w,2018-05-16 11:16:37,27,r/BikiniBottomTwitter,0,2018-05-16 18:23:11,6,0,1,0
8ju33w,2018-05-16 11:16:37,27,r/BikiniBottomTwitter,0,2018-05-16 16:01:53,5,0,4,0
8ju33w,2018-05-16 11:16:37,27,r/BikiniBottomTwitter,0,2018-05-16 16:24:04,4,1,11,0
8ju33w,2018-05-16 11:16:37,27,r/BikiniBottomTwitter,0,2018-05-16 16:29:45,5,2,13,0
8ju33w,2018-05-16 11:16:37,27,r/BikiniBottomTwitter,0,2018-05-16 16:36:33,6,1,7,0
8ju33w,2018-05-16 11:16:37,27,r/BikiniBottomTwitter,0,2018-05-16 17:45:06,7,0,2,0
8ju33w,2018-05-16 11:16:37,27,r/BikiniBottomTwitter,0,2018-05-16 17:27:14,6,0,4,0
8ju33w,2018-05-16 11:16:37,27,r/BikiniBottomTwitter,0,2018-05-16 15:50:08,3,0,21,0
8ju33w,2018-05-16 11:16:37,27,r/BikiniBottomTwitter,0,2018-05-16 16:18:57,3,0,10,0
8ju33w,2018-05-16 11:16:37,27,r/BikiniBottomTwitter,0,2018-05-16 16:31:06,1,1,17,0
8ju33w,2018-05-16 11:16:37,27,r/BikiniBottomTwitter,0,2018-05-16 17:00:45,2,0,8,0
8ju33w,2018-05-16 11:16:37,27,r/BikiniBottomTwitter,0,2018-05-16 15:45:52,1,1,11,0
8ju33w,2018-05-16 11:16:37,27,r/BikiniBottomTwitter,0,2018-05-16 16:11:59,2,2,24,0
8ju33w,2018-05-16 11:16:37,27,r/BikiniBottomTwitter,0,2018-05-16 16:37:35,3,0,13,0
8ju33w,2018-05-16 11:16:37,27,r/BikiniBottomTwitter,0,2018-05-16 17:00:20,3,0,6,0
8ju33w,2018-05-16 11:16:37,27,r/BikiniBottomTwitter,1,2018-05-16 14:07:34,0,5,306,0
8ju33w,2018-05-16 11:16:37,27,r/BikiniBottomTwitter,1,2018-05-16 15:05:17,1,0,53,0
8ju33w,2018-05-16 11:16:37,27,r/BikiniBottomTwitter,1,2018-05-16 15:06:09,1,0,35,0
8ju33w,2018-05-16 11:16:37,27,r/BikiniBottomTwitter,1,2018-05-16 16:00:34,1,0,14,0
8ju33w,2018-05-16 11:16:37,27,r/BikiniBottomTwitter,1,2018-05-16 16:30:49,1,0,14,0
8ju33w,2018-05-16 11:16:37,27,r/BikiniBottomTwitter,1,2018-05-16 17:53:28,1,0,1,0
8ju33w,2018-05-16 11:16:37,27,r/BikiniBottomTwitter,2,2018-05-16 13:47:36,0,2,192,0
8ju33w,2018-05-16 11:16:37,27,r/BikiniBottomTwitter,2,2018-05-16 14:15:10,1,1,59,0
8ju33w,2018-05-16 11:16:37,27,r/BikiniBottomTwitter,2,2018-05-16 14:17:59,2,1,57,0
8ju33w,2018-05-16 11:16:37,27,r/BikiniBottomTwitter,2,2018-05-16 14:25:08,3,0,37,0
8ju33w,2018-05-16 11:16:37,27,r/BikiniBottomTwitter,2,2018-05-16 14:28:24,1,0,4,0
8ju33w,2018-05-16 11:16:37,27,r/BikiniBottomTwitter,3,2018-05-16 11:32:01,0,9,2601,0
8ju33w,2018-05-16 11:16:37,27,r/BikiniBottomTwitter,3,2018-05-16 12:46:34,1,3,853,0
8ju33w,2018-05-16 11:16:37,27,r/BikiniBottomTwitter,3,2018-05-16 13:24:27,2,6,479,0
8ju33w,2018-05-16 11:16:37,27,r/BikiniBottomTwitter,3,2018-05-16 13:38:53,3,2,150,0
8ju33w,2018-05-16 11:16:37,27,r/BikiniBottomTwitter,3,2018-05-16 13:40:28,4,3,97,0
8ju33w,2018-05-16 11:16:37,27,r/BikiniBottomTwitter,3,2018-05-16 16:57:12,5,0,5,0
8ju33w,2018-05-16 11:16:37,27,r/BikiniBottomTwitter,3,2018-05-16 13:47:55,5,1,27,0
8ju33w,2018-05-16 11:16:37,27,r/BikiniBottomTwitter,3,2018-05-16 13:53:04,6,1,40,0
8ju33w,2018-05-16 11:16:37,27,r/BikiniBottomTwitter,3,2018-05-16 14:28:05,7,1,23,0
8ju33w,2018-05-16 11:16:37,27,r/BikiniBottomTwitter,3,2018-05-16 17:18:31,8,1,3,0
8ju33w,2018-05-16 11:16:37,27,r/BikiniBottomTwitter,3,2018-05-16 17:38:31,9,0,1,0
8ju33w,2018-05-16 11:16:37,27,r/BikiniBottomTwitter,3,2018-05-16 18:24:38,5,0,1,0
8ju33w,2018-05-16 11:16:37,27,r/BikiniBottomTwitter,3,2018-05-16 13:48:39,4,1,8,0
8ju33w,2018-05-16 11:16:37,27,r/BikiniBottomTwitter,3,2018-05-16 16:17:32,5,0,3,0
8ju33w,2018-05-16 11:16:37,27,r/BikiniBottomTwitter,3,2018-05-16 15:41:34,3,1,3,0
8ju33w,2018-05-16 11:16:37,27,r/BikiniBottomTwitter,3,2018-05-16 16:17:01,4,0,3,0
8ju33w,2018-05-16 11:16:37,27,r/BikiniBottomTwitter,3,2018-05-16 16:18:20,3,0,2,0
8ju33w,2018-05-16 11:16:37,27,r/BikiniBottomTwitter,3,2018-05-16 17:05:20,3,0,1,0
8ju33w,2018-05-16 11:16:37,27,r/BikiniBottomTwitter,3,2018-05-16 15:56:44,3,0,1,0
8ju33w,2018-05-16 11:16:37,27,r/BikiniBottomTwitter,3,2018-05-16 16:15:13,3,1,1,0
8ju33w,2018-05-16 11:16:37,27,r/BikiniBottomTwitter,3,2018-05-16 16:17:23,4,0,2,0
8ju33w,2018-05-16 11:16:37,27,r/BikiniBottomTwitter,3,2018-05-16 14:09:03,2,0,6,0
8ju33w,2018-05-16 11:16:37,27,r/BikiniBottomTwitter,3,2018-05-16 16:25:20,2,0,2,0
8ju33w,2018-05-16 11:16:37,27,r/BikiniBottomTwitter,3,2018-05-16 15:02:31,1,0,8,0
8ju33w,2018-05-16 11:16:37,27,r/BikiniBottomTwitter,3,2018-05-16 14:48:37,1,0,6,0
8ju33w,2018-05-16 11:16:37,27,r/BikiniBottomTwitter,3,2018-05-16 14:05:54,1,0,6,0
8ju33w,2018-05-16 11:16:37,27,r/BikiniBottomTwitter,3,2018-05-16 16:48:12,1,0,3,0
8ju33w,2018-05-16 11:16:37,27,r/BikiniBottomTwitter,3,2018-05-16 14:10:27,1,0,4,0
8ju33w,2018-05-16 11:16:37,27,r/BikiniBottomTwitter,3,2018-05-16 14:17:22,1,0,1,0
8ju33w,2018-05-16 11:16:37,27,r/BikiniBottomTwitter,3,2018-05-16 14:08:15,1,0,-1,0
8ju33w,2018-05-16 11:16:37,27,r/BikiniBottomTwitter,3,2018-05-16 17:12:12,1,0,0,0
8ju33w,2018-05-16 11:16:37,27,r/BikiniBottomTwitter,4,2018-05-16 13:41:10,0,2,255,0
8ju33w,2018-05-16 11:16:37,27,r/BikiniBottomTwitter,4,2018-05-16 13:47:27,1,2,66,0
8ju33w,2018-05-16 11:16:37,27,r/BikiniBottomTwitter,4,2018-05-16 14:43:52,2,1,44,0
8ju33w,2018-05-16 11:16:37,27,r/BikiniBottomTwitter,4,2018-05-16 15:27:21,3,1,18,0
8ju33w,2018-05-16 11:16:37,27,r/BikiniBottomTwitter,4,2018-05-16 15:37:06,4,1,23,0
8ju33w,2018-05-16 11:16:37,27,r/BikiniBottomTwitter,4,2018-05-16 16:16:36,5,1,14,0
8ju33w,2018-05-16 11:16:37,27,r/BikiniBottomTwitter,4,2018-05-16 16:56:04,6,1,5,0
8ju33w,2018-05-16 11:16:37,27,r/BikiniBottomTwitter,4,2018-05-16 17:37:43,7,1,5,0
8ju33w,2018-05-16 11:16:37,27,r/BikiniBottomTwitter,4,2018-05-16 17:53:58,8,0,2,0
8ju33w,2018-05-16 11:16:37,27,r/BikiniBottomTwitter,4,2018-05-16 13:58:14,2,0,11,0
8ju33w,2018-05-16 11:16:37,27,r/BikiniBottomTwitter,4,2018-05-16 15:14:53,1,2,1,0
8ju33w,2018-05-16 11:16:37,27,r/BikiniBottomTwitter,4,2018-05-16 15:52:59,2,0,3,0
8ju33w,2018-05-16 11:16:37,27,r/BikiniBottomTwitter,4,2018-05-16 17:29:10,2,0,1,0
8ju33w,2018-05-16 11:16:37,27,r/BikiniBottomTwitter,5,2018-05-16 12:41:12,0,3,730,0
8ju33w,2018-05-16 11:16:37,27,r/BikiniBottomTwitter,5,2018-05-16 14:47:09,1,1,106,0
8ju33w,2018-05-16 11:16:37,27,r/BikiniBottomTwitter,5,2018-05-16 17:13:03,2,0,8,0
8ju33w,2018-05-16 11:16:37,27,r/BikiniBottomTwitter,5,2018-05-16 15:39:31,1,0,19,0
8ju33w,2018-05-16 11:16:37,27,r/BikiniBottomTwitter,5,2018-05-16 13:45:26,1,1,-117,0
8ju33w,2018-05-16 11:16:37,27,r/BikiniBottomTwitter,5,2018-05-16 14:03:28,2,2,143,0
8ju33w,2018-05-16 11:16:37,27,r/BikiniBottomTwitter,5,2018-05-16 15:08:49,3,0,16,0
8ju33w,2018-05-16 11:16:37,27,r/BikiniBottomTwitter,5,2018-05-16 14:05:09,3,3,-94,0
8ju33w,2018-05-16 11:16:37,27,r/BikiniBottomTwitter,5,2018-05-16 14:17:24,4,1,65,0
8ju33w,2018-05-16 11:16:37,27,r/BikiniBottomTwitter,5,2018-05-16 14:30:38,5,1,135,0
8ju33w,2018-05-16 11:16:37,27,r/BikiniBottomTwitter,5,2018-05-16 14:31:05,6,1,48,0
8ju33w,2018-05-16 11:16:37,27,r/BikiniBottomTwitter,5,2018-05-16 14:53:24,7,1,22,0
8ju33w,2018-05-16 11:16:37,27,r/BikiniBottomTwitter,5,2018-05-16 16:37:36,8,1,6,0
8ju33w,2018-05-16 11:16:37,27,r/BikiniBottomTwitter,5,2018-05-16 16:39:09,9,0,3,0
8ju33w,2018-05-16 11:16:37,27,r/BikiniBottomTwitter,5,2018-05-16 15:18:53,4,1,4,0
8ju33w,2018-05-16 11:16:37,27,r/BikiniBottomTwitter,5,2018-05-16 17:12:16,5,1,3,0
8ju33w,2018-05-16 11:16:37,27,r/BikiniBottomTwitter,5,2018-05-16 17:37:36,6,1,2,0
8ju33w,2018-05-16 11:16:37,27,r/BikiniBottomTwitter,5,2018-05-16 17:50:11,7,0,1,0
8ju33w,2018-05-16 11:16:37,27,r/BikiniBottomTwitter,5,2018-05-16 14:18:56,4,0,-5,0
8ju33w,2018-05-16 11:16:37,27,r/BikiniBottomTwitter,6,2018-05-16 14:12:53,0,1,59,0
8ju33w,2018-05-16 11:16:37,27,r/BikiniBottomTwitter,6,2018-05-16 15:14:24,1,1,42,0
8ju33w,2018-05-16 11:16:37,27,r/BikiniBottomTwitter,6,2018-05-16 15:39:48,2,1,25,0
8ju33w,2018-05-16 11:16:37,27,r/BikiniBottomTwitter,6,2018-05-16 17:27:37,3,0,11,0
8ju33w,2018-05-16 11:16:37,27,r/BikiniBottomTwitter,7,2018-05-16 12:22:51,0,1,41,0
8ju33w,2018-05-16 11:16:37,27,r/BikiniBottomTwitter,7,2018-05-16 15:48:16,1,1,8,0
8ju33w,2018-05-16 11:16:37,27,r/BikiniBottomTwitter,7,2018-05-16 17:54:23,2,0,2,0
8ju33w,2018-05-16 11:16:37,27,r/BikiniBottomTwitter,8,2018-05-16 14:16:03,0,0,32,0
8ju33w,2018-05-16 11:16:37,27,r/BikiniBottomTwitter,9,2018-05-16 14:48:13,0,0,24,0
8ju33w,2018-05-16 11:16:37,27,r/BikiniBottomTwitter,10,2018-05-16 14:04:21,0,2,21,0
8ju33w,2018-05-16 11:16:37,27,r/BikiniBottomTwitter,10,2018-05-16 14:09:34,1,1,6,0
8ju33w,2018-05-16 11:16:37,27,r/BikiniBottomTwitter,10,2018-05-16 14:15:46,2,0,6,0
8ju33w,2018-05-16 11:16:37,27,r/BikiniBottomTwitter,10,2018-05-16 15:02:24,1,0,2,0
8ju33w,2018-05-16 11:16:37,27,r/BikiniBottomTwitter,11,2018-05-16 14:13:22,0,1,16,0
8ju33w,2018-05-16 11:16:37,27,r/BikiniBottomTwitter,11,2018-05-16 16:23:19,1,0,6,0
8ju33w,2018-05-16 11:16:37,27,r/BikiniBottomTwitter,12,2018-05-16 14:11:56,0,0,7,0
8ju33w,2018-05-16 11:16:37,27,r/BikiniBottomTwitter,13,2018-05-16 14:42:44,0,0,5,0
8ju33w,2018-05-16 11:16:37,27,r/BikiniBottomTwitter,14,2018-05-16 14:08:05,0,0,2,0
8ju33w,2018-05-16 11:16:37,27,r/BikiniBottomTwitter,15,2018-05-16 14:27:48,0,0,4,0
8ju33w,2018-05-16 11:16:37,27,r/BikiniBottomTwitter,16,2018-05-16 14:00:03,0,0,3,0
8ju33w,2018-05-16 11:16:37,27,r/BikiniBottomTwitter,17,2018-05-16 14:29:47,0,0,3,0
8ju33w,2018-05-16 11:16:37,27,r/BikiniBottomTwitter,18,2018-05-16 15:00:39,0,0,3,0
8ju33w,2018-05-16 11:16:37,27,r/BikiniBottomTwitter,19,2018-05-16 16:03:04,0,0,3,0
8ju33w,2018-05-16 11:16:37,27,r/BikiniBottomTwitter,20,2018-05-16 15:00:03,0,0,2,0
8ju33w,2018-05-16 11:16:37,27,r/BikiniBottomTwitter,21,2018-05-16 16:08:41,0,0,2,0
8ju33w,2018-05-16 11:16:37,27,r/BikiniBottomTwitter,22,2018-05-16 15:10:15,0,1,1,0
8ju33w,2018-05-16 11:16:37,27,r/BikiniBottomTwitter,22,2018-05-16 15:23:50,1,1,3,0
8ju33w,2018-05-16 11:16:37,27,r/BikiniBottomTwitter,22,2018-05-16 15:28:22,2,0,6,0
8ju33w,2018-05-16 11:16:37,27,r/BikiniBottomTwitter,23,2018-05-16 15:19:08,0,0,1,0
8ju33w,2018-05-16 11:16:37,27,r/BikiniBottomTwitter,24,2018-05-16 15:32:26,0,0,1,0
8ju33w,2018-05-16 11:16:37,27,r/BikiniBottomTwitter,25,2018-05-16 15:36:47,0,0,1,0
8ju33w,2018-05-16 11:16:37,27,r/BikiniBottomTwitter,26,2018-05-16 15:38:29,0,0,1,0
8ju33w,2018-05-16 11:16:37,27,r/BikiniBottomTwitter,27,2018-05-16 15:41:26,0,0,1,0
8ju33w,2018-05-16 11:16:37,27,r/BikiniBottomTwitter,28,2018-05-16 15:43:23,0,0,1,0
8ju33w,2018-05-16 11:16:37,27,r/BikiniBottomTwitter,29,2018-05-16 15:50:12,0,0,1,0
8ju33w,2018-05-16 11:16:37,27,r/BikiniBottomTwitter,30,2018-05-16 15:58:49,0,0,1,0
8ju33w,2018-05-16 11:16:37,27,r/BikiniBottomTwitter,31,2018-05-16 15:59:38,0,0,1,0
8ju33w,2018-05-16 11:16:37,27,r/BikiniBottomTwitter,32,2018-05-16 16:21:12,0,0,1,0
8ju33w,2018-05-16 11:16:37,27,r/BikiniBottomTwitter,33,2018-05-16 16:23:54,0,0,1,0
8ju33w,2018-05-16 11:16:37,27,r/BikiniBottomTwitter,34,2018-05-16 16:32:54,0,0,1,0
8ju33w,2018-05-16 11:16:37,27,r/BikiniBottomTwitter,35,2018-05-16 16:33:57,0,0,1,0
8ju33w,2018-05-16 11:16:37,27,r/BikiniBottomTwitter,36,2018-05-16 16:43:09,0,0,1,0
8ju33w,2018-05-16 11:16:37,27,r/BikiniBottomTwitter,37,2018-05-16 16:51:11,0,0,1,0
8ju33w,2018-05-16 11:16:37,27,r/BikiniBottomTwitter,38,2018-05-16 16:56:44,0,0,1,0
8ju33w,2018-05-16 11:16:37,27,r/BikiniBottomTwitter,39,2018-05-16 17:19:38,0,0,1,0
8ju33w,2018-05-16 11:16:37,27,r/BikiniBottomTwitter,40,2018-05-16 17:29:16,0,0,1,0
8ju33w,2018-05-16 11:16:37,27,r/BikiniBottomTwitter,41,2018-05-16 17:39:39,0,0,1,0
8ju33w,2018-05-16 11:16:37,27,r/BikiniBottomTwitter,42,2018-05-16 17:51:01,0,0,1,0
8ju33w,2018-05-16 11:16:37,27,r/BikiniBottomTwitter,43,2018-05-16 17:51:15,0,0,1,0
8ju33w,2018-05-16 11:16:37,27,r/BikiniBottomTwitter,44,2018-05-16 18:03:29,0,0,1,0
8ju33w,2018-05-16 11:16:37,27,r/BikiniBottomTwitter,45,2018-05-16 18:15:41,0,0,1,0
8ju33w,2018-05-16 11:16:37,27,r/BikiniBottomTwitter,46,2018-05-16 18:17:18,0,0,1,0
8ju33w,2018-05-16 11:16:37,27,r/BikiniBottomTwitter,47,2018-05-16 14:13:52,0,0,1,0
8ju33w,2018-05-16 11:16:37,27,r/BikiniBottomTwitter,48,2018-05-16 14:57:47,0,0,0,0
8ju33w,2018-05-16 11:16:37,27,r/BikiniBottomTwitter,49,2018-05-16 16:16:31,0,0,0,0
8ju33w,2018-05-16 11:16:37,27,r/BikiniBottomTwitter,50,2018-05-16 16:17:09,0,0,0,0
8ju33w,2018-05-16 11:16:37,27,r/BikiniBottomTwitter,51,2018-05-16 15:01:53,0,0,-1,0
8ju33w,2018-05-16 11:16:37,27,r/BikiniBottomTwitter,52,2018-05-16 17:33:20,0,0,-1,0
8ju33w,2018-05-16 11:16:37,27,r/BikiniBottomTwitter,53,2018-05-16 15:57:02,0,0,-2,0
8ju33w,2018-05-16 11:16:37,27,r/BikiniBottomTwitter,54,2018-05-16 15:06:20,0,1,-6,0
8ju33w,2018-05-16 11:16:37,27,r/BikiniBottomTwitter,54,2018-05-16 17:41:47,1,0,1,0
8ju1wi,2018-05-16 11:09:58,28,r/mildlyinteresting,0,2018-05-16 11:29:17,0,7,3899,0
8ju1wi,2018-05-16 11:09:58,28,r/mildlyinteresting,0,2018-05-16 13:59:00,1,3,1864,0
8ju1wi,2018-05-16 11:09:58,28,r/mildlyinteresting,0,2018-05-16 16:18:22,2,2,246,0
8ju1wi,2018-05-16 11:09:58,28,r/mildlyinteresting,0,2018-05-16 17:01:17,3,1,82,0
8ju1wi,2018-05-16 11:09:58,28,r/mildlyinteresting,0,2018-05-16 17:40:54,4,0,2,0
8ju1wi,2018-05-16 11:09:58,28,r/mildlyinteresting,0,2018-05-16 17:47:43,3,1,9,0
8ju1wi,2018-05-16 11:09:58,28,r/mildlyinteresting,0,2018-05-16 17:58:34,4,0,2,0
8ju1wi,2018-05-16 11:09:58,28,r/mildlyinteresting,0,2018-05-16 16:33:57,2,1,28,0
8ju1wi,2018-05-16 11:09:58,28,r/mildlyinteresting,0,2018-05-16 16:55:23,3,2,3,0
8ju1wi,2018-05-16 11:09:58,28,r/mildlyinteresting,0,2018-05-16 17:01:24,4,0,3,0
8ju1wi,2018-05-16 11:09:58,28,r/mildlyinteresting,0,2018-05-16 13:57:59,1,1,76,0
8ju1wi,2018-05-16 11:09:58,28,r/mildlyinteresting,0,2018-05-16 14:55:11,2,0,4,0
8ju1wi,2018-05-16 11:09:58,28,r/mildlyinteresting,0,2018-05-16 14:18:57,1,1,27,0
8ju1wi,2018-05-16 11:09:58,28,r/mildlyinteresting,0,2018-05-16 17:33:15,2,0,2,0
8ju1wi,2018-05-16 11:09:58,28,r/mildlyinteresting,0,2018-05-16 14:58:19,1,0,7,0
8ju1wi,2018-05-16 11:09:58,28,r/mildlyinteresting,0,2018-05-16 16:34:19,1,3,3,0
8ju1wi,2018-05-16 11:09:58,28,r/mildlyinteresting,0,2018-05-16 16:42:10,2,0,5,0
8ju1wi,2018-05-16 11:09:58,28,r/mildlyinteresting,0,2018-05-16 16:52:33,2,0,2,0
8ju1wi,2018-05-16 11:09:58,28,r/mildlyinteresting,0,2018-05-16 15:03:14,1,0,2,0
8ju1wi,2018-05-16 11:09:58,28,r/mildlyinteresting,1,2018-05-16 11:14:24,0,17,11154,0
8ju1wi,2018-05-16 11:09:58,28,r/mildlyinteresting,1,2018-05-16 12:41:23,1,7,2840,0
8ju1wi,2018-05-16 11:09:58,28,r/mildlyinteresting,1,2018-05-16 14:02:11,2,6,595,0
8ju1wi,2018-05-16 11:09:58,28,r/mildlyinteresting,1,2018-05-16 14:16:21,3,5,287,0
8ju1wi,2018-05-16 11:09:58,28,r/mildlyinteresting,1,2018-05-16 14:26:03,4,3,64,0
8ju1wi,2018-05-16 11:09:58,28,r/mildlyinteresting,1,2018-05-16 14:30:34,5,0,7,0
8ju1wi,2018-05-16 11:09:58,28,r/mildlyinteresting,1,2018-05-16 14:44:39,5,0,6,0
8ju1wi,2018-05-16 11:09:58,28,r/mildlyinteresting,1,2018-05-16 14:34:37,5,1,13,0
8ju1wi,2018-05-16 11:09:58,28,r/mildlyinteresting,1,2018-05-16 15:46:09,6,0,7,0
8ju1wi,2018-05-16 11:09:58,28,r/mildlyinteresting,1,2018-05-16 15:50:04,4,0,15,0
8ju1wi,2018-05-16 11:09:58,28,r/mildlyinteresting,1,2018-05-16 15:11:43,4,1,11,0
8ju1wi,2018-05-16 11:09:58,28,r/mildlyinteresting,1,2018-05-16 15:54:01,5,1,9,0
8ju1wi,2018-05-16 11:09:58,28,r/mildlyinteresting,1,2018-05-16 16:06:51,6,0,5,0
8ju1wi,2018-05-16 11:09:58,28,r/mildlyinteresting,1,2018-05-16 14:51:20,4,0,5,0
8ju1wi,2018-05-16 11:09:58,28,r/mildlyinteresting,1,2018-05-16 15:02:41,4,0,2,0
8ju1wi,2018-05-16 11:09:58,28,r/mildlyinteresting,1,2018-05-16 14:14:38,3,0,3,0
8ju1wi,2018-05-16 11:09:58,28,r/mildlyinteresting,1,2018-05-16 14:28:32,3,0,2,0
8ju1wi,2018-05-16 11:09:58,28,r/mildlyinteresting,1,2018-05-16 15:05:52,3,0,2,0
8ju1wi,2018-05-16 11:09:58,28,r/mildlyinteresting,1,2018-05-16 17:28:13,3,0,2,0
8ju1wi,2018-05-16 11:09:58,28,r/mildlyinteresting,1,2018-05-16 14:37:40,2,5,89,0
8ju1wi,2018-05-16 11:09:58,28,r/mildlyinteresting,1,2018-05-16 15:12:20,3,0,7,0
8ju1wi,2018-05-16 11:09:58,28,r/mildlyinteresting,1,2018-05-16 16:35:37,3,0,3,0
8ju1wi,2018-05-16 11:09:58,28,r/mildlyinteresting,1,2018-05-16 16:07:07,3,0,3,0
8ju1wi,2018-05-16 11:09:58,28,r/mildlyinteresting,1,2018-05-16 16:46:59,3,0,2,0
8ju1wi,2018-05-16 11:09:58,28,r/mildlyinteresting,1,2018-05-16 15:01:54,2,1,22,0
8ju1wi,2018-05-16 11:09:58,28,r/mildlyinteresting,1,2018-05-16 14:12:50,2,1,10,0
8ju1wi,2018-05-16 11:09:58,28,r/mildlyinteresting,1,2018-05-16 15:11:07,2,0,2,0
8ju1wi,2018-05-16 11:09:58,28,r/mildlyinteresting,1,2018-05-16 16:50:23,2,0,2,0
8ju1wi,2018-05-16 11:09:58,28,r/mildlyinteresting,1,2018-05-16 13:23:43,1,2,97,0
8ju1wi,2018-05-16 11:09:58,28,r/mildlyinteresting,1,2018-05-16 17:08:19,2,1,2,0
8ju1wi,2018-05-16 11:09:58,28,r/mildlyinteresting,1,2018-05-16 13:11:46,1,10,197,0
8ju1wi,2018-05-16 11:09:58,28,r/mildlyinteresting,1,2018-05-16 13:32:13,2,3,116,0
8ju1wi,2018-05-16 11:09:58,28,r/mildlyinteresting,1,2018-05-16 14:00:15,3,2,76,0
8ju1wi,2018-05-16 11:09:58,28,r/mildlyinteresting,1,2018-05-16 14:08:33,4,3,31,0
8ju1wi,2018-05-16 11:09:58,28,r/mildlyinteresting,1,2018-05-16 14:13:22,5,1,72,0
8ju1wi,2018-05-16 11:09:58,28,r/mildlyinteresting,1,2018-05-16 14:14:38,6,2,24,0
8ju1wi,2018-05-16 11:09:58,28,r/mildlyinteresting,1,2018-05-16 14:26:21,7,1,9,0
8ju1wi,2018-05-16 11:09:58,28,r/mildlyinteresting,1,2018-05-16 17:08:34,8,1,3,0
8ju1wi,2018-05-16 11:09:58,28,r/mildlyinteresting,1,2018-05-16 17:35:09,9,0,2,0
8ju1wi,2018-05-16 11:09:58,28,r/mildlyinteresting,1,2018-05-16 16:15:19,7,0,2,0
8ju1wi,2018-05-16 11:09:58,28,r/mildlyinteresting,1,2018-05-16 14:13:30,5,3,2,0
8ju1wi,2018-05-16 11:09:58,28,r/mildlyinteresting,1,2018-05-16 15:00:12,6,0,7,0
8ju1wi,2018-05-16 11:09:58,28,r/mildlyinteresting,1,2018-05-16 14:40:16,6,0,3,0
8ju1wi,2018-05-16 11:09:58,28,r/mildlyinteresting,1,2018-05-16 14:38:25,6,0,1,0
8ju1wi,2018-05-16 11:09:58,28,r/mildlyinteresting,1,2018-05-16 15:08:04,5,1,2,0
8ju1wi,2018-05-16 11:09:58,28,r/mildlyinteresting,1,2018-05-16 15:09:40,6,0,2,0
8ju1wi,2018-05-16 11:09:58,28,r/mildlyinteresting,1,2018-05-16 13:48:58,3,2,30,0
8ju1wi,2018-05-16 11:09:58,28,r/mildlyinteresting,1,2018-05-16 15:29:56,4,1,2,0
8ju1wi,2018-05-16 11:09:58,28,r/mildlyinteresting,1,2018-05-16 16:48:32,4,0,2,0
8ju1wi,2018-05-16 11:09:58,28,r/mildlyinteresting,1,2018-05-16 13:48:26,3,1,6,0
8ju1wi,2018-05-16 11:09:58,28,r/mildlyinteresting,1,2018-05-16 13:32:51,2,0,18,0
8ju1wi,2018-05-16 11:09:58,28,r/mildlyinteresting,1,2018-05-16 13:40:17,2,0,13,0
8ju1wi,2018-05-16 11:09:58,28,r/mildlyinteresting,1,2018-05-16 13:46:50,2,1,11,0
8ju1wi,2018-05-16 11:09:58,28,r/mildlyinteresting,1,2018-05-16 13:48:18,2,0,5,0
8ju1wi,2018-05-16 11:09:58,28,r/mildlyinteresting,1,2018-05-16 14:50:11,2,0,2,0
8ju1wi,2018-05-16 11:09:58,28,r/mildlyinteresting,1,2018-05-16 13:54:25,2,0,2,0
8ju1wi,2018-05-16 11:09:58,28,r/mildlyinteresting,1,2018-05-16 13:57:11,2,0,2,0
8ju1wi,2018-05-16 11:09:58,28,r/mildlyinteresting,1,2018-05-16 14:12:26,2,0,1,0
8ju1wi,2018-05-16 11:09:58,28,r/mildlyinteresting,1,2018-05-16 14:01:30,1,1,6,0
8ju1wi,2018-05-16 11:09:58,28,r/mildlyinteresting,1,2018-05-16 14:10:21,2,1,6,0
8ju1wi,2018-05-16 11:09:58,28,r/mildlyinteresting,1,2018-05-16 15:08:23,3,0,6,0
8ju1wi,2018-05-16 11:09:58,28,r/mildlyinteresting,1,2018-05-16 14:02:06,1,1,6,0
8ju1wi,2018-05-16 11:09:58,28,r/mildlyinteresting,1,2018-05-16 13:56:29,1,5,46,0
8ju1wi,2018-05-16 11:09:58,28,r/mildlyinteresting,1,2018-05-16 14:14:52,2,1,17,0
8ju1wi,2018-05-16 11:09:58,28,r/mildlyinteresting,1,2018-05-16 14:25:31,3,5,8,0
8ju1wi,2018-05-16 11:09:58,28,r/mildlyinteresting,1,2018-05-16 17:11:28,4,0,4,0
8ju1wi,2018-05-16 11:09:58,28,r/mildlyinteresting,1,2018-05-16 14:52:25,4,0,3,0
8ju1wi,2018-05-16 11:09:58,28,r/mildlyinteresting,1,2018-05-16 16:08:00,4,0,3,0
8ju1wi,2018-05-16 11:09:58,28,r/mildlyinteresting,1,2018-05-16 14:48:02,4,1,4,0
8ju1wi,2018-05-16 11:09:58,28,r/mildlyinteresting,1,2018-05-16 15:21:34,5,1,6,0
8ju1wi,2018-05-16 11:09:58,28,r/mildlyinteresting,1,2018-05-16 15:26:43,6,0,4,0
8ju1wi,2018-05-16 11:09:58,28,r/mildlyinteresting,1,2018-05-16 14:51:23,4,3,3,0
8ju1wi,2018-05-16 11:09:58,28,r/mildlyinteresting,1,2018-05-16 15:17:53,5,1,14,0
8ju1wi,2018-05-16 11:09:58,28,r/mildlyinteresting,1,2018-05-16 15:38:20,5,1,3,0
8ju1wi,2018-05-16 11:09:58,28,r/mildlyinteresting,1,2018-05-16 15:09:52,5,0,1,0
8ju1wi,2018-05-16 11:09:58,28,r/mildlyinteresting,1,2018-05-16 14:21:26,2,0,22,0
8ju1wi,2018-05-16 11:09:58,28,r/mildlyinteresting,1,2018-05-16 14:41:25,2,0,4,0
8ju1wi,2018-05-16 11:09:58,28,r/mildlyinteresting,1,2018-05-16 17:13:50,2,0,3,0
8ju1wi,2018-05-16 11:09:58,28,r/mildlyinteresting,1,2018-05-16 14:07:12,1,1,5,0
8ju1wi,2018-05-16 11:09:58,28,r/mildlyinteresting,1,2018-05-16 13:50:41,1,0,6,0
8ju1wi,2018-05-16 11:09:58,28,r/mildlyinteresting,1,2018-05-16 14:02:25,1,0,3,0
8ju1wi,2018-05-16 11:09:58,28,r/mildlyinteresting,1,2018-05-16 14:10:39,1,0,1,0
8ju1wi,2018-05-16 11:09:58,28,r/mildlyinteresting,1,2018-05-16 14:19:26,1,0,1,0
8ju1wi,2018-05-16 11:09:58,28,r/mildlyinteresting,1,2018-05-16 14:21:48,1,0,1,0
8ju1wi,2018-05-16 11:09:58,28,r/mildlyinteresting,1,2018-05-16 14:26:59,1,0,1,0
8ju1wi,2018-05-16 11:09:58,28,r/mildlyinteresting,1,2018-05-16 14:27:09,1,0,1,0
8ju1wi,2018-05-16 11:09:58,28,r/mildlyinteresting,1,2018-05-16 14:33:05,1,0,1,0
8ju1wi,2018-05-16 11:09:58,28,r/mildlyinteresting,1,2018-05-16 14:45:13,1,0,1,0
8ju1wi,2018-05-16 11:09:58,28,r/mildlyinteresting,2,2018-05-16 12:12:31,0,9,6233,0
8ju1wi,2018-05-16 11:09:58,28,r/mildlyinteresting,2,2018-05-16 13:26:30,1,13,1945,0
8ju1wi,2018-05-16 11:09:58,28,r/mildlyinteresting,2,2018-05-16 13:33:51,2,7,796,0
8ju1wi,2018-05-16 11:09:58,28,r/mildlyinteresting,2,2018-05-16 13:41:38,3,3,427,0
8ju1wi,2018-05-16 11:09:58,28,r/mildlyinteresting,2,2018-05-16 13:43:29,4,1,107,0
8ju1wi,2018-05-16 11:09:58,28,r/mildlyinteresting,2,2018-05-16 15:39:07,5,0,45,0
8ju1wi,2018-05-16 11:09:58,28,r/mildlyinteresting,2,2018-05-16 13:42:45,4,2,62,0
8ju1wi,2018-05-16 11:09:58,28,r/mildlyinteresting,2,2018-05-16 13:55:30,5,2,90,0
8ju1wi,2018-05-16 11:09:58,28,r/mildlyinteresting,2,2018-05-16 13:57:33,6,1,27,0
8ju1wi,2018-05-16 11:09:58,28,r/mildlyinteresting,2,2018-05-16 14:02:52,6,0,9,0
8ju1wi,2018-05-16 11:09:58,28,r/mildlyinteresting,2,2018-05-16 15:13:29,4,0,5,0
8ju1wi,2018-05-16 11:09:58,28,r/mildlyinteresting,2,2018-05-16 13:42:44,3,3,92,0
8ju1wi,2018-05-16 11:09:58,28,r/mildlyinteresting,2,2018-05-16 13:54:51,4,1,12,0
8ju1wi,2018-05-16 11:09:58,28,r/mildlyinteresting,2,2018-05-16 14:10:48,5,1,10,0
8ju1wi,2018-05-16 11:09:58,28,r/mildlyinteresting,2,2018-05-16 15:42:05,6,1,3,0
8ju1wi,2018-05-16 11:09:58,28,r/mildlyinteresting,2,2018-05-16 17:01:00,7,0,2,0
8ju1wi,2018-05-16 11:09:58,28,r/mildlyinteresting,2,2018-05-16 13:52:15,4,1,13,0
8ju1wi,2018-05-16 11:09:58,28,r/mildlyinteresting,2,2018-05-16 14:41:48,5,1,25,0
8ju1wi,2018-05-16 11:09:58,28,r/mildlyinteresting,2,2018-05-16 16:12:37,6,0,13,0
8ju1wi,2018-05-16 11:09:58,28,r/mildlyinteresting,2,2018-05-16 14:01:50,4,1,2,0
8ju1wi,2018-05-16 11:09:58,28,r/mildlyinteresting,2,2018-05-16 14:02:39,5,0,1,0
8ju1wi,2018-05-16 11:09:58,28,r/mildlyinteresting,2,2018-05-16 14:14:17,3,2,11,0
8ju1wi,2018-05-16 11:09:58,28,r/mildlyinteresting,2,2018-05-16 14:28:20,4,2,9,0
8ju1wi,2018-05-16 11:09:58,28,r/mildlyinteresting,2,2018-05-16 14:32:27,5,0,13,0
8ju1wi,2018-05-16 11:09:58,28,r/mildlyinteresting,2,2018-05-16 15:31:06,5,0,2,0
8ju1wi,2018-05-16 11:09:58,28,r/mildlyinteresting,2,2018-05-16 14:13:53,3,0,5,0
8ju1wi,2018-05-16 11:09:58,28,r/mildlyinteresting,2,2018-05-16 14:10:15,3,0,2,0
8ju1wi,2018-05-16 11:09:58,28,r/mildlyinteresting,2,2018-05-16 14:42:51,3,0,1,0
8ju1wi,2018-05-16 11:09:58,28,r/mildlyinteresting,2,2018-05-16 13:40:52,2,2,14,0
8ju1wi,2018-05-16 11:09:58,28,r/mildlyinteresting,2,2018-05-16 17:16:16,3,0,2,0
8ju1wi,2018-05-16 11:09:58,28,r/mildlyinteresting,2,2018-05-16 13:34:43,2,0,8,0
8ju1wi,2018-05-16 11:09:58,28,r/mildlyinteresting,2,2018-05-16 13:39:42,2,0,7,0
8ju1wi,2018-05-16 11:09:58,28,r/mildlyinteresting,2,2018-05-16 14:22:43,2,0,7,0
8ju1wi,2018-05-16 11:09:58,28,r/mildlyinteresting,2,2018-05-16 13:36:34,2,1,3,0
8ju1wi,2018-05-16 11:09:58,28,r/mildlyinteresting,2,2018-05-16 14:19:44,2,0,1,0
8ju1wi,2018-05-16 11:09:58,28,r/mildlyinteresting,2,2018-05-16 14:21:36,2,0,1,0
8ju1wi,2018-05-16 11:09:58,28,r/mildlyinteresting,2,2018-05-16 14:23:00,2,0,1,0
8ju1wi,2018-05-16 11:09:58,28,r/mildlyinteresting,2,2018-05-16 14:32:04,2,0,1,0
8ju1wi,2018-05-16 11:09:58,28,r/mildlyinteresting,2,2018-05-16 14:44:23,2,0,1,0
8ju1wi,2018-05-16 11:09:58,28,r/mildlyinteresting,2,2018-05-16 14:49:01,2,0,1,0
8ju1wi,2018-05-16 11:09:58,28,r/mildlyinteresting,2,2018-05-16 14:10:29,1,2,81,0
8ju1wi,2018-05-16 11:09:58,28,r/mildlyinteresting,2,2018-05-16 14:17:57,2,2,34,0
8ju1wi,2018-05-16 11:09:58,28,r/mildlyinteresting,2,2018-05-16 15:02:19,3,1,11,0
8ju1wi,2018-05-16 11:09:58,28,r/mildlyinteresting,2,2018-05-16 15:08:07,4,0,2,0
8ju1wi,2018-05-16 11:09:58,28,r/mildlyinteresting,2,2018-05-16 15:32:33,3,0,2,0
8ju1wi,2018-05-16 11:09:58,28,r/mildlyinteresting,2,2018-05-16 15:38:22,2,0,2,0
8ju1wi,2018-05-16 11:09:58,28,r/mildlyinteresting,2,2018-05-16 13:54:16,1,2,23,0
8ju1wi,2018-05-16 11:09:58,28,r/mildlyinteresting,2,2018-05-16 14:14:12,2,0,19,0
8ju1wi,2018-05-16 11:09:58,28,r/mildlyinteresting,2,2018-05-16 13:43:54,1,0,9,0
8ju1wi,2018-05-16 11:09:58,28,r/mildlyinteresting,2,2018-05-16 14:23:42,1,0,2,0
8ju1wi,2018-05-16 11:09:58,28,r/mildlyinteresting,2,2018-05-16 14:41:34,1,0,1,0
8ju1wi,2018-05-16 11:09:58,28,r/mildlyinteresting,2,2018-05-16 14:45:55,1,0,1,0
8ju1wi,2018-05-16 11:09:58,28,r/mildlyinteresting,2,2018-05-16 14:46:44,1,0,1,0
8ju1wi,2018-05-16 11:09:58,28,r/mildlyinteresting,3,2018-05-16 13:21:55,0,9,1618,0
8ju1wi,2018-05-16 11:09:58,28,r/mildlyinteresting,3,2018-05-16 13:27:43,1,5,506,0
8ju1wi,2018-05-16 11:09:58,28,r/mildlyinteresting,3,2018-05-16 14:13:02,2,1,80,0
8ju1wi,2018-05-16 11:09:58,28,r/mildlyinteresting,3,2018-05-16 14:33:01,3,1,39,0
8ju1wi,2018-05-16 11:09:58,28,r/mildlyinteresting,3,2018-05-16 14:56:20,4,0,30,0
8ju1wi,2018-05-16 11:09:58,28,r/mildlyinteresting,3,2018-05-16 14:34:41,2,0,6,0
8ju1wi,2018-05-16 11:09:58,28,r/mildlyinteresting,3,2018-05-16 15:16:19,2,0,2,0
8ju1wi,2018-05-16 11:09:58,28,r/mildlyinteresting,3,2018-05-16 15:44:19,2,0,2,0
8ju1wi,2018-05-16 11:09:58,28,r/mildlyinteresting,3,2018-05-16 13:59:31,1,2,116,0
8ju1wi,2018-05-16 11:09:58,28,r/mildlyinteresting,3,2018-05-16 14:25:17,2,4,43,0
8ju1wi,2018-05-16 11:09:58,28,r/mildlyinteresting,3,2018-05-16 15:11:20,3,1,22,0
8ju1wi,2018-05-16 11:09:58,28,r/mildlyinteresting,3,2018-05-16 16:37:46,4,0,3,0
8ju1wi,2018-05-16 11:09:58,28,r/mildlyinteresting,3,2018-05-16 15:11:22,3,0,8,0
8ju1wi,2018-05-16 11:09:58,28,r/mildlyinteresting,3,2018-05-16 16:58:43,3,0,3,0
8ju1wi,2018-05-16 11:09:58,28,r/mildlyinteresting,3,2018-05-16 15:30:46,2,0,3,0
8ju1wi,2018-05-16 11:09:58,28,r/mildlyinteresting,3,2018-05-16 14:01:15,1,0,28,0
8ju1wi,2018-05-16 11:09:58,28,r/mildlyinteresting,3,2018-05-16 14:43:02,1,1,40,0
8ju1wi,2018-05-16 11:09:58,28,r/mildlyinteresting,3,2018-05-16 14:09:44,1,0,12,0
8ju1wi,2018-05-16 11:09:58,28,r/mildlyinteresting,3,2018-05-16 15:37:46,1,0,5,0
8ju1wi,2018-05-16 11:09:58,28,r/mildlyinteresting,3,2018-05-16 15:00:19,1,0,3,0
8ju1wi,2018-05-16 11:09:58,28,r/mildlyinteresting,3,2018-05-16 16:04:12,1,0,2,0
8ju1wi,2018-05-16 11:09:58,28,r/mildlyinteresting,4,2018-05-16 11:47:09,0,5,581,0
8ju1wi,2018-05-16 11:09:58,28,r/mildlyinteresting,4,2018-05-16 13:30:31,1,1,201,0
8ju1wi,2018-05-16 11:09:58,28,r/mildlyinteresting,4,2018-05-16 14:44:26,1,4,29,0
8ju1wi,2018-05-16 11:09:58,28,r/mildlyinteresting,4,2018-05-16 16:16:23,2,1,23,0
8ju1wi,2018-05-16 11:09:58,28,r/mildlyinteresting,4,2018-05-16 16:28:13,2,0,3,0
8ju1wi,2018-05-16 11:09:58,28,r/mildlyinteresting,4,2018-05-16 16:44:53,2,0,2,0
8ju1wi,2018-05-16 11:09:58,28,r/mildlyinteresting,4,2018-05-16 12:52:58,1,0,36,0
8ju1wi,2018-05-16 11:09:58,28,r/mildlyinteresting,4,2018-05-16 15:06:10,1,0,2,0
8ju1wi,2018-05-16 11:09:58,28,r/mildlyinteresting,5,2018-05-16 13:17:40,0,22,3817,0
8ju1wi,2018-05-16 11:09:58,28,r/mildlyinteresting,5,2018-05-16 13:37:18,1,21,1566,0
8ju1wi,2018-05-16 11:09:58,28,r/mildlyinteresting,5,2018-05-16 13:44:14,2,2,272,0
8ju1wi,2018-05-16 11:09:58,28,r/mildlyinteresting,5,2018-05-16 15:44:52,3,0,3,0
8ju1wi,2018-05-16 11:09:58,28,r/mildlyinteresting,5,2018-05-16 17:01:42,3,0,2,0
8ju1wi,2018-05-16 11:09:58,28,r/mildlyinteresting,5,2018-05-16 13:39:22,2,2,560,0
8ju1wi,2018-05-16 11:09:58,28,r/mildlyinteresting,5,2018-05-16 14:00:17,3,3,150,0
8ju1wi,2018-05-16 11:09:58,28,r/mildlyinteresting,5,2018-05-16 14:03:38,4,1,40,0
8ju1wi,2018-05-16 11:09:58,28,r/mildlyinteresting,5,2018-05-16 15:03:51,4,1,17,0
8ju1wi,2018-05-16 11:09:58,28,r/mildlyinteresting,5,2018-05-16 14:11:55,3,4,75,0
8ju1wi,2018-05-16 11:09:58,28,r/mildlyinteresting,5,2018-05-16 14:51:51,4,1,23,0
8ju1wi,2018-05-16 11:09:58,28,r/mildlyinteresting,5,2018-05-16 15:40:03,5,0,2,0
8ju1wi,2018-05-16 11:09:58,28,r/mildlyinteresting,5,2018-05-16 15:06:15,4,0,9,0
8ju1wi,2018-05-16 11:09:58,28,r/mildlyinteresting,5,2018-05-16 15:11:41,4,0,2,0
8ju1wi,2018-05-16 11:09:58,28,r/mildlyinteresting,5,2018-05-16 13:52:28,2,2,89,0
8ju1wi,2018-05-16 11:09:58,28,r/mildlyinteresting,5,2018-05-16 15:12:54,3,1,14,0
8ju1wi,2018-05-16 11:09:58,28,r/mildlyinteresting,5,2018-05-16 17:12:40,4,0,4,0
8ju1wi,2018-05-16 11:09:58,28,r/mildlyinteresting,5,2018-05-16 13:40:36,2,1,61,0
8ju1wi,2018-05-16 11:09:58,28,r/mildlyinteresting,5,2018-05-16 14:09:16,3,1,29,0
8ju1wi,2018-05-16 11:09:58,28,r/mildlyinteresting,5,2018-05-16 15:44:01,4,1,8,0
8ju1wi,2018-05-16 11:09:58,28,r/mildlyinteresting,5,2018-05-16 13:48:50,2,1,55,0
8ju1wi,2018-05-16 11:09:58,28,r/mildlyinteresting,5,2018-05-16 14:42:01,3,1,5,0
8ju1wi,2018-05-16 11:09:58,28,r/mildlyinteresting,5,2018-05-16 18:25:08,4,0,2,0
8ju1wi,2018-05-16 11:09:58,28,r/mildlyinteresting,5,2018-05-16 13:41:24,2,0,130,0
8ju1wi,2018-05-16 11:09:58,28,r/mildlyinteresting,5,2018-05-16 13:53:19,2,5,30,0
8ju1wi,2018-05-16 11:09:58,28,r/mildlyinteresting,5,2018-05-16 14:23:47,3,2,26,0
8ju1wi,2018-05-16 11:09:58,28,r/mildlyinteresting,5,2018-05-16 14:38:47,4,0,46,0
8ju1wi,2018-05-16 11:09:58,28,r/mildlyinteresting,5,2018-05-16 14:15:10,3,1,16,0
8ju1wi,2018-05-16 11:09:58,28,r/mildlyinteresting,5,2018-05-16 14:53:13,4,1,7,0
8ju1wi,2018-05-16 11:09:58,28,r/mildlyinteresting,5,2018-05-16 15:49:36,5,0,2,0
8ju1wi,2018-05-16 11:09:58,28,r/mildlyinteresting,5,2018-05-16 14:26:34,3,0,15,0
8ju1wi,2018-05-16 11:09:58,28,r/mildlyinteresting,5,2018-05-16 15:19:05,3,1,4,0
8ju1wi,2018-05-16 11:09:58,28,r/mildlyinteresting,5,2018-05-16 15:30:36,3,1,2,0
8ju1wi,2018-05-16 11:09:58,28,r/mildlyinteresting,5,2018-05-16 13:51:55,2,0,18,0
8ju1wi,2018-05-16 11:09:58,28,r/mildlyinteresting,5,2018-05-16 13:49:51,2,0,34,0
8ju1wi,2018-05-16 11:09:58,28,r/mildlyinteresting,5,2018-05-16 13:44:09,2,2,28,0
8ju1wi,2018-05-16 11:09:58,28,r/mildlyinteresting,5,2018-05-16 14:02:08,3,0,21,0
8ju1wi,2018-05-16 11:09:58,28,r/mildlyinteresting,5,2018-05-16 14:50:52,3,0,6,0
8ju1wi,2018-05-16 11:09:58,28,r/mildlyinteresting,5,2018-05-16 13:55:16,2,1,17,0
8ju1wi,2018-05-16 11:09:58,28,r/mildlyinteresting,5,2018-05-16 16:38:23,3,1,2,0
8ju1wi,2018-05-16 11:09:58,28,r/mildlyinteresting,5,2018-05-16 14:00:43,2,3,7,0
8ju1wi,2018-05-16 11:09:58,28,r/mildlyinteresting,5,2018-05-16 14:03:49,3,0,5,0
8ju1wi,2018-05-16 11:09:58,28,r/mildlyinteresting,5,2018-05-16 14:15:55,3,0,2,0
8ju1wi,2018-05-16 11:09:58,28,r/mildlyinteresting,5,2018-05-16 15:59:55,3,0,2,0
8ju1wi,2018-05-16 11:09:58,28,r/mildlyinteresting,5,2018-05-16 14:06:22,2,0,2,0
8ju1wi,2018-05-16 11:09:58,28,r/mildlyinteresting,5,2018-05-16 13:55:51,2,1,5,0
8ju1wi,2018-05-16 11:09:58,28,r/mildlyinteresting,5,2018-05-16 14:28:01,3,0,3,0
8ju1wi,2018-05-16 11:09:58,28,r/mildlyinteresting,5,2018-05-16 15:20:14,2,0,2,0
8ju1wi,2018-05-16 11:09:58,28,r/mildlyinteresting,5,2018-05-16 13:54:45,2,0,1,0
8ju1wi,2018-05-16 11:09:58,28,r/mildlyinteresting,5,2018-05-16 13:57:28,2,0,1,0
8ju1wi,2018-05-16 11:09:58,28,r/mildlyinteresting,5,2018-05-16 14:14:41,2,0,1,0
8ju1wi,2018-05-16 11:09:58,28,r/mildlyinteresting,5,2018-05-16 14:19:41,2,0,1,0
8ju1wi,2018-05-16 11:09:58,28,r/mildlyinteresting,5,2018-05-16 14:30:01,2,0,1,0
8ju1wi,2018-05-16 11:09:58,28,r/mildlyinteresting,5,2018-05-16 13:33:24,1,0,27,0
8ju1wi,2018-05-16 11:09:58,28,r/mildlyinteresting,5,2018-05-16 13:53:25,1,5,48,0
8ju1wi,2018-05-16 11:09:58,28,r/mildlyinteresting,5,2018-05-16 14:44:25,2,0,19,0
8ju1wi,2018-05-16 11:09:58,28,r/mildlyinteresting,5,2018-05-16 14:54:04,2,0,5,0
8ju1wi,2018-05-16 11:09:58,28,r/mildlyinteresting,5,2018-05-16 15:27:26,2,0,2,0
8ju1wi,2018-05-16 11:09:58,28,r/mildlyinteresting,5,2018-05-16 15:28:28,2,1,2,0
8ju1wi,2018-05-16 11:09:58,28,r/mildlyinteresting,5,2018-05-16 16:13:52,2,1,2,0
8ju1wi,2018-05-16 11:09:58,28,r/mildlyinteresting,5,2018-05-16 13:55:12,1,0,11,0
8ju1wi,2018-05-16 11:09:58,28,r/mildlyinteresting,5,2018-05-16 13:54:39,1,5,30,0
8ju1wi,2018-05-16 11:09:58,28,r/mildlyinteresting,5,2018-05-16 14:02:58,2,0,11,0
8ju1wi,2018-05-16 11:09:58,28,r/mildlyinteresting,5,2018-05-16 15:10:16,2,1,10,0
8ju1wi,2018-05-16 11:09:58,28,r/mildlyinteresting,5,2018-05-16 17:27:53,3,0,2,0
8ju1wi,2018-05-16 11:09:58,28,r/mildlyinteresting,5,2018-05-16 15:03:44,2,2,6,0
8ju1wi,2018-05-16 11:09:58,28,r/mildlyinteresting,5,2018-05-16 16:10:46,3,0,2,0
8ju1wi,2018-05-16 11:09:58,28,r/mildlyinteresting,5,2018-05-16 15:06:10,2,0,5,0
8ju1wi,2018-05-16 11:09:58,28,r/mildlyinteresting,5,2018-05-16 13:50:45,1,0,20,0
8ju1wi,2018-05-16 11:09:58,28,r/mildlyinteresting,5,2018-05-16 13:53:15,1,1,6,0
8ju1wi,2018-05-16 11:09:58,28,r/mildlyinteresting,5,2018-05-16 16:49:06,2,0,2,0
8ju1wi,2018-05-16 11:09:58,28,r/mildlyinteresting,5,2018-05-16 14:02:27,1,1,4,0
8ju1wi,2018-05-16 11:09:58,28,r/mildlyinteresting,5,2018-05-16 14:24:45,2,1,2,0
8ju1wi,2018-05-16 11:09:58,28,r/mildlyinteresting,5,2018-05-16 13:44:22,1,0,3,0
8ju1wi,2018-05-16 11:09:58,28,r/mildlyinteresting,5,2018-05-16 14:06:32,1,0,3,0
8ju1wi,2018-05-16 11:09:58,28,r/mildlyinteresting,5,2018-05-16 14:55:36,1,0,2,0
8ju1wi,2018-05-16 11:09:58,28,r/mildlyinteresting,5,2018-05-16 13:42:19,1,0,1,0
8ju1wi,2018-05-16 11:09:58,28,r/mildlyinteresting,5,2018-05-16 13:44:16,1,0,1,0
8ju1wi,2018-05-16 11:09:58,28,r/mildlyinteresting,5,2018-05-16 13:46:35,1,0,1,0
8ju1wi,2018-05-16 11:09:58,28,r/mildlyinteresting,5,2018-05-16 14:03:19,1,1,1,0
8ju1wi,2018-05-16 11:09:58,28,r/mildlyinteresting,5,2018-05-16 14:16:57,2,0,1,0
8ju1wi,2018-05-16 11:09:58,28,r/mildlyinteresting,5,2018-05-16 14:06:01,1,1,1,0
8ju1wi,2018-05-16 11:09:58,28,r/mildlyinteresting,5,2018-05-16 15:33:17,2,1,2,0
8ju1wi,2018-05-16 11:09:58,28,r/mildlyinteresting,5,2018-05-16 14:07:12,1,0,1,0
8ju1wi,2018-05-16 11:09:58,28,r/mildlyinteresting,5,2018-05-16 14:14:04,1,0,1,0
8ju1wi,2018-05-16 11:09:58,28,r/mildlyinteresting,5,2018-05-16 14:14:17,1,1,1,0
8ju1wi,2018-05-16 11:09:58,28,r/mildlyinteresting,5,2018-05-16 14:22:54,2,0,1,0
8ju1wi,2018-05-16 11:09:58,28,r/mildlyinteresting,5,2018-05-16 14:21:19,1,0,1,0
8ju1wi,2018-05-16 11:09:58,28,r/mildlyinteresting,5,2018-05-16 14:42:26,1,0,1,0
8ju1wi,2018-05-16 11:09:58,28,r/mildlyinteresting,6,2018-05-16 12:39:32,0,7,415,0
8ju1wi,2018-05-16 11:09:58,28,r/mildlyinteresting,6,2018-05-16 13:27:11,1,2,152,0
8ju1wi,2018-05-16 11:09:58,28,r/mildlyinteresting,6,2018-05-16 13:27:58,2,1,76,0
8ju1wi,2018-05-16 11:09:58,28,r/mildlyinteresting,6,2018-05-16 13:40:24,3,2,74,0
8ju1wi,2018-05-16 11:09:58,28,r/mildlyinteresting,6,2018-05-16 13:44:31,4,2,64,0
8ju1wi,2018-05-16 11:09:58,28,r/mildlyinteresting,6,2018-05-16 13:47:25,5,1,64,0
8ju1wi,2018-05-16 11:09:58,28,r/mildlyinteresting,6,2018-05-16 13:49:06,6,3,76,0
8ju1wi,2018-05-16 11:09:58,28,r/mildlyinteresting,6,2018-05-16 13:49:29,7,2,61,0
8ju1wi,2018-05-16 11:09:58,28,r/mildlyinteresting,6,2018-05-16 14:09:36,8,2,38,0
8ju1wi,2018-05-16 11:09:58,28,r/mildlyinteresting,6,2018-05-16 15:22:52,9,0,18,0
8ju1wi,2018-05-16 11:09:58,28,r/mildlyinteresting,6,2018-05-16 14:32:26,8,1,11,0
8ju1wi,2018-05-16 11:09:58,28,r/mildlyinteresting,6,2018-05-16 14:32:37,9,0,2,0
8ju1wi,2018-05-16 11:09:58,28,r/mildlyinteresting,6,2018-05-16 13:49:53,7,1,8,0
8ju1wi,2018-05-16 11:09:58,28,r/mildlyinteresting,6,2018-05-16 13:50:18,8,2,6,0
8ju1wi,2018-05-16 11:09:58,28,r/mildlyinteresting,6,2018-05-16 13:53:35,9,1,6,0
8ju1wi,2018-05-16 11:09:58,28,r/mildlyinteresting,6,2018-05-16 13:30:03,1,2,17,0
8ju1wi,2018-05-16 11:09:58,28,r/mildlyinteresting,6,2018-05-16 13:31:52,2,0,7,0
8ju1wi,2018-05-16 11:09:58,28,r/mildlyinteresting,6,2018-05-16 14:55:52,2,1,2,0
8ju1wi,2018-05-16 11:09:58,28,r/mildlyinteresting,6,2018-05-16 13:45:09,1,5,25,0
8ju1wi,2018-05-16 11:09:58,28,r/mildlyinteresting,6,2018-05-16 14:16:48,2,2,10,0
8ju1wi,2018-05-16 11:09:58,28,r/mildlyinteresting,6,2018-05-16 15:49:43,3,1,3,0
8ju1wi,2018-05-16 11:09:58,28,r/mildlyinteresting,6,2018-05-16 17:09:41,4,1,2,0
8ju1wi,2018-05-16 11:09:58,28,r/mildlyinteresting,6,2018-05-16 14:18:04,2,0,6,0
8ju1wi,2018-05-16 11:09:58,28,r/mildlyinteresting,6,2018-05-16 13:59:45,2,0,2,0
8ju1wi,2018-05-16 11:09:58,28,r/mildlyinteresting,6,2018-05-16 14:49:45,2,0,3,0
8ju1wi,2018-05-16 11:09:58,28,r/mildlyinteresting,6,2018-05-16 14:57:51,2,1,2,0
8ju1wi,2018-05-16 11:09:58,28,r/mildlyinteresting,6,2018-05-16 15:20:40,3,0,2,0
8ju1wi,2018-05-16 11:09:58,28,r/mildlyinteresting,6,2018-05-16 14:57:33,1,0,6,0
8ju1wi,2018-05-16 11:09:58,28,r/mildlyinteresting,6,2018-05-16 15:05:30,1,0,2,0
8ju1wi,2018-05-16 11:09:58,28,r/mildlyinteresting,6,2018-05-16 15:33:16,1,0,2,0
8ju1wi,2018-05-16 11:09:58,28,r/mildlyinteresting,6,2018-05-16 16:09:17,1,0,2,0
8ju1wi,2018-05-16 11:09:58,28,r/mildlyinteresting,7,2018-05-16 12:06:38,0,0,70,0
8ju1wi,2018-05-16 11:09:58,28,r/mildlyinteresting,8,2018-05-16 13:36:18,0,0,53,0
8ju1wi,2018-05-16 11:09:58,28,r/mildlyinteresting,9,2018-05-16 12:55:32,0,2,28,0
8ju1wi,2018-05-16 11:09:58,28,r/mildlyinteresting,9,2018-05-16 13:38:45,1,0,5,0
8ju1wi,2018-05-16 11:09:58,28,r/mildlyinteresting,9,2018-05-16 14:21:26,1,0,2,0
8ju1wi,2018-05-16 11:09:58,28,r/mildlyinteresting,10,2018-05-16 13:59:24,0,4,80,0
8ju1wi,2018-05-16 11:09:58,28,r/mildlyinteresting,10,2018-05-16 14:14:29,1,0,55,0
8ju1wi,2018-05-16 11:09:58,28,r/mildlyinteresting,10,2018-05-16 14:18:19,1,1,25,0
8ju1wi,2018-05-16 11:09:58,28,r/mildlyinteresting,10,2018-05-16 14:49:31,2,0,2,0
8ju1wi,2018-05-16 11:09:58,28,r/mildlyinteresting,10,2018-05-16 15:14:08,1,0,8,0
8ju1wi,2018-05-16 11:09:58,28,r/mildlyinteresting,11,2018-05-16 11:43:38,0,2,44,0
8ju1wi,2018-05-16 11:09:58,28,r/mildlyinteresting,11,2018-05-16 11:51:52,1,0,7,0
8ju1wi,2018-05-16 11:09:58,28,r/mildlyinteresting,12,2018-05-16 13:26:17,0,0,15,0
8ju1wi,2018-05-16 11:09:58,28,r/mildlyinteresting,13,2018-05-16 13:30:05,0,1,14,0
8ju1wi,2018-05-16 11:09:58,28,r/mildlyinteresting,13,2018-05-16 14:18:53,1,0,3,0
8ju1wi,2018-05-16 11:09:58,28,r/mildlyinteresting,14,2018-05-16 13:09:44,0,1,12,0
8ju1wi,2018-05-16 11:09:58,28,r/mildlyinteresting,14,2018-05-16 14:07:34,1,0,6,0
8ju1wi,2018-05-16 11:09:58,28,r/mildlyinteresting,15,2018-05-16 13:45:59,0,0,8,0
8ju1wi,2018-05-16 11:09:58,28,r/mildlyinteresting,16,2018-05-16 13:12:04,0,0,12,0
8ju1wi,2018-05-16 11:09:58,28,r/mildlyinteresting,17,2018-05-16 14:07:11,0,0,6,0
8ju1wi,2018-05-16 11:09:58,28,r/mildlyinteresting,18,2018-05-16 12:49:14,0,3,46,0
8ju1wi,2018-05-16 11:09:58,28,r/mildlyinteresting,18,2018-05-16 13:17:52,1,2,50,0
8ju1wi,2018-05-16 11:09:58,28,r/mildlyinteresting,18,2018-05-16 14:18:32,2,1,29,0
8ju1wi,2018-05-16 11:09:58,28,r/mildlyinteresting,18,2018-05-16 15:17:41,3,0,4,0
8ju1wi,2018-05-16 11:09:58,28,r/mildlyinteresting,18,2018-05-16 14:25:28,1,0,1,0
8ju1wi,2018-05-16 11:09:58,28,r/mildlyinteresting,19,2018-05-16 14:04:13,0,2,5,0
8ju1wi,2018-05-16 11:09:58,28,r/mildlyinteresting,19,2018-05-16 14:58:05,1,1,5,0
8ju1wi,2018-05-16 11:09:58,28,r/mildlyinteresting,20,2018-05-16 14:21:40,0,1,5,0
8ju1wi,2018-05-16 11:09:58,28,r/mildlyinteresting,20,2018-05-16 14:42:19,1,0,1,0
8ju1wi,2018-05-16 11:09:58,28,r/mildlyinteresting,21,2018-05-16 14:29:33,0,1,4,0
8ju1wi,2018-05-16 11:09:58,28,r/mildlyinteresting,22,2018-05-16 13:35:20,0,0,4,0
8ju1wi,2018-05-16 11:09:58,28,r/mildlyinteresting,23,2018-05-16 13:43:30,0,0,3,0
8ju1wi,2018-05-16 11:09:58,28,r/mildlyinteresting,24,2018-05-16 14:32:21,0,1,4,0
8ju1wi,2018-05-16 11:09:58,28,r/mildlyinteresting,24,2018-05-16 14:34:29,1,1,2,0
8ju1wi,2018-05-16 11:09:58,28,r/mildlyinteresting,25,2018-05-16 14:41:07,0,0,5,0
8ju1wi,2018-05-16 11:09:58,28,r/mildlyinteresting,26,2018-05-16 14:41:32,0,0,4,0
8ju1wi,2018-05-16 11:09:58,28,r/mildlyinteresting,27,2018-05-16 14:49:08,0,0,4,0
8ju1wi,2018-05-16 11:09:58,28,r/mildlyinteresting,28,2018-05-16 13:37:37,0,1,3,0
8ju1wi,2018-05-16 11:09:58,28,r/mildlyinteresting,28,2018-05-16 13:37:41,1,0,2,0
8ju1wi,2018-05-16 11:09:58,28,r/mildlyinteresting,29,2018-05-16 13:43:51,0,1,3,0
8ju1wi,2018-05-16 11:09:58,28,r/mildlyinteresting,30,2018-05-16 13:45:53,0,0,3,0
8ju1wi,2018-05-16 11:09:58,28,r/mildlyinteresting,31,2018-05-16 13:50:14,0,1,3,0
8ju1wi,2018-05-16 11:09:58,28,r/mildlyinteresting,31,2018-05-16 13:54:37,1,1,2,0
8ju1wi,2018-05-16 11:09:58,28,r/mildlyinteresting,31,2018-05-16 14:00:55,2,0,3,0
8ju1wi,2018-05-16 11:09:58,28,r/mildlyinteresting,32,2018-05-16 14:29:40,0,0,3,0
8ju1wi,2018-05-16 11:09:58,28,r/mildlyinteresting,33,2018-05-16 14:44:57,0,0,3,0
8ju1wi,2018-05-16 11:09:58,28,r/mildlyinteresting,34,2018-05-16 14:46:58,0,0,3,0
8ju1wi,2018-05-16 11:09:58,28,r/mildlyinteresting,35,2018-05-16 15:00:21,0,0,3,0
8ju1wi,2018-05-16 11:09:58,28,r/mildlyinteresting,36,2018-05-16 17:34:19,0,0,3,0
8ju1wi,2018-05-16 11:09:58,28,r/mildlyinteresting,37,2018-05-16 13:38:38,0,0,4,0
8ju1wi,2018-05-16 11:09:58,28,r/mildlyinteresting,38,2018-05-16 13:53:45,0,0,2,0
8ju1wi,2018-05-16 11:09:58,28,r/mildlyinteresting,39,2018-05-16 13:59:26,0,1,2,0
8ju1wi,2018-05-16 11:09:58,28,r/mildlyinteresting,39,2018-05-16 14:00:15,1,0,1,0
8ju1wi,2018-05-16 11:09:58,28,r/mildlyinteresting,40,2018-05-16 14:02:50,0,1,2,0
8ju1wi,2018-05-16 11:09:58,28,r/mildlyinteresting,41,2018-05-16 14:04:58,0,2,2,0
8ju1wi,2018-05-16 11:09:58,28,r/mildlyinteresting,41,2018-05-16 14:09:19,1,1,2,0
8ju1wi,2018-05-16 11:09:58,28,r/mildlyinteresting,41,2018-05-16 14:15:50,2,0,1,0
8ju1wi,2018-05-16 11:09:58,28,r/mildlyinteresting,41,2018-05-16 14:14:53,1,0,1,0
8ju1wi,2018-05-16 11:09:58,28,r/mildlyinteresting,42,2018-05-16 14:05:14,0,0,2,0
8ju1wi,2018-05-16 11:09:58,28,r/mildlyinteresting,43,2018-05-16 14:21:44,0,0,2,0
8ju1wi,2018-05-16 11:09:58,28,r/mildlyinteresting,44,2018-05-16 14:30:48,0,0,2,0
8ju1wi,2018-05-16 11:09:58,28,r/mildlyinteresting,45,2018-05-16 14:35:53,0,0,2,0
8ju1wi,2018-05-16 11:09:58,28,r/mildlyinteresting,46,2018-05-16 14:40:37,0,0,2,0
8ju1wi,2018-05-16 11:09:58,28,r/mildlyinteresting,47,2018-05-16 15:04:01,0,0,2,0
8ju1wi,2018-05-16 11:09:58,28,r/mildlyinteresting,48,2018-05-16 16:27:56,0,0,2,0
8ju1wi,2018-05-16 11:09:58,28,r/mildlyinteresting,49,2018-05-16 16:33:58,0,0,2,0
8ju1wi,2018-05-16 11:09:58,28,r/mildlyinteresting,50,2018-05-16 17:01:55,0,0,2,0
8ju1wi,2018-05-16 11:09:58,28,r/mildlyinteresting,51,2018-05-16 17:45:46,0,0,2,0
8ju1wi,2018-05-16 11:09:58,28,r/mildlyinteresting,52,2018-05-16 13:20:29,0,0,3,0
8ju1wi,2018-05-16 11:09:58,28,r/mildlyinteresting,53,2018-05-16 11:47:48,0,0,2,0
8ju1wi,2018-05-16 11:09:58,28,r/mildlyinteresting,54,2018-05-16 15:30:46,0,0,2,0
8ju1wi,2018-05-16 11:09:58,28,r/mildlyinteresting,55,2018-05-16 13:38:55,0,0,3,0
8ju1wi,2018-05-16 11:09:58,28,r/mildlyinteresting,56,2018-05-16 13:19:11,0,0,1,0
8ju1wi,2018-05-16 11:09:58,28,r/mildlyinteresting,57,2018-05-16 13:19:58,0,0,1,0
8ju1wi,2018-05-16 11:09:58,28,r/mildlyinteresting,58,2018-05-16 13:20:47,0,0,1,0
8ju1wi,2018-05-16 11:09:58,28,r/mildlyinteresting,59,2018-05-16 13:23:03,0,0,1,0
8ju1wi,2018-05-16 11:09:58,28,r/mildlyinteresting,60,2018-05-16 13:31:14,0,0,1,0
8ju1wi,2018-05-16 11:09:58,28,r/mildlyinteresting,61,2018-05-16 13:32:37,0,0,1,0
8ju1wi,2018-05-16 11:09:58,28,r/mildlyinteresting,62,2018-05-16 13:32:49,0,0,1,0
8ju1wi,2018-05-16 11:09:58,28,r/mildlyinteresting,63,2018-05-16 13:35:11,0,0,1,0
8ju1wi,2018-05-16 11:09:58,28,r/mildlyinteresting,64,2018-05-16 13:35:47,0,0,1,0
8ju1wi,2018-05-16 11:09:58,28,r/mildlyinteresting,65,2018-05-16 13:36:55,0,0,1,0
8ju1wi,2018-05-16 11:09:58,28,r/mildlyinteresting,66,2018-05-16 13:40:48,0,0,1,0
8ju1wi,2018-05-16 11:09:58,28,r/mildlyinteresting,67,2018-05-16 13:41:21,0,0,1,0
8ju1wi,2018-05-16 11:09:58,28,r/mildlyinteresting,68,2018-05-16 13:44:12,0,0,1,0
8ju1wi,2018-05-16 11:09:58,28,r/mildlyinteresting,69,2018-05-16 13:45:24,0,0,1,0
8ju1wi,2018-05-16 11:09:58,28,r/mildlyinteresting,70,2018-05-16 13:45:48,0,0,1,0
8ju1wi,2018-05-16 11:09:58,28,r/mildlyinteresting,71,2018-05-16 13:46:24,0,0,1,0
8ju1wi,2018-05-16 11:09:58,28,r/mildlyinteresting,72,2018-05-16 13:48:18,0,0,1,0
8ju1wi,2018-05-16 11:09:58,28,r/mildlyinteresting,73,2018-05-16 13:49:57,0,0,1,0
8ju1wi,2018-05-16 11:09:58,28,r/mildlyinteresting,74,2018-05-16 13:50:28,0,0,1,0
8ju1wi,2018-05-16 11:09:58,28,r/mildlyinteresting,75,2018-05-16 13:52:37,0,0,1,0
8ju1wi,2018-05-16 11:09:58,28,r/mildlyinteresting,76,2018-05-16 13:52:40,0,0,1,0
8ju1wi,2018-05-16 11:09:58,28,r/mildlyinteresting,77,2018-05-16 13:52:44,0,0,1,0
8ju1wi,2018-05-16 11:09:58,28,r/mildlyinteresting,78,2018-05-16 13:54:24,0,0,1,0
8ju1wi,2018-05-16 11:09:58,28,r/mildlyinteresting,79,2018-05-16 13:55:46,0,0,1,0
8ju1wi,2018-05-16 11:09:58,28,r/mildlyinteresting,80,2018-05-16 13:56:28,0,0,1,0
8ju1wi,2018-05-16 11:09:58,28,r/mildlyinteresting,81,2018-05-16 13:56:36,0,0,1,0
8ju1wi,2018-05-16 11:09:58,28,r/mildlyinteresting,82,2018-05-16 13:57:59,0,0,1,0
8ju1wi,2018-05-16 11:09:58,28,r/mildlyinteresting,83,2018-05-16 13:58:31,0,0,1,0
8ju1wi,2018-05-16 11:09:58,28,r/mildlyinteresting,84,2018-05-16 14:00:13,0,0,1,0
8ju1wi,2018-05-16 11:09:58,28,r/mildlyinteresting,85,2018-05-16 14:01:12,0,0,1,0
8ju1wi,2018-05-16 11:09:58,28,r/mildlyinteresting,86,2018-05-16 14:01:44,0,0,1,0
8ju1wi,2018-05-16 11:09:58,28,r/mildlyinteresting,87,2018-05-16 14:02:28,0,0,1,0
8ju1wi,2018-05-16 11:09:58,28,r/mildlyinteresting,88,2018-05-16 14:02:45,0,0,1,0
8ju1wi,2018-05-16 11:09:58,28,r/mildlyinteresting,89,2018-05-16 14:03:50,0,1,1,0
8ju1wi,2018-05-16 11:09:58,28,r/mildlyinteresting,89,2018-05-16 14:14:46,1,1,1,0
8ju1wi,2018-05-16 11:09:58,28,r/mildlyinteresting,90,2018-05-16 14:10:42,0,0,1,0
8ju1wi,2018-05-16 11:09:58,28,r/mildlyinteresting,91,2018-05-16 14:11:02,0,0,1,0
8ju1wi,2018-05-16 11:09:58,28,r/mildlyinteresting,92,2018-05-16 14:11:38,0,0,1,0
8ju1wi,2018-05-16 11:09:58,28,r/mildlyinteresting,93,2018-05-16 14:13:29,0,0,1,0
8ju1wi,2018-05-16 11:09:58,28,r/mildlyinteresting,94,2018-05-16 14:13:32,0,0,1,0
8ju1wi,2018-05-16 11:09:58,28,r/mildlyinteresting,95,2018-05-16 14:13:34,0,0,1,0
8ju1wi,2018-05-16 11:09:58,28,r/mildlyinteresting,96,2018-05-16 14:13:50,0,0,1,0
8ju1wi,2018-05-16 11:09:58,28,r/mildlyinteresting,97,2018-05-16 14:14:05,0,0,1,0
8ju1wi,2018-05-16 11:09:58,28,r/mildlyinteresting,98,2018-05-16 14:14:35,0,0,1,0
8ju1wi,2018-05-16 11:09:58,28,r/mildlyinteresting,99,2018-05-16 14:15:15,0,1,1,0
8ju1wi,2018-05-16 11:09:58,28,r/mildlyinteresting,99,2018-05-16 14:16:26,1,2,1,0
8ju1wi,2018-05-16 11:09:58,28,r/mildlyinteresting,99,2018-05-16 14:17:30,2,0,1,0
8ju1wi,2018-05-16 11:09:58,28,r/mildlyinteresting,99,2018-05-16 14:18:22,2,0,1,0
8ju1wi,2018-05-16 11:09:58,28,r/mildlyinteresting,100,2018-05-16 14:17:29,0,0,1,0
8ju1wi,2018-05-16 11:09:58,28,r/mildlyinteresting,101,2018-05-16 14:18:10,0,0,1,0
8ju1wi,2018-05-16 11:09:58,28,r/mildlyinteresting,102,2018-05-16 14:18:29,0,0,1,0
8ju1wi,2018-05-16 11:09:58,28,r/mildlyinteresting,103,2018-05-16 14:19:19,0,0,1,0
8ju1wi,2018-05-16 11:09:58,28,r/mildlyinteresting,104,2018-05-16 14:19:46,0,0,1,0
8ju1wi,2018-05-16 11:09:58,28,r/mildlyinteresting,105,2018-05-16 14:21:14,0,0,1,0
8ju1wi,2018-05-16 11:09:58,28,r/mildlyinteresting,106,2018-05-16 14:23:27,0,0,1,0
8ju1wi,2018-05-16 11:09:58,28,r/mildlyinteresting,107,2018-05-16 14:23:56,0,0,1,0
8ju1wi,2018-05-16 11:09:58,28,r/mildlyinteresting,108,2018-05-16 14:23:59,0,1,1,0
8ju1wi,2018-05-16 11:09:58,28,r/mildlyinteresting,108,2018-05-16 14:24:09,1,0,3,0
8ju1wi,2018-05-16 11:09:58,28,r/mildlyinteresting,109,2018-05-16 14:24:40,0,0,1,0
8ju1wi,2018-05-16 11:09:58,28,r/mildlyinteresting,110,2018-05-16 14:25:48,0,0,1,0
8ju1wi,2018-05-16 11:09:58,28,r/mildlyinteresting,111,2018-05-16 14:26:31,0,0,1,0
8ju1wi,2018-05-16 11:09:58,28,r/mildlyinteresting,112,2018-05-16 14:26:32,0,0,1,0
8ju1wi,2018-05-16 11:09:58,28,r/mildlyinteresting,113,2018-05-16 14:26:58,0,1,1,0
8ju1wi,2018-05-16 11:09:58,28,r/mildlyinteresting,113,2018-05-16 14:29:41,1,0,1,0
8ju1wi,2018-05-16 11:09:58,28,r/mildlyinteresting,114,2018-05-16 14:27:34,0,0,1,0
8ju1wi,2018-05-16 11:09:58,28,r/mildlyinteresting,115,2018-05-16 14:29:25,0,0,1,0
8ju1wi,2018-05-16 11:09:58,28,r/mildlyinteresting,116,2018-05-16 14:31:31,0,0,1,0
8ju1wi,2018-05-16 11:09:58,28,r/mildlyinteresting,117,2018-05-16 14:32:17,0,0,1,0
8ju1wi,2018-05-16 11:09:58,28,r/mildlyinteresting,118,2018-05-16 14:32:37,0,0,1,0
8ju1wi,2018-05-16 11:09:58,28,r/mildlyinteresting,119,2018-05-16 14:34:05,0,0,1,0
8ju1wi,2018-05-16 11:09:58,28,r/mildlyinteresting,120,2018-05-16 14:34:09,0,1,1,0
8ju1wi,2018-05-16 11:09:58,28,r/mildlyinteresting,120,2018-05-16 14:36:56,1,1,1,0
8ju1wi,2018-05-16 11:09:58,28,r/mildlyinteresting,120,2018-05-16 14:48:04,2,0,1,0
8ju1wi,2018-05-16 11:09:58,28,r/mildlyinteresting,121,2018-05-16 14:35:09,0,1,1,0
8ju1wi,2018-05-16 11:09:58,28,r/mildlyinteresting,122,2018-05-16 14:35:26,0,0,1,0
8ju1wi,2018-05-16 11:09:58,28,r/mildlyinteresting,123,2018-05-16 14:35:55,0,0,1,0
8ju1wi,2018-05-16 11:09:58,28,r/mildlyinteresting,124,2018-05-16 14:36:00,0,0,1,0
8ju1wi,2018-05-16 11:09:58,28,r/mildlyinteresting,125,2018-05-16 14:36:35,0,0,1,0
8ju1wi,2018-05-16 11:09:58,28,r/mildlyinteresting,126,2018-05-16 14:37:26,0,0,1,0
8ju1wi,2018-05-16 11:09:58,28,r/mildlyinteresting,127,2018-05-16 14:37:29,0,0,1,0
8ju1wi,2018-05-16 11:09:58,28,r/mildlyinteresting,128,2018-05-16 14:37:50,0,0,1,0
8ju1wi,2018-05-16 11:09:58,28,r/mildlyinteresting,129,2018-05-16 14:38:13,0,0,1,0
8ju1wi,2018-05-16 11:09:58,28,r/mildlyinteresting,130,2018-05-16 14:38:30,0,0,1,0
8ju1wi,2018-05-16 11:09:58,28,r/mildlyinteresting,131,2018-05-16 14:38:31,0,0,1,0
8ju1wi,2018-05-16 11:09:58,28,r/mildlyinteresting,132,2018-05-16 14:38:32,0,0,1,0
8ju1wi,2018-05-16 11:09:58,28,r/mildlyinteresting,133,2018-05-16 14:39:17,0,0,1,0
8ju1wi,2018-05-16 11:09:58,28,r/mildlyinteresting,134,2018-05-16 14:39:45,0,0,1,0
8ju1wi,2018-05-16 11:09:58,28,r/mildlyinteresting,135,2018-05-16 14:39:49,0,0,1,0
8ju1wi,2018-05-16 11:09:58,28,r/mildlyinteresting,136,2018-05-16 14:40:20,0,0,1,0
8ju1wi,2018-05-16 11:09:58,28,r/mildlyinteresting,137,2018-05-16 14:40:28,0,0,1,0
8ju1wi,2018-05-16 11:09:58,28,r/mildlyinteresting,138,2018-05-16 14:40:41,0,0,1,0
8ju1wi,2018-05-16 11:09:58,28,r/mildlyinteresting,139,2018-05-16 14:40:42,0,0,1,0
8ju1wi,2018-05-16 11:09:58,28,r/mildlyinteresting,140,2018-05-16 14:41:15,0,0,1,0
8ju1wi,2018-05-16 11:09:58,28,r/mildlyinteresting,141,2018-05-16 14:41:33,0,0,1,0
8ju1wi,2018-05-16 11:09:58,28,r/mildlyinteresting,142,2018-05-16 14:41:56,0,0,1,0
8ju1wi,2018-05-16 11:09:58,28,r/mildlyinteresting,143,2018-05-16 14:42:47,0,0,1,0
8ju1wi,2018-05-16 11:09:58,28,r/mildlyinteresting,144,2018-05-16 14:43:33,0,0,1,0
8ju1wi,2018-05-16 11:09:58,28,r/mildlyinteresting,145,2018-05-16 14:44:59,0,0,1,0
8ju1wi,2018-05-16 11:09:58,28,r/mildlyinteresting,146,2018-05-16 14:45:10,0,0,1,0
8ju1wi,2018-05-16 11:09:58,28,r/mildlyinteresting,147,2018-05-16 14:45:50,0,0,1,0
8ju1wi,2018-05-16 11:09:58,28,r/mildlyinteresting,148,2018-05-16 14:45:55,0,0,1,0
8ju1wi,2018-05-16 11:09:58,28,r/mildlyinteresting,149,2018-05-16 14:46:03,0,0,1,0
8ju1wi,2018-05-16 11:09:58,28,r/mildlyinteresting,150,2018-05-16 14:46:58,0,0,1,0
8ju1wi,2018-05-16 11:09:58,28,r/mildlyinteresting,151,2018-05-16 14:47:38,0,0,1,0
8ju1wi,2018-05-16 11:09:58,28,r/mildlyinteresting,152,2018-05-16 14:48:08,0,0,1,0
8ju1wi,2018-05-16 11:09:58,28,r/mildlyinteresting,153,2018-05-16 14:48:39,0,0,1,0
8ju1wi,2018-05-16 11:09:58,28,r/mildlyinteresting,154,2018-05-16 14:49:24,0,0,1,0
8ju1wi,2018-05-16 11:09:58,28,r/mildlyinteresting,155,2018-05-16 14:49:53,0,0,1,0
8ju1wi,2018-05-16 11:09:58,28,r/mildlyinteresting,156,2018-05-16 14:51:16,0,0,1,0
8ju1wi,2018-05-16 11:09:58,28,r/mildlyinteresting,157,2018-05-16 14:51:24,0,0,1,0
8ju1wi,2018-05-16 11:09:58,28,r/mildlyinteresting,158,2018-05-16 14:51:25,0,0,1,0
8ju1wi,2018-05-16 11:09:58,28,r/mildlyinteresting,159,2018-05-16 14:51:47,0,0,1,0
8jvab2,2018-05-16 14:20:27,29,r/oldpeoplefacebook,0,2018-05-16 15:55:24,0,4,448,0
8jvab2,2018-05-16 14:20:27,29,r/oldpeoplefacebook,0,2018-05-16 16:08:44,1,2,130,0
8jvab2,2018-05-16 14:20:27,29,r/oldpeoplefacebook,0,2018-05-16 17:30:58,2,1,11,0
8jvab2,2018-05-16 14:20:27,29,r/oldpeoplefacebook,0,2018-05-16 17:50:43,3,1,8,0
8jvab2,2018-05-16 14:20:27,29,r/oldpeoplefacebook,0,2018-05-16 17:51:10,4,1,5,0
8jvab2,2018-05-16 14:20:27,29,r/oldpeoplefacebook,0,2018-05-16 17:51:53,5,2,8,0
8jvab2,2018-05-16 14:20:27,29,r/oldpeoplefacebook,0,2018-05-16 18:12:56,6,1,5,0
8jvab2,2018-05-16 14:20:27,29,r/oldpeoplefacebook,0,2018-05-16 18:14:59,7,0,3,0
8jvab2,2018-05-16 14:20:27,29,r/oldpeoplefacebook,0,2018-05-16 17:55:34,6,1,1,0
8jvab2,2018-05-16 14:20:27,29,r/oldpeoplefacebook,0,2018-05-16 18:06:57,7,0,1,0
8jvab2,2018-05-16 14:20:27,29,r/oldpeoplefacebook,0,2018-05-16 18:17:44,2,0,1,0
8jvab2,2018-05-16 14:20:27,29,r/oldpeoplefacebook,0,2018-05-16 18:05:44,1,2,10,0
8jvab2,2018-05-16 14:20:27,29,r/oldpeoplefacebook,0,2018-05-16 18:29:13,2,0,1,0
8jvab2,2018-05-16 14:20:27,29,r/oldpeoplefacebook,0,2018-05-16 18:30:28,2,0,1,0
8jvab2,2018-05-16 14:20:27,29,r/oldpeoplefacebook,0,2018-05-16 18:21:31,1,0,2,0
8jvab2,2018-05-16 14:20:27,29,r/oldpeoplefacebook,0,2018-05-16 18:18:14,1,0,1,0
8jvab2,2018-05-16 14:20:27,29,r/oldpeoplefacebook,1,2018-05-16 15:41:08,0,6,177,0
8jvab2,2018-05-16 14:20:27,29,r/oldpeoplefacebook,1,2018-05-16 15:58:31,1,1,36,0
8jvab2,2018-05-16 14:20:27,29,r/oldpeoplefacebook,1,2018-05-16 18:18:20,2,1,1,0
8jvab2,2018-05-16 14:20:27,29,r/oldpeoplefacebook,1,2018-05-16 18:19:07,3,0,2,0
8jvab2,2018-05-16 14:20:27,29,r/oldpeoplefacebook,1,2018-05-16 16:24:28,1,2,26,0
8jvab2,2018-05-16 14:20:27,29,r/oldpeoplefacebook,1,2018-05-16 16:52:18,2,1,18,0
8jvab2,2018-05-16 14:20:27,29,r/oldpeoplefacebook,1,2018-05-16 17:56:16,3,0,2,0
8jvab2,2018-05-16 14:20:27,29,r/oldpeoplefacebook,1,2018-05-16 18:08:14,2,0,1,0
8jvab2,2018-05-16 14:20:27,29,r/oldpeoplefacebook,1,2018-05-16 16:58:10,1,1,19,0
8jvab2,2018-05-16 14:20:27,29,r/oldpeoplefacebook,1,2018-05-16 17:04:10,2,0,14,0
8jvab2,2018-05-16 14:20:27,29,r/oldpeoplefacebook,1,2018-05-16 16:08:13,1,0,5,0
8jvab2,2018-05-16 14:20:27,29,r/oldpeoplefacebook,1,2018-05-16 16:39:38,1,1,1,0
8jvab2,2018-05-16 14:20:27,29,r/oldpeoplefacebook,1,2018-05-16 18:06:08,2,0,1,0
8jvab2,2018-05-16 14:20:27,29,r/oldpeoplefacebook,1,2018-05-16 16:39:54,1,0,1,0
8jvab2,2018-05-16 14:20:27,29,r/oldpeoplefacebook,2,2018-05-16 15:42:47,0,0,46,0
8jvab2,2018-05-16 14:20:27,29,r/oldpeoplefacebook,3,2018-05-16 17:25:38,0,4,90,0
8jvab2,2018-05-16 14:20:27,29,r/oldpeoplefacebook,3,2018-05-16 18:01:36,1,3,10,0
8jvab2,2018-05-16 14:20:27,29,r/oldpeoplefacebook,3,2018-05-16 18:22:48,2,0,7,0
8jvab2,2018-05-16 14:20:27,29,r/oldpeoplefacebook,3,2018-05-16 18:21:22,2,0,5,0
8jvab2,2018-05-16 14:20:27,29,r/oldpeoplefacebook,3,2018-05-16 18:20:24,2,0,4,0
8jvab2,2018-05-16 14:20:27,29,r/oldpeoplefacebook,3,2018-05-16 18:07:05,1,0,2,0
8jvab2,2018-05-16 14:20:27,29,r/oldpeoplefacebook,3,2018-05-16 18:20:24,1,1,-1,0
8jvab2,2018-05-16 14:20:27,29,r/oldpeoplefacebook,3,2018-05-16 18:25:23,2,0,1,0
8jvab2,2018-05-16 14:20:27,29,r/oldpeoplefacebook,3,2018-05-16 18:03:24,1,0,-11,0
8jvab2,2018-05-16 14:20:27,29,r/oldpeoplefacebook,4,2018-05-16 15:46:47,0,0,18,0
8jvab2,2018-05-16 14:20:27,29,r/oldpeoplefacebook,5,2018-05-16 16:07:02,0,1,16,0
8jvab2,2018-05-16 14:20:27,29,r/oldpeoplefacebook,5,2018-05-16 18:26:42,1,0,1,0
8jvab2,2018-05-16 14:20:27,29,r/oldpeoplefacebook,6,2018-05-16 16:59:40,0,0,26,0
8jvab2,2018-05-16 14:20:27,29,r/oldpeoplefacebook,7,2018-05-16 16:12:49,0,0,21,0
8jvab2,2018-05-16 14:20:27,29,r/oldpeoplefacebook,8,2018-05-16 16:21:32,0,1,3,0
8jvab2,2018-05-16 14:20:27,29,r/oldpeoplefacebook,8,2018-05-16 16:58:00,1,1,12,0
8jvab2,2018-05-16 14:20:27,29,r/oldpeoplefacebook,8,2018-05-16 17:35:08,2,1,4,0
8jvab2,2018-05-16 14:20:27,29,r/oldpeoplefacebook,8,2018-05-16 18:00:33,3,0,3,0
8jvab2,2018-05-16 14:20:27,29,r/oldpeoplefacebook,9,2018-05-16 17:29:00,0,0,2,0
8jvab2,2018-05-16 14:20:27,29,r/oldpeoplefacebook,10,2018-05-16 17:47:40,0,0,2,0
8jvab2,2018-05-16 14:20:27,29,r/oldpeoplefacebook,11,2018-05-16 18:00:30,0,0,2,0
8jvab2,2018-05-16 14:20:27,29,r/oldpeoplefacebook,12,2018-05-16 17:07:51,0,1,2,0
8jvab2,2018-05-16 14:20:27,29,r/oldpeoplefacebook,12,2018-05-16 18:26:05,1,0,1,0
8jvab2,2018-05-16 14:20:27,29,r/oldpeoplefacebook,13,2018-05-16 18:15:48,0,0,2,0
8jvab2,2018-05-16 14:20:27,29,r/oldpeoplefacebook,14,2018-05-16 17:29:46,0,1,0,0
8jvab2,2018-05-16 14:20:27,29,r/oldpeoplefacebook,14,2018-05-16 18:11:15,1,0,2,0
8jvab2,2018-05-16 14:20:27,29,r/oldpeoplefacebook,15,2018-05-16 17:41:44,0,0,1,0
8jvab2,2018-05-16 14:20:27,29,r/oldpeoplefacebook,16,2018-05-16 17:58:26,0,0,1,0
8jvab2,2018-05-16 14:20:27,29,r/oldpeoplefacebook,17,2018-05-16 18:08:50,0,0,1,0
8jvab2,2018-05-16 14:20:27,29,r/oldpeoplefacebook,18,2018-05-16 18:19:13,0,0,1,0
8jvab2,2018-05-16 14:20:27,29,r/oldpeoplefacebook,19,2018-05-16 18:28:56,0,0,1,0
8jvab2,2018-05-16 14:20:27,29,r/oldpeoplefacebook,20,2018-05-16 17:09:14,0,0,1,0
8jvab2,2018-05-16 14:20:27,29,r/oldpeoplefacebook,21,2018-05-16 17:18:26,0,0,1,0
8jvab2,2018-05-16 14:20:27,29,r/oldpeoplefacebook,22,2018-05-16 17:10:51,0,1,-4,0
8jvab2,2018-05-16 14:20:27,29,r/oldpeoplefacebook,22,2018-05-16 17:20:06,1,1,6,0
8jvab2,2018-05-16 14:20:27,29,r/oldpeoplefacebook,22,2018-05-16 18:06:54,2,1,2,0
8jvab2,2018-05-16 14:20:27,29,r/oldpeoplefacebook,22,2018-05-16 18:26:14,3,1,1,0
8jvab2,2018-05-16 14:20:27,29,r/oldpeoplefacebook,22,2018-05-16 18:30:03,4,0,1,0
8jvab2,2018-05-16 14:20:27,29,r/oldpeoplefacebook,23,2018-05-16 16:29:48,0,0,0,0
8jvab2,2018-05-16 14:20:27,29,r/oldpeoplefacebook,24,2018-05-16 16:47:39,0,1,0,0
8jvab2,2018-05-16 14:20:27,29,r/oldpeoplefacebook,24,2018-05-16 17:05:39,1,2,5,0
8jvab2,2018-05-16 14:20:27,29,r/oldpeoplefacebook,24,2018-05-16 17:37:20,2,0,1,0
8jvab2,2018-05-16 14:20:27,29,r/oldpeoplefacebook,24,2018-05-16 18:03:40,2,0,1,0
8jvab2,2018-05-16 14:20:27,29,r/oldpeoplefacebook,25,2018-05-16 17:12:42,0,1,-2,0
8jvab2,2018-05-16 14:20:27,29,r/oldpeoplefacebook,25,2018-05-16 17:26:32,1,0,4,0
8juusu,2018-05-16 13:21:30,30,r/FortNiteBR,0,2018-05-16 13:52:27,0,2,609,0
8juusu,2018-05-16 13:21:30,30,r/FortNiteBR,0,2018-05-16 15:32:30,1,12,345,0
8juusu,2018-05-16 13:21:30,30,r/FortNiteBR,0,2018-05-16 15:48:32,2,4,260,0
8juusu,2018-05-16 13:21:30,30,r/FortNiteBR,0,2018-05-16 16:03:59,3,0,25,0
8juusu,2018-05-16 13:21:30,30,r/FortNiteBR,0,2018-05-16 16:24:48,3,4,50,0
8juusu,2018-05-16 13:21:30,30,r/FortNiteBR,0,2018-05-16 17:36:45,4,0,24,0
8juusu,2018-05-16 13:21:30,30,r/FortNiteBR,0,2018-05-16 17:35:30,4,0,16,0
8juusu,2018-05-16 13:21:30,30,r/FortNiteBR,0,2018-05-16 18:12:44,4,0,3,0
8juusu,2018-05-16 13:21:30,30,r/FortNiteBR,0,2018-05-16 18:13:54,4,0,1,0
8juusu,2018-05-16 13:21:30,30,r/FortNiteBR,0,2018-05-16 16:43:06,3,0,2,0
8juusu,2018-05-16 13:21:30,30,r/FortNiteBR,0,2018-05-16 18:29:50,3,0,1,0
8juusu,2018-05-16 13:21:30,30,r/FortNiteBR,0,2018-05-16 15:38:02,2,1,23,0
8juusu,2018-05-16 13:21:30,30,r/FortNiteBR,0,2018-05-16 17:37:09,3,0,5,0
8juusu,2018-05-16 13:21:30,30,r/FortNiteBR,0,2018-05-16 16:14:48,2,0,9,0
8juusu,2018-05-16 13:21:30,30,r/FortNiteBR,0,2018-05-16 17:52:20,2,1,4,0
8juusu,2018-05-16 13:21:30,30,r/FortNiteBR,0,2018-05-16 18:05:15,3,0,2,0
8juusu,2018-05-16 13:21:30,30,r/FortNiteBR,0,2018-05-16 16:47:34,2,4,7,0
8juusu,2018-05-16 13:21:30,30,r/FortNiteBR,0,2018-05-16 16:56:04,3,0,37,0
8juusu,2018-05-16 13:21:30,30,r/FortNiteBR,0,2018-05-16 17:12:29,3,0,11,0
8juusu,2018-05-16 13:21:30,30,r/FortNiteBR,0,2018-05-16 18:17:31,3,0,2,0
8juusu,2018-05-16 13:21:30,30,r/FortNiteBR,0,2018-05-16 17:41:44,3,0,1,0
8juusu,2018-05-16 13:21:30,30,r/FortNiteBR,0,2018-05-16 17:57:16,2,1,2,0
8juusu,2018-05-16 13:21:30,30,r/FortNiteBR,0,2018-05-16 18:17:25,3,0,1,0
8juusu,2018-05-16 13:21:30,30,r/FortNiteBR,0,2018-05-16 16:42:02,2,0,1,0
8juusu,2018-05-16 13:21:30,30,r/FortNiteBR,0,2018-05-16 16:50:48,2,1,1,0
8juusu,2018-05-16 13:21:30,30,r/FortNiteBR,0,2018-05-16 17:43:24,3,1,1,0
8juusu,2018-05-16 13:21:30,30,r/FortNiteBR,0,2018-05-16 17:53:25,4,1,1,0
8juusu,2018-05-16 13:21:30,30,r/FortNiteBR,0,2018-05-16 17:59:09,5,0,1,0
8juusu,2018-05-16 13:21:30,30,r/FortNiteBR,0,2018-05-16 17:18:39,2,0,1,0
8juusu,2018-05-16 13:21:30,30,r/FortNiteBR,0,2018-05-16 17:21:56,2,0,1,0
8juusu,2018-05-16 13:21:30,30,r/FortNiteBR,0,2018-05-16 17:50:39,2,0,1,0
8juusu,2018-05-16 13:21:30,30,r/FortNiteBR,0,2018-05-16 17:59:11,2,0,1,0
8juusu,2018-05-16 13:21:30,30,r/FortNiteBR,0,2018-05-16 18:09:56,1,0,2,0
8juusu,2018-05-16 13:21:30,30,r/FortNiteBR,1,2018-05-16 14:02:45,0,2,194,0
8juusu,2018-05-16 13:21:30,30,r/FortNiteBR,1,2018-05-16 15:25:09,1,1,70,0
8juusu,2018-05-16 13:21:30,30,r/FortNiteBR,1,2018-05-16 15:46:54,2,1,62,0
8juusu,2018-05-16 13:21:30,30,r/FortNiteBR,1,2018-05-16 17:53:20,3,1,3,0
8juusu,2018-05-16 13:21:30,30,r/FortNiteBR,1,2018-05-16 18:08:32,4,0,1,0
8juusu,2018-05-16 13:21:30,30,r/FortNiteBR,1,2018-05-16 15:58:16,1,2,10,0
8juusu,2018-05-16 13:21:30,30,r/FortNiteBR,1,2018-05-16 17:01:38,2,2,8,0
8juusu,2018-05-16 13:21:30,30,r/FortNiteBR,1,2018-05-16 17:17:58,3,1,7,0
8juusu,2018-05-16 13:21:30,30,r/FortNiteBR,1,2018-05-16 17:18:17,4,2,7,0
8juusu,2018-05-16 13:21:30,30,r/FortNiteBR,1,2018-05-16 17:21:55,5,1,10,0
8juusu,2018-05-16 13:21:30,30,r/FortNiteBR,1,2018-05-16 17:23:28,6,0,5,0
8juusu,2018-05-16 13:21:30,30,r/FortNiteBR,1,2018-05-16 17:36:25,5,0,5,0
8juusu,2018-05-16 13:21:30,30,r/FortNiteBR,1,2018-05-16 17:46:17,3,0,3,0
8juusu,2018-05-16 13:21:30,30,r/FortNiteBR,1,2018-05-16 16:43:02,2,0,4,0
8juusu,2018-05-16 13:21:30,30,r/FortNiteBR,2,2018-05-16 13:58:55,0,1,76,0
8juusu,2018-05-16 13:21:30,30,r/FortNiteBR,2,2018-05-16 18:04:22,1,1,4,0
8juusu,2018-05-16 13:21:30,30,r/FortNiteBR,2,2018-05-16 18:13:58,2,0,5,0
8juusu,2018-05-16 13:21:30,30,r/FortNiteBR,3,2018-05-16 14:07:38,0,2,35,0
8juusu,2018-05-16 13:21:30,30,r/FortNiteBR,3,2018-05-16 16:31:53,1,0,16,0
8juusu,2018-05-16 13:21:30,30,r/FortNiteBR,3,2018-05-16 18:06:04,1,0,3,0
8juusu,2018-05-16 13:21:30,30,r/FortNiteBR,4,2018-05-16 15:15:21,0,0,18,0
8juusu,2018-05-16 13:21:30,30,r/FortNiteBR,5,2018-05-16 14:59:19,0,0,14,0
8juusu,2018-05-16 13:21:30,30,r/FortNiteBR,6,2018-05-16 16:08:52,0,1,12,0
8juusu,2018-05-16 13:21:30,30,r/FortNiteBR,6,2018-05-16 17:56:16,1,0,1,0
8juusu,2018-05-16 13:21:30,30,r/FortNiteBR,7,2018-05-16 16:18:39,0,0,12,0
8juusu,2018-05-16 13:21:30,30,r/FortNiteBR,8,2018-05-16 13:23:07,0,0,8,0
8juusu,2018-05-16 13:21:30,30,r/FortNiteBR,9,2018-05-16 16:18:41,0,0,6,0
8juusu,2018-05-16 13:21:30,30,r/FortNiteBR,10,2018-05-16 16:19:21,0,1,7,0
8juusu,2018-05-16 13:21:30,30,r/FortNiteBR,10,2018-05-16 18:09:55,1,0,0,0
8juusu,2018-05-16 13:21:30,30,r/FortNiteBR,11,2018-05-16 14:47:59,0,0,4,0
8juusu,2018-05-16 13:21:30,30,r/FortNiteBR,12,2018-05-16 15:40:37,0,0,3,0
8juusu,2018-05-16 13:21:30,30,r/FortNiteBR,13,2018-05-16 15:49:03,0,0,3,0
8juusu,2018-05-16 13:21:30,30,r/FortNiteBR,14,2018-05-16 17:44:44,0,0,4,0
8juusu,2018-05-16 13:21:30,30,r/FortNiteBR,15,2018-05-16 14:58:12,0,0,3,0
8juusu,2018-05-16 13:21:30,30,r/FortNiteBR,16,2018-05-16 15:32:16,0,0,3,0
8juusu,2018-05-16 13:21:30,30,r/FortNiteBR,17,2018-05-16 15:42:05,0,0,3,0
8juusu,2018-05-16 13:21:30,30,r/FortNiteBR,18,2018-05-16 16:33:47,0,0,3,0
8juusu,2018-05-16 13:21:30,30,r/FortNiteBR,19,2018-05-16 16:57:09,0,0,3,0
8juusu,2018-05-16 13:21:30,30,r/FortNiteBR,20,2018-05-16 16:59:34,0,0,3,0
8juusu,2018-05-16 13:21:30,30,r/FortNiteBR,21,2018-05-16 17:31:41,0,1,3,0
8juusu,2018-05-16 13:21:30,30,r/FortNiteBR,21,2018-05-16 17:53:49,1,1,2,0
8juusu,2018-05-16 13:21:30,30,r/FortNiteBR,21,2018-05-16 18:02:30,2,1,1,0
8juusu,2018-05-16 13:21:30,30,r/FortNiteBR,21,2018-05-16 18:09:27,3,0,2,0
8juusu,2018-05-16 13:21:30,30,r/FortNiteBR,22,2018-05-16 17:59:05,0,1,3,0
8juusu,2018-05-16 13:21:30,30,r/FortNiteBR,22,2018-05-16 18:04:42,1,1,2,0
8juusu,2018-05-16 13:21:30,30,r/FortNiteBR,22,2018-05-16 18:17:00,2,1,2,0
8juusu,2018-05-16 13:21:30,30,r/FortNiteBR,22,2018-05-16 18:21:11,3,0,1,0
8juusu,2018-05-16 13:21:30,30,r/FortNiteBR,23,2018-05-16 16:13:32,0,0,5,0
8juusu,2018-05-16 13:21:30,30,r/FortNiteBR,24,2018-05-16 14:03:12,0,0,2,0
8juusu,2018-05-16 13:21:30,30,r/FortNiteBR,25,2018-05-16 15:04:37,0,0,2,0
8juusu,2018-05-16 13:21:30,30,r/FortNiteBR,26,2018-05-16 16:46:54,0,0,2,0
8juusu,2018-05-16 13:21:30,30,r/FortNiteBR,27,2018-05-16 17:01:31,0,0,2,0
8juusu,2018-05-16 13:21:30,30,r/FortNiteBR,28,2018-05-16 17:11:50,0,0,2,0
8juusu,2018-05-16 13:21:30,30,r/FortNiteBR,29,2018-05-16 17:14:32,0,0,2,0
8juusu,2018-05-16 13:21:30,30,r/FortNiteBR,30,2018-05-16 17:19:51,0,0,2,0
8juusu,2018-05-16 13:21:30,30,r/FortNiteBR,31,2018-05-16 17:25:23,0,0,2,0
8juusu,2018-05-16 13:21:30,30,r/FortNiteBR,32,2018-05-16 17:30:06,0,0,2,0
8juusu,2018-05-16 13:21:30,30,r/FortNiteBR,33,2018-05-16 17:31:16,0,0,2,0
8juusu,2018-05-16 13:21:30,30,r/FortNiteBR,34,2018-05-16 17:58:35,0,0,2,0
8juusu,2018-05-16 13:21:30,30,r/FortNiteBR,35,2018-05-16 18:07:00,0,0,2,0
8juusu,2018-05-16 13:21:30,30,r/FortNiteBR,36,2018-05-16 18:11:44,0,0,2,0
8juusu,2018-05-16 13:21:30,30,r/FortNiteBR,37,2018-05-16 18:14:48,0,0,2,0
8juusu,2018-05-16 13:21:30,30,r/FortNiteBR,38,2018-05-16 18:20:16,0,0,2,0
8juusu,2018-05-16 13:21:30,30,r/FortNiteBR,39,2018-05-16 18:28:59,0,0,2,0
8juusu,2018-05-16 13:21:30,30,r/FortNiteBR,40,2018-05-16 16:27:02,0,1,3,0
8juusu,2018-05-16 13:21:30,30,r/FortNiteBR,40,2018-05-16 17:14:58,1,2,4,0
8juusu,2018-05-16 13:21:30,30,r/FortNiteBR,40,2018-05-16 17:34:09,2,1,4,0
8juusu,2018-05-16 13:21:30,30,r/FortNiteBR,40,2018-05-16 18:15:18,3,0,2,0
8juusu,2018-05-16 13:21:30,30,r/FortNiteBR,40,2018-05-16 18:15:34,2,0,2,0
8juusu,2018-05-16 13:21:30,30,r/FortNiteBR,41,2018-05-16 15:13:23,0,0,2,0
8juusu,2018-05-16 13:21:30,30,r/FortNiteBR,42,2018-05-16 17:55:03,0,1,1,0
8juusu,2018-05-16 13:21:30,30,r/FortNiteBR,42,2018-05-16 18:29:23,1,0,1,0
8juusu,2018-05-16 13:21:30,30,r/FortNiteBR,43,2018-05-16 18:25:12,0,0,1,0
8juusu,2018-05-16 13:21:30,30,r/FortNiteBR,44,2018-05-16 18:26:09,0,0,2,0
8juusu,2018-05-16 13:21:30,30,r/FortNiteBR,45,2018-05-16 15:29:21,0,0,1,0
8juusu,2018-05-16 13:21:30,30,r/FortNiteBR,46,2018-05-16 13:33:42,0,0,0,0
8juusu,2018-05-16 13:21:30,30,r/FortNiteBR,47,2018-05-16 18:22:06,0,0,0,0
8juusu,2018-05-16 13:21:30,30,r/FortNiteBR,48,2018-05-16 18:27:56,0,0,0,0
8juusu,2018-05-16 13:21:30,30,r/FortNiteBR,49,2018-05-16 18:05:28,0,0,-1,0
8juusu,2018-05-16 13:21:30,30,r/FortNiteBR,50,2018-05-16 14:25:00,0,1,-7,0
8juusu,2018-05-16 13:21:30,30,r/FortNiteBR,50,2018-05-16 14:51:49,1,0,6,0
8judv0,2018-05-16 12:07:49,31,r/teenagers,0,2018-05-16 14:02:41,0,11,1376,0
8judv0,2018-05-16 12:07:49,31,r/teenagers,0,2018-05-16 15:27:03,1,3,352,0
8judv0,2018-05-16 12:07:49,31,r/teenagers,0,2018-05-16 15:31:32,2,2,74,0
8judv0,2018-05-16 12:07:49,31,r/teenagers,0,2018-05-16 15:53:28,3,1,43,0
8judv0,2018-05-16 12:07:49,31,r/teenagers,0,2018-05-16 16:02:50,4,1,29,0
8judv0,2018-05-16 12:07:49,31,r/teenagers,0,2018-05-16 16:28:19,5,1,9,0
8judv0,2018-05-16 12:07:49,31,r/teenagers,0,2018-05-16 18:06:45,6,0,1,0
8judv0,2018-05-16 12:07:49,31,r/teenagers,0,2018-05-16 16:51:15,3,0,7,0
8judv0,2018-05-16 12:07:49,31,r/teenagers,0,2018-05-16 17:17:57,2,0,4,0
8judv0,2018-05-16 12:07:49,31,r/teenagers,0,2018-05-16 17:51:53,2,0,1,0
8judv0,2018-05-16 12:07:49,31,r/teenagers,0,2018-05-16 16:37:02,1,0,42,0
8judv0,2018-05-16 12:07:49,31,r/teenagers,0,2018-05-16 16:52:23,1,3,18,0
8judv0,2018-05-16 12:07:49,31,r/teenagers,0,2018-05-16 17:13:29,2,0,15,0
8judv0,2018-05-16 12:07:49,31,r/teenagers,0,2018-05-16 17:33:27,2,2,13,0
8judv0,2018-05-16 12:07:49,31,r/teenagers,0,2018-05-16 17:35:15,3,0,8,0
8judv0,2018-05-16 12:07:49,31,r/teenagers,0,2018-05-16 18:24:17,3,0,1,0
8judv0,2018-05-16 12:07:49,31,r/teenagers,0,2018-05-16 17:10:28,2,1,3,0
8judv0,2018-05-16 12:07:49,31,r/teenagers,0,2018-05-16 17:15:35,3,0,28,0
8judv0,2018-05-16 12:07:49,31,r/teenagers,0,2018-05-16 16:18:21,1,0,8,0
8judv0,2018-05-16 12:07:49,31,r/teenagers,0,2018-05-16 17:11:24,1,0,8,0
8judv0,2018-05-16 12:07:49,31,r/teenagers,0,2018-05-16 18:03:32,1,0,4,0
8judv0,2018-05-16 12:07:49,31,r/teenagers,0,2018-05-16 16:44:40,1,0,3,0
8judv0,2018-05-16 12:07:49,31,r/teenagers,0,2018-05-16 17:05:14,1,0,3,0
8judv0,2018-05-16 12:07:49,31,r/teenagers,0,2018-05-16 17:06:50,1,0,1,0
8judv0,2018-05-16 12:07:49,31,r/teenagers,0,2018-05-16 17:17:26,1,0,1,0
8judv0,2018-05-16 12:07:49,31,r/teenagers,0,2018-05-16 18:18:39,1,0,1,0
8judv0,2018-05-16 12:07:49,31,r/teenagers,1,2018-05-16 12:54:25,0,1,825,0
8judv0,2018-05-16 12:07:49,31,r/teenagers,1,2018-05-16 17:18:08,1,0,34,0
8judv0,2018-05-16 12:07:49,31,r/teenagers,2,2018-05-16 13:06:23,0,8,599,0
8judv0,2018-05-16 12:07:49,31,r/teenagers,2,2018-05-16 13:55:16,1,5,267,0
8judv0,2018-05-16 12:07:49,31,r/teenagers,2,2018-05-16 14:14:19,2,4,124,0
8judv0,2018-05-16 12:07:49,31,r/teenagers,2,2018-05-16 14:35:25,3,3,26,0
8judv0,2018-05-16 12:07:49,31,r/teenagers,2,2018-05-16 14:52:29,4,0,6,0
8judv0,2018-05-16 12:07:49,31,r/teenagers,2,2018-05-16 16:39:06,4,0,3,0
8judv0,2018-05-16 12:07:49,31,r/teenagers,2,2018-05-16 17:18:58,4,0,1,0
8judv0,2018-05-16 12:07:49,31,r/teenagers,2,2018-05-16 15:47:08,3,0,16,0
8judv0,2018-05-16 12:07:49,31,r/teenagers,2,2018-05-16 16:29:55,3,1,4,0
8judv0,2018-05-16 12:07:49,31,r/teenagers,2,2018-05-16 18:16:22,4,0,1,0
8judv0,2018-05-16 12:07:49,31,r/teenagers,2,2018-05-16 16:06:07,3,0,2,0
8judv0,2018-05-16 12:07:49,31,r/teenagers,2,2018-05-16 14:32:29,2,1,17,0
8judv0,2018-05-16 12:07:49,31,r/teenagers,2,2018-05-16 15:32:48,3,1,4,0
8judv0,2018-05-16 12:07:49,31,r/teenagers,2,2018-05-16 17:28:10,4,0,2,0
8judv0,2018-05-16 12:07:49,31,r/teenagers,2,2018-05-16 15:53:02,2,0,3,0
8judv0,2018-05-16 12:07:49,31,r/teenagers,2,2018-05-16 17:11:44,2,0,1,0
8judv0,2018-05-16 12:07:49,31,r/teenagers,2,2018-05-16 17:18:10,2,0,1,0
8judv0,2018-05-16 12:07:49,31,r/teenagers,2,2018-05-16 14:42:37,1,1,32,0
8judv0,2018-05-16 12:07:49,31,r/teenagers,2,2018-05-16 15:52:26,2,0,8,0
8judv0,2018-05-16 12:07:49,31,r/teenagers,2,2018-05-16 15:43:43,1,0,8,0
8judv0,2018-05-16 12:07:49,31,r/teenagers,2,2018-05-16 14:46:23,1,0,4,0
8judv0,2018-05-16 12:07:49,31,r/teenagers,2,2018-05-16 15:52:32,1,0,2,0
8judv0,2018-05-16 12:07:49,31,r/teenagers,2,2018-05-16 15:54:09,1,0,2,0
8judv0,2018-05-16 12:07:49,31,r/teenagers,2,2018-05-16 16:19:58,1,0,1,0
8judv0,2018-05-16 12:07:49,31,r/teenagers,2,2018-05-16 16:15:28,1,0,-2,0
8judv0,2018-05-16 12:07:49,31,r/teenagers,3,2018-05-16 12:27:15,0,2,632,0
8judv0,2018-05-16 12:07:49,31,r/teenagers,3,2018-05-16 14:35:03,1,2,295,0
8judv0,2018-05-16 12:07:49,31,r/teenagers,3,2018-05-16 14:41:15,2,4,174,0
8judv0,2018-05-16 12:07:49,31,r/teenagers,3,2018-05-16 14:51:34,3,0,55,0
8judv0,2018-05-16 12:07:49,31,r/teenagers,3,2018-05-16 16:54:01,3,0,8,0
8judv0,2018-05-16 12:07:49,31,r/teenagers,3,2018-05-16 18:10:28,3,0,1,0
8judv0,2018-05-16 12:07:49,31,r/teenagers,3,2018-05-16 18:12:58,3,0,1,0
8judv0,2018-05-16 12:07:49,31,r/teenagers,3,2018-05-16 14:44:41,2,2,41,0
8judv0,2018-05-16 12:07:49,31,r/teenagers,3,2018-05-16 15:22:55,3,1,79,0
8judv0,2018-05-16 12:07:49,31,r/teenagers,3,2018-05-16 15:59:13,4,2,27,0
8judv0,2018-05-16 12:07:49,31,r/teenagers,3,2018-05-16 17:35:29,5,1,8,0
8judv0,2018-05-16 12:07:49,31,r/teenagers,3,2018-05-16 17:54:48,6,1,3,0
8judv0,2018-05-16 12:07:49,31,r/teenagers,3,2018-05-16 18:01:14,7,0,1,0
8judv0,2018-05-16 12:07:49,31,r/teenagers,3,2018-05-16 17:34:40,5,1,3,0
8judv0,2018-05-16 12:07:49,31,r/teenagers,3,2018-05-16 17:54:00,6,0,2,0
8judv0,2018-05-16 12:07:49,31,r/teenagers,3,2018-05-16 17:40:33,3,0,2,0
8judv0,2018-05-16 12:07:49,31,r/teenagers,3,2018-05-16 15:41:49,1,0,28,0
8judv0,2018-05-16 12:07:49,31,r/teenagers,4,2018-05-16 14:29:02,0,1,171,0
8judv0,2018-05-16 12:07:49,31,r/teenagers,4,2018-05-16 16:16:38,1,0,9,0
8judv0,2018-05-16 12:07:49,31,r/teenagers,5,2018-05-16 14:48:42,0,1,85,0
8judv0,2018-05-16 12:07:49,31,r/teenagers,5,2018-05-16 18:13:26,1,1,3,0
8judv0,2018-05-16 12:07:49,31,r/teenagers,5,2018-05-16 18:29:42,2,0,1,0
8judv0,2018-05-16 12:07:49,31,r/teenagers,6,2018-05-16 15:26:09,0,1,62,0
8judv0,2018-05-16 12:07:49,31,r/teenagers,6,2018-05-16 16:06:20,1,0,21,0
8judv0,2018-05-16 12:07:49,31,r/teenagers,7,2018-05-16 13:58:58,0,4,198,0
8judv0,2018-05-16 12:07:49,31,r/teenagers,7,2018-05-16 15:08:27,1,3,96,0
8judv0,2018-05-16 12:07:49,31,r/teenagers,7,2018-05-16 15:40:44,2,3,32,0
8judv0,2018-05-16 12:07:49,31,r/teenagers,7,2018-05-16 15:55:52,3,1,26,0
8judv0,2018-05-16 12:07:49,31,r/teenagers,7,2018-05-16 17:06:44,4,1,7,0
8judv0,2018-05-16 12:07:49,31,r/teenagers,7,2018-05-16 18:18:45,5,0,1,0
8judv0,2018-05-16 12:07:49,31,r/teenagers,7,2018-05-16 16:21:16,3,0,8,0
8judv0,2018-05-16 12:07:49,31,r/teenagers,7,2018-05-16 15:45:05,3,0,6,0
8judv0,2018-05-16 12:07:49,31,r/teenagers,7,2018-05-16 15:27:55,2,0,4,0
8judv0,2018-05-16 12:07:49,31,r/teenagers,7,2018-05-16 17:32:52,2,1,2,0
8judv0,2018-05-16 12:07:49,31,r/teenagers,7,2018-05-16 18:03:51,3,2,2,0
8judv0,2018-05-16 12:07:49,31,r/teenagers,7,2018-05-16 18:11:20,4,0,1,0
8judv0,2018-05-16 12:07:49,31,r/teenagers,7,2018-05-16 18:14:57,4,0,1,0
8judv0,2018-05-16 12:07:49,31,r/teenagers,7,2018-05-16 16:00:49,1,2,23,0
8judv0,2018-05-16 12:07:49,31,r/teenagers,7,2018-05-16 16:18:12,2,1,6,0
8judv0,2018-05-16 12:07:49,31,r/teenagers,7,2018-05-16 17:05:54,3,0,1,0
8judv0,2018-05-16 12:07:49,31,r/teenagers,7,2018-05-16 16:49:34,2,1,1,0
8judv0,2018-05-16 12:07:49,31,r/teenagers,7,2018-05-16 17:04:49,3,1,4,0
8judv0,2018-05-16 12:07:49,31,r/teenagers,7,2018-05-16 17:21:04,4,0,4,0
8judv0,2018-05-16 12:07:49,31,r/teenagers,7,2018-05-16 16:21:12,1,0,2,0
8judv0,2018-05-16 12:07:49,31,r/teenagers,7,2018-05-16 17:22:49,1,0,0,0
8judv0,2018-05-16 12:07:49,31,r/teenagers,8,2018-05-16 14:04:52,0,1,47,0
8judv0,2018-05-16 12:07:49,31,r/teenagers,8,2018-05-16 14:41:47,1,1,13,0
8judv0,2018-05-16 12:07:49,31,r/teenagers,8,2018-05-16 14:42:08,2,0,32,0
8judv0,2018-05-16 12:07:49,31,r/teenagers,9,2018-05-16 13:47:55,0,1,99,0
8judv0,2018-05-16 12:07:49,31,r/teenagers,9,2018-05-16 14:32:23,1,1,20,0
8judv0,2018-05-16 12:07:49,31,r/teenagers,9,2018-05-16 17:22:26,2,0,2,0
8judv0,2018-05-16 12:07:49,31,r/teenagers,10,2018-05-16 15:30:36,0,2,41,0
8judv0,2018-05-16 12:07:49,31,r/teenagers,10,2018-05-16 15:58:06,1,2,64,0
8judv0,2018-05-16 12:07:49,31,r/teenagers,10,2018-05-16 16:02:31,2,2,33,0
8judv0,2018-05-16 12:07:49,31,r/teenagers,10,2018-05-16 16:14:34,3,3,25,0
8judv0,2018-05-16 12:07:49,31,r/teenagers,10,2018-05-16 16:34:00,4,0,7,0
8judv0,2018-05-16 12:07:49,31,r/teenagers,10,2018-05-16 16:22:42,4,0,1,0
8judv0,2018-05-16 12:07:49,31,r/teenagers,10,2018-05-16 16:29:46,4,0,-5,0
8judv0,2018-05-16 12:07:49,31,r/teenagers,10,2018-05-16 16:45:11,3,1,14,0
8judv0,2018-05-16 12:07:49,31,r/teenagers,10,2018-05-16 18:15:22,4,0,1,0
8judv0,2018-05-16 12:07:49,31,r/teenagers,10,2018-05-16 16:21:09,2,1,5,0
8judv0,2018-05-16 12:07:49,31,r/teenagers,10,2018-05-16 16:46:32,3,0,2,0
8judv0,2018-05-16 12:07:49,31,r/teenagers,10,2018-05-16 18:01:29,1,0,1,0
8judv0,2018-05-16 12:07:49,31,r/teenagers,11,2018-05-16 15:40:39,0,0,16,0
8judv0,2018-05-16 12:07:49,31,r/teenagers,12,2018-05-16 14:25:38,0,3,62,0
8judv0,2018-05-16 12:07:49,31,r/teenagers,12,2018-05-16 14:36:14,1,2,128,0
8judv0,2018-05-16 12:07:49,31,r/teenagers,12,2018-05-16 15:01:13,2,1,27,0
8judv0,2018-05-16 12:07:49,31,r/teenagers,12,2018-05-16 15:41:06,3,1,14,0
8judv0,2018-05-16 12:07:49,31,r/teenagers,12,2018-05-16 15:58:26,4,1,32,0
8judv0,2018-05-16 12:07:49,31,r/teenagers,12,2018-05-16 16:03:47,5,1,8,0
8judv0,2018-05-16 12:07:49,31,r/teenagers,12,2018-05-16 16:27:06,6,0,5,0
8judv0,2018-05-16 12:07:49,31,r/teenagers,12,2018-05-16 15:38:41,2,1,1,0
8judv0,2018-05-16 12:07:49,31,r/teenagers,12,2018-05-16 15:42:27,3,0,31,0
8judv0,2018-05-16 12:07:49,31,r/teenagers,12,2018-05-16 14:36:02,1,1,22,0
8judv0,2018-05-16 12:07:49,31,r/teenagers,12,2018-05-16 15:17:19,2,0,5,0
8judv0,2018-05-16 12:07:49,31,r/teenagers,12,2018-05-16 14:46:30,1,1,21,0
8judv0,2018-05-16 12:07:49,31,r/teenagers,12,2018-05-16 15:41:31,2,2,-19,0
8judv0,2018-05-16 12:07:49,31,r/teenagers,12,2018-05-16 16:08:05,3,0,8,0
8judv0,2018-05-16 12:07:49,31,r/teenagers,12,2018-05-16 16:03:58,3,0,6,0
8judv0,2018-05-16 12:07:49,31,r/teenagers,13,2018-05-16 15:56:23,0,0,14,0
8judv0,2018-05-16 12:07:49,31,r/teenagers,14,2018-05-16 15:49:30,0,2,11,0
8judv0,2018-05-16 12:07:49,31,r/teenagers,14,2018-05-16 16:08:00,1,0,1,0
8judv0,2018-05-16 12:07:49,31,r/teenagers,14,2018-05-16 17:02:27,1,0,1,0
8judv0,2018-05-16 12:07:49,31,r/teenagers,15,2018-05-16 15:25:47,0,0,8,0
8judv0,2018-05-16 12:07:49,31,r/teenagers,16,2018-05-16 15:55:37,0,3,7,0
8judv0,2018-05-16 12:07:49,31,r/teenagers,16,2018-05-16 16:03:55,1,0,5,0
8judv0,2018-05-16 12:07:49,31,r/teenagers,16,2018-05-16 17:34:47,1,1,2,0
8judv0,2018-05-16 12:07:49,31,r/teenagers,16,2018-05-16 17:36:29,2,1,3,0
8judv0,2018-05-16 12:07:49,31,r/teenagers,16,2018-05-16 17:38:41,3,0,1,0
8judv0,2018-05-16 12:07:49,31,r/teenagers,16,2018-05-16 17:37:49,1,0,2,0
8judv0,2018-05-16 12:07:49,31,r/teenagers,17,2018-05-16 16:46:57,0,1,10,0
8judv0,2018-05-16 12:07:49,31,r/teenagers,17,2018-05-16 16:48:55,1,0,2,0
8judv0,2018-05-16 12:07:49,31,r/teenagers,18,2018-05-16 14:52:01,0,0,16,0
8judv0,2018-05-16 12:07:49,31,r/teenagers,19,2018-05-16 15:38:12,0,0,8,0
8judv0,2018-05-16 12:07:49,31,r/teenagers,20,2018-05-16 15:46:27,0,0,6,0
8judv0,2018-05-16 12:07:49,31,r/teenagers,21,2018-05-16 14:27:38,0,0,6,0
8judv0,2018-05-16 12:07:49,31,r/teenagers,22,2018-05-16 15:41:47,0,0,5,0
8judv0,2018-05-16 12:07:49,31,r/teenagers,23,2018-05-16 15:46:12,0,0,7,0
8judv0,2018-05-16 12:07:49,31,r/teenagers,24,2018-05-16 12:56:42,0,0,11,0
8judv0,2018-05-16 12:07:49,31,r/teenagers,25,2018-05-16 14:49:34,0,0,4,0
8judv0,2018-05-16 12:07:49,31,r/teenagers,26,2018-05-16 17:56:26,0,0,4,0
8judv0,2018-05-16 12:07:49,31,r/teenagers,27,2018-05-16 16:39:42,0,0,3,0
8judv0,2018-05-16 12:07:49,31,r/teenagers,28,2018-05-16 17:57:30,0,0,3,0
8judv0,2018-05-16 12:07:49,31,r/teenagers,29,2018-05-16 15:33:09,0,0,2,0
8judv0,2018-05-16 12:07:49,31,r/teenagers,30,2018-05-16 15:40:37,0,0,2,0
8judv0,2018-05-16 12:07:49,31,r/teenagers,31,2018-05-16 16:08:57,0,0,2,0
8judv0,2018-05-16 12:07:49,31,r/teenagers,32,2018-05-16 16:27:07,0,0,2,0
8judv0,2018-05-16 12:07:49,31,r/teenagers,33,2018-05-16 17:36:31,0,0,2,0
8judv0,2018-05-16 12:07:49,31,r/teenagers,34,2018-05-16 17:52:50,0,0,2,0
8judv0,2018-05-16 12:07:49,31,r/teenagers,35,2018-05-16 18:14:45,0,0,2,0
8judv0,2018-05-16 12:07:49,31,r/teenagers,36,2018-05-16 15:17:00,0,0,2,0
8judv0,2018-05-16 12:07:49,31,r/teenagers,37,2018-05-16 15:34:09,0,0,1,0
8judv0,2018-05-16 12:07:49,31,r/teenagers,38,2018-05-16 15:40:23,0,0,1,0
8judv0,2018-05-16 12:07:49,31,r/teenagers,39,2018-05-16 15:44:18,0,0,1,0
8judv0,2018-05-16 12:07:49,31,r/teenagers,40,2018-05-16 15:44:22,0,0,1,0
8judv0,2018-05-16 12:07:49,31,r/teenagers,41,2018-05-16 15:44:38,0,0,1,0
8judv0,2018-05-16 12:07:49,31,r/teenagers,42,2018-05-16 15:47:13,0,0,1,0
8judv0,2018-05-16 12:07:49,31,r/teenagers,43,2018-05-16 15:48:37,0,0,1,0
8judv0,2018-05-16 12:07:49,31,r/teenagers,44,2018-05-16 15:53:29,0,0,1,0
8judv0,2018-05-16 12:07:49,31,r/teenagers,45,2018-05-16 16:00:33,0,0,1,0
8judv0,2018-05-16 12:07:49,31,r/teenagers,46,2018-05-16 16:11:59,0,0,1,0
8judv0,2018-05-16 12:07:49,31,r/teenagers,47,2018-05-16 16:19:53,0,0,1,0
8judv0,2018-05-16 12:07:49,31,r/teenagers,48,2018-05-16 16:23:54,0,0,1,0
8judv0,2018-05-16 12:07:49,31,r/teenagers,49,2018-05-16 16:25:11,0,0,1,0
8judv0,2018-05-16 12:07:49,31,r/teenagers,50,2018-05-16 16:28:20,0,0,1,0
8judv0,2018-05-16 12:07:49,31,r/teenagers,51,2018-05-16 16:34:05,0,0,1,0
8judv0,2018-05-16 12:07:49,31,r/teenagers,52,2018-05-16 16:41:05,0,0,1,0
8judv0,2018-05-16 12:07:49,31,r/teenagers,53,2018-05-16 16:42:17,0,0,1,0
8judv0,2018-05-16 12:07:49,31,r/teenagers,54,2018-05-16 16:43:15,0,0,1,0
8judv0,2018-05-16 12:07:49,31,r/teenagers,55,2018-05-16 16:44:07,0,0,1,0
8judv0,2018-05-16 12:07:49,31,r/teenagers,56,2018-05-16 16:51:29,0,0,1,0
8judv0,2018-05-16 12:07:49,31,r/teenagers,57,2018-05-16 16:52:01,0,0,1,0
8judv0,2018-05-16 12:07:49,31,r/teenagers,58,2018-05-16 16:52:16,0,0,1,0
8judv0,2018-05-16 12:07:49,31,r/teenagers,59,2018-05-16 16:53:23,0,0,1,0
8judv0,2018-05-16 12:07:49,31,r/teenagers,60,2018-05-16 16:55:02,0,0,1,0
8judv0,2018-05-16 12:07:49,31,r/teenagers,61,2018-05-16 16:56:19,0,0,1,0
8judv0,2018-05-16 12:07:49,31,r/teenagers,62,2018-05-16 16:57:36,0,0,1,0
8judv0,2018-05-16 12:07:49,31,r/teenagers,63,2018-05-16 16:59:20,0,1,1,0
8judv0,2018-05-16 12:07:49,31,r/teenagers,63,2018-05-16 17:00:11,1,0,2,0
8judv0,2018-05-16 12:07:49,31,r/teenagers,64,2018-05-16 17:10:58,0,0,1,0
8judv0,2018-05-16 12:07:49,31,r/teenagers,65,2018-05-16 17:12:29,0,0,1,0
8judv0,2018-05-16 12:07:49,31,r/teenagers,66,2018-05-16 17:14:43,0,0,1,0
8judv0,2018-05-16 12:07:49,31,r/teenagers,67,2018-05-16 17:23:20,0,0,1,0
8judv0,2018-05-16 12:07:49,31,r/teenagers,68,2018-05-16 17:27:05,0,0,1,0
8judv0,2018-05-16 12:07:49,31,r/teenagers,69,2018-05-16 17:27:13,0,0,1,0
8judv0,2018-05-16 12:07:49,31,r/teenagers,70,2018-05-16 17:29:00,0,0,1,0
8judv0,2018-05-16 12:07:49,31,r/teenagers,71,2018-05-16 17:37:57,0,0,1,0
8judv0,2018-05-16 12:07:49,31,r/teenagers,72,2018-05-16 17:40:07,0,0,1,0
8judv0,2018-05-16 12:07:49,31,r/teenagers,73,2018-05-16 17:42:10,0,0,1,0
8judv0,2018-05-16 12:07:49,31,r/teenagers,74,2018-05-16 17:43:35,0,0,1,0
8judv0,2018-05-16 12:07:49,31,r/teenagers,75,2018-05-16 17:47:00,0,0,1,0
8judv0,2018-05-16 12:07:49,31,r/teenagers,76,2018-05-16 18:05:41,0,0,1,0
8judv0,2018-05-16 12:07:49,31,r/teenagers,77,2018-05-16 18:07:11,0,0,1,0
8judv0,2018-05-16 12:07:49,31,r/teenagers,78,2018-05-16 18:08:26,0,0,1,0
8judv0,2018-05-16 12:07:49,31,r/teenagers,79,2018-05-16 18:15:41,0,0,1,0
8judv0,2018-05-16 12:07:49,31,r/teenagers,80,2018-05-16 18:18:51,0,0,1,0
8judv0,2018-05-16 12:07:49,31,r/teenagers,81,2018-05-16 18:20:18,0,0,1,0
8judv0,2018-05-16 12:07:49,31,r/teenagers,82,2018-05-16 18:23:07,0,0,1,0
8judv0,2018-05-16 12:07:49,31,r/teenagers,83,2018-05-16 18:24:18,0,0,1,0
8judv0,2018-05-16 12:07:49,31,r/teenagers,84,2018-05-16 14:06:57,0,0,1,0
8judv0,2018-05-16 12:07:49,31,r/teenagers,85,2018-05-16 14:36:00,0,0,1,0
8judv0,2018-05-16 12:07:49,31,r/teenagers,86,2018-05-16 14:40:02,0,0,1,0
8judv0,2018-05-16 12:07:49,31,r/teenagers,87,2018-05-16 15:07:38,0,0,1,0
8judv0,2018-05-16 12:07:49,31,r/teenagers,88,2018-05-16 15:37:04,0,0,1,0
8judv0,2018-05-16 12:07:49,31,r/teenagers,89,2018-05-16 16:29:58,0,0,1,0
8judv0,2018-05-16 12:07:49,31,r/teenagers,90,2018-05-16 14:34:27,0,0,-1,0
8judv0,2018-05-16 12:07:49,31,r/teenagers,91,2018-05-16 14:57:13,0,0,0,0
8judv0,2018-05-16 12:07:49,31,r/teenagers,92,2018-05-16 15:44:08,0,0,0,0
8judv0,2018-05-16 12:07:49,31,r/teenagers,93,2018-05-16 16:27:22,0,0,0,0
8judv0,2018-05-16 12:07:49,31,r/teenagers,94,2018-05-16 15:05:41,0,0,-1,0
8judv0,2018-05-16 12:07:49,31,r/teenagers,95,2018-05-16 15:18:08,0,1,-1,0
8judv0,2018-05-16 12:07:49,31,r/teenagers,95,2018-05-16 17:58:20,1,0,1,0
8judv0,2018-05-16 12:07:49,31,r/teenagers,96,2018-05-16 17:05:52,0,0,-1,0
8judv0,2018-05-16 12:07:49,31,r/teenagers,97,2018-05-16 15:17:55,0,1,-5,0
8judv0,2018-05-16 12:07:49,31,r/teenagers,97,2018-05-16 18:23:21,1,0,1,0
8jvfic,2018-05-16 14:40:01,32,r/legaladvice,0,2018-05-16 16:45:31,0,0,1,0
8jvfic,2018-05-16 14:40:01,32,r/legaladvice,1,2018-05-16 14:40:01,0,0,1,0
8jtyre,2018-05-16 10:53:08,33,r/KeepOurNetFree,0,2018-05-16 11:44:49,0,12,1643,0
8jtyre,2018-05-16 10:53:08,33,r/KeepOurNetFree,0,2018-05-16 11:48:06,1,3,504,0
8jtyre,2018-05-16 10:53:08,33,r/KeepOurNetFree,0,2018-05-16 12:47:37,2,1,123,0
8jtyre,2018-05-16 10:53:08,33,r/KeepOurNetFree,0,2018-05-16 12:57:15,3,5,55,0
8jtyre,2018-05-16 10:53:08,33,r/KeepOurNetFree,0,2018-05-16 13:23:06,4,1,25,0
8jtyre,2018-05-16 10:53:08,33,r/KeepOurNetFree,0,2018-05-16 13:25:04,5,1,38,0
8jtyre,2018-05-16 10:53:08,33,r/KeepOurNetFree,0,2018-05-16 13:26:03,6,2,19,0
8jtyre,2018-05-16 10:53:08,33,r/KeepOurNetFree,0,2018-05-16 15:10:07,7,3,10,0
8jtyre,2018-05-16 10:53:08,33,r/KeepOurNetFree,0,2018-05-16 15:36:49,8,1,9,0
8jtyre,2018-05-16 10:53:08,33,r/KeepOurNetFree,0,2018-05-16 17:30:17,9,0,1,0
8jtyre,2018-05-16 10:53:08,33,r/KeepOurNetFree,0,2018-05-16 15:38:21,8,1,2,0
8jtyre,2018-05-16 10:53:08,33,r/KeepOurNetFree,0,2018-05-16 16:19:00,9,1,2,0
8jtyre,2018-05-16 10:53:08,33,r/KeepOurNetFree,0,2018-05-16 17:14:06,8,0,1,0
8jtyre,2018-05-16 10:53:08,33,r/KeepOurNetFree,0,2018-05-16 16:00:44,7,0,2,0
8jtyre,2018-05-16 10:53:08,33,r/KeepOurNetFree,0,2018-05-16 15:28:32,4,0,3,0
8jtyre,2018-05-16 10:53:08,33,r/KeepOurNetFree,0,2018-05-16 15:51:19,4,0,1,0
8jtyre,2018-05-16 10:53:08,33,r/KeepOurNetFree,0,2018-05-16 17:16:57,4,0,1,0
8jtyre,2018-05-16 10:53:08,33,r/KeepOurNetFree,0,2018-05-16 13:18:10,4,0,2,0
8jtyre,2018-05-16 10:53:08,33,r/KeepOurNetFree,0,2018-05-16 17:02:27,2,0,1,0
8jtyre,2018-05-16 10:53:08,33,r/KeepOurNetFree,0,2018-05-16 13:18:34,2,0,0,0
8jtyre,2018-05-16 10:53:08,33,r/KeepOurNetFree,0,2018-05-16 14:45:44,1,9,161,0
8jtyre,2018-05-16 10:53:08,33,r/KeepOurNetFree,0,2018-05-16 17:52:40,2,0,5,0
8jtyre,2018-05-16 10:53:08,33,r/KeepOurNetFree,0,2018-05-16 17:16:34,2,0,3,0
8jtyre,2018-05-16 10:53:08,33,r/KeepOurNetFree,0,2018-05-16 16:25:40,2,3,16,0
8jtyre,2018-05-16 10:53:08,33,r/KeepOurNetFree,0,2018-05-16 17:27:36,3,0,5,0
8jtyre,2018-05-16 10:53:08,33,r/KeepOurNetFree,0,2018-05-16 17:07:14,3,0,3,0
8jtyre,2018-05-16 10:53:08,33,r/KeepOurNetFree,0,2018-05-16 16:51:41,3,0,2,0
8jtyre,2018-05-16 10:53:08,33,r/KeepOurNetFree,0,2018-05-16 16:30:55,2,1,0,0
8jtyre,2018-05-16 10:53:08,33,r/KeepOurNetFree,0,2018-05-16 16:38:40,3,3,10,0
8jtyre,2018-05-16 10:53:08,33,r/KeepOurNetFree,0,2018-05-16 16:46:58,4,2,4,0
8jtyre,2018-05-16 10:53:08,33,r/KeepOurNetFree,0,2018-05-16 16:51:17,5,1,0,0
8jtyre,2018-05-16 10:53:08,33,r/KeepOurNetFree,0,2018-05-16 17:27:42,6,0,2,0
8jtyre,2018-05-16 10:53:08,33,r/KeepOurNetFree,0,2018-05-16 17:00:41,5,1,1,0
8jtyre,2018-05-16 10:53:08,33,r/KeepOurNetFree,0,2018-05-16 17:03:53,6,0,2,0
8jtyre,2018-05-16 10:53:08,33,r/KeepOurNetFree,0,2018-05-16 17:09:20,4,1,1,0
8jtyre,2018-05-16 10:53:08,33,r/KeepOurNetFree,0,2018-05-16 18:19:40,5,0,1,0
8jtyre,2018-05-16 10:53:08,33,r/KeepOurNetFree,0,2018-05-16 16:58:36,4,1,1,0
8jtyre,2018-05-16 10:53:08,33,r/KeepOurNetFree,0,2018-05-16 17:06:15,5,1,1,0
8jtyre,2018-05-16 10:53:08,33,r/KeepOurNetFree,0,2018-05-16 17:06:44,6,0,2,0
8jtyre,2018-05-16 10:53:08,33,r/KeepOurNetFree,0,2018-05-16 17:48:46,2,0,1,0
8jtyre,2018-05-16 10:53:08,33,r/KeepOurNetFree,0,2018-05-16 16:26:15,2,1,-2,0
8jtyre,2018-05-16 10:53:08,33,r/KeepOurNetFree,0,2018-05-16 16:29:59,3,1,2,0
8jtyre,2018-05-16 10:53:08,33,r/KeepOurNetFree,0,2018-05-16 16:37:35,4,1,-1,0
8jtyre,2018-05-16 10:53:08,33,r/KeepOurNetFree,0,2018-05-16 16:40:02,5,1,1,0
8jtyre,2018-05-16 10:53:08,33,r/KeepOurNetFree,0,2018-05-16 16:42:40,6,1,-1,0
8jtyre,2018-05-16 10:53:08,33,r/KeepOurNetFree,0,2018-05-16 16:48:29,7,1,3,0
8jtyre,2018-05-16 10:53:08,33,r/KeepOurNetFree,0,2018-05-16 16:52:45,8,1,0,0
8jtyre,2018-05-16 10:53:08,33,r/KeepOurNetFree,0,2018-05-16 16:56:02,9,1,3,0
8jtyre,2018-05-16 10:53:08,33,r/KeepOurNetFree,0,2018-05-16 14:53:10,2,3,-13,0
8jtyre,2018-05-16 10:53:08,33,r/KeepOurNetFree,0,2018-05-16 15:59:19,3,2,7,0
8jtyre,2018-05-16 10:53:08,33,r/KeepOurNetFree,0,2018-05-16 16:05:25,4,0,4,0
8jtyre,2018-05-16 10:53:08,33,r/KeepOurNetFree,0,2018-05-16 16:07:43,4,0,3,0
8jtyre,2018-05-16 10:53:08,33,r/KeepOurNetFree,0,2018-05-16 16:32:41,3,0,1,0
8jtyre,2018-05-16 10:53:08,33,r/KeepOurNetFree,0,2018-05-16 15:35:47,3,1,0,0
8jtyre,2018-05-16 10:53:08,33,r/KeepOurNetFree,0,2018-05-16 15:45:17,4,2,2,0
8jtyre,2018-05-16 10:53:08,33,r/KeepOurNetFree,0,2018-05-16 16:07:17,5,1,1,0
8jtyre,2018-05-16 10:53:08,33,r/KeepOurNetFree,0,2018-05-16 16:08:21,6,1,1,0
8jtyre,2018-05-16 10:53:08,33,r/KeepOurNetFree,0,2018-05-16 16:24:19,7,1,1,0
8jtyre,2018-05-16 10:53:08,33,r/KeepOurNetFree,0,2018-05-16 16:32:04,8,0,1,0
8jtyre,2018-05-16 10:53:08,33,r/KeepOurNetFree,0,2018-05-16 15:48:25,5,0,1,0
8jtyre,2018-05-16 10:53:08,33,r/KeepOurNetFree,0,2018-05-16 15:58:12,2,2,-13,0
8jtyre,2018-05-16 10:53:08,33,r/KeepOurNetFree,0,2018-05-16 16:00:34,3,2,8,0
8jtyre,2018-05-16 10:53:08,33,r/KeepOurNetFree,0,2018-05-16 16:01:42,4,1,-5,0
8jtyre,2018-05-16 10:53:08,33,r/KeepOurNetFree,0,2018-05-16 16:12:30,5,1,2,0
8jtyre,2018-05-16 10:53:08,33,r/KeepOurNetFree,0,2018-05-16 16:15:30,6,1,-4,0
8jtyre,2018-05-16 10:53:08,33,r/KeepOurNetFree,0,2018-05-16 16:17:31,7,0,2,0
8jtyre,2018-05-16 10:53:08,33,r/KeepOurNetFree,0,2018-05-16 17:26:35,4,0,0,0
8jtyre,2018-05-16 10:53:08,33,r/KeepOurNetFree,0,2018-05-16 16:02:23,3,1,3,0
8jtyre,2018-05-16 10:53:08,33,r/KeepOurNetFree,0,2018-05-16 16:03:51,4,0,-1,0
8jtyre,2018-05-16 10:53:08,33,r/KeepOurNetFree,0,2018-05-16 14:32:55,1,7,86,0
8jtyre,2018-05-16 10:53:08,33,r/KeepOurNetFree,0,2018-05-16 15:05:07,2,2,42,0
8jtyre,2018-05-16 10:53:08,33,r/KeepOurNetFree,0,2018-05-16 15:10:57,3,1,41,0
8jtyre,2018-05-16 10:53:08,33,r/KeepOurNetFree,0,2018-05-16 15:22:24,4,1,-10,0
8jtyre,2018-05-16 10:53:08,33,r/KeepOurNetFree,0,2018-05-16 15:34:33,5,1,-6,0
8jtyre,2018-05-16 10:53:08,33,r/KeepOurNetFree,0,2018-05-16 15:46:00,6,1,-8,0
8jtyre,2018-05-16 10:53:08,33,r/KeepOurNetFree,0,2018-05-16 16:20:15,7,1,3,0
8jtyre,2018-05-16 10:53:08,33,r/KeepOurNetFree,0,2018-05-16 16:24:14,8,2,-1,0
8jtyre,2018-05-16 10:53:08,33,r/KeepOurNetFree,0,2018-05-16 16:34:14,9,1,3,0
8jtyre,2018-05-16 10:53:08,33,r/KeepOurNetFree,0,2018-05-16 16:31:12,9,1,1,0
8jtyre,2018-05-16 10:53:08,33,r/KeepOurNetFree,0,2018-05-16 16:24:46,3,0,4,0
8jtyre,2018-05-16 10:53:08,33,r/KeepOurNetFree,0,2018-05-16 15:56:20,2,0,2,0
8jtyre,2018-05-16 10:53:08,33,r/KeepOurNetFree,0,2018-05-16 17:35:54,2,0,2,0
8jtyre,2018-05-16 10:53:08,33,r/KeepOurNetFree,0,2018-05-16 17:09:23,2,0,1,0
8jtyre,2018-05-16 10:53:08,33,r/KeepOurNetFree,0,2018-05-16 17:28:48,2,0,1,0
8jtyre,2018-05-16 10:53:08,33,r/KeepOurNetFree,0,2018-05-16 15:56:10,2,0,-2,0
8jtyre,2018-05-16 10:53:08,33,r/KeepOurNetFree,0,2018-05-16 15:29:57,1,0,1,0
8jtyre,2018-05-16 10:53:08,33,r/KeepOurNetFree,0,2018-05-16 15:41:23,1,0,1,0
8jtyre,2018-05-16 10:53:08,33,r/KeepOurNetFree,0,2018-05-16 16:38:34,1,0,1,0
8jtyre,2018-05-16 10:53:08,33,r/KeepOurNetFree,0,2018-05-16 16:56:27,1,0,1,0
8jtyre,2018-05-16 10:53:08,33,r/KeepOurNetFree,0,2018-05-16 17:18:43,1,0,1,0
8jtyre,2018-05-16 10:53:08,33,r/KeepOurNetFree,0,2018-05-16 17:55:56,1,0,1,0
8jtyre,2018-05-16 10:53:08,33,r/KeepOurNetFree,0,2018-05-16 17:56:09,1,0,1,0
8jtyre,2018-05-16 10:53:08,33,r/KeepOurNetFree,0,2018-05-16 18:14:35,1,0,1,0
8jtyre,2018-05-16 10:53:08,33,r/KeepOurNetFree,0,2018-05-16 14:26:13,1,0,-3,0
8jtyre,2018-05-16 10:53:08,33,r/KeepOurNetFree,1,2018-05-16 11:45:45,0,4,208,0
8jtyre,2018-05-16 10:53:08,33,r/KeepOurNetFree,1,2018-05-16 15:31:09,1,3,101,0
8jtyre,2018-05-16 10:53:08,33,r/KeepOurNetFree,1,2018-05-16 15:35:23,2,2,35,0
8jtyre,2018-05-16 10:53:08,33,r/KeepOurNetFree,1,2018-05-16 16:00:30,3,1,18,0
8jtyre,2018-05-16 10:53:08,33,r/KeepOurNetFree,1,2018-05-16 16:19:56,4,4,7,0
8jtyre,2018-05-16 10:53:08,33,r/KeepOurNetFree,1,2018-05-16 16:35:46,5,3,70,0
8jtyre,2018-05-16 10:53:08,33,r/KeepOurNetFree,1,2018-05-16 16:41:21,6,0,43,0
8jtyre,2018-05-16 10:53:08,33,r/KeepOurNetFree,1,2018-05-16 16:45:52,6,0,7,0
8jtyre,2018-05-16 10:53:08,33,r/KeepOurNetFree,1,2018-05-16 16:53:46,6,0,4,0
8jtyre,2018-05-16 10:53:08,33,r/KeepOurNetFree,1,2018-05-16 16:25:56,5,4,2,0
8jtyre,2018-05-16 10:53:08,33,r/KeepOurNetFree,1,2018-05-16 16:36:46,6,0,6,0
8jtyre,2018-05-16 10:53:08,33,r/KeepOurNetFree,1,2018-05-16 16:32:56,6,0,5,0
8jtyre,2018-05-16 10:53:08,33,r/KeepOurNetFree,1,2018-05-16 16:35:51,6,0,3,0
8jtyre,2018-05-16 10:53:08,33,r/KeepOurNetFree,1,2018-05-16 16:30:03,6,0,1,0
8jtyre,2018-05-16 10:53:08,33,r/KeepOurNetFree,1,2018-05-16 16:34:19,5,3,-2,0
8jtyre,2018-05-16 10:53:08,33,r/KeepOurNetFree,1,2018-05-16 16:40:24,6,1,3,0
8jtyre,2018-05-16 10:53:08,33,r/KeepOurNetFree,1,2018-05-16 16:41:21,7,0,6,0
8jtyre,2018-05-16 10:53:08,33,r/KeepOurNetFree,1,2018-05-16 16:39:52,6,1,1,0
8jtyre,2018-05-16 10:53:08,33,r/KeepOurNetFree,1,2018-05-16 16:41:42,7,0,1,0
8jtyre,2018-05-16 10:53:08,33,r/KeepOurNetFree,1,2018-05-16 16:46:11,6,0,1,0
8jtyre,2018-05-16 10:53:08,33,r/KeepOurNetFree,1,2018-05-16 16:01:02,3,0,5,0
8jtyre,2018-05-16 10:53:08,33,r/KeepOurNetFree,1,2018-05-16 16:30:46,2,1,15,0
8jtyre,2018-05-16 10:53:08,33,r/KeepOurNetFree,1,2018-05-16 16:33:01,3,0,7,0
8jtyre,2018-05-16 10:53:08,33,r/KeepOurNetFree,1,2018-05-16 16:28:30,2,1,10,0
8jtyre,2018-05-16 10:53:08,33,r/KeepOurNetFree,1,2018-05-16 16:47:13,3,1,3,0
8jtyre,2018-05-16 10:53:08,33,r/KeepOurNetFree,1,2018-05-16 17:26:58,4,0,3,0
8jtyre,2018-05-16 10:53:08,33,r/KeepOurNetFree,1,2018-05-16 14:45:11,1,2,23,0
8jtyre,2018-05-16 10:53:08,33,r/KeepOurNetFree,1,2018-05-16 14:45:17,2,0,8,0
8jtyre,2018-05-16 10:53:08,33,r/KeepOurNetFree,1,2018-05-16 15:04:13,2,1,-1,0
8jtyre,2018-05-16 10:53:08,33,r/KeepOurNetFree,1,2018-05-16 15:43:41,1,0,2,0
8jtyre,2018-05-16 10:53:08,33,r/KeepOurNetFree,2,2018-05-16 11:04:43,0,7,403,0
8jtyre,2018-05-16 10:53:08,33,r/KeepOurNetFree,2,2018-05-16 14:29:46,1,4,462,0
8jtyre,2018-05-16 10:53:08,33,r/KeepOurNetFree,2,2018-05-16 14:39:17,2,3,156,0
8jtyre,2018-05-16 10:53:08,33,r/KeepOurNetFree,2,2018-05-16 14:54:17,3,1,25,0
8jtyre,2018-05-16 10:53:08,33,r/KeepOurNetFree,2,2018-05-16 15:20:22,4,1,47,0
8jtyre,2018-05-16 10:53:08,33,r/KeepOurNetFree,2,2018-05-16 15:58:04,5,0,9,0
8jtyre,2018-05-16 10:53:08,33,r/KeepOurNetFree,2,2018-05-16 15:07:09,3,1,3,0
8jtyre,2018-05-16 10:53:08,33,r/KeepOurNetFree,2,2018-05-16 15:19:16,4,2,6,0
8jtyre,2018-05-16 10:53:08,33,r/KeepOurNetFree,2,2018-05-16 15:50:53,5,1,5,0
8jtyre,2018-05-16 10:53:08,33,r/KeepOurNetFree,2,2018-05-16 17:11:17,6,0,1,0
8jtyre,2018-05-16 10:53:08,33,r/KeepOurNetFree,2,2018-05-16 15:29:34,5,0,-1,0
8jtyre,2018-05-16 10:53:08,33,r/KeepOurNetFree,2,2018-05-16 16:47:05,3,0,2,0
8jtyre,2018-05-16 10:53:08,33,r/KeepOurNetFree,2,2018-05-16 14:51:17,2,1,10,0
8jtyre,2018-05-16 10:53:08,33,r/KeepOurNetFree,2,2018-05-16 16:52:48,3,0,1,0
8jtyre,2018-05-16 10:53:08,33,r/KeepOurNetFree,2,2018-05-16 16:13:10,2,0,3,0
8jtyre,2018-05-16 10:53:08,33,r/KeepOurNetFree,2,2018-05-16 13:41:41,1,0,65,0
8jtyre,2018-05-16 10:53:08,33,r/KeepOurNetFree,2,2018-05-16 15:56:32,1,1,18,0
8jtyre,2018-05-16 10:53:08,33,r/KeepOurNetFree,2,2018-05-16 16:09:21,2,3,12,0
8jtyre,2018-05-16 10:53:08,33,r/KeepOurNetFree,2,2018-05-16 16:26:41,3,2,22,0
8jtyre,2018-05-16 10:53:08,33,r/KeepOurNetFree,2,2018-05-16 17:23:13,4,0,2,0
8jtyre,2018-05-16 10:53:08,33,r/KeepOurNetFree,2,2018-05-16 17:33:05,4,0,1,0
8jtyre,2018-05-16 10:53:08,33,r/KeepOurNetFree,2,2018-05-16 16:20:53,3,0,10,0
8jtyre,2018-05-16 10:53:08,33,r/KeepOurNetFree,2,2018-05-16 17:34:24,3,0,0,0
8jtyre,2018-05-16 10:53:08,33,r/KeepOurNetFree,2,2018-05-16 16:25:56,1,1,6,0
8jtyre,2018-05-16 10:53:08,33,r/KeepOurNetFree,2,2018-05-16 16:26:18,2,2,10,0
8jtyre,2018-05-16 10:53:08,33,r/KeepOurNetFree,2,2018-05-16 16:47:07,3,1,2,0
8jtyre,2018-05-16 10:53:08,33,r/KeepOurNetFree,2,2018-05-16 16:47:12,4,0,1,0
8jtyre,2018-05-16 10:53:08,33,r/KeepOurNetFree,2,2018-05-16 16:47:51,3,0,1,0
8jtyre,2018-05-16 10:53:08,33,r/KeepOurNetFree,2,2018-05-16 17:18:37,1,0,1,0
8jtyre,2018-05-16 10:53:08,33,r/KeepOurNetFree,2,2018-05-16 18:06:57,1,0,1,0
8jtyre,2018-05-16 10:53:08,33,r/KeepOurNetFree,2,2018-05-16 16:46:07,1,0,-2,0
8jtyre,2018-05-16 10:53:08,33,r/KeepOurNetFree,3,2018-05-16 15:02:30,0,2,107,0
8jtyre,2018-05-16 10:53:08,33,r/KeepOurNetFree,3,2018-05-16 16:30:36,1,0,11,0
8jtyre,2018-05-16 10:53:08,33,r/KeepOurNetFree,3,2018-05-16 16:52:58,1,0,5,0
8jtyre,2018-05-16 10:53:08,33,r/KeepOurNetFree,4,2018-05-16 16:16:21,0,5,77,0
8jtyre,2018-05-16 10:53:08,33,r/KeepOurNetFree,4,2018-05-16 16:17:24,1,1,12,0
8jtyre,2018-05-16 10:53:08,33,r/KeepOurNetFree,4,2018-05-16 16:19:21,2,1,16,0
8jtyre,2018-05-16 10:53:08,33,r/KeepOurNetFree,4,2018-05-16 16:24:50,3,1,5,0
8jtyre,2018-05-16 10:53:08,33,r/KeepOurNetFree,4,2018-05-16 16:26:03,4,1,4,0
8jtyre,2018-05-16 10:53:08,33,r/KeepOurNetFree,4,2018-05-16 16:27:33,5,2,1,0
8jtyre,2018-05-16 10:53:08,33,r/KeepOurNetFree,4,2018-05-16 16:31:12,6,0,1,0
8jtyre,2018-05-16 10:53:08,33,r/KeepOurNetFree,4,2018-05-16 16:29:04,6,0,0,0
8jtyre,2018-05-16 10:53:08,33,r/KeepOurNetFree,4,2018-05-16 16:27:45,1,0,1,0
8jtyre,2018-05-16 10:53:08,33,r/KeepOurNetFree,4,2018-05-16 16:34:03,1,0,1,0
8jtyre,2018-05-16 10:53:08,33,r/KeepOurNetFree,4,2018-05-16 16:42:18,1,0,1,0
8jtyre,2018-05-16 10:53:08,33,r/KeepOurNetFree,4,2018-05-16 17:44:22,1,0,0,0
8jtyre,2018-05-16 10:53:08,33,r/KeepOurNetFree,5,2018-05-16 15:00:27,0,2,30,0
8jtyre,2018-05-16 10:53:08,33,r/KeepOurNetFree,5,2018-05-16 16:55:45,1,1,21,0
8jtyre,2018-05-16 10:53:08,33,r/KeepOurNetFree,5,2018-05-16 16:57:35,2,0,17,0
8jtyre,2018-05-16 10:53:08,33,r/KeepOurNetFree,5,2018-05-16 16:52:36,1,0,5,0
8jtyre,2018-05-16 10:53:08,33,r/KeepOurNetFree,6,2018-05-16 15:10:01,0,1,82,0
8jtyre,2018-05-16 10:53:08,33,r/KeepOurNetFree,6,2018-05-16 16:19:27,1,2,-16,0
8jtyre,2018-05-16 10:53:08,33,r/KeepOurNetFree,6,2018-05-16 16:36:55,2,1,8,0
8jtyre,2018-05-16 10:53:08,33,r/KeepOurNetFree,6,2018-05-16 17:41:33,3,1,2,0
8jtyre,2018-05-16 10:53:08,33,r/KeepOurNetFree,6,2018-05-16 17:44:46,4,0,2,0
8jtyre,2018-05-16 10:53:08,33,r/KeepOurNetFree,6,2018-05-16 17:13:21,2,0,5,0
8jtyre,2018-05-16 10:53:08,33,r/KeepOurNetFree,7,2018-05-16 11:20:17,0,8,200,0
8jtyre,2018-05-16 10:53:08,33,r/KeepOurNetFree,7,2018-05-16 11:38:40,1,2,99,0
8jtyre,2018-05-16 10:53:08,33,r/KeepOurNetFree,7,2018-05-16 13:25:24,2,1,69,0
8jtyre,2018-05-16 10:53:08,33,r/KeepOurNetFree,7,2018-05-16 13:30:26,3,1,59,0
8jtyre,2018-05-16 10:53:08,33,r/KeepOurNetFree,7,2018-05-16 14:05:57,4,1,27,0
8jtyre,2018-05-16 10:53:08,33,r/KeepOurNetFree,7,2018-05-16 17:05:24,2,0,2,0
8jtyre,2018-05-16 10:53:08,33,r/KeepOurNetFree,7,2018-05-16 13:09:40,1,1,14,0
8jtyre,2018-05-16 10:53:08,33,r/KeepOurNetFree,7,2018-05-16 14:19:07,2,1,42,0
8jtyre,2018-05-16 10:53:08,33,r/KeepOurNetFree,7,2018-05-16 15:55:39,3,1,10,0
8jtyre,2018-05-16 10:53:08,33,r/KeepOurNetFree,7,2018-05-16 16:12:40,4,1,3,0
8jtyre,2018-05-16 10:53:08,33,r/KeepOurNetFree,7,2018-05-16 16:16:12,5,0,4,0
8jtyre,2018-05-16 10:53:08,33,r/KeepOurNetFree,7,2018-05-16 13:32:24,1,1,6,0
8jtyre,2018-05-16 10:53:08,33,r/KeepOurNetFree,7,2018-05-16 17:47:13,2,0,2,0
8jtyre,2018-05-16 10:53:08,33,r/KeepOurNetFree,7,2018-05-16 15:15:50,1,1,2,0
8jtyre,2018-05-16 10:53:08,33,r/KeepOurNetFree,7,2018-05-16 16:43:37,2,0,4,0
8jtyre,2018-05-16 10:53:08,33,r/KeepOurNetFree,7,2018-05-16 14:55:47,1,0,2,0
8jtyre,2018-05-16 10:53:08,33,r/KeepOurNetFree,7,2018-05-16 15:58:32,1,0,1,0
8jtyre,2018-05-16 10:53:08,33,r/KeepOurNetFree,7,2018-05-16 16:40:54,1,0,1,0
8jtyre,2018-05-16 10:53:08,33,r/KeepOurNetFree,7,2018-05-16 17:03:40,1,0,1,0
8jtyre,2018-05-16 10:53:08,33,r/KeepOurNetFree,8,2018-05-16 13:42:13,0,4,72,0
8jtyre,2018-05-16 10:53:08,33,r/KeepOurNetFree,8,2018-05-16 14:49:57,1,0,22,0
8jtyre,2018-05-16 10:53:08,33,r/KeepOurNetFree,8,2018-05-16 15:31:35,1,1,16,0
8jtyre,2018-05-16 10:53:08,33,r/KeepOurNetFree,8,2018-05-16 16:14:57,2,0,9,0
8jtyre,2018-05-16 10:53:08,33,r/KeepOurNetFree,8,2018-05-16 16:05:25,1,1,-2,0
8jtyre,2018-05-16 10:53:08,33,r/KeepOurNetFree,8,2018-05-16 16:18:23,2,0,2,0
8jtyre,2018-05-16 10:53:08,33,r/KeepOurNetFree,9,2018-05-16 12:47:07,0,3,85,0
8jtyre,2018-05-16 10:53:08,33,r/KeepOurNetFree,9,2018-05-16 14:48:58,1,0,16,0
8jtyre,2018-05-16 10:53:08,33,r/KeepOurNetFree,9,2018-05-16 15:53:25,1,0,-5,0
8jtyre,2018-05-16 10:53:08,33,r/KeepOurNetFree,10,2018-05-16 15:43:24,0,1,12,0
8jtyre,2018-05-16 10:53:08,33,r/KeepOurNetFree,10,2018-05-16 16:22:02,1,0,4,0
8jtyre,2018-05-16 10:53:08,33,r/KeepOurNetFree,11,2018-05-16 13:49:55,0,3,94,0
8jtyre,2018-05-16 10:53:08,33,r/KeepOurNetFree,11,2018-05-16 16:33:36,1,1,-3,0
8jtyre,2018-05-16 10:53:08,33,r/KeepOurNetFree,11,2018-05-16 16:51:15,2,0,-1,0
8jtyre,2018-05-16 10:53:08,33,r/KeepOurNetFree,11,2018-05-16 14:30:56,1,5,-96,0
8jtyre,2018-05-16 10:53:08,33,r/KeepOurNetFree,11,2018-05-16 14:35:40,2,1,69,0
8jtyre,2018-05-16 10:53:08,33,r/KeepOurNetFree,11,2018-05-16 14:44:45,2,1,11,0
8jtyre,2018-05-16 10:53:08,33,r/KeepOurNetFree,11,2018-05-16 16:19:39,2,1,5,0
8jtyre,2018-05-16 10:53:08,33,r/KeepOurNetFree,11,2018-05-16 15:14:48,2,1,2,0
8jtyre,2018-05-16 10:53:08,33,r/KeepOurNetFree,11,2018-05-16 15:56:17,2,1,1,0
8jtyre,2018-05-16 10:53:08,33,r/KeepOurNetFree,11,2018-05-16 16:05:41,3,0,1,0
8jtyre,2018-05-16 10:53:08,33,r/KeepOurNetFree,12,2018-05-16 16:30:33,0,1,15,0
8jtyre,2018-05-16 10:53:08,33,r/KeepOurNetFree,12,2018-05-16 18:22:33,1,0,1,0
8jtyre,2018-05-16 10:53:08,33,r/KeepOurNetFree,13,2018-05-16 14:31:33,0,1,28,0
8jtyre,2018-05-16 10:53:08,33,r/KeepOurNetFree,13,2018-05-16 16:10:21,1,0,4,0
8jtyre,2018-05-16 10:53:08,33,r/KeepOurNetFree,14,2018-05-16 13:59:39,0,3,53,0
8jtyre,2018-05-16 10:53:08,33,r/KeepOurNetFree,14,2018-05-16 14:06:50,1,1,31,0
8jtyre,2018-05-16 10:53:08,33,r/KeepOurNetFree,14,2018-05-16 14:58:11,2,1,13,0
8jtyre,2018-05-16 10:53:08,33,r/KeepOurNetFree,14,2018-05-16 15:19:50,3,3,15,0
8jtyre,2018-05-16 10:53:08,33,r/KeepOurNetFree,14,2018-05-16 16:05:40,4,1,5,0
8jtyre,2018-05-16 10:53:08,33,r/KeepOurNetFree,14,2018-05-16 16:06:49,4,0,3,0
8jtyre,2018-05-16 10:53:08,33,r/KeepOurNetFree,14,2018-05-16 18:19:07,4,0,1,0
8jtyre,2018-05-16 10:53:08,33,r/KeepOurNetFree,14,2018-05-16 15:56:28,1,0,0,0
8jtyre,2018-05-16 10:53:08,33,r/KeepOurNetFree,15,2018-05-16 16:31:34,0,1,16,0
8jtyre,2018-05-16 10:53:08,33,r/KeepOurNetFree,15,2018-05-16 16:32:40,1,0,8,0
8jtyre,2018-05-16 10:53:08,33,r/KeepOurNetFree,16,2018-05-16 17:18:31,0,1,18,0
8jtyre,2018-05-16 10:53:08,33,r/KeepOurNetFree,16,2018-05-16 17:53:02,1,1,6,0
8jtyre,2018-05-16 10:53:08,33,r/KeepOurNetFree,16,2018-05-16 18:04:58,2,0,2,0
8jtyre,2018-05-16 10:53:08,33,r/KeepOurNetFree,17,2018-05-16 16:30:22,0,0,8,0
8jtyre,2018-05-16 10:53:08,33,r/KeepOurNetFree,18,2018-05-16 16:54:47,0,0,7,0
8jtyre,2018-05-16 10:53:08,33,r/KeepOurNetFree,19,2018-05-16 15:39:19,0,1,14,0
8jtyre,2018-05-16 10:53:08,33,r/KeepOurNetFree,19,2018-05-16 16:04:39,1,0,3,0
8jtyre,2018-05-16 10:53:08,33,r/KeepOurNetFree,20,2018-05-16 17:18:22,0,0,7,0
8jtyre,2018-05-16 10:53:08,33,r/KeepOurNetFree,21,2018-05-16 11:20:36,0,1,25,0
8jtyre,2018-05-16 10:53:08,33,r/KeepOurNetFree,21,2018-05-16 15:26:29,1,2,-6,0
8jtyre,2018-05-16 10:53:08,33,r/KeepOurNetFree,21,2018-05-16 15:29:38,2,1,8,0
8jtyre,2018-05-16 10:53:08,33,r/KeepOurNetFree,21,2018-05-16 15:38:51,3,0,0,0
8jtyre,2018-05-16 10:53:08,33,r/KeepOurNetFree,21,2018-05-16 15:34:23,2,1,5,0
8jtyre,2018-05-16 10:53:08,33,r/KeepOurNetFree,21,2018-05-16 15:40:41,3,1,-2,0
8jtyre,2018-05-16 10:53:08,33,r/KeepOurNetFree,21,2018-05-16 15:47:29,4,0,5,0
8jtyre,2018-05-16 10:53:08,33,r/KeepOurNetFree,22,2018-05-16 16:32:16,0,2,12,0
8jtyre,2018-05-16 10:53:08,33,r/KeepOurNetFree,22,2018-05-16 16:37:00,1,0,13,0
8jtyre,2018-05-16 10:53:08,33,r/KeepOurNetFree,22,2018-05-16 16:35:05,1,1,7,0
8jtyre,2018-05-16 10:53:08,33,r/KeepOurNetFree,22,2018-05-16 16:41:43,2,2,6,0
8jtyre,2018-05-16 10:53:08,33,r/KeepOurNetFree,22,2018-05-16 16:58:01,3,0,3,0
8jtyre,2018-05-16 10:53:08,33,r/KeepOurNetFree,22,2018-05-16 16:57:13,3,0,-2,0
8jtyre,2018-05-16 10:53:08,33,r/KeepOurNetFree,23,2018-05-16 15:03:04,0,1,4,0
8jtyre,2018-05-16 10:53:08,33,r/KeepOurNetFree,23,2018-05-16 15:09:58,1,1,11,0
8jtyre,2018-05-16 10:53:08,33,r/KeepOurNetFree,23,2018-05-16 15:17:37,2,0,5,0
8jtyre,2018-05-16 10:53:08,33,r/KeepOurNetFree,24,2018-05-16 16:35:13,0,0,7,0
8jtyre,2018-05-16 10:53:08,33,r/KeepOurNetFree,25,2018-05-16 16:38:24,0,0,5,0
8jtyre,2018-05-16 10:53:08,33,r/KeepOurNetFree,26,2018-05-16 14:15:57,0,1,16,0
8jtyre,2018-05-16 10:53:08,33,r/KeepOurNetFree,26,2018-05-16 16:00:47,1,1,3,0
8jtyre,2018-05-16 10:53:08,33,r/KeepOurNetFree,26,2018-05-16 16:45:58,2,1,1,0
8jtyre,2018-05-16 10:53:08,33,r/KeepOurNetFree,26,2018-05-16 16:58:40,3,1,1,0
8jtyre,2018-05-16 10:53:08,33,r/KeepOurNetFree,26,2018-05-16 17:04:37,4,1,2,0
8jtyre,2018-05-16 10:53:08,33,r/KeepOurNetFree,26,2018-05-16 17:17:18,5,0,1,0
8jtyre,2018-05-16 10:53:08,33,r/KeepOurNetFree,27,2018-05-16 16:47:01,0,1,16,0
8jtyre,2018-05-16 10:53:08,33,r/KeepOurNetFree,27,2018-05-16 18:21:09,1,0,1,0
8jtyre,2018-05-16 10:53:08,33,r/KeepOurNetFree,28,2018-05-16 15:35:34,0,0,5,0
8jtyre,2018-05-16 10:53:08,33,r/KeepOurNetFree,29,2018-05-16 17:30:24,0,1,5,0
8jtyre,2018-05-16 10:53:08,33,r/KeepOurNetFree,29,2018-05-16 17:33:10,1,1,9,0
8jtyre,2018-05-16 10:53:08,33,r/KeepOurNetFree,29,2018-05-16 17:38:47,2,0,8,0
8jtyre,2018-05-16 10:53:08,33,r/KeepOurNetFree,30,2018-05-16 17:47:43,0,0,4,0
8jtyre,2018-05-16 10:53:08,33,r/KeepOurNetFree,31,2018-05-16 15:29:27,0,1,9,0
8jtyre,2018-05-16 10:53:08,33,r/KeepOurNetFree,31,2018-05-16 16:09:10,1,0,3,0
8jtyre,2018-05-16 10:53:08,33,r/KeepOurNetFree,32,2018-05-16 16:05:25,0,0,4,0
8jtyre,2018-05-16 10:53:08,33,r/KeepOurNetFree,33,2018-05-16 16:16:54,0,2,4,0
8jtyre,2018-05-16 10:53:08,33,r/KeepOurNetFree,33,2018-05-16 16:26:33,1,1,1,0
8jtyre,2018-05-16 10:53:08,33,r/KeepOurNetFree,33,2018-05-16 16:30:29,2,0,1,0
8jtyre,2018-05-16 10:53:08,33,r/KeepOurNetFree,33,2018-05-16 17:01:19,1,0,1,0
8jtyre,2018-05-16 10:53:08,33,r/KeepOurNetFree,34,2018-05-16 16:27:00,0,0,4,0
8jtyre,2018-05-16 10:53:08,33,r/KeepOurNetFree,35,2018-05-16 16:27:05,0,0,4,0
8jtyre,2018-05-16 10:53:08,33,r/KeepOurNetFree,36,2018-05-16 16:31:12,0,0,5,0
8jtyre,2018-05-16 10:53:08,33,r/KeepOurNetFree,37,2018-05-16 17:21:49,0,0,5,0
8jtyre,2018-05-16 10:53:08,33,r/KeepOurNetFree,38,2018-05-16 16:30:44,0,1,7,0
8jtyre,2018-05-16 10:53:08,33,r/KeepOurNetFree,38,2018-05-16 16:31:12,1,0,5,0
8jtyre,2018-05-16 10:53:08,33,r/KeepOurNetFree,39,2018-05-16 16:44:54,0,1,6,0
8jtyre,2018-05-16 10:53:08,33,r/KeepOurNetFree,39,2018-05-16 16:56:58,1,1,1,0
8jtyre,2018-05-16 10:53:08,33,r/KeepOurNetFree,39,2018-05-16 17:06:27,2,1,4,0
8jtyre,2018-05-16 10:53:08,33,r/KeepOurNetFree,39,2018-05-16 17:49:50,3,0,1,0
8jtyre,2018-05-16 10:53:08,33,r/KeepOurNetFree,40,2018-05-16 14:44:54,0,4,28,0
8jtyre,2018-05-16 10:53:08,33,r/KeepOurNetFree,40,2018-05-16 14:52:45,1,2,29,0
8jtyre,2018-05-16 10:53:08,33,r/KeepOurNetFree,40,2018-05-16 15:48:41,2,0,5,0
8jtyre,2018-05-16 10:53:08,33,r/KeepOurNetFree,40,2018-05-16 16:03:44,2,1,1,0
8jtyre,2018-05-16 10:53:08,33,r/KeepOurNetFree,40,2018-05-16 16:49:54,3,2,5,0
8jtyre,2018-05-16 10:53:08,33,r/KeepOurNetFree,40,2018-05-16 16:53:10,4,2,7,0
8jtyre,2018-05-16 10:53:08,33,r/KeepOurNetFree,40,2018-05-16 16:54:03,5,0,1,0
8jtyre,2018-05-16 10:53:08,33,r/KeepOurNetFree,40,2018-05-16 17:34:15,5,0,1,0
8jtyre,2018-05-16 10:53:08,33,r/KeepOurNetFree,40,2018-05-16 16:50:13,4,0,2,0
8jtyre,2018-05-16 10:53:08,33,r/KeepOurNetFree,40,2018-05-16 16:51:18,1,1,5,0
8jtyre,2018-05-16 10:53:08,33,r/KeepOurNetFree,40,2018-05-16 16:53:21,2,1,-3,0
8jtyre,2018-05-16 10:53:08,33,r/KeepOurNetFree,40,2018-05-16 16:57:10,3,1,6,0
8jtyre,2018-05-16 10:53:08,33,r/KeepOurNetFree,40,2018-05-16 17:09:07,4,1,-3,0
8jtyre,2018-05-16 10:53:08,33,r/KeepOurNetFree,40,2018-05-16 17:23:09,5,0,6,0
8jtyre,2018-05-16 10:53:08,33,r/KeepOurNetFree,40,2018-05-16 16:04:18,1,1,3,0
8jtyre,2018-05-16 10:53:08,33,r/KeepOurNetFree,40,2018-05-16 16:13:28,2,0,5,0
8jtyre,2018-05-16 10:53:08,33,r/KeepOurNetFree,40,2018-05-16 17:50:55,1,0,2,0
8jtyre,2018-05-16 10:53:08,33,r/KeepOurNetFree,41,2018-05-16 16:30:19,0,1,11,0
8jtyre,2018-05-16 10:53:08,33,r/KeepOurNetFree,41,2018-05-16 16:35:22,1,1,15,0
8jtyre,2018-05-16 10:53:08,33,r/KeepOurNetFree,41,2018-05-16 17:42:43,2,1,1,0
8jtyre,2018-05-16 10:53:08,33,r/KeepOurNetFree,41,2018-05-16 17:49:52,3,0,1,0
8jtyre,2018-05-16 10:53:08,33,r/KeepOurNetFree,42,2018-05-16 15:56:26,0,0,2,0
8jtyre,2018-05-16 10:53:08,33,r/KeepOurNetFree,43,2018-05-16 16:26:00,0,3,3,0
8jtyre,2018-05-16 10:53:08,33,r/KeepOurNetFree,43,2018-05-16 16:27:03,1,0,4,0
8jtyre,2018-05-16 10:53:08,33,r/KeepOurNetFree,43,2018-05-16 16:27:26,1,0,4,0
8jtyre,2018-05-16 10:53:08,33,r/KeepOurNetFree,43,2018-05-16 16:26:47,1,0,2,0
8jtyre,2018-05-16 10:53:08,33,r/KeepOurNetFree,44,2018-05-16 16:27:04,0,5,3,0
8jtyre,2018-05-16 10:53:08,33,r/KeepOurNetFree,44,2018-05-16 16:28:48,1,0,3,0
8jtyre,2018-05-16 10:53:08,33,r/KeepOurNetFree,44,2018-05-16 16:28:13,1,0,2,0
8jtyre,2018-05-16 10:53:08,33,r/KeepOurNetFree,44,2018-05-16 16:28:54,1,0,2,0
8jtyre,2018-05-16 10:53:08,33,r/KeepOurNetFree,44,2018-05-16 16:30:53,1,0,2,0
8jtyre,2018-05-16 10:53:08,33,r/KeepOurNetFree,44,2018-05-16 16:28:27,1,0,1,0
8jtyre,2018-05-16 10:53:08,33,r/KeepOurNetFree,45,2018-05-16 16:34:48,0,1,3,0
8jtyre,2018-05-16 10:53:08,33,r/KeepOurNetFree,45,2018-05-16 17:48:28,1,0,1,0
8jtyre,2018-05-16 10:53:08,33,r/KeepOurNetFree,46,2018-05-16 16:57:30,0,2,3,0
8jtyre,2018-05-16 10:53:08,33,r/KeepOurNetFree,46,2018-05-16 17:02:00,1,0,11,0
8jtyre,2018-05-16 10:53:08,33,r/KeepOurNetFree,46,2018-05-16 17:01:13,1,0,2,0
8jtyre,2018-05-16 10:53:08,33,r/KeepOurNetFree,47,2018-05-16 18:19:32,0,0,3,0
8jtyre,2018-05-16 10:53:08,33,r/KeepOurNetFree,48,2018-05-16 18:24:26,0,0,3,0
8jtyre,2018-05-16 10:53:08,33,r/KeepOurNetFree,49,2018-05-16 16:49:06,0,0,7,0
8jtyre,2018-05-16 10:53:08,33,r/KeepOurNetFree,50,2018-05-16 15:41:37,0,0,5,0
8jtyre,2018-05-16 10:53:08,33,r/KeepOurNetFree,51,2018-05-16 15:48:09,0,1,4,0
8jtyre,2018-05-16 10:53:08,33,r/KeepOurNetFree,51,2018-05-16 16:00:08,1,0,-3,0
8jtyre,2018-05-16 10:53:08,33,r/KeepOurNetFree,52,2018-05-16 16:31:02,0,0,6,0
8jtyre,2018-05-16 10:53:08,33,r/KeepOurNetFree,53,2018-05-16 17:31:20,0,0,5,0
8jtyre,2018-05-16 10:53:08,33,r/KeepOurNetFree,54,2018-05-16 18:14:11,0,0,5,0
8jtyre,2018-05-16 10:53:08,33,r/KeepOurNetFree,55,2018-05-16 15:18:19,0,0,5,0
8jtyre,2018-05-16 10:53:08,33,r/KeepOurNetFree,56,2018-05-16 16:40:49,0,1,5,0
8jtyre,2018-05-16 10:53:08,33,r/KeepOurNetFree,56,2018-05-16 16:44:33,1,0,3,0
8jtyre,2018-05-16 10:53:08,33,r/KeepOurNetFree,57,2018-05-16 16:48:35,0,0,6,0
8jtyre,2018-05-16 10:53:08,33,r/KeepOurNetFree,58,2018-05-16 16:37:20,0,2,5,0
8jtyre,2018-05-16 10:53:08,33,r/KeepOurNetFree,58,2018-05-16 16:43:20,1,0,5,0
8jtyre,2018-05-16 10:53:08,33,r/KeepOurNetFree,58,2018-05-16 16:52:55,1,0,2,0
8jtyre,2018-05-16 10:53:08,33,r/KeepOurNetFree,59,2018-05-16 16:30:30,0,0,2,0
8jtyre,2018-05-16 10:53:08,33,r/KeepOurNetFree,60,2018-05-16 15:31:32,0,1,3,0
8jtyre,2018-05-16 10:53:08,33,r/KeepOurNetFree,60,2018-05-16 17:10:43,1,1,1,0
8jtyre,2018-05-16 10:53:08,33,r/KeepOurNetFree,60,2018-05-16 17:47:56,2,0,1,0
8jtyre,2018-05-16 10:53:08,33,r/KeepOurNetFree,61,2018-05-16 14:05:55,0,2,6,0
8jtyre,2018-05-16 10:53:08,33,r/KeepOurNetFree,61,2018-05-16 14:26:45,1,1,-1,0
8jtyre,2018-05-16 10:53:08,33,r/KeepOurNetFree,61,2018-05-16 14:34:53,2,1,7,0
8jtyre,2018-05-16 10:53:08,33,r/KeepOurNetFree,61,2018-05-16 14:50:40,3,1,-18,0
8jtyre,2018-05-16 10:53:08,33,r/KeepOurNetFree,61,2018-05-16 15:48:17,4,0,4,0
8jtyre,2018-05-16 10:53:08,33,r/KeepOurNetFree,61,2018-05-16 16:13:06,1,0,0,0
8jtyre,2018-05-16 10:53:08,33,r/KeepOurNetFree,62,2018-05-16 17:21:29,0,1,4,0
8jtyre,2018-05-16 10:53:08,33,r/KeepOurNetFree,62,2018-05-16 17:23:41,1,1,7,0
8jtyre,2018-05-16 10:53:08,33,r/KeepOurNetFree,62,2018-05-16 17:31:13,2,2,3,0
8jtyre,2018-05-16 10:53:08,33,r/KeepOurNetFree,62,2018-05-16 18:01:59,3,0,3,0
8jtyre,2018-05-16 10:53:08,33,r/KeepOurNetFree,62,2018-05-16 18:19:14,3,0,1,0
8jtyre,2018-05-16 10:53:08,33,r/KeepOurNetFree,63,2018-05-16 13:43:55,0,0,4,0
8jtyre,2018-05-16 10:53:08,33,r/KeepOurNetFree,64,2018-05-16 16:41:38,0,0,3,0
8jtyre,2018-05-16 10:53:08,33,r/KeepOurNetFree,65,2018-05-16 15:18:51,0,1,3,0
8jtyre,2018-05-16 10:53:08,33,r/KeepOurNetFree,65,2018-05-16 18:03:06,1,0,2,0
8jtyre,2018-05-16 10:53:08,33,r/KeepOurNetFree,66,2018-05-16 18:08:21,0,0,2,0
8jtyre,2018-05-16 10:53:08,33,r/KeepOurNetFree,67,2018-05-16 14:20:42,0,0,2,0
8jtyre,2018-05-16 10:53:08,33,r/KeepOurNetFree,68,2018-05-16 16:57:05,0,0,2,0
8jtyre,2018-05-16 10:53:08,33,r/KeepOurNetFree,69,2018-05-16 15:38:23,0,0,1,0
8jtyre,2018-05-16 10:53:08,33,r/KeepOurNetFree,70,2018-05-16 14:30:51,0,0,-4,0
8jtyre,2018-05-16 10:53:08,33,r/KeepOurNetFree,71,2018-05-16 13:47:43,0,6,-7,0
8jtyre,2018-05-16 10:53:08,33,r/KeepOurNetFree,71,2018-05-16 13:55:34,1,0,21,0
8jtyre,2018-05-16 10:53:08,33,r/KeepOurNetFree,71,2018-05-16 14:18:24,1,0,7,0
8jtyre,2018-05-16 10:53:08,33,r/KeepOurNetFree,71,2018-05-16 15:13:01,1,0,2,0
8jtyre,2018-05-16 10:53:08,33,r/KeepOurNetFree,71,2018-05-16 14:15:18,1,3,1,0
8jtyre,2018-05-16 10:53:08,33,r/KeepOurNetFree,71,2018-05-16 15:46:42,2,0,4,0
8jtyre,2018-05-16 10:53:08,33,r/KeepOurNetFree,71,2018-05-16 17:53:45,2,0,2,0
8jtyre,2018-05-16 10:53:08,33,r/KeepOurNetFree,71,2018-05-16 16:36:30,2,1,4,0
8jtyre,2018-05-16 10:53:08,33,r/KeepOurNetFree,71,2018-05-16 17:50:09,3,0,2,0
8jtyre,2018-05-16 10:53:08,33,r/KeepOurNetFree,71,2018-05-16 17:54:26,1,0,1,0
8jtyre,2018-05-16 10:53:08,33,r/KeepOurNetFree,71,2018-05-16 14:20:31,1,3,-1,0
8jtyre,2018-05-16 10:53:08,33,r/KeepOurNetFree,71,2018-05-16 14:49:14,2,2,12,0
8jtyre,2018-05-16 10:53:08,33,r/KeepOurNetFree,71,2018-05-16 17:20:21,3,0,1,0
8jtyre,2018-05-16 10:53:08,33,r/KeepOurNetFree,71,2018-05-16 15:03:52,3,2,0,0
8jtyre,2018-05-16 10:53:08,33,r/KeepOurNetFree,71,2018-05-16 16:02:03,4,0,6,0
8jtyre,2018-05-16 10:53:08,33,r/KeepOurNetFree,71,2018-05-16 16:06:02,4,0,3,0
8jtyre,2018-05-16 10:53:08,33,r/KeepOurNetFree,71,2018-05-16 15:44:59,2,0,2,0
8jtyre,2018-05-16 10:53:08,33,r/KeepOurNetFree,71,2018-05-16 15:07:25,2,1,1,0
8jtyre,2018-05-16 10:53:08,33,r/KeepOurNetFree,71,2018-05-16 15:20:43,3,1,2,0
8jtyre,2018-05-16 10:53:08,33,r/KeepOurNetFree,71,2018-05-16 15:43:24,4,0,1,0
8jtyre,2018-05-16 10:53:08,33,r/KeepOurNetFree,72,2018-05-16 15:55:36,0,0,1,0
8jtyre,2018-05-16 10:53:08,33,r/KeepOurNetFree,73,2018-05-16 15:59:10,0,0,0,0
8jtyre,2018-05-16 10:53:08,33,r/KeepOurNetFree,74,2018-05-16 16:00:51,0,0,1,0
8jtyre,2018-05-16 10:53:08,33,r/KeepOurNetFree,75,2018-05-16 16:01:01,0,0,1,0
8jtyre,2018-05-16 10:53:08,33,r/KeepOurNetFree,76,2018-05-16 17:13:10,0,0,1,0
8jtyre,2018-05-16 10:53:08,33,r/KeepOurNetFree,77,2018-05-16 18:28:34,0,0,1,0
8jtyre,2018-05-16 10:53:08,33,r/KeepOurNetFree,78,2018-05-16 16:49:37,0,0,-7,0
8jtyre,2018-05-16 10:53:08,33,r/KeepOurNetFree,79,2018-05-16 15:09:52,0,1,-16,0
8jtyre,2018-05-16 10:53:08,33,r/KeepOurNetFree,79,2018-05-16 15:13:10,1,1,12,0
8jtyre,2018-05-16 10:53:08,33,r/KeepOurNetFree,79,2018-05-16 16:52:24,2,0,3,0
8jtyre,2018-05-16 10:53:08,33,r/KeepOurNetFree,80,2018-05-16 15:54:25,0,1,-1,0
8jtyre,2018-05-16 10:53:08,33,r/KeepOurNetFree,80,2018-05-16 16:22:00,1,0,1,0
8jtyre,2018-05-16 10:53:08,33,r/KeepOurNetFree,81,2018-05-16 15:43:04,0,0,-1,0
8jtyre,2018-05-16 10:53:08,33,r/KeepOurNetFree,82,2018-05-16 16:46:14,0,2,-6,0
8jtyre,2018-05-16 10:53:08,33,r/KeepOurNetFree,82,2018-05-16 17:00:11,1,1,3,0
8jtyre,2018-05-16 10:53:08,33,r/KeepOurNetFree,82,2018-05-16 16:59:58,1,1,4,0
8jtyre,2018-05-16 10:53:08,33,r/KeepOurNetFree,82,2018-05-16 17:08:17,2,0,7,0
8jtyre,2018-05-16 10:53:08,33,r/KeepOurNetFree,83,2018-05-16 13:33:56,0,1,-28,0
8jtyre,2018-05-16 10:53:08,33,r/KeepOurNetFree,83,2018-05-16 17:45:27,1,0,0,0
8jtyre,2018-05-16 10:53:08,33,r/KeepOurNetFree,84,2018-05-16 16:39:31,0,1,-9,0
8jtyre,2018-05-16 10:53:08,33,r/KeepOurNetFree,84,2018-05-16 16:42:21,1,0,10,0
8jtyre,2018-05-16 10:53:08,33,r/KeepOurNetFree,85,2018-05-16 14:35:31,0,3,-25,0
8jtyre,2018-05-16 10:53:08,33,r/KeepOurNetFree,85,2018-05-16 16:07:42,1,1,3,0
8jtyre,2018-05-16 10:53:08,33,r/KeepOurNetFree,85,2018-05-16 16:47:47,2,1,1,0
8jtyre,2018-05-16 10:53:08,33,r/KeepOurNetFree,85,2018-05-16 16:51:44,3,1,2,0
8jtyre,2018-05-16 10:53:08,33,r/KeepOurNetFree,85,2018-05-16 16:52:33,4,0,0,0
8jtyre,2018-05-16 10:53:08,33,r/KeepOurNetFree,85,2018-05-16 16:53:25,1,0,1,0
8jtyre,2018-05-16 10:53:08,33,r/KeepOurNetFree,85,2018-05-16 16:04:43,1,0,-4,0
8jtyre,2018-05-16 10:53:08,33,r/KeepOurNetFree,86,2018-05-16 14:25:35,0,1,-3,0
8jtyre,2018-05-16 10:53:08,33,r/KeepOurNetFree,86,2018-05-16 14:43:44,1,0,-5,0
8jtyre,2018-05-16 10:53:08,33,r/KeepOurNetFree,87,2018-05-16 17:17:19,0,2,-8,0
8jtyre,2018-05-16 10:53:08,33,r/KeepOurNetFree,87,2018-05-16 17:26:29,1,1,4,0
8jtyre,2018-05-16 10:53:08,33,r/KeepOurNetFree,87,2018-05-16 17:28:33,2,0,0,0
8jtyre,2018-05-16 10:53:08,33,r/KeepOurNetFree,87,2018-05-16 17:53:35,1,1,2,0
8jtyre,2018-05-16 10:53:08,33,r/KeepOurNetFree,87,2018-05-16 17:56:37,2,1,-3,0
8jtyre,2018-05-16 10:53:08,33,r/KeepOurNetFree,87,2018-05-16 18:00:05,3,1,2,0
8jtyre,2018-05-16 10:53:08,33,r/KeepOurNetFree,87,2018-05-16 18:02:45,4,1,-1,0
8jtyre,2018-05-16 10:53:08,33,r/KeepOurNetFree,87,2018-05-16 18:07:08,5,1,-1,0
8jtyre,2018-05-16 10:53:08,33,r/KeepOurNetFree,87,2018-05-16 18:08:22,6,1,1,0
8jtyre,2018-05-16 10:53:08,33,r/KeepOurNetFree,87,2018-05-16 18:09:55,7,1,-1,0
8jtyre,2018-05-16 10:53:08,33,r/KeepOurNetFree,87,2018-05-16 18:12:19,8,2,1,0
8jtyre,2018-05-16 10:53:08,33,r/KeepOurNetFree,87,2018-05-16 18:13:43,9,1,-1,0
8jtyre,2018-05-16 10:53:08,33,r/KeepOurNetFree,87,2018-05-16 18:26:42,9,1,0,0
8jtyre,2018-05-16 10:53:08,33,r/KeepOurNetFree,88,2018-05-16 13:19:27,0,0,-25,0
8jtyre,2018-05-16 10:53:08,33,r/KeepOurNetFree,89,2018-05-16 14:20:58,0,0,-10,0
8jtyre,2018-05-16 10:53:08,33,r/KeepOurNetFree,90,2018-05-16 14:56:03,0,0,-2,0
8jtyre,2018-05-16 10:53:08,33,r/KeepOurNetFree,91,2018-05-16 14:01:30,0,0,-16,0
8jtyre,2018-05-16 10:53:08,33,r/KeepOurNetFree,92,2018-05-16 14:01:21,0,0,-11,0
8jtyre,2018-05-16 10:53:08,33,r/KeepOurNetFree,93,2018-05-16 15:53:52,0,1,-10,0
8jtyre,2018-05-16 10:53:08,33,r/KeepOurNetFree,93,2018-05-16 16:09:38,1,0,4,0
8jtyre,2018-05-16 10:53:08,33,r/KeepOurNetFree,94,2018-05-16 17:13:07,0,0,-1,0
8jtyre,2018-05-16 10:53:08,33,r/KeepOurNetFree,95,2018-05-16 15:19:23,0,0,-8,0
8jtyre,2018-05-16 10:53:08,33,r/KeepOurNetFree,96,2018-05-16 15:50:32,0,1,-6,0
8jtyre,2018-05-16 10:53:08,33,r/KeepOurNetFree,96,2018-05-16 16:12:13,1,1,4,0
8jtyre,2018-05-16 10:53:08,33,r/KeepOurNetFree,96,2018-05-16 16:55:40,2,1,-2,0
8jtyre,2018-05-16 10:53:08,33,r/KeepOurNetFree,96,2018-05-16 17:04:17,3,0,1,0
8jtyre,2018-05-16 10:53:08,33,r/KeepOurNetFree,97,2018-05-16 16:49:52,0,1,-23,0
8jtyre,2018-05-16 10:53:08,33,r/KeepOurNetFree,97,2018-05-16 17:13:13,1,1,2,0
8jtyre,2018-05-16 10:53:08,33,r/KeepOurNetFree,97,2018-05-16 18:07:15,2,0,1,0
8jtyre,2018-05-16 10:53:08,33,r/KeepOurNetFree,98,2018-05-16 14:31:04,0,0,-8,0
8jtyre,2018-05-16 10:53:08,33,r/KeepOurNetFree,99,2018-05-16 16:18:56,0,0,-4,0
8jtyre,2018-05-16 10:53:08,33,r/KeepOurNetFree,100,2018-05-16 15:35:00,0,0,-12,0
8jtyre,2018-05-16 10:53:08,33,r/KeepOurNetFree,101,2018-05-16 15:19:26,0,0,-8,0
8jtyre,2018-05-16 10:53:08,33,r/KeepOurNetFree,102,2018-05-16 14:23:27,0,1,-9,0
8jtyre,2018-05-16 10:53:08,33,r/KeepOurNetFree,102,2018-05-16 15:01:36,1,0,4,0
8jtyre,2018-05-16 10:53:08,33,r/KeepOurNetFree,103,2018-05-16 14:05:02,0,0,-9,0
8jtyre,2018-05-16 10:53:08,33,r/KeepOurNetFree,104,2018-05-16 18:23:02,0,1,-2,0
8jtyre,2018-05-16 10:53:08,33,r/KeepOurNetFree,104,2018-05-16 18:24:49,1,0,4,0
8jtyre,2018-05-16 10:53:08,33,r/KeepOurNetFree,105,2018-05-16 15:33:10,0,0,-5,0
8jtyre,2018-05-16 10:53:08,33,r/KeepOurNetFree,106,2018-05-16 17:12:55,0,0,-8,0
8jtyre,2018-05-16 10:53:08,33,r/KeepOurNetFree,107,2018-05-16 17:58:37,0,0,-10,0
8jtyre,2018-05-16 10:53:08,33,r/KeepOurNetFree,108,2018-05-16 18:01:38,0,1,-15,0
8jtyre,2018-05-16 10:53:08,33,r/KeepOurNetFree,108,2018-05-16 18:03:15,1,0,13,0
8jtyre,2018-05-16 10:53:08,33,r/KeepOurNetFree,109,2018-05-16 16:11:49,0,0,-15,0
8jtyre,2018-05-16 10:53:08,33,r/KeepOurNetFree,110,2018-05-16 14:12:52,0,0,-18,0
8jtyre,2018-05-16 10:53:08,33,r/KeepOurNetFree,111,2018-05-16 14:51:14,0,1,-17,0
8jtyre,2018-05-16 10:53:08,33,r/KeepOurNetFree,111,2018-05-16 15:40:16,1,1,5,0
8jtyre,2018-05-16 10:53:08,33,r/KeepOurNetFree,111,2018-05-16 17:41:14,2,0,1,0
8jtyre,2018-05-16 10:53:08,33,r/KeepOurNetFree,112,2018-05-16 12:07:25,0,2,-48,0
8jtyre,2018-05-16 10:53:08,33,r/KeepOurNetFree,112,2018-05-16 12:49:41,1,0,20,0
8jtyre,2018-05-16 10:53:08,33,r/KeepOurNetFree,112,2018-05-16 13:48:56,1,1,23,0
8jtyre,2018-05-16 10:53:08,33,r/KeepOurNetFree,112,2018-05-16 16:18:22,2,1,0,0
8jtyre,2018-05-16 10:53:08,33,r/KeepOurNetFree,112,2018-05-16 16:22:08,3,1,2,0
8jtyre,2018-05-16 10:53:08,33,r/KeepOurNetFree,112,2018-05-16 16:28:24,4,1,1,0
8jtyre,2018-05-16 10:53:08,33,r/KeepOurNetFree,112,2018-05-16 16:36:05,5,2,1,0
8jtyre,2018-05-16 10:53:08,33,r/KeepOurNetFree,112,2018-05-16 16:48:18,6,0,0,0
8jtyre,2018-05-16 10:53:08,33,r/KeepOurNetFree,112,2018-05-16 16:49:11,6,1,0,0
8jtyre,2018-05-16 10:53:08,33,r/KeepOurNetFree,112,2018-05-16 17:02:18,7,1,1,0
8jtyre,2018-05-16 10:53:08,33,r/KeepOurNetFree,112,2018-05-16 17:04:23,8,1,-1,0
8jtyre,2018-05-16 10:53:08,33,r/KeepOurNetFree,112,2018-05-16 17:07:09,9,1,0,0
8jtyre,2018-05-16 10:53:08,33,r/KeepOurNetFree,113,2018-05-16 16:33:51,0,1,-31,0
8jtyre,2018-05-16 10:53:08,33,r/KeepOurNetFree,113,2018-05-16 16:35:13,1,1,9,0
8jtyre,2018-05-16 10:53:08,33,r/KeepOurNetFree,114,2018-05-16 16:51:21,0,3,-41,0
8jtyre,2018-05-16 10:53:08,33,r/KeepOurNetFree,114,2018-05-16 17:00:36,1,1,10,0
8jtyre,2018-05-16 10:53:08,33,r/KeepOurNetFree,114,2018-05-16 16:55:40,1,1,7,0
8jtyre,2018-05-16 10:53:08,33,r/KeepOurNetFree,114,2018-05-16 17:56:33,1,0,2,0
8jtyre,2018-05-16 10:53:08,33,r/KeepOurNetFree,115,2018-05-16 14:23:40,0,0,-7,0
8ju7f2,2018-05-16 11:38:08,34,r/Unexpected,0,2018-05-16 13:22:17,0,11,5164,0
8ju7f2,2018-05-16 11:38:08,34,r/Unexpected,0,2018-05-16 13:49:00,1,2,710,0
8ju7f2,2018-05-16 11:38:08,34,r/Unexpected,0,2018-05-16 13:52:48,2,3,142,0
8ju7f2,2018-05-16 11:38:08,34,r/Unexpected,0,2018-05-16 14:02:34,3,2,174,0
8ju7f2,2018-05-16 11:38:08,34,r/Unexpected,0,2018-05-16 14:11:04,4,5,109,0
8ju7f2,2018-05-16 11:38:08,34,r/Unexpected,0,2018-05-16 14:16:12,5,1,107,0
8ju7f2,2018-05-16 11:38:08,34,r/Unexpected,0,2018-05-16 14:21:27,6,4,57,0
8ju7f2,2018-05-16 11:38:08,34,r/Unexpected,0,2018-05-16 14:22:53,7,1,38,0
8ju7f2,2018-05-16 11:38:08,34,r/Unexpected,0,2018-05-16 14:29:46,8,3,43,0
8ju7f2,2018-05-16 11:38:08,34,r/Unexpected,0,2018-05-16 14:44:17,9,1,31,0
8ju7f2,2018-05-16 11:38:08,34,r/Unexpected,0,2018-05-16 15:16:22,9,1,7,0
8ju7f2,2018-05-16 11:38:08,34,r/Unexpected,0,2018-05-16 16:11:10,9,0,2,0
8ju7f2,2018-05-16 11:38:08,34,r/Unexpected,0,2018-05-16 16:03:34,7,0,3,0
8ju7f2,2018-05-16 11:38:08,34,r/Unexpected,0,2018-05-16 15:20:00,7,0,2,0
8ju7f2,2018-05-16 11:38:08,34,r/Unexpected,0,2018-05-16 16:54:07,7,0,2,0
8ju7f2,2018-05-16 11:38:08,34,r/Unexpected,0,2018-05-16 15:22:00,5,1,12,0
8ju7f2,2018-05-16 11:38:08,34,r/Unexpected,0,2018-05-16 15:47:36,6,0,-3,0
8ju7f2,2018-05-16 11:38:08,34,r/Unexpected,0,2018-05-16 15:37:23,5,1,10,0
8ju7f2,2018-05-16 11:38:08,34,r/Unexpected,0,2018-05-16 15:46:38,6,1,-3,0
8ju7f2,2018-05-16 11:38:08,34,r/Unexpected,0,2018-05-16 15:46:56,7,0,1,0
8ju7f2,2018-05-16 11:38:08,34,r/Unexpected,0,2018-05-16 18:29:55,5,0,1,0
8ju7f2,2018-05-16 11:38:08,34,r/Unexpected,0,2018-05-16 14:12:19,5,1,-1,0
8ju7f2,2018-05-16 11:38:08,34,r/Unexpected,0,2018-05-16 14:17:06,6,0,6,0
8ju7f2,2018-05-16 11:38:08,34,r/Unexpected,0,2018-05-16 14:09:10,4,3,-16,0
8ju7f2,2018-05-16 11:38:08,34,r/Unexpected,0,2018-05-16 14:12:55,5,1,27,0
8ju7f2,2018-05-16 11:38:08,34,r/Unexpected,0,2018-05-16 14:17:35,6,0,9,0
8ju7f2,2018-05-16 11:38:08,34,r/Unexpected,0,2018-05-16 14:11:38,5,2,3,0
8ju7f2,2018-05-16 11:38:08,34,r/Unexpected,0,2018-05-16 14:14:53,6,1,11,0
8ju7f2,2018-05-16 11:38:08,34,r/Unexpected,0,2018-05-16 14:15:50,7,0,3,0
8ju7f2,2018-05-16 11:38:08,34,r/Unexpected,0,2018-05-16 15:10:57,6,1,5,0
8ju7f2,2018-05-16 11:38:08,34,r/Unexpected,0,2018-05-16 17:49:32,7,0,1,0
8ju7f2,2018-05-16 11:38:08,34,r/Unexpected,0,2018-05-16 15:59:37,5,0,1,0
8ju7f2,2018-05-16 11:38:08,34,r/Unexpected,0,2018-05-16 16:58:55,3,0,1,0
8ju7f2,2018-05-16 11:38:08,34,r/Unexpected,0,2018-05-16 15:57:49,3,0,-3,0
8ju7f2,2018-05-16 11:38:08,34,r/Unexpected,0,2018-05-16 16:49:12,2,0,1,0
8ju7f2,2018-05-16 11:38:08,34,r/Unexpected,0,2018-05-16 13:50:20,1,0,29,0
8ju7f2,2018-05-16 11:38:08,34,r/Unexpected,0,2018-05-16 13:59:56,1,0,5,0
8ju7f2,2018-05-16 11:38:08,34,r/Unexpected,0,2018-05-16 14:22:44,1,0,5,0
8ju7f2,2018-05-16 11:38:08,34,r/Unexpected,0,2018-05-16 14:37:05,1,0,3,0
8ju7f2,2018-05-16 11:38:08,34,r/Unexpected,0,2018-05-16 14:57:15,1,0,2,0
8ju7f2,2018-05-16 11:38:08,34,r/Unexpected,0,2018-05-16 15:02:02,1,0,1,0
8ju7f2,2018-05-16 11:38:08,34,r/Unexpected,0,2018-05-16 15:34:35,1,1,1,0
8ju7f2,2018-05-16 11:38:08,34,r/Unexpected,0,2018-05-16 16:48:19,2,0,2,0
8ju7f2,2018-05-16 11:38:08,34,r/Unexpected,0,2018-05-16 15:44:36,1,0,1,0
8ju7f2,2018-05-16 11:38:08,34,r/Unexpected,0,2018-05-16 14:01:06,1,0,0,0
8ju7f2,2018-05-16 11:38:08,34,r/Unexpected,0,2018-05-16 14:23:31,1,1,1,0
8ju7f2,2018-05-16 11:38:08,34,r/Unexpected,0,2018-05-16 15:23:18,2,0,1,0
8ju7f2,2018-05-16 11:38:08,34,r/Unexpected,1,2018-05-16 11:48:21,0,5,1910,0
8ju7f2,2018-05-16 11:38:08,34,r/Unexpected,1,2018-05-16 12:44:27,1,3,508,0
8ju7f2,2018-05-16 11:38:08,34,r/Unexpected,1,2018-05-16 14:21:56,2,2,32,0
8ju7f2,2018-05-16 11:38:08,34,r/Unexpected,1,2018-05-16 14:46:01,3,2,22,0
8ju7f2,2018-05-16 11:38:08,34,r/Unexpected,1,2018-05-16 15:17:40,4,0,8,0
8ju7f2,2018-05-16 11:38:08,34,r/Unexpected,1,2018-05-16 16:49:31,4,0,4,0
8ju7f2,2018-05-16 11:38:08,34,r/Unexpected,1,2018-05-16 16:51:12,3,0,2,0
8ju7f2,2018-05-16 11:38:08,34,r/Unexpected,1,2018-05-16 13:53:12,2,1,66,0
8ju7f2,2018-05-16 11:38:08,34,r/Unexpected,1,2018-05-16 16:13:02,3,0,4,0
8ju7f2,2018-05-16 11:38:08,34,r/Unexpected,1,2018-05-16 16:08:56,2,0,0,0
8ju7f2,2018-05-16 11:38:08,34,r/Unexpected,1,2018-05-16 14:48:33,1,0,2,0
8ju7f2,2018-05-16 11:38:08,34,r/Unexpected,1,2018-05-16 14:57:02,1,0,-6,0
8ju7f2,2018-05-16 11:38:08,34,r/Unexpected,1,2018-05-16 14:02:36,1,1,-27,0
8ju7f2,2018-05-16 11:38:08,34,r/Unexpected,1,2018-05-16 14:08:24,2,2,25,0
8ju7f2,2018-05-16 11:38:08,34,r/Unexpected,1,2018-05-16 15:11:23,3,1,1,0
8ju7f2,2018-05-16 11:38:08,34,r/Unexpected,1,2018-05-16 15:33:59,4,1,0,0
8ju7f2,2018-05-16 11:38:08,34,r/Unexpected,1,2018-05-16 16:12:15,5,0,2,0
8ju7f2,2018-05-16 11:38:08,34,r/Unexpected,1,2018-05-16 14:39:13,3,1,-5,0
8ju7f2,2018-05-16 11:38:08,34,r/Unexpected,1,2018-05-16 15:40:57,4,0,1,0
8ju7f2,2018-05-16 11:38:08,34,r/Unexpected,1,2018-05-16 15:35:16,1,0,-2,0
8ju7f2,2018-05-16 11:38:08,34,r/Unexpected,2,2018-05-16 13:17:13,0,1,512,0
8ju7f2,2018-05-16 11:38:08,34,r/Unexpected,2,2018-05-16 13:37:26,1,1,45,0
8ju7f2,2018-05-16 11:38:08,34,r/Unexpected,2,2018-05-16 14:37:08,2,2,45,0
8ju7f2,2018-05-16 11:38:08,34,r/Unexpected,2,2018-05-16 14:48:01,3,0,16,0
8ju7f2,2018-05-16 11:38:08,34,r/Unexpected,2,2018-05-16 16:57:09,3,0,2,0
8ju7f2,2018-05-16 11:38:08,34,r/Unexpected,3,2018-05-16 13:22:47,0,1,602,0
8ju7f2,2018-05-16 11:38:08,34,r/Unexpected,3,2018-05-16 14:10:20,1,3,35,0
8ju7f2,2018-05-16 11:38:08,34,r/Unexpected,3,2018-05-16 15:06:57,2,1,22,0
8ju7f2,2018-05-16 11:38:08,34,r/Unexpected,3,2018-05-16 16:50:09,3,0,5,0
8ju7f2,2018-05-16 11:38:08,34,r/Unexpected,3,2018-05-16 14:50:18,2,1,6,0
8ju7f2,2018-05-16 11:38:08,34,r/Unexpected,3,2018-05-16 14:55:53,3,1,1,0
8ju7f2,2018-05-16 11:38:08,34,r/Unexpected,3,2018-05-16 14:58:57,4,2,2,0
8ju7f2,2018-05-16 11:38:08,34,r/Unexpected,3,2018-05-16 15:01:28,5,0,3,0
8ju7f2,2018-05-16 11:38:08,34,r/Unexpected,3,2018-05-16 15:16:18,5,0,2,0
8ju7f2,2018-05-16 11:38:08,34,r/Unexpected,3,2018-05-16 18:02:18,2,0,1,0
8ju7f2,2018-05-16 11:38:08,34,r/Unexpected,4,2018-05-16 12:58:56,0,5,728,0
8ju7f2,2018-05-16 11:38:08,34,r/Unexpected,4,2018-05-16 13:56:16,1,5,143,0
8ju7f2,2018-05-16 11:38:08,34,r/Unexpected,4,2018-05-16 14:06:41,2,4,56,0
8ju7f2,2018-05-16 11:38:08,34,r/Unexpected,4,2018-05-16 14:10:38,3,2,60,0
8ju7f2,2018-05-16 11:38:08,34,r/Unexpected,4,2018-05-16 16:15:02,4,0,2,0
8ju7f2,2018-05-16 11:38:08,34,r/Unexpected,4,2018-05-16 16:28:43,4,0,1,0
8ju7f2,2018-05-16 11:38:08,34,r/Unexpected,4,2018-05-16 14:19:30,3,0,16,0
8ju7f2,2018-05-16 11:38:08,34,r/Unexpected,4,2018-05-16 16:11:44,3,0,5,0
8ju7f2,2018-05-16 11:38:08,34,r/Unexpected,4,2018-05-16 15:37:11,3,0,1,0
8ju7f2,2018-05-16 11:38:08,34,r/Unexpected,4,2018-05-16 14:51:10,2,0,1,0
8ju7f2,2018-05-16 11:38:08,34,r/Unexpected,4,2018-05-16 14:26:02,2,0,0,0
8ju7f2,2018-05-16 11:38:08,34,r/Unexpected,4,2018-05-16 15:28:37,2,0,0,0
8ju7f2,2018-05-16 11:38:08,34,r/Unexpected,4,2018-05-16 15:53:11,2,0,0,0
8ju7f2,2018-05-16 11:38:08,34,r/Unexpected,4,2018-05-16 13:57:48,1,3,29,0
8ju7f2,2018-05-16 11:38:08,34,r/Unexpected,4,2018-05-16 14:01:14,2,1,12,0
8ju7f2,2018-05-16 11:38:08,34,r/Unexpected,4,2018-05-16 14:10:31,3,0,6,0
8ju7f2,2018-05-16 11:38:08,34,r/Unexpected,4,2018-05-16 14:14:48,2,1,1,0
8ju7f2,2018-05-16 11:38:08,34,r/Unexpected,4,2018-05-16 14:38:05,3,0,0,0
8ju7f2,2018-05-16 11:38:08,34,r/Unexpected,4,2018-05-16 15:59:02,2,0,0,0
8ju7f2,2018-05-16 11:38:08,34,r/Unexpected,4,2018-05-16 14:42:09,1,0,4,0
8ju7f2,2018-05-16 11:38:08,34,r/Unexpected,4,2018-05-16 14:14:56,1,1,2,0
8ju7f2,2018-05-16 11:38:08,34,r/Unexpected,4,2018-05-16 18:05:05,2,0,1,0
8ju7f2,2018-05-16 11:38:08,34,r/Unexpected,4,2018-05-16 17:17:29,1,0,1,0
8ju7f2,2018-05-16 11:38:08,34,r/Unexpected,5,2018-05-16 12:28:26,0,1,428,0
8ju7f2,2018-05-16 11:38:08,34,r/Unexpected,5,2018-05-16 13:57:06,1,2,50,0
8ju7f2,2018-05-16 11:38:08,34,r/Unexpected,5,2018-05-16 14:01:19,2,1,9,0
8ju7f2,2018-05-16 11:38:08,34,r/Unexpected,5,2018-05-16 14:36:48,3,1,4,0
8ju7f2,2018-05-16 11:38:08,34,r/Unexpected,5,2018-05-16 14:38:36,4,1,3,0
8ju7f2,2018-05-16 11:38:08,34,r/Unexpected,5,2018-05-16 15:10:38,5,1,2,0
8ju7f2,2018-05-16 11:38:08,34,r/Unexpected,5,2018-05-16 15:13:51,6,1,3,0
8ju7f2,2018-05-16 11:38:08,34,r/Unexpected,5,2018-05-16 15:46:05,7,0,3,0
8ju7f2,2018-05-16 11:38:08,34,r/Unexpected,5,2018-05-16 15:32:42,2,0,1,0
8ju7f2,2018-05-16 11:38:08,34,r/Unexpected,6,2018-05-16 13:24:01,0,0,61,0
8ju7f2,2018-05-16 11:38:08,34,r/Unexpected,7,2018-05-16 13:48:37,0,0,41,0
8ju7f2,2018-05-16 11:38:08,34,r/Unexpected,8,2018-05-16 13:13:41,0,0,88,0
8ju7f2,2018-05-16 11:38:08,34,r/Unexpected,9,2018-05-16 15:35:07,0,0,24,0
8ju7f2,2018-05-16 11:38:08,34,r/Unexpected,10,2018-05-16 13:19:46,0,0,28,0
8ju7f2,2018-05-16 11:38:08,34,r/Unexpected,11,2018-05-16 13:38:38,0,0,29,0
8ju7f2,2018-05-16 11:38:08,34,r/Unexpected,12,2018-05-16 14:25:59,0,0,45,0
8ju7f2,2018-05-16 11:38:08,34,r/Unexpected,13,2018-05-16 12:08:35,0,0,31,0
8ju7f2,2018-05-16 11:38:08,34,r/Unexpected,14,2018-05-16 13:52:34,0,0,10,0
8ju7f2,2018-05-16 11:38:08,34,r/Unexpected,15,2018-05-16 14:25:24,0,0,9,0
8ju7f2,2018-05-16 11:38:08,34,r/Unexpected,16,2018-05-16 13:38:41,0,0,10,0
8ju7f2,2018-05-16 11:38:08,34,r/Unexpected,17,2018-05-16 13:56:52,0,0,4,0
8ju7f2,2018-05-16 11:38:08,34,r/Unexpected,18,2018-05-16 13:49:56,0,0,20,0
8ju7f2,2018-05-16 11:38:08,34,r/Unexpected,19,2018-05-16 14:20:58,0,0,3,0
8ju7f2,2018-05-16 11:38:08,34,r/Unexpected,20,2018-05-16 16:34:37,0,0,3,0
8ju7f2,2018-05-16 11:38:08,34,r/Unexpected,21,2018-05-16 13:17:04,0,1,25,0
8ju7f2,2018-05-16 11:38:08,34,r/Unexpected,21,2018-05-16 14:33:33,1,3,8,0
8ju7f2,2018-05-16 11:38:08,34,r/Unexpected,21,2018-05-16 15:01:38,2,0,12,0
8ju7f2,2018-05-16 11:38:08,34,r/Unexpected,21,2018-05-16 15:11:31,2,1,3,0
8ju7f2,2018-05-16 11:38:08,34,r/Unexpected,21,2018-05-16 15:12:40,3,1,1,0
8ju7f2,2018-05-16 11:38:08,34,r/Unexpected,21,2018-05-16 16:03:36,4,1,1,0
8ju7f2,2018-05-16 11:38:08,34,r/Unexpected,21,2018-05-16 16:05:47,5,0,2,0
8ju7f2,2018-05-16 11:38:08,34,r/Unexpected,21,2018-05-16 17:00:19,2,0,3,0
8ju7f2,2018-05-16 11:38:08,34,r/Unexpected,22,2018-05-16 14:09:50,0,0,4,0
8ju7f2,2018-05-16 11:38:08,34,r/Unexpected,23,2018-05-16 12:28:17,0,2,10,0
8ju7f2,2018-05-16 11:38:08,34,r/Unexpected,23,2018-05-16 13:34:03,1,1,35,0
8ju7f2,2018-05-16 11:38:08,34,r/Unexpected,23,2018-05-16 14:12:16,2,1,1,0
8ju7f2,2018-05-16 11:38:08,34,r/Unexpected,23,2018-05-16 14:26:57,3,0,1,0
8ju7f2,2018-05-16 11:38:08,34,r/Unexpected,23,2018-05-16 15:13:37,1,0,2,0
8ju7f2,2018-05-16 11:38:08,34,r/Unexpected,24,2018-05-16 14:11:19,0,0,4,0
8ju7f2,2018-05-16 11:38:08,34,r/Unexpected,25,2018-05-16 13:21:34,0,0,2,0
8ju7f2,2018-05-16 11:38:08,34,r/Unexpected,26,2018-05-16 14:05:39,0,0,2,0
8ju7f2,2018-05-16 11:38:08,34,r/Unexpected,27,2018-05-16 14:11:51,0,0,2,0
8ju7f2,2018-05-16 11:38:08,34,r/Unexpected,28,2018-05-16 14:12:06,0,0,2,0
8ju7f2,2018-05-16 11:38:08,34,r/Unexpected,29,2018-05-16 14:14:40,0,0,2,0
8ju7f2,2018-05-16 11:38:08,34,r/Unexpected,30,2018-05-16 14:20:13,0,0,2,0
8ju7f2,2018-05-16 11:38:08,34,r/Unexpected,31,2018-05-16 14:21:49,0,0,2,0
8ju7f2,2018-05-16 11:38:08,34,r/Unexpected,32,2018-05-16 14:38:48,0,0,2,0
8ju7f2,2018-05-16 11:38:08,34,r/Unexpected,33,2018-05-16 15:02:06,0,0,2,0
8ju7f2,2018-05-16 11:38:08,34,r/Unexpected,34,2018-05-16 16:19:19,0,0,2,0
8ju7f2,2018-05-16 11:38:08,34,r/Unexpected,35,2018-05-16 16:33:00,0,0,2,0
8ju7f2,2018-05-16 11:38:08,34,r/Unexpected,36,2018-05-16 16:52:33,0,0,2,0
8ju7f2,2018-05-16 11:38:08,34,r/Unexpected,37,2018-05-16 17:02:10,0,0,2,0
8ju7f2,2018-05-16 11:38:08,34,r/Unexpected,38,2018-05-16 17:18:05,0,0,2,0
8ju7f2,2018-05-16 11:38:08,34,r/Unexpected,39,2018-05-16 17:20:20,0,0,2,0
8ju7f2,2018-05-16 11:38:08,34,r/Unexpected,40,2018-05-16 17:41:27,0,0,2,0
8ju7f2,2018-05-16 11:38:08,34,r/Unexpected,41,2018-05-16 12:53:56,0,1,6,0
8ju7f2,2018-05-16 11:38:08,34,r/Unexpected,41,2018-05-16 13:36:36,1,1,5,0
8ju7f2,2018-05-16 11:38:08,34,r/Unexpected,41,2018-05-16 17:07:29,2,0,1,0
8ju7f2,2018-05-16 11:38:08,34,r/Unexpected,42,2018-05-16 13:21:37,0,1,3,0
8ju7f2,2018-05-16 11:38:08,34,r/Unexpected,42,2018-05-16 13:37:40,1,1,1,0
8ju7f2,2018-05-16 11:38:08,34,r/Unexpected,42,2018-05-16 13:57:44,2,0,2,0
8ju7f2,2018-05-16 11:38:08,34,r/Unexpected,43,2018-05-16 13:38:58,0,0,3,0
8ju7f2,2018-05-16 11:38:08,34,r/Unexpected,44,2018-05-16 14:22:40,0,1,2,0
8ju7f2,2018-05-16 11:38:08,34,r/Unexpected,44,2018-05-16 14:25:01,1,0,2,0
8ju7f2,2018-05-16 11:38:08,34,r/Unexpected,45,2018-05-16 13:36:03,0,0,1,0
8ju7f2,2018-05-16 11:38:08,34,r/Unexpected,46,2018-05-16 13:37:34,0,0,1,0
8ju7f2,2018-05-16 11:38:08,34,r/Unexpected,47,2018-05-16 13:52:00,0,1,1,0
8ju7f2,2018-05-16 11:38:08,34,r/Unexpected,47,2018-05-16 17:04:52,1,1,1,0
8ju7f2,2018-05-16 11:38:08,34,r/Unexpected,47,2018-05-16 18:09:46,2,0,1,0
8ju7f2,2018-05-16 11:38:08,34,r/Unexpected,48,2018-05-16 14:10:58,0,0,1,0
8ju7f2,2018-05-16 11:38:08,34,r/Unexpected,49,2018-05-16 14:13:02,0,1,1,0
8ju7f2,2018-05-16 11:38:08,34,r/Unexpected,49,2018-05-16 16:17:52,1,0,2,0
8ju7f2,2018-05-16 11:38:08,34,r/Unexpected,50,2018-05-16 14:18:41,0,0,1,0
8ju7f2,2018-05-16 11:38:08,34,r/Unexpected,51,2018-05-16 14:33:01,0,0,1,0
8ju7f2,2018-05-16 11:38:08,34,r/Unexpected,52,2018-05-16 14:34:16,0,0,1,0
8ju7f2,2018-05-16 11:38:08,34,r/Unexpected,53,2018-05-16 14:37:33,0,0,1,0
8ju7f2,2018-05-16 11:38:08,34,r/Unexpected,54,2018-05-16 14:37:54,0,0,1,0
8ju7f2,2018-05-16 11:38:08,34,r/Unexpected,55,2018-05-16 14:38:06,0,0,1,0
8ju7f2,2018-05-16 11:38:08,34,r/Unexpected,56,2018-05-16 14:43:12,0,0,1,0
8ju7f2,2018-05-16 11:38:08,34,r/Unexpected,57,2018-05-16 14:43:44,0,0,1,0
8ju7f2,2018-05-16 11:38:08,34,r/Unexpected,58,2018-05-16 14:43:52,0,0,1,0
8ju7f2,2018-05-16 11:38:08,34,r/Unexpected,59,2018-05-16 14:44:07,0,0,1,0
8ju7f2,2018-05-16 11:38:08,34,r/Unexpected,60,2018-05-16 14:44:08,0,0,1,0
8ju7f2,2018-05-16 11:38:08,34,r/Unexpected,61,2018-05-16 14:45:06,0,0,1,0
8ju7f2,2018-05-16 11:38:08,34,r/Unexpected,62,2018-05-16 14:49:07,0,0,1,0
8ju7f2,2018-05-16 11:38:08,34,r/Unexpected,63,2018-05-16 14:51:26,0,0,1,0
8ju7f2,2018-05-16 11:38:08,34,r/Unexpected,64,2018-05-16 14:53:19,0,0,1,0
8ju7f2,2018-05-16 11:38:08,34,r/Unexpected,65,2018-05-16 14:55:21,0,0,1,0
8ju7f2,2018-05-16 11:38:08,34,r/Unexpected,66,2018-05-16 14:58:35,0,0,1,0
8ju7f2,2018-05-16 11:38:08,34,r/Unexpected,67,2018-05-16 15:04:17,0,0,1,0
8ju7f2,2018-05-16 11:38:08,34,r/Unexpected,68,2018-05-16 15:06:29,0,0,1,0
8ju7f2,2018-05-16 11:38:08,34,r/Unexpected,69,2018-05-16 15:06:39,0,0,1,0
8ju7f2,2018-05-16 11:38:08,34,r/Unexpected,70,2018-05-16 15:09:01,0,0,1,0
8ju7f2,2018-05-16 11:38:08,34,r/Unexpected,71,2018-05-16 15:10:43,0,0,1,0
8ju7f2,2018-05-16 11:38:08,34,r/Unexpected,72,2018-05-16 15:14:41,0,0,1,0
8ju7f2,2018-05-16 11:38:08,34,r/Unexpected,73,2018-05-16 15:17:23,0,0,1,0
8ju7f2,2018-05-16 11:38:08,34,r/Unexpected,74,2018-05-16 15:18:50,0,0,1,0
8ju7f2,2018-05-16 11:38:08,34,r/Unexpected,75,2018-05-16 15:19:42,0,0,1,0
8ju7f2,2018-05-16 11:38:08,34,r/Unexpected,76,2018-05-16 15:22:13,0,0,1,0
8ju7f2,2018-05-16 11:38:08,34,r/Unexpected,77,2018-05-16 15:22:27,0,0,1,0
8ju7f2,2018-05-16 11:38:08,34,r/Unexpected,78,2018-05-16 15:27:55,0,0,1,0
8ju7f2,2018-05-16 11:38:08,34,r/Unexpected,79,2018-05-16 15:31:01,0,0,1,0
8ju7f2,2018-05-16 11:38:08,34,r/Unexpected,80,2018-05-16 15:31:36,0,0,1,0
8ju7f2,2018-05-16 11:38:08,34,r/Unexpected,81,2018-05-16 15:31:38,0,0,1,0
8ju7f2,2018-05-16 11:38:08,34,r/Unexpected,82,2018-05-16 15:35:40,0,0,1,0
8ju7f2,2018-05-16 11:38:08,34,r/Unexpected,83,2018-05-16 15:42:19,0,0,1,0
8ju7f2,2018-05-16 11:38:08,34,r/Unexpected,84,2018-05-16 15:45:09,0,0,1,0
8ju7f2,2018-05-16 11:38:08,34,r/Unexpected,85,2018-05-16 15:47:16,0,0,1,0
8ju7f2,2018-05-16 11:38:08,34,r/Unexpected,86,2018-05-16 15:55:09,0,0,1,0
8ju7f2,2018-05-16 11:38:08,34,r/Unexpected,87,2018-05-16 16:03:04,0,0,1,0
8ju7f2,2018-05-16 11:38:08,34,r/Unexpected,88,2018-05-16 16:04:46,0,0,1,0
8ju7f2,2018-05-16 11:38:08,34,r/Unexpected,89,2018-05-16 16:07:44,0,0,1,0
8ju7f2,2018-05-16 11:38:08,34,r/Unexpected,90,2018-05-16 16:14:44,0,0,1,0
8ju7f2,2018-05-16 11:38:08,34,r/Unexpected,91,2018-05-16 16:17:16,0,0,1,0
8ju7f2,2018-05-16 11:38:08,34,r/Unexpected,92,2018-05-16 16:24:56,0,0,1,0
8ju7f2,2018-05-16 11:38:08,34,r/Unexpected,93,2018-05-16 16:25:37,0,0,1,0
8ju7f2,2018-05-16 11:38:08,34,r/Unexpected,94,2018-05-16 16:26:58,0,0,1,0
8ju7f2,2018-05-16 11:38:08,34,r/Unexpected,95,2018-05-16 16:27:36,0,0,1,0
8ju7f2,2018-05-16 11:38:08,34,r/Unexpected,96,2018-05-16 16:28:17,0,0,1,0
8ju7f2,2018-05-16 11:38:08,34,r/Unexpected,97,2018-05-16 16:30:37,0,0,1,0
8ju7f2,2018-05-16 11:38:08,34,r/Unexpected,98,2018-05-16 16:31:18,0,0,1,0
8ju7f2,2018-05-16 11:38:08,34,r/Unexpected,99,2018-05-16 16:31:34,0,0,1,0
8ju7f2,2018-05-16 11:38:08,34,r/Unexpected,100,2018-05-16 16:44:50,0,0,1,0
8ju7f2,2018-05-16 11:38:08,34,r/Unexpected,101,2018-05-16 16:46:25,0,0,1,0
8ju7f2,2018-05-16 11:38:08,34,r/Unexpected,102,2018-05-16 16:47:12,0,0,1,0
8ju7f2,2018-05-16 11:38:08,34,r/Unexpected,103,2018-05-16 16:48:05,0,0,1,0
8ju7f2,2018-05-16 11:38:08,34,r/Unexpected,104,2018-05-16 16:49:45,0,0,1,0
8ju7f2,2018-05-16 11:38:08,34,r/Unexpected,105,2018-05-16 16:52:26,0,0,1,0
8ju7f2,2018-05-16 11:38:08,34,r/Unexpected,106,2018-05-16 16:58:17,0,0,1,0
8ju7f2,2018-05-16 11:38:08,34,r/Unexpected,107,2018-05-16 17:01:51,0,1,1,0
8ju7f2,2018-05-16 11:38:08,34,r/Unexpected,107,2018-05-16 17:06:44,1,0,1,0
8ju7f2,2018-05-16 11:38:08,34,r/Unexpected,108,2018-05-16 17:02:12,0,0,1,0
8ju7f2,2018-05-16 11:38:08,34,r/Unexpected,109,2018-05-16 17:07:35,0,0,1,0
8ju7f2,2018-05-16 11:38:08,34,r/Unexpected,110,2018-05-16 17:14:34,0,1,1,0
8ju7f2,2018-05-16 11:38:08,34,r/Unexpected,110,2018-05-16 18:23:31,1,0,1,0
8ju7f2,2018-05-16 11:38:08,34,r/Unexpected,111,2018-05-16 17:16:00,0,0,1,0
8ju7f2,2018-05-16 11:38:08,34,r/Unexpected,112,2018-05-16 17:16:06,0,0,1,0
8ju7f2,2018-05-16 11:38:08,34,r/Unexpected,113,2018-05-16 17:16:53,0,0,1,0
8ju7f2,2018-05-16 11:38:08,34,r/Unexpected,114,2018-05-16 17:16:57,0,0,1,0
8ju7f2,2018-05-16 11:38:08,34,r/Unexpected,115,2018-05-16 17:18:32,0,0,1,0
8ju7f2,2018-05-16 11:38:08,34,r/Unexpected,116,2018-05-16 17:23:57,0,0,1,0
8ju7f2,2018-05-16 11:38:08,34,r/Unexpected,117,2018-05-16 17:24:26,0,0,1,0
8ju7f2,2018-05-16 11:38:08,34,r/Unexpected,118,2018-05-16 17:27:34,0,0,1,0
8ju7f2,2018-05-16 11:38:08,34,r/Unexpected,119,2018-05-16 17:33:46,0,0,1,0
8ju7f2,2018-05-16 11:38:08,34,r/Unexpected,120,2018-05-16 17:35:56,0,0,1,0
8ju7f2,2018-05-16 11:38:08,34,r/Unexpected,121,2018-05-16 17:37:30,0,0,1,0
8ju7f2,2018-05-16 11:38:08,34,r/Unexpected,122,2018-05-16 17:48:10,0,0,1,0
8ju7f2,2018-05-16 11:38:08,34,r/Unexpected,123,2018-05-16 17:50:06,0,0,1,0
8ju7f2,2018-05-16 11:38:08,34,r/Unexpected,124,2018-05-16 17:54:34,0,0,1,0
8ju7f2,2018-05-16 11:38:08,34,r/Unexpected,125,2018-05-16 18:25:38,0,0,1,0
8ju7f2,2018-05-16 11:38:08,34,r/Unexpected,126,2018-05-16 18:25:40,0,0,1,0
8ju7f2,2018-05-16 11:38:08,34,r/Unexpected,127,2018-05-16 18:26:19,0,0,1,0
8ju7f2,2018-05-16 11:38:08,34,r/Unexpected,128,2018-05-16 14:03:54,0,0,1,0
8ju7f2,2018-05-16 11:38:08,34,r/Unexpected,129,2018-05-16 16:36:41,0,0,1,0
8ju7f2,2018-05-16 11:38:08,34,r/Unexpected,130,2018-05-16 13:42:09,0,0,0,0
8ju7f2,2018-05-16 11:38:08,34,r/Unexpected,131,2018-05-16 13:53:10,0,0,1,0
8ju7f2,2018-05-16 11:38:08,34,r/Unexpected,132,2018-05-16 16:16:55,0,0,0,0
8ju7f2,2018-05-16 11:38:08,34,r/Unexpected,133,2018-05-16 14:09:13,0,0,-2,0
8ju7f2,2018-05-16 11:38:08,34,r/Unexpected,134,2018-05-16 13:19:39,0,1,0,0
8ju7f2,2018-05-16 11:38:08,34,r/Unexpected,134,2018-05-16 13:36:22,1,0,1,0
8ju7f2,2018-05-16 11:38:08,34,r/Unexpected,135,2018-05-16 13:57:46,0,0,0,0
8ju7f2,2018-05-16 11:38:08,34,r/Unexpected,136,2018-05-16 14:00:27,0,0,0,0
8ju7f2,2018-05-16 11:38:08,34,r/Unexpected,137,2018-05-16 14:22:00,0,0,0,0
8ju7f2,2018-05-16 11:38:08,34,r/Unexpected,138,2018-05-16 14:33:38,0,0,0,0
8ju7f2,2018-05-16 11:38:08,34,r/Unexpected,139,2018-05-16 14:42:09,0,0,0,0
8ju7f2,2018-05-16 11:38:08,34,r/Unexpected,140,2018-05-16 15:21:44,0,0,0,0
8ju7f2,2018-05-16 11:38:08,34,r/Unexpected,141,2018-05-16 15:33:30,0,0,0,0
8ju7f2,2018-05-16 11:38:08,34,r/Unexpected,142,2018-05-16 16:05:46,0,0,0,0
8ju7f2,2018-05-16 11:38:08,34,r/Unexpected,143,2018-05-16 16:16:26,0,0,0,0
8ju7f2,2018-05-16 11:38:08,34,r/Unexpected,144,2018-05-16 14:19:46,0,0,-2,0
8ju7f2,2018-05-16 11:38:08,34,r/Unexpected,145,2018-05-16 14:21:36,0,0,-2,0
8ju7f2,2018-05-16 11:38:08,34,r/Unexpected,146,2018-05-16 14:04:19,0,0,-11,0
8ju7f2,2018-05-16 11:38:08,34,r/Unexpected,147,2018-05-16 13:57:48,0,1,-9,0
8ju7f2,2018-05-16 11:38:08,34,r/Unexpected,147,2018-05-16 14:09:23,1,2,7,0
8ju7f2,2018-05-16 11:38:08,34,r/Unexpected,147,2018-05-16 14:19:52,2,1,6,0
8ju7f2,2018-05-16 11:38:08,34,r/Unexpected,147,2018-05-16 14:25:12,3,0,2,0
8ju7f2,2018-05-16 11:38:08,34,r/Unexpected,147,2018-05-16 16:13:06,2,1,-2,0
8ju7f2,2018-05-16 11:38:08,34,r/Unexpected,147,2018-05-16 16:20:58,3,0,1,0
8ju7f2,2018-05-16 11:38:08,34,r/Unexpected,148,2018-05-16 14:08:11,0,0,-2,0
8ju7f2,2018-05-16 11:38:08,34,r/Unexpected,149,2018-05-16 14:14:56,0,0,-1,0
8ju7f2,2018-05-16 11:38:08,34,r/Unexpected,150,2018-05-16 14:44:10,0,0,-1,0
8ju7f2,2018-05-16 11:38:08,34,r/Unexpected,151,2018-05-16 16:24:50,0,0,-1,0
8ju7f2,2018-05-16 11:38:08,34,r/Unexpected,152,2018-05-16 13:56:59,0,0,-6,0
8ju7f2,2018-05-16 11:38:08,34,r/Unexpected,153,2018-05-16 14:59:56,0,2,-6,0
8ju7f2,2018-05-16 11:38:08,34,r/Unexpected,153,2018-05-16 15:41:32,1,0,3,0
8ju7f2,2018-05-16 11:38:08,34,r/Unexpected,153,2018-05-16 15:06:44,1,0,0,0
8ju7f2,2018-05-16 11:38:08,34,r/Unexpected,154,2018-05-16 14:06:10,0,0,-3,0
8ju7f2,2018-05-16 11:38:08,34,r/Unexpected,155,2018-05-16 14:51:14,0,0,-3,0
8jvdju,2018-05-16 14:32:40,35,r/IASIP,0,2018-05-16 15:18:09,0,5,1013,0
8jvdju,2018-05-16 14:32:40,35,r/IASIP,0,2018-05-16 17:09:17,1,2,70,0
8jvdju,2018-05-16 14:32:40,35,r/IASIP,0,2018-05-16 17:11:03,2,2,249,0
8jvdju,2018-05-16 14:32:40,35,r/IASIP,0,2018-05-16 17:44:05,3,0,1,0
8jvdju,2018-05-16 14:32:40,35,r/IASIP,0,2018-05-16 18:22:56,3,0,1,0
8jvdju,2018-05-16 14:32:40,35,r/IASIP,0,2018-05-16 18:20:02,2,0,1,0
8jvdju,2018-05-16 14:32:40,35,r/IASIP,0,2018-05-16 16:42:09,1,1,96,0
8jvdju,2018-05-16 14:32:40,35,r/IASIP,0,2018-05-16 16:45:54,2,6,77,0
8jvdju,2018-05-16 14:32:40,35,r/IASIP,0,2018-05-16 16:54:58,3,3,51,0
8jvdju,2018-05-16 14:32:40,35,r/IASIP,0,2018-05-16 17:22:28,4,0,7,0
8jvdju,2018-05-16 14:32:40,35,r/IASIP,0,2018-05-16 16:55:07,4,2,10,0
8jvdju,2018-05-16 14:32:40,35,r/IASIP,0,2018-05-16 16:57:32,5,1,8,0
8jvdju,2018-05-16 14:32:40,35,r/IASIP,0,2018-05-16 17:22:37,6,1,2,0
8jvdju,2018-05-16 14:32:40,35,r/IASIP,0,2018-05-16 17:30:08,7,0,7,0
8jvdju,2018-05-16 14:32:40,35,r/IASIP,0,2018-05-16 17:13:04,5,0,1,0
8jvdju,2018-05-16 14:32:40,35,r/IASIP,0,2018-05-16 17:33:28,4,0,1,0
8jvdju,2018-05-16 14:32:40,35,r/IASIP,0,2018-05-16 17:05:28,3,2,12,0
8jvdju,2018-05-16 14:32:40,35,r/IASIP,0,2018-05-16 18:01:17,4,1,1,0
8jvdju,2018-05-16 14:32:40,35,r/IASIP,0,2018-05-16 18:07:21,5,0,1,0
8jvdju,2018-05-16 14:32:40,35,r/IASIP,0,2018-05-16 17:25:03,4,0,3,0
8jvdju,2018-05-16 14:32:40,35,r/IASIP,0,2018-05-16 17:51:14,3,0,1,0
8jvdju,2018-05-16 14:32:40,35,r/IASIP,0,2018-05-16 18:02:57,3,1,1,0
8jvdju,2018-05-16 14:32:40,35,r/IASIP,0,2018-05-16 18:03:08,4,0,1,0
8jvdju,2018-05-16 14:32:40,35,r/IASIP,0,2018-05-16 17:11:10,3,1,1,0
8jvdju,2018-05-16 14:32:40,35,r/IASIP,0,2018-05-16 17:11:54,4,0,4,0
8jvdju,2018-05-16 14:32:40,35,r/IASIP,0,2018-05-16 17:14:32,3,0,1,0
8jvdju,2018-05-16 14:32:40,35,r/IASIP,0,2018-05-16 16:44:43,1,1,28,0
8jvdju,2018-05-16 14:32:40,35,r/IASIP,0,2018-05-16 17:42:00,2,2,1,0
8jvdju,2018-05-16 14:32:40,35,r/IASIP,0,2018-05-16 18:03:04,3,1,1,0
8jvdju,2018-05-16 14:32:40,35,r/IASIP,0,2018-05-16 18:19:49,4,0,1,0
8jvdju,2018-05-16 14:32:40,35,r/IASIP,0,2018-05-16 17:45:46,3,0,1,0
8jvdju,2018-05-16 14:32:40,35,r/IASIP,0,2018-05-16 18:00:54,1,0,1,0
8jvdju,2018-05-16 14:32:40,35,r/IASIP,0,2018-05-16 18:12:58,1,0,1,0
8jvdju,2018-05-16 14:32:40,35,r/IASIP,1,2018-05-16 14:35:43,0,4,449,0
8jvdju,2018-05-16 14:32:40,35,r/IASIP,1,2018-05-16 15:24:32,1,4,76,0
8jvdju,2018-05-16 14:32:40,35,r/IASIP,1,2018-05-16 15:49:14,2,1,102,0
8jvdju,2018-05-16 14:32:40,35,r/IASIP,1,2018-05-16 16:53:09,3,0,3,0
8jvdju,2018-05-16 14:32:40,35,r/IASIP,1,2018-05-16 15:28:42,2,0,36,0
8jvdju,2018-05-16 14:32:40,35,r/IASIP,1,2018-05-16 15:34:15,2,0,14,0
8jvdju,2018-05-16 14:32:40,35,r/IASIP,1,2018-05-16 16:26:56,2,2,16,0
8jvdju,2018-05-16 14:32:40,35,r/IASIP,1,2018-05-16 16:29:42,3,0,14,0
8jvdju,2018-05-16 14:32:40,35,r/IASIP,1,2018-05-16 16:35:38,3,2,2,0
8jvdju,2018-05-16 14:32:40,35,r/IASIP,1,2018-05-16 16:37:18,4,3,21,0
8jvdju,2018-05-16 14:32:40,35,r/IASIP,1,2018-05-16 16:49:56,5,1,22,0
8jvdju,2018-05-16 14:32:40,35,r/IASIP,1,2018-05-16 18:02:53,6,0,1,0
8jvdju,2018-05-16 14:32:40,35,r/IASIP,1,2018-05-16 16:49:43,5,1,4,0
8jvdju,2018-05-16 14:32:40,35,r/IASIP,1,2018-05-16 17:19:36,6,0,5,0
8jvdju,2018-05-16 14:32:40,35,r/IASIP,1,2018-05-16 18:02:29,5,1,1,0
8jvdju,2018-05-16 14:32:40,35,r/IASIP,1,2018-05-16 18:09:05,6,0,1,0
8jvdju,2018-05-16 14:32:40,35,r/IASIP,1,2018-05-16 16:59:11,4,1,4,0
8jvdju,2018-05-16 14:32:40,35,r/IASIP,1,2018-05-16 17:16:44,5,0,3,0
8jvdju,2018-05-16 14:32:40,35,r/IASIP,1,2018-05-16 16:36:42,1,0,7,0
8jvdju,2018-05-16 14:32:40,35,r/IASIP,1,2018-05-16 17:08:56,1,0,1,0
8jvdju,2018-05-16 14:32:40,35,r/IASIP,1,2018-05-16 18:12:24,1,0,1,0
8jvdju,2018-05-16 14:32:40,35,r/IASIP,2,2018-05-16 15:36:04,0,4,67,0
8jvdju,2018-05-16 14:32:40,35,r/IASIP,2,2018-05-16 16:38:12,1,0,67,0
8jvdju,2018-05-16 14:32:40,35,r/IASIP,2,2018-05-16 16:40:58,1,0,13,0
8jvdju,2018-05-16 14:32:40,35,r/IASIP,2,2018-05-16 16:20:51,1,0,3,0
8jvdju,2018-05-16 14:32:40,35,r/IASIP,2,2018-05-16 17:54:05,1,0,1,0
8jvdju,2018-05-16 14:32:40,35,r/IASIP,3,2018-05-16 16:16:23,0,1,60,0
8jvdju,2018-05-16 14:32:40,35,r/IASIP,3,2018-05-16 17:02:03,1,0,13,0
8jvdju,2018-05-16 14:32:40,35,r/IASIP,4,2018-05-16 14:41:25,0,7,276,0
8jvdju,2018-05-16 14:32:40,35,r/IASIP,4,2018-05-16 16:05:05,1,2,351,0
8jvdju,2018-05-16 14:32:40,35,r/IASIP,4,2018-05-16 16:20:53,2,2,91,0
8jvdju,2018-05-16 14:32:40,35,r/IASIP,4,2018-05-16 16:26:37,3,0,47,0
8jvdju,2018-05-16 14:32:40,35,r/IASIP,4,2018-05-16 16:27:04,3,1,13,0
8jvdju,2018-05-16 14:32:40,35,r/IASIP,4,2018-05-16 18:22:34,4,0,1,0
8jvdju,2018-05-16 14:32:40,35,r/IASIP,4,2018-05-16 16:24:06,2,1,31,0
8jvdju,2018-05-16 14:32:40,35,r/IASIP,4,2018-05-16 16:36:48,3,0,18,0
8jvdju,2018-05-16 14:32:40,35,r/IASIP,4,2018-05-16 15:45:21,1,1,29,0
8jvdju,2018-05-16 14:32:40,35,r/IASIP,4,2018-05-16 16:16:11,2,1,28,0
8jvdju,2018-05-16 14:32:40,35,r/IASIP,4,2018-05-16 16:41:03,3,0,11,0
8jvdju,2018-05-16 14:32:40,35,r/IASIP,4,2018-05-16 16:18:57,1,2,11,0
8jvdju,2018-05-16 14:32:40,35,r/IASIP,4,2018-05-16 16:54:36,2,0,3,0
8jvdju,2018-05-16 14:32:40,35,r/IASIP,4,2018-05-16 16:45:58,2,0,1,0
8jvdju,2018-05-16 14:32:40,35,r/IASIP,4,2018-05-16 17:09:12,1,1,4,0
8jvdju,2018-05-16 14:32:40,35,r/IASIP,4,2018-05-16 17:41:15,2,0,1,0
8jvdju,2018-05-16 14:32:40,35,r/IASIP,4,2018-05-16 16:22:26,1,3,6,0
8jvdju,2018-05-16 14:32:40,35,r/IASIP,4,2018-05-16 16:50:43,2,0,9,0
8jvdju,2018-05-16 14:32:40,35,r/IASIP,4,2018-05-16 17:07:51,2,1,9,0
8jvdju,2018-05-16 14:32:40,35,r/IASIP,4,2018-05-16 17:45:13,3,0,1,0
8jvdju,2018-05-16 14:32:40,35,r/IASIP,4,2018-05-16 16:47:40,2,0,2,0
8jvdju,2018-05-16 14:32:40,35,r/IASIP,4,2018-05-16 16:38:19,1,0,1,0
8jvdju,2018-05-16 14:32:40,35,r/IASIP,4,2018-05-16 17:55:28,1,0,1,0
8jvdju,2018-05-16 14:32:40,35,r/IASIP,5,2018-05-16 15:21:58,0,3,73,0
8jvdju,2018-05-16 14:32:40,35,r/IASIP,5,2018-05-16 17:03:50,1,1,3,0
8jvdju,2018-05-16 14:32:40,35,r/IASIP,5,2018-05-16 17:04:48,2,1,1,0
8jvdju,2018-05-16 14:32:40,35,r/IASIP,5,2018-05-16 17:14:47,3,0,1,0
8jvdju,2018-05-16 14:32:40,35,r/IASIP,5,2018-05-16 17:27:46,1,0,2,0
8jvdju,2018-05-16 14:32:40,35,r/IASIP,5,2018-05-16 18:00:13,1,0,1,0
8jvdju,2018-05-16 14:32:40,35,r/IASIP,6,2018-05-16 15:22:43,0,4,111,0
8jvdju,2018-05-16 14:32:40,35,r/IASIP,6,2018-05-16 16:22:33,1,2,20,0
8jvdju,2018-05-16 14:32:40,35,r/IASIP,6,2018-05-16 16:27:23,2,0,3,0
8jvdju,2018-05-16 14:32:40,35,r/IASIP,6,2018-05-16 16:29:51,2,0,2,0
8jvdju,2018-05-16 14:32:40,35,r/IASIP,6,2018-05-16 16:28:23,1,0,6,0
8jvdju,2018-05-16 14:32:40,35,r/IASIP,6,2018-05-16 16:46:26,1,0,2,0
8jvdju,2018-05-16 14:32:40,35,r/IASIP,6,2018-05-16 16:59:39,1,0,2,0
8jvdju,2018-05-16 14:32:40,35,r/IASIP,7,2018-05-16 16:05:14,0,0,13,0
8jvdju,2018-05-16 14:32:40,35,r/IASIP,8,2018-05-16 15:45:46,0,0,12,0
8jvdju,2018-05-16 14:32:40,35,r/IASIP,9,2018-05-16 16:53:47,0,1,8,0
8jvdju,2018-05-16 14:32:40,35,r/IASIP,9,2018-05-16 18:12:35,1,0,1,0
8jvdju,2018-05-16 14:32:40,35,r/IASIP,10,2018-05-16 17:07:12,0,0,7,0
8jvdju,2018-05-16 14:32:40,35,r/IASIP,11,2018-05-16 15:24:57,0,10,85,0
8jvdju,2018-05-16 14:32:40,35,r/IASIP,11,2018-05-16 16:17:06,1,2,25,0
8jvdju,2018-05-16 14:32:40,35,r/IASIP,11,2018-05-16 16:48:59,2,0,15,0
8jvdju,2018-05-16 14:32:40,35,r/IASIP,11,2018-05-16 18:06:08,2,1,1,0
8jvdju,2018-05-16 14:32:40,35,r/IASIP,11,2018-05-16 18:28:31,3,0,1,0
8jvdju,2018-05-16 14:32:40,35,r/IASIP,11,2018-05-16 15:27:03,1,4,53,0
8jvdju,2018-05-16 14:32:40,35,r/IASIP,11,2018-05-16 15:33:31,2,5,50,0
8jvdju,2018-05-16 14:32:40,35,r/IASIP,11,2018-05-16 15:52:47,3,1,19,0
8jvdju,2018-05-16 14:32:40,35,r/IASIP,11,2018-05-16 15:56:50,4,0,11,0
8jvdju,2018-05-16 14:32:40,35,r/IASIP,11,2018-05-16 15:34:47,3,3,31,0
8jvdju,2018-05-16 14:32:40,35,r/IASIP,11,2018-05-16 16:08:33,4,0,24,0
8jvdju,2018-05-16 14:32:40,35,r/IASIP,11,2018-05-16 15:48:04,4,2,9,0
8jvdju,2018-05-16 14:32:40,35,r/IASIP,11,2018-05-16 16:00:11,5,1,16,0
8jvdju,2018-05-16 14:32:40,35,r/IASIP,11,2018-05-16 18:04:13,6,1,1,0
8jvdju,2018-05-16 14:32:40,35,r/IASIP,11,2018-05-16 18:19:36,7,0,1,0
8jvdju,2018-05-16 14:32:40,35,r/IASIP,11,2018-05-16 16:28:49,5,0,4,0
8jvdju,2018-05-16 14:32:40,35,r/IASIP,11,2018-05-16 15:36:49,4,0,4,0
8jvdju,2018-05-16 14:32:40,35,r/IASIP,11,2018-05-16 15:36:49,3,0,13,0
8jvdju,2018-05-16 14:32:40,35,r/IASIP,11,2018-05-16 16:54:03,3,0,5,0
8jvdju,2018-05-16 14:32:40,35,r/IASIP,11,2018-05-16 15:39:11,3,2,1,0
8jvdju,2018-05-16 14:32:40,35,r/IASIP,11,2018-05-16 17:24:26,4,0,2,0
8jvdju,2018-05-16 14:32:40,35,r/IASIP,11,2018-05-16 17:52:16,4,0,1,0
8jvdju,2018-05-16 14:32:40,35,r/IASIP,11,2018-05-16 15:53:36,2,1,14,0
8jvdju,2018-05-16 14:32:40,35,r/IASIP,11,2018-05-16 16:10:29,3,0,10,0
8jvdju,2018-05-16 14:32:40,35,r/IASIP,11,2018-05-16 15:43:45,2,0,13,0
8jvdju,2018-05-16 14:32:40,35,r/IASIP,11,2018-05-16 15:50:45,2,0,1,0
8jvdju,2018-05-16 14:32:40,35,r/IASIP,11,2018-05-16 15:47:38,1,0,9,0
8jvdju,2018-05-16 14:32:40,35,r/IASIP,11,2018-05-16 16:04:35,1,0,7,0
8jvdju,2018-05-16 14:32:40,35,r/IASIP,11,2018-05-16 16:08:50,1,1,5,0
8jvdju,2018-05-16 14:32:40,35,r/IASIP,11,2018-05-16 16:40:22,2,1,7,0
8jvdju,2018-05-16 14:32:40,35,r/IASIP,11,2018-05-16 16:44:42,3,0,1,0
8jvdju,2018-05-16 14:32:40,35,r/IASIP,11,2018-05-16 16:54:34,1,0,6,0
8jvdju,2018-05-16 14:32:40,35,r/IASIP,11,2018-05-16 16:42:04,1,0,8,0
8jvdju,2018-05-16 14:32:40,35,r/IASIP,11,2018-05-16 16:27:30,1,0,3,0
8jvdju,2018-05-16 14:32:40,35,r/IASIP,11,2018-05-16 16:14:59,1,0,2,0
8jvdju,2018-05-16 14:32:40,35,r/IASIP,11,2018-05-16 16:44:38,1,0,1,0
8jvdju,2018-05-16 14:32:40,35,r/IASIP,12,2018-05-16 14:42:04,0,2,14,0
8jvdju,2018-05-16 14:32:40,35,r/IASIP,12,2018-05-16 14:56:51,1,3,32,0
8jvdju,2018-05-16 14:32:40,35,r/IASIP,12,2018-05-16 15:04:31,2,3,16,0
8jvdju,2018-05-16 14:32:40,35,r/IASIP,12,2018-05-16 15:08:37,3,3,17,0
8jvdju,2018-05-16 14:32:40,35,r/IASIP,12,2018-05-16 15:47:48,4,3,28,0
8jvdju,2018-05-16 14:32:40,35,r/IASIP,12,2018-05-16 15:59:40,5,0,9,0
8jvdju,2018-05-16 14:32:40,35,r/IASIP,12,2018-05-16 16:24:56,5,0,5,0
8jvdju,2018-05-16 14:32:40,35,r/IASIP,12,2018-05-16 17:20:50,5,0,2,0
8jvdju,2018-05-16 14:32:40,35,r/IASIP,12,2018-05-16 17:15:32,4,1,3,0
8jvdju,2018-05-16 14:32:40,35,r/IASIP,12,2018-05-16 17:44:45,5,2,1,0
8jvdju,2018-05-16 14:32:40,35,r/IASIP,12,2018-05-16 17:56:05,6,0,1,0
8jvdju,2018-05-16 14:32:40,35,r/IASIP,12,2018-05-16 17:56:27,6,0,1,0
8jvdju,2018-05-16 14:32:40,35,r/IASIP,12,2018-05-16 18:08:34,4,0,1,0
8jvdju,2018-05-16 14:32:40,35,r/IASIP,12,2018-05-16 18:04:36,3,0,1,0
8jvdju,2018-05-16 14:32:40,35,r/IASIP,12,2018-05-16 15:28:12,3,0,1,0
8jvdju,2018-05-16 14:32:40,35,r/IASIP,12,2018-05-16 16:09:01,2,0,1,0
8jvdju,2018-05-16 14:32:40,35,r/IASIP,12,2018-05-16 18:26:14,2,0,1,0
8jvdju,2018-05-16 14:32:40,35,r/IASIP,12,2018-05-16 15:00:26,1,1,8,0
8jvdju,2018-05-16 14:32:40,35,r/IASIP,12,2018-05-16 15:15:07,2,1,5,0
8jvdju,2018-05-16 14:32:40,35,r/IASIP,12,2018-05-16 15:26:30,3,1,1,0
8jvdju,2018-05-16 14:32:40,35,r/IASIP,12,2018-05-16 15:52:07,4,1,2,0
8jvdju,2018-05-16 14:32:40,35,r/IASIP,12,2018-05-16 16:36:23,5,1,2,0
8jvdju,2018-05-16 14:32:40,35,r/IASIP,12,2018-05-16 17:08:18,6,0,2,0
8jvdju,2018-05-16 14:32:40,35,r/IASIP,13,2018-05-16 15:34:21,0,0,4,0
8jvdju,2018-05-16 14:32:40,35,r/IASIP,14,2018-05-16 16:08:43,0,0,5,0
8jvdju,2018-05-16 14:32:40,35,r/IASIP,15,2018-05-16 16:16:25,0,1,2,0
8jvdju,2018-05-16 14:32:40,35,r/IASIP,15,2018-05-16 16:24:22,1,0,4,0
8jvdju,2018-05-16 14:32:40,35,r/IASIP,16,2018-05-16 16:18:25,0,1,2,0
8jvdju,2018-05-16 14:32:40,35,r/IASIP,16,2018-05-16 17:35:38,1,0,1,0
8jvdju,2018-05-16 14:32:40,35,r/IASIP,17,2018-05-16 16:48:04,0,0,2,0
8jvdju,2018-05-16 14:32:40,35,r/IASIP,18,2018-05-16 16:51:15,0,1,2,0
8jvdju,2018-05-16 14:32:40,35,r/IASIP,18,2018-05-16 18:10:30,1,0,1,0
8jvdju,2018-05-16 14:32:40,35,r/IASIP,19,2018-05-16 17:07:55,0,0,2,0
8jvdju,2018-05-16 14:32:40,35,r/IASIP,20,2018-05-16 17:13:20,0,0,2,0
8jvdju,2018-05-16 14:32:40,35,r/IASIP,21,2018-05-16 17:40:49,0,0,1,0
8jvdju,2018-05-16 14:32:40,35,r/IASIP,22,2018-05-16 16:50:06,0,0,4,0
8jvdju,2018-05-16 14:32:40,35,r/IASIP,23,2018-05-16 15:51:29,0,1,1,0
8jvdju,2018-05-16 14:32:40,35,r/IASIP,23,2018-05-16 16:07:55,1,0,1,0
8jvdju,2018-05-16 14:32:40,35,r/IASIP,24,2018-05-16 15:44:44,0,0,1,0
8jvdju,2018-05-16 14:32:40,35,r/IASIP,25,2018-05-16 16:14:03,0,0,1,0
8jvdju,2018-05-16 14:32:40,35,r/IASIP,26,2018-05-16 16:42:35,0,0,1,0
8jvdju,2018-05-16 14:32:40,35,r/IASIP,27,2018-05-16 16:44:38,0,0,1,0
8jvdju,2018-05-16 14:32:40,35,r/IASIP,28,2018-05-16 16:46:34,0,0,1,0
8jvdju,2018-05-16 14:32:40,35,r/IASIP,29,2018-05-16 16:46:47,0,0,1,0
8jvdju,2018-05-16 14:32:40,35,r/IASIP,30,2018-05-16 16:46:56,0,0,1,0
8jvdju,2018-05-16 14:32:40,35,r/IASIP,31,2018-05-16 16:48:53,0,0,1,0
8jvdju,2018-05-16 14:32:40,35,r/IASIP,32,2018-05-16 17:04:43,0,0,1,0
8jvdju,2018-05-16 14:32:40,35,r/IASIP,33,2018-05-16 17:06:09,0,0,1,0
8jvdju,2018-05-16 14:32:40,35,r/IASIP,34,2018-05-16 17:14:03,0,0,1,0
8jvdju,2018-05-16 14:32:40,35,r/IASIP,35,2018-05-16 17:15:00,0,1,1,0
8jvdju,2018-05-16 14:32:40,35,r/IASIP,35,2018-05-16 17:52:29,1,0,1,0
8jvdju,2018-05-16 14:32:40,35,r/IASIP,36,2018-05-16 17:15:09,0,0,1,0
8jvdju,2018-05-16 14:32:40,35,r/IASIP,37,2018-05-16 17:22:03,0,0,1,0
8jvdju,2018-05-16 14:32:40,35,r/IASIP,38,2018-05-16 17:24:54,0,0,1,0
8jvdju,2018-05-16 14:32:40,35,r/IASIP,39,2018-05-16 17:41:10,0,0,1,0
8jvdju,2018-05-16 14:32:40,35,r/IASIP,40,2018-05-16 17:48:25,0,0,1,0
8jvdju,2018-05-16 14:32:40,35,r/IASIP,41,2018-05-16 17:49:29,0,0,1,0
8jvdju,2018-05-16 14:32:40,35,r/IASIP,42,2018-05-16 17:50:20,0,0,1,0
8jvdju,2018-05-16 14:32:40,35,r/IASIP,43,2018-05-16 17:51:51,0,0,1,0
8jvdju,2018-05-16 14:32:40,35,r/IASIP,44,2018-05-16 18:00:25,0,0,1,0
8jvdju,2018-05-16 14:32:40,35,r/IASIP,45,2018-05-16 18:08:21,0,0,1,0
8jvdju,2018-05-16 14:32:40,35,r/IASIP,46,2018-05-16 18:13:11,0,0,1,0
8jvdju,2018-05-16 14:32:40,35,r/IASIP,47,2018-05-16 18:17:46,0,0,1,0
8jvdju,2018-05-16 14:32:40,35,r/IASIP,48,2018-05-16 18:18:28,0,0,1,0
8jvdju,2018-05-16 14:32:40,35,r/IASIP,49,2018-05-16 18:19:58,0,0,1,0
8jvdju,2018-05-16 14:32:40,35,r/IASIP,50,2018-05-16 18:28:39,0,0,1,0
8jvdju,2018-05-16 14:32:40,35,r/IASIP,51,2018-05-16 18:28:41,0,0,1,0
8jvdju,2018-05-16 14:32:40,35,r/IASIP,52,2018-05-16 17:31:16,0,0,1,0
8jvdju,2018-05-16 14:32:40,35,r/IASIP,53,2018-05-16 15:28:49,0,0,0,0
8jvdju,2018-05-16 14:32:40,35,r/IASIP,54,2018-05-16 16:37:01,0,0,0,0
8jvdju,2018-05-16 14:32:40,35,r/IASIP,55,2018-05-16 17:15:13,0,0,0,0
8jvdju,2018-05-16 14:32:40,35,r/IASIP,56,2018-05-16 17:18:43,0,0,0,0
8jvdju,2018-05-16 14:32:40,35,r/IASIP,57,2018-05-16 14:56:59,0,4,-9,0
8jvdju,2018-05-16 14:32:40,35,r/IASIP,57,2018-05-16 15:07:11,1,0,10,0
8jvdju,2018-05-16 14:32:40,35,r/IASIP,57,2018-05-16 15:49:52,1,1,9,0
8jvdju,2018-05-16 14:32:40,35,r/IASIP,57,2018-05-16 15:53:46,2,0,8,0
8jvdju,2018-05-16 14:32:40,35,r/IASIP,57,2018-05-16 16:07:25,1,0,3,0
8jvdju,2018-05-16 14:32:40,35,r/IASIP,57,2018-05-16 16:58:46,1,0,2,0
8jumuf,2018-05-16 12:47:46,36,r/AskReddit,0,2018-05-16 15:19:43,0,5,1787,0
8jumuf,2018-05-16 12:47:46,36,r/AskReddit,0,2018-05-16 16:26:39,1,3,399,0
8jumuf,2018-05-16 12:47:46,36,r/AskReddit,0,2018-05-16 16:44:46,2,2,214,0
8jumuf,2018-05-16 12:47:46,36,r/AskReddit,0,2018-05-16 17:48:22,3,1,1,0
8jumuf,2018-05-16 12:47:46,36,r/AskReddit,0,2018-05-16 16:38:47,2,1,74,0
8jumuf,2018-05-16 12:47:46,36,r/AskReddit,0,2018-05-16 16:53:30,3,1,93,0
8jumuf,2018-05-16 12:47:46,36,r/AskReddit,0,2018-05-16 17:02:26,4,1,72,0
8jumuf,2018-05-16 12:47:46,36,r/AskReddit,0,2018-05-16 17:28:25,5,1,55,0
8jumuf,2018-05-16 12:47:46,36,r/AskReddit,0,2018-05-16 17:30:21,6,2,188,0
8jumuf,2018-05-16 12:47:46,36,r/AskReddit,0,2018-05-16 17:33:17,7,0,1,0
8jumuf,2018-05-16 12:47:46,36,r/AskReddit,0,2018-05-16 17:30:05,1,0,68,0
8jumuf,2018-05-16 12:47:46,36,r/AskReddit,0,2018-05-16 17:06:17,1,2,15,0
8jumuf,2018-05-16 12:47:46,36,r/AskReddit,0,2018-05-16 18:06:54,2,0,1,0
8jumuf,2018-05-16 12:47:46,36,r/AskReddit,0,2018-05-16 17:53:31,1,1,1,0
8jumuf,2018-05-16 12:47:46,36,r/AskReddit,1,2018-05-16 15:30:13,0,3,1669,0
8jumuf,2018-05-16 12:47:46,36,r/AskReddit,1,2018-05-16 15:38:27,1,1,208,0
8jumuf,2018-05-16 12:47:46,36,r/AskReddit,1,2018-05-16 17:27:38,2,0,7,0
8jumuf,2018-05-16 12:47:46,36,r/AskReddit,1,2018-05-16 17:46:43,1,1,1,0
8jumuf,2018-05-16 12:47:46,36,r/AskReddit,2,2018-05-16 13:41:28,0,6,8799,0
8jumuf,2018-05-16 12:47:46,36,r/AskReddit,2,2018-05-16 14:02:53,1,5,2919,0
8jumuf,2018-05-16 12:47:46,36,r/AskReddit,2,2018-05-16 14:24:10,2,3,1582,0
8jumuf,2018-05-16 12:47:46,36,r/AskReddit,2,2018-05-16 14:37:18,3,4,882,0
8jumuf,2018-05-16 12:47:46,36,r/AskReddit,2,2018-05-16 15:43:32,4,2,278,0
8jumuf,2018-05-16 12:47:46,36,r/AskReddit,2,2018-05-16 16:11:38,5,2,202,0
8jumuf,2018-05-16 12:47:46,36,r/AskReddit,2,2018-05-16 16:18:32,6,1,152,0
8jumuf,2018-05-16 12:47:46,36,r/AskReddit,2,2018-05-16 16:23:17,7,2,263,0
8jumuf,2018-05-16 12:47:46,36,r/AskReddit,2,2018-05-16 16:35:24,8,2,98,0
8jumuf,2018-05-16 12:47:46,36,r/AskReddit,2,2018-05-16 17:09:44,9,0,9,0
8jumuf,2018-05-16 12:47:46,36,r/AskReddit,2,2018-05-16 17:48:54,4,1,1,0
8jumuf,2018-05-16 12:47:46,36,r/AskReddit,2,2018-05-16 16:00:43,4,0,10,0
8jumuf,2018-05-16 12:47:46,36,r/AskReddit,2,2018-05-16 14:53:38,3,1,136,0
8jumuf,2018-05-16 12:47:46,36,r/AskReddit,2,2018-05-16 15:01:20,2,1,159,0
8jumuf,2018-05-16 12:47:46,36,r/AskReddit,2,2018-05-16 14:47:56,2,1,51,0
8jumuf,2018-05-16 12:47:46,36,r/AskReddit,2,2018-05-16 14:53:59,2,0,7,0
8jumuf,2018-05-16 12:47:46,36,r/AskReddit,2,2018-05-16 14:10:20,1,3,367,0
8jumuf,2018-05-16 12:47:46,36,r/AskReddit,2,2018-05-16 15:48:53,2,2,388,0
8jumuf,2018-05-16 12:47:46,36,r/AskReddit,2,2018-05-16 17:03:26,3,1,187,0
8jumuf,2018-05-16 12:47:46,36,r/AskReddit,2,2018-05-16 14:22:04,2,1,218,0
8jumuf,2018-05-16 12:47:46,36,r/AskReddit,2,2018-05-16 14:50:43,1,0,14,0
8jumuf,2018-05-16 12:47:46,36,r/AskReddit,2,2018-05-16 14:03:40,1,2,145,0
8jumuf,2018-05-16 12:47:46,36,r/AskReddit,2,2018-05-16 14:20:21,2,2,411,0
8jumuf,2018-05-16 12:47:46,36,r/AskReddit,2,2018-05-16 14:25:02,3,0,76,0
8jumuf,2018-05-16 12:47:46,36,r/AskReddit,2,2018-05-16 14:50:18,1,0,6,0
8jumuf,2018-05-16 12:47:46,36,r/AskReddit,3,2018-05-16 13:15:36,0,5,12791,0
8jumuf,2018-05-16 12:47:46,36,r/AskReddit,3,2018-05-16 13:45:02,1,2,3112,0
8jumuf,2018-05-16 12:47:46,36,r/AskReddit,3,2018-05-16 14:50:17,2,4,789,0
8jumuf,2018-05-16 12:47:46,36,r/AskReddit,3,2018-05-16 15:08:22,3,4,1050,0
8jumuf,2018-05-16 12:47:46,36,r/AskReddit,3,2018-05-16 15:16:37,4,3,597,0
8jumuf,2018-05-16 12:47:46,36,r/AskReddit,3,2018-05-16 16:07:37,5,3,212,0
8jumuf,2018-05-16 12:47:46,36,r/AskReddit,3,2018-05-16 17:25:41,6,2,496,0
8jumuf,2018-05-16 12:47:46,36,r/AskReddit,3,2018-05-16 17:46:15,7,0,1,0
8jumuf,2018-05-16 12:47:46,36,r/AskReddit,3,2018-05-16 17:35:28,6,1,1,0
8jumuf,2018-05-16 12:47:46,36,r/AskReddit,3,2018-05-16 15:58:18,5,2,16,0
8jumuf,2018-05-16 12:47:46,36,r/AskReddit,3,2018-05-16 16:04:04,6,1,56,0
8jumuf,2018-05-16 12:47:46,36,r/AskReddit,3,2018-05-16 15:28:16,4,1,9,0
8jumuf,2018-05-16 12:47:46,36,r/AskReddit,3,2018-05-16 15:40:06,5,1,12,0
8jumuf,2018-05-16 12:47:46,36,r/AskReddit,3,2018-05-16 16:15:06,4,0,13,0
8jumuf,2018-05-16 12:47:46,36,r/AskReddit,3,2018-05-16 15:44:38,3,0,8,0
8jumuf,2018-05-16 12:47:46,36,r/AskReddit,3,2018-05-16 15:36:38,3,2,8,0
8jumuf,2018-05-16 12:47:46,36,r/AskReddit,3,2018-05-16 15:47:58,4,0,11,0
8jumuf,2018-05-16 12:47:46,36,r/AskReddit,3,2018-05-16 14:24:20,1,2,601,0
8jumuf,2018-05-16 12:47:46,36,r/AskReddit,3,2018-05-16 14:45:06,2,4,596,0
8jumuf,2018-05-16 12:47:46,36,r/AskReddit,3,2018-05-16 14:49:45,3,2,794,0
8jumuf,2018-05-16 12:47:46,36,r/AskReddit,3,2018-05-16 14:51:11,4,2,278,0
8jumuf,2018-05-16 12:47:46,36,r/AskReddit,3,2018-05-16 15:03:37,5,2,245,0
8jumuf,2018-05-16 12:47:46,36,r/AskReddit,3,2018-05-16 15:25:55,6,1,7,0
8jumuf,2018-05-16 12:47:46,36,r/AskReddit,3,2018-05-16 15:19:07,3,1,14,0
8jumuf,2018-05-16 12:47:46,36,r/AskReddit,3,2018-05-16 15:34:38,3,1,10,0
8jumuf,2018-05-16 12:47:46,36,r/AskReddit,3,2018-05-16 14:25:14,1,3,66,0
8jumuf,2018-05-16 12:47:46,36,r/AskReddit,3,2018-05-16 15:37:34,2,1,12,0
8jumuf,2018-05-16 12:47:46,36,r/AskReddit,3,2018-05-16 14:54:24,2,0,8,0
8jumuf,2018-05-16 12:47:46,36,r/AskReddit,3,2018-05-16 14:06:19,1,5,363,0
8jumuf,2018-05-16 12:47:46,36,r/AskReddit,3,2018-05-16 14:17:18,2,2,358,0
8jumuf,2018-05-16 12:47:46,36,r/AskReddit,3,2018-05-16 15:04:49,3,3,186,0
8jumuf,2018-05-16 12:47:46,36,r/AskReddit,3,2018-05-16 15:39:06,4,1,21,0
8jumuf,2018-05-16 12:47:46,36,r/AskReddit,3,2018-05-16 16:45:44,4,1,7,0
8jumuf,2018-05-16 12:47:46,36,r/AskReddit,3,2018-05-16 15:38:14,2,1,126,0
8jumuf,2018-05-16 12:47:46,36,r/AskReddit,3,2018-05-16 14:30:36,2,2,42,0
8jumuf,2018-05-16 12:47:46,36,r/AskReddit,3,2018-05-16 15:22:54,3,0,12,0
8jumuf,2018-05-16 12:47:46,36,r/AskReddit,3,2018-05-16 15:55:42,2,0,8,0
8jumuf,2018-05-16 12:47:46,36,r/AskReddit,4,2018-05-16 14:28:24,0,7,5545,0
8jumuf,2018-05-16 12:47:46,36,r/AskReddit,4,2018-05-16 15:24:12,1,3,3082,0
8jumuf,2018-05-16 12:47:46,36,r/AskReddit,4,2018-05-16 15:26:20,2,3,672,0
8jumuf,2018-05-16 12:47:46,36,r/AskReddit,4,2018-05-16 15:34:34,3,2,373,0
8jumuf,2018-05-16 12:47:46,36,r/AskReddit,4,2018-05-16 15:38:33,4,3,140,0
8jumuf,2018-05-16 12:47:46,36,r/AskReddit,4,2018-05-16 15:53:13,5,2,21,0
8jumuf,2018-05-16 12:47:46,36,r/AskReddit,4,2018-05-16 16:27:35,6,1,10,0
8jumuf,2018-05-16 12:47:46,36,r/AskReddit,4,2018-05-16 16:38:08,7,0,12,0
8jumuf,2018-05-16 12:47:46,36,r/AskReddit,4,2018-05-16 17:48:53,6,1,1,0
8jumuf,2018-05-16 12:47:46,36,r/AskReddit,4,2018-05-16 17:05:16,5,1,8,0
8jumuf,2018-05-16 12:47:46,36,r/AskReddit,4,2018-05-16 17:23:54,6,0,9,0
8jumuf,2018-05-16 12:47:46,36,r/AskReddit,4,2018-05-16 15:51:11,3,1,8,0
8jumuf,2018-05-16 12:47:46,36,r/AskReddit,4,2018-05-16 17:13:58,2,1,6,0
8jumuf,2018-05-16 12:47:46,36,r/AskReddit,4,2018-05-16 15:56:01,1,7,762,0
8jumuf,2018-05-16 12:47:46,36,r/AskReddit,4,2018-05-16 16:33:59,2,2,144,0
8jumuf,2018-05-16 12:47:46,36,r/AskReddit,4,2018-05-16 16:48:20,3,3,145,0
8jumuf,2018-05-16 12:47:46,36,r/AskReddit,4,2018-05-16 17:22:42,4,1,28,0
8jumuf,2018-05-16 12:47:46,36,r/AskReddit,4,2018-05-16 17:33:34,4,0,1,0
8jumuf,2018-05-16 12:47:46,36,r/AskReddit,4,2018-05-16 16:31:25,2,4,222,0
8jumuf,2018-05-16 12:47:46,36,r/AskReddit,4,2018-05-16 17:28:55,3,1,104,0
8jumuf,2018-05-16 12:47:46,36,r/AskReddit,4,2018-05-16 18:02:37,4,1,1,0
8jumuf,2018-05-16 12:47:46,36,r/AskReddit,4,2018-05-16 16:45:14,3,0,27,0
8jumuf,2018-05-16 12:47:46,36,r/AskReddit,4,2018-05-16 17:18:00,3,0,6,0
8jumuf,2018-05-16 12:47:46,36,r/AskReddit,4,2018-05-16 16:31:43,2,0,23,0
8jumuf,2018-05-16 12:47:46,36,r/AskReddit,4,2018-05-16 17:08:32,2,1,20,0
8jumuf,2018-05-16 12:47:46,36,r/AskReddit,4,2018-05-16 17:40:36,2,1,1,0
8jumuf,2018-05-16 12:47:46,36,r/AskReddit,4,2018-05-16 17:52:12,3,0,1,0
8jumuf,2018-05-16 12:47:46,36,r/AskReddit,4,2018-05-16 17:35:20,2,0,1,0
8jumuf,2018-05-16 12:47:46,36,r/AskReddit,4,2018-05-16 15:27:58,1,2,233,0
8jumuf,2018-05-16 12:47:46,36,r/AskReddit,4,2018-05-16 17:30:38,2,1,47,0
8jumuf,2018-05-16 12:47:46,36,r/AskReddit,4,2018-05-16 16:36:26,1,0,10,0
8jumuf,2018-05-16 12:47:46,36,r/AskReddit,4,2018-05-16 16:48:07,1,0,7,0
8jumuf,2018-05-16 12:47:46,36,r/AskReddit,4,2018-05-16 15:27:37,1,4,83,0
8jumuf,2018-05-16 12:47:46,36,r/AskReddit,4,2018-05-16 15:39:51,2,1,33,0
8jumuf,2018-05-16 12:47:46,36,r/AskReddit,4,2018-05-16 15:54:28,3,3,23,0
8jumuf,2018-05-16 12:47:46,36,r/AskReddit,4,2018-05-16 15:56:55,4,0,40,0
8jumuf,2018-05-16 12:47:46,36,r/AskReddit,4,2018-05-16 16:25:49,4,1,10,0
8jumuf,2018-05-16 12:47:46,36,r/AskReddit,4,2018-05-16 17:12:09,5,0,6,0
8jumuf,2018-05-16 12:47:46,36,r/AskReddit,4,2018-05-16 16:13:11,2,3,46,0
8jumuf,2018-05-16 12:47:46,36,r/AskReddit,4,2018-05-16 16:35:15,3,1,30,0
8jumuf,2018-05-16 12:47:46,36,r/AskReddit,4,2018-05-16 18:13:30,3,0,1,0
8jumuf,2018-05-16 12:47:46,36,r/AskReddit,4,2018-05-16 16:00:14,2,1,13,0
8jumuf,2018-05-16 12:47:46,36,r/AskReddit,4,2018-05-16 16:46:50,3,1,27,0
8jumuf,2018-05-16 12:47:46,36,r/AskReddit,5,2018-05-16 14:08:46,0,4,5836,0
8jumuf,2018-05-16 12:47:46,36,r/AskReddit,5,2018-05-16 15:53:46,1,2,2469,0
8jumuf,2018-05-16 12:47:46,36,r/AskReddit,5,2018-05-16 16:00:23,2,2,371,0
8jumuf,2018-05-16 12:47:46,36,r/AskReddit,5,2018-05-16 16:03:30,3,2,64,0
8jumuf,2018-05-16 12:47:46,36,r/AskReddit,5,2018-05-16 16:08:46,4,3,23,0
8jumuf,2018-05-16 12:47:46,36,r/AskReddit,5,2018-05-16 17:08:48,5,1,15,0
8jumuf,2018-05-16 12:47:46,36,r/AskReddit,5,2018-05-16 17:26:11,5,1,7,0
8jumuf,2018-05-16 12:47:46,36,r/AskReddit,5,2018-05-16 17:19:29,4,1,10,0
8jumuf,2018-05-16 12:47:46,36,r/AskReddit,5,2018-05-16 15:26:30,1,2,381,0
8jumuf,2018-05-16 12:47:46,36,r/AskReddit,5,2018-05-16 16:25:07,2,1,11,0
8jumuf,2018-05-16 12:47:46,36,r/AskReddit,5,2018-05-16 14:33:25,1,4,979,0
8jumuf,2018-05-16 12:47:46,36,r/AskReddit,5,2018-05-16 16:29:53,2,0,13,0
8jumuf,2018-05-16 12:47:46,36,r/AskReddit,5,2018-05-16 15:20:17,2,0,8,0
8jumuf,2018-05-16 12:47:46,36,r/AskReddit,5,2018-05-16 14:42:42,2,3,242,0
8jumuf,2018-05-16 12:47:46,36,r/AskReddit,5,2018-05-16 15:11:29,3,3,299,0
8jumuf,2018-05-16 12:47:46,36,r/AskReddit,5,2018-05-16 16:30:52,4,1,30,0
8jumuf,2018-05-16 12:47:46,36,r/AskReddit,5,2018-05-16 15:31:23,4,1,100,0
8jumuf,2018-05-16 12:47:46,36,r/AskReddit,5,2018-05-16 15:09:34,3,2,514,0
8jumuf,2018-05-16 12:47:46,36,r/AskReddit,5,2018-05-16 15:29:13,4,3,119,0
8jumuf,2018-05-16 12:47:46,36,r/AskReddit,5,2018-05-16 15:52:03,5,1,117,0
8jumuf,2018-05-16 12:47:46,36,r/AskReddit,5,2018-05-16 15:33:16,5,2,33,0
8jumuf,2018-05-16 12:47:46,36,r/AskReddit,5,2018-05-16 15:38:35,6,1,18,0
8jumuf,2018-05-16 12:47:46,36,r/AskReddit,6,2018-05-16 13:19:18,0,3,2481,0
8jumuf,2018-05-16 12:47:46,36,r/AskReddit,6,2018-05-16 13:59:39,1,6,1295,0
8jumuf,2018-05-16 12:47:46,36,r/AskReddit,6,2018-05-16 14:08:05,2,4,391,0
8jumuf,2018-05-16 12:47:46,36,r/AskReddit,6,2018-05-16 14:58:00,3,1,103,0
8jumuf,2018-05-16 12:47:46,36,r/AskReddit,6,2018-05-16 15:31:51,3,0,8,0
8jumuf,2018-05-16 12:47:46,36,r/AskReddit,6,2018-05-16 15:43:21,3,1,12,0
8jumuf,2018-05-16 12:47:46,36,r/AskReddit,6,2018-05-16 14:32:00,2,2,990,0
8jumuf,2018-05-16 12:47:46,36,r/AskReddit,6,2018-05-16 17:19:11,3,0,38,0
8jumuf,2018-05-16 12:47:46,36,r/AskReddit,6,2018-05-16 15:04:55,2,2,180,0
8jumuf,2018-05-16 12:47:46,36,r/AskReddit,6,2018-05-16 16:49:03,3,1,15,0
8jumuf,2018-05-16 12:47:46,36,r/AskReddit,6,2018-05-16 15:51:49,2,0,9,0
8jumuf,2018-05-16 12:47:46,36,r/AskReddit,6,2018-05-16 16:36:23,2,1,6,0
8jumuf,2018-05-16 12:47:46,36,r/AskReddit,6,2018-05-16 15:00:51,1,1,70,0
8jumuf,2018-05-16 12:47:46,36,r/AskReddit,7,2018-05-16 13:03:17,0,12,10381,1
8jumuf,2018-05-16 12:47:46,36,r/AskReddit,7,2018-05-16 13:54:19,1,2,2870,0
8jumuf,2018-05-16 12:47:46,36,r/AskReddit,7,2018-05-16 13:59:00,2,6,1288,0
8jumuf,2018-05-16 12:47:46,36,r/AskReddit,7,2018-05-16 14:08:40,3,2,864,0
8jumuf,2018-05-16 12:47:46,36,r/AskReddit,7,2018-05-16 15:37:24,4,2,221,0
8jumuf,2018-05-16 12:47:46,36,r/AskReddit,7,2018-05-16 16:55:58,5,4,144,0
8jumuf,2018-05-16 12:47:46,36,r/AskReddit,7,2018-05-16 17:07:17,6,1,28,0
8jumuf,2018-05-16 12:47:46,36,r/AskReddit,7,2018-05-16 17:20:47,7,1,15,0
8jumuf,2018-05-16 12:47:46,36,r/AskReddit,7,2018-05-16 17:06:27,6,0,50,0
8jumuf,2018-05-16 12:47:46,36,r/AskReddit,7,2018-05-16 17:36:02,6,0,1,0
8jumuf,2018-05-16 12:47:46,36,r/AskReddit,7,2018-05-16 14:21:37,3,3,271,1
8jumuf,2018-05-16 12:47:46,36,r/AskReddit,7,2018-05-16 15:08:37,4,0,13,0
8jumuf,2018-05-16 12:47:46,36,r/AskReddit,7,2018-05-16 15:32:16,4,0,7,0
8jumuf,2018-05-16 12:47:46,36,r/AskReddit,7,2018-05-16 14:06:44,3,2,311,0
8jumuf,2018-05-16 12:47:46,36,r/AskReddit,7,2018-05-16 14:40:22,4,4,211,0
8jumuf,2018-05-16 12:47:46,36,r/AskReddit,7,2018-05-16 15:27:45,5,1,11,0
8jumuf,2018-05-16 12:47:46,36,r/AskReddit,7,2018-05-16 15:23:53,5,0,15,0
8jumuf,2018-05-16 12:47:46,36,r/AskReddit,7,2018-05-16 15:52:15,5,1,8,0
8jumuf,2018-05-16 12:47:46,36,r/AskReddit,7,2018-05-16 14:52:06,3,1,11,0
8jumuf,2018-05-16 12:47:46,36,r/AskReddit,7,2018-05-16 14:18:51,3,2,39,0
8jumuf,2018-05-16 12:47:46,36,r/AskReddit,7,2018-05-16 14:53:54,4,1,9,0
8jumuf,2018-05-16 12:47:46,36,r/AskReddit,7,2018-05-16 15:07:01,1,2,631,0
8jumuf,2018-05-16 12:47:46,36,r/AskReddit,7,2018-05-16 17:07:30,2,2,152,0
8jumuf,2018-05-16 12:47:46,36,r/AskReddit,7,2018-05-16 17:16:26,3,2,126,0
8jumuf,2018-05-16 12:47:46,36,r/AskReddit,7,2018-05-16 17:45:38,4,2,1,0
8jumuf,2018-05-16 12:47:46,36,r/AskReddit,7,2018-05-16 17:48:53,5,1,1,0
8jumuf,2018-05-16 12:47:46,36,r/AskReddit,7,2018-05-16 14:10:59,1,2,1094,0
8jumuf,2018-05-16 12:47:46,36,r/AskReddit,7,2018-05-16 14:45:25,2,3,417,0
8jumuf,2018-05-16 12:47:46,36,r/AskReddit,7,2018-05-16 15:58:01,3,2,117,0
8jumuf,2018-05-16 12:47:46,36,r/AskReddit,7,2018-05-16 16:30:22,4,3,185,0
8jumuf,2018-05-16 12:47:46,36,r/AskReddit,7,2018-05-16 16:37:24,5,2,118,0
8jumuf,2018-05-16 12:47:46,36,r/AskReddit,7,2018-05-16 17:08:08,6,2,19,0
8jumuf,2018-05-16 12:47:46,36,r/AskReddit,7,2018-05-16 17:09:31,7,2,16,0
8jumuf,2018-05-16 12:47:46,36,r/AskReddit,7,2018-05-16 17:35:14,8,1,1,0
8jumuf,2018-05-16 12:47:46,36,r/AskReddit,7,2018-05-16 17:18:48,5,1,10,0
8jumuf,2018-05-16 12:47:46,36,r/AskReddit,7,2018-05-16 15:49:55,3,1,32,0
8jumuf,2018-05-16 12:47:46,36,r/AskReddit,7,2018-05-16 14:09:38,1,3,710,0
8jumuf,2018-05-16 12:47:46,36,r/AskReddit,7,2018-05-16 15:35:31,2,2,252,0
8jumuf,2018-05-16 12:47:46,36,r/AskReddit,7,2018-05-16 16:55:15,3,1,15,0
8jumuf,2018-05-16 12:47:46,36,r/AskReddit,7,2018-05-16 17:13:22,2,1,10,0
8jumuf,2018-05-16 12:47:46,36,r/AskReddit,7,2018-05-16 16:49:46,1,1,86,0
8jumuf,2018-05-16 12:47:46,36,r/AskReddit,7,2018-05-16 14:54:16,1,1,10,0
8jumuf,2018-05-16 12:47:46,36,r/AskReddit,7,2018-05-16 15:22:54,1,0,12,0
8jumuf,2018-05-16 12:47:46,36,r/AskReddit,7,2018-05-16 16:01:38,1,2,24,0
8jumuf,2018-05-16 12:47:46,36,r/AskReddit,7,2018-05-16 17:36:44,2,0,1,0
8jumuf,2018-05-16 12:47:46,36,r/AskReddit,7,2018-05-16 16:34:12,1,0,6,0
8jumuf,2018-05-16 12:47:46,36,r/AskReddit,7,2018-05-16 14:46:32,1,0,24,0
8jumuf,2018-05-16 12:47:46,36,r/AskReddit,7,2018-05-16 14:21:58,1,1,18,0
8jumuf,2018-05-16 12:47:46,36,r/AskReddit,8,2018-05-16 13:42:18,0,5,5544,0
8jumuf,2018-05-16 12:47:46,36,r/AskReddit,8,2018-05-16 13:59:28,1,2,983,0
8jumuf,2018-05-16 12:47:46,36,r/AskReddit,8,2018-05-16 14:06:44,2,3,551,0
8jumuf,2018-05-16 12:47:46,36,r/AskReddit,8,2018-05-16 15:51:44,3,1,37,0
8jumuf,2018-05-16 12:47:46,36,r/AskReddit,8,2018-05-16 14:23:15,3,1,24,0
8jumuf,2018-05-16 12:47:46,36,r/AskReddit,8,2018-05-16 14:39:39,1,2,345,0
8jumuf,2018-05-16 12:47:46,36,r/AskReddit,8,2018-05-16 16:30:39,2,1,10,0
8jumuf,2018-05-16 12:47:46,36,r/AskReddit,8,2018-05-16 14:28:44,1,2,401,0
8jumuf,2018-05-16 12:47:46,36,r/AskReddit,8,2018-05-16 14:53:39,2,0,4,0
8jumuf,2018-05-16 12:47:46,36,r/AskReddit,8,2018-05-16 13:53:04,1,1,60,0
8jumuf,2018-05-16 12:47:46,36,r/AskReddit,9,2018-05-16 13:31:27,0,10,3985,0
8jumuf,2018-05-16 12:47:46,36,r/AskReddit,9,2018-05-16 13:54:37,1,3,2537,0
8jumuf,2018-05-16 12:47:46,36,r/AskReddit,9,2018-05-16 14:24:30,2,2,852,0
8jumuf,2018-05-16 12:47:46,36,r/AskReddit,9,2018-05-16 14:54:54,3,3,480,0
8jumuf,2018-05-16 12:47:46,36,r/AskReddit,9,2018-05-16 15:14:43,4,2,1015,0
8jumuf,2018-05-16 12:47:46,36,r/AskReddit,9,2018-05-16 15:51:00,5,2,463,0
8jumuf,2018-05-16 12:47:46,36,r/AskReddit,9,2018-05-16 17:08:32,6,1,22,0
8jumuf,2018-05-16 12:47:46,36,r/AskReddit,9,2018-05-16 15:20:14,4,0,6,0
8jumuf,2018-05-16 12:47:46,36,r/AskReddit,9,2018-05-16 14:11:46,2,3,303,0
8jumuf,2018-05-16 12:47:46,36,r/AskReddit,9,2018-05-16 14:20:14,3,2,174,0
8jumuf,2018-05-16 12:47:46,36,r/AskReddit,9,2018-05-16 14:34:25,4,2,50,0
8jumuf,2018-05-16 12:47:46,36,r/AskReddit,9,2018-05-16 14:56:35,5,2,110,0
8jumuf,2018-05-16 12:47:46,36,r/AskReddit,9,2018-05-16 15:32:10,6,0,29,0
8jumuf,2018-05-16 12:47:46,36,r/AskReddit,9,2018-05-16 14:59:42,3,1,26,0
8jumuf,2018-05-16 12:47:46,36,r/AskReddit,9,2018-05-16 14:18:44,1,3,601,0
8jumuf,2018-05-16 12:47:46,36,r/AskReddit,9,2018-05-16 14:54:16,2,1,164,0
8jumuf,2018-05-16 12:47:46,36,r/AskReddit,9,2018-05-16 15:04:10,2,1,7,0
8jumuf,2018-05-16 12:47:46,36,r/AskReddit,9,2018-05-16 14:13:24,1,3,285,0
8jumuf,2018-05-16 12:47:46,36,r/AskReddit,9,2018-05-16 14:25:43,2,1,179,0
8jumuf,2018-05-16 12:47:46,36,r/AskReddit,9,2018-05-16 14:33:28,2,1,83,0
8jumuf,2018-05-16 12:47:46,36,r/AskReddit,9,2018-05-16 15:02:55,1,5,426,0
8jumuf,2018-05-16 12:47:46,36,r/AskReddit,9,2018-05-16 16:20:08,2,1,57,0
8jumuf,2018-05-16 12:47:46,36,r/AskReddit,9,2018-05-16 15:40:32,2,3,187,0
8jumuf,2018-05-16 12:47:46,36,r/AskReddit,9,2018-05-16 15:53:47,3,0,40,0
8jumuf,2018-05-16 12:47:46,36,r/AskReddit,9,2018-05-16 17:22:42,3,1,12,0
8jumuf,2018-05-16 12:47:46,36,r/AskReddit,9,2018-05-16 16:24:55,2,1,12,0
8jumuf,2018-05-16 12:47:46,36,r/AskReddit,9,2018-05-16 17:17:49,2,1,7,0
8jumuf,2018-05-16 12:47:46,36,r/AskReddit,9,2018-05-16 14:00:22,1,2,244,0
8jumuf,2018-05-16 12:47:46,36,r/AskReddit,9,2018-05-16 14:08:40,2,2,178,0
8jumuf,2018-05-16 12:47:46,36,r/AskReddit,9,2018-05-16 14:12:49,3,1,225,0
8jumuf,2018-05-16 12:47:46,36,r/AskReddit,9,2018-05-16 14:19:30,1,2,90,0
8jumuf,2018-05-16 12:47:46,36,r/AskReddit,9,2018-05-16 14:40:15,2,1,29,0
8jumuf,2018-05-16 12:47:46,36,r/AskReddit,9,2018-05-16 15:53:08,3,1,11,0
8jumuf,2018-05-16 12:47:46,36,r/AskReddit,9,2018-05-16 14:51:09,1,1,81,0
8jumuf,2018-05-16 12:47:46,36,r/AskReddit,9,2018-05-16 14:41:21,1,2,16,0
8jumuf,2018-05-16 12:47:46,36,r/AskReddit,9,2018-05-16 14:52:08,2,1,15,0
8jumuf,2018-05-16 12:47:46,36,r/AskReddit,9,2018-05-16 15:03:38,1,0,7,0
8jumuf,2018-05-16 12:47:46,36,r/AskReddit,10,2018-05-16 13:43:44,0,9,3490,0
8jumuf,2018-05-16 12:47:46,36,r/AskReddit,10,2018-05-16 14:53:36,1,4,1730,0
8jumuf,2018-05-16 12:47:46,36,r/AskReddit,10,2018-05-16 15:48:48,2,2,1353,0
8jumuf,2018-05-16 12:47:46,36,r/AskReddit,10,2018-05-16 16:15:53,3,1,928,0
8jumuf,2018-05-16 12:47:46,36,r/AskReddit,10,2018-05-16 15:19:15,2,1,8,0
8jumuf,2018-05-16 12:47:46,36,r/AskReddit,10,2018-05-16 16:05:36,2,1,11,0
8jumuf,2018-05-16 12:47:46,36,r/AskReddit,10,2018-05-16 14:28:39,1,3,866,0
8jumuf,2018-05-16 12:47:46,36,r/AskReddit,10,2018-05-16 14:51:17,2,5,747,0
8jumuf,2018-05-16 12:47:46,36,r/AskReddit,10,2018-05-16 15:04:10,3,2,613,0
8jumuf,2018-05-16 12:47:46,36,r/AskReddit,10,2018-05-16 15:47:31,4,0,12,0
8jumuf,2018-05-16 12:47:46,36,r/AskReddit,10,2018-05-16 15:12:19,3,1,187,0
8jumuf,2018-05-16 12:47:46,36,r/AskReddit,10,2018-05-16 15:01:40,3,2,113,0
8jumuf,2018-05-16 12:47:46,36,r/AskReddit,10,2018-05-16 16:09:12,4,2,12,0
8jumuf,2018-05-16 12:47:46,36,r/AskReddit,10,2018-05-16 16:11:32,5,0,11,0
8jumuf,2018-05-16 12:47:46,36,r/AskReddit,10,2018-05-16 15:34:05,3,0,7,0
8jumuf,2018-05-16 12:47:46,36,r/AskReddit,10,2018-05-16 14:50:06,2,2,21,0
8jumuf,2018-05-16 12:47:46,36,r/AskReddit,10,2018-05-16 15:26:07,3,0,10,0
8jumuf,2018-05-16 12:47:46,36,r/AskReddit,10,2018-05-16 15:02:06,1,6,229,0
8jumuf,2018-05-16 12:47:46,36,r/AskReddit,10,2018-05-16 15:33:41,2,1,90,0
8jumuf,2018-05-16 12:47:46,36,r/AskReddit,10,2018-05-16 15:32:35,2,0,8,0
8jumuf,2018-05-16 12:47:46,36,r/AskReddit,10,2018-05-16 15:36:43,2,1,8,0
8jumuf,2018-05-16 12:47:46,36,r/AskReddit,10,2018-05-16 16:28:12,2,0,7,0
8jumuf,2018-05-16 12:47:46,36,r/AskReddit,10,2018-05-16 16:26:21,2,0,6,0
8jumuf,2018-05-16 12:47:46,36,r/AskReddit,10,2018-05-16 14:07:26,1,2,102,0
8jumuf,2018-05-16 12:47:46,36,r/AskReddit,10,2018-05-16 14:26:31,2,2,8,0
8jumuf,2018-05-16 12:47:46,36,r/AskReddit,10,2018-05-16 14:57:59,3,1,10,0
8jumuf,2018-05-16 12:47:46,36,r/AskReddit,10,2018-05-16 14:10:49,1,1,99,0
8jumuf,2018-05-16 12:47:46,36,r/AskReddit,10,2018-05-16 14:45:58,1,1,9,0
8jumuf,2018-05-16 12:47:46,36,r/AskReddit,10,2018-05-16 15:09:34,1,1,21,0
8jumuf,2018-05-16 12:47:46,36,r/AskReddit,10,2018-05-16 15:14:07,1,2,35,0
8jumuf,2018-05-16 12:47:46,36,r/AskReddit,10,2018-05-16 16:22:21,2,0,7,0
8jumuf,2018-05-16 12:47:46,36,r/AskReddit,11,2018-05-16 16:53:09,0,2,247,0
8jumuf,2018-05-16 12:47:46,36,r/AskReddit,11,2018-05-16 17:37:10,1,1,1,0
8jumuf,2018-05-16 12:47:46,36,r/AskReddit,12,2018-05-16 13:53:12,0,2,734,0
8jumuf,2018-05-16 12:47:46,36,r/AskReddit,12,2018-05-16 14:17:44,1,3,220,0
8jumuf,2018-05-16 12:47:46,36,r/AskReddit,12,2018-05-16 15:21:11,2,2,123,0
8jumuf,2018-05-16 12:47:46,36,r/AskReddit,12,2018-05-16 15:56:51,3,2,138,0
8jumuf,2018-05-16 12:47:46,36,r/AskReddit,12,2018-05-16 17:01:22,4,1,13,0
8jumuf,2018-05-16 12:47:46,36,r/AskReddit,12,2018-05-16 16:08:09,2,2,10,0
8jumuf,2018-05-16 12:47:46,36,r/AskReddit,12,2018-05-16 16:27:28,3,0,12,0
8jumuf,2018-05-16 12:47:46,36,r/AskReddit,13,2018-05-16 14:35:06,0,4,603,0
8jumuf,2018-05-16 12:47:46,36,r/AskReddit,13,2018-05-16 15:54:09,1,2,355,0
8jumuf,2018-05-16 12:47:46,36,r/AskReddit,13,2018-05-16 16:28:33,2,3,89,0
8jumuf,2018-05-16 12:47:46,36,r/AskReddit,13,2018-05-16 17:00:03,3,1,120,0
8jumuf,2018-05-16 12:47:46,36,r/AskReddit,13,2018-05-16 17:05:28,4,1,15,0
8jumuf,2018-05-16 12:47:46,36,r/AskReddit,13,2018-05-16 16:55:34,3,1,7,0
8jumuf,2018-05-16 12:47:46,36,r/AskReddit,13,2018-05-16 16:16:01,1,2,268,0
8jumuf,2018-05-16 12:47:46,36,r/AskReddit,13,2018-05-16 17:22:52,2,1,15,0
8jumuf,2018-05-16 12:47:46,36,r/AskReddit,13,2018-05-16 16:31:38,1,1,8,0
8jumuf,2018-05-16 12:47:46,36,r/AskReddit,14,2018-05-16 14:10:55,0,4,611,0
8jumuf,2018-05-16 12:47:46,36,r/AskReddit,14,2018-05-16 17:04:55,1,0,14,0
8jumuf,2018-05-16 12:47:46,36,r/AskReddit,14,2018-05-16 17:31:26,1,1,1,0
8jumuf,2018-05-16 12:47:46,36,r/AskReddit,14,2018-05-16 16:42:46,1,0,17,0
8jumuf,2018-05-16 12:47:46,36,r/AskReddit,15,2018-05-16 12:48:33,0,3,1403,0
8jumuf,2018-05-16 12:47:46,36,r/AskReddit,15,2018-05-16 14:07:36,1,3,438,0
8jumuf,2018-05-16 12:47:46,36,r/AskReddit,15,2018-05-16 14:26:55,2,1,35,0
8jumuf,2018-05-16 12:47:46,36,r/AskReddit,15,2018-05-16 16:47:34,2,1,11,0
8jumuf,2018-05-16 12:47:46,36,r/AskReddit,15,2018-05-16 12:53:23,1,4,781,0
8jumuf,2018-05-16 12:47:46,36,r/AskReddit,15,2018-05-16 12:54:21,2,2,263,0
8jumuf,2018-05-16 12:47:46,36,r/AskReddit,15,2018-05-16 13:37:45,3,2,331,0
8jumuf,2018-05-16 12:47:46,36,r/AskReddit,15,2018-05-16 13:38:21,4,2,235,0
8jumuf,2018-05-16 12:47:46,36,r/AskReddit,15,2018-05-16 14:09:23,5,1,73,0
8jumuf,2018-05-16 12:47:46,36,r/AskReddit,15,2018-05-16 14:21:16,6,2,54,0
8jumuf,2018-05-16 12:47:46,36,r/AskReddit,15,2018-05-16 14:44:55,7,2,32,0
8jumuf,2018-05-16 12:47:46,36,r/AskReddit,15,2018-05-16 15:07:15,8,0,6,0
8jumuf,2018-05-16 12:47:46,36,r/AskReddit,15,2018-05-16 16:08:00,2,1,9,0
8jumuf,2018-05-16 12:47:46,36,r/AskReddit,15,2018-05-16 14:54:16,2,1,27,0
8jumuf,2018-05-16 12:47:46,36,r/AskReddit,16,2018-05-16 14:29:37,0,2,951,0
8jumuf,2018-05-16 12:47:46,36,r/AskReddit,16,2018-05-16 16:35:55,1,0,56,0
8jumuf,2018-05-16 12:47:46,36,r/AskReddit,17,2018-05-16 12:56:35,0,8,2426,0
8jumuf,2018-05-16 12:47:46,36,r/AskReddit,17,2018-05-16 13:03:55,1,2,1042,0
8jumuf,2018-05-16 12:47:46,36,r/AskReddit,17,2018-05-16 14:01:37,2,4,473,0
8jumuf,2018-05-16 12:47:46,36,r/AskReddit,17,2018-05-16 14:20:07,3,2,300,0
8jumuf,2018-05-16 12:47:46,36,r/AskReddit,17,2018-05-16 14:31:56,4,3,137,0
8jumuf,2018-05-16 12:47:46,36,r/AskReddit,17,2018-05-16 15:00:42,5,1,65,0
8jumuf,2018-05-16 12:47:46,36,r/AskReddit,17,2018-05-16 14:46:54,5,1,132,0
8jumuf,2018-05-16 12:47:46,36,r/AskReddit,17,2018-05-16 15:23:29,5,0,6,0
8jumuf,2018-05-16 12:47:46,36,r/AskReddit,17,2018-05-16 14:21:22,3,3,294,0
8jumuf,2018-05-16 12:47:46,36,r/AskReddit,17,2018-05-16 15:07:30,4,2,159,0
8jumuf,2018-05-16 12:47:46,36,r/AskReddit,17,2018-05-16 16:06:12,5,0,27,0
8jumuf,2018-05-16 12:47:46,36,r/AskReddit,17,2018-05-16 15:51:55,4,2,12,0
8jumuf,2018-05-16 12:47:46,36,r/AskReddit,17,2018-05-16 16:10:54,5,1,11,0
8jumuf,2018-05-16 12:47:46,36,r/AskReddit,17,2018-05-16 15:01:59,3,1,17,0
8jumuf,2018-05-16 12:47:46,36,r/AskReddit,17,2018-05-16 13:54:10,1,1,307,0
8jumuf,2018-05-16 12:47:46,36,r/AskReddit,17,2018-05-16 14:24:42,1,1,134,0
8jumuf,2018-05-16 12:47:46,36,r/AskReddit,17,2018-05-16 13:32:30,1,3,420,0
8jumuf,2018-05-16 12:47:46,36,r/AskReddit,17,2018-05-16 13:36:14,2,2,210,0
8jumuf,2018-05-16 12:47:46,36,r/AskReddit,17,2018-05-16 13:38:02,3,3,113,0
8jumuf,2018-05-16 12:47:46,36,r/AskReddit,17,2018-05-16 15:46:11,4,0,10,0
8jumuf,2018-05-16 12:47:46,36,r/AskReddit,17,2018-05-16 14:04:22,4,1,36,0
8jumuf,2018-05-16 12:47:46,36,r/AskReddit,17,2018-05-16 15:21:55,2,1,19,0
8jumuf,2018-05-16 12:47:46,36,r/AskReddit,17,2018-05-16 14:15:12,1,3,154,0
8jumuf,2018-05-16 12:47:46,36,r/AskReddit,17,2018-05-16 15:52:45,2,1,24,0
8jumuf,2018-05-16 12:47:46,36,r/AskReddit,17,2018-05-16 14:30:00,2,2,41,0
8jumuf,2018-05-16 12:47:46,36,r/AskReddit,17,2018-05-16 14:31:56,3,0,25,0
8jumuf,2018-05-16 12:47:46,36,r/AskReddit,17,2018-05-16 13:34:01,1,4,164,0
8jumuf,2018-05-16 12:47:46,36,r/AskReddit,17,2018-05-16 14:26:01,2,2,51,0
8jumuf,2018-05-16 12:47:46,36,r/AskReddit,17,2018-05-16 15:22:57,3,1,6,0
8jumuf,2018-05-16 12:47:46,36,r/AskReddit,17,2018-05-16 15:30:19,4,1,7,0
8jumuf,2018-05-16 12:47:46,36,r/AskReddit,17,2018-05-16 13:39:52,2,2,140,0
8jumuf,2018-05-16 12:47:46,36,r/AskReddit,17,2018-05-16 13:41:53,3,2,184,0
8jumuf,2018-05-16 12:47:46,36,r/AskReddit,17,2018-05-16 14:27:56,4,2,17,0
8jumuf,2018-05-16 12:47:46,36,r/AskReddit,17,2018-05-16 14:31:46,5,1,12,0
8jumuf,2018-05-16 12:47:46,36,r/AskReddit,17,2018-05-16 15:24:41,2,1,7,0
8jumuf,2018-05-16 12:47:46,36,r/AskReddit,17,2018-05-16 13:30:06,1,0,12,0
8jumuf,2018-05-16 12:47:46,36,r/AskReddit,18,2018-05-16 14:33:29,0,3,320,0
8jumuf,2018-05-16 12:47:46,36,r/AskReddit,18,2018-05-16 15:30:33,1,0,12,0
8jumuf,2018-05-16 12:47:46,36,r/AskReddit,18,2018-05-16 17:33:08,1,0,1,0
8jumuf,2018-05-16 12:47:46,36,r/AskReddit,19,2018-05-16 13:56:36,0,5,987,0
8jumuf,2018-05-16 12:47:46,36,r/AskReddit,19,2018-05-16 14:33:35,1,2,287,0
8jumuf,2018-05-16 12:47:46,36,r/AskReddit,19,2018-05-16 15:10:48,2,2,68,0
8jumuf,2018-05-16 12:47:46,36,r/AskReddit,19,2018-05-16 16:15:04,3,2,60,0
8jumuf,2018-05-16 12:47:46,36,r/AskReddit,19,2018-05-16 16:15:45,4,1,5,0
8jumuf,2018-05-16 12:47:46,36,r/AskReddit,19,2018-05-16 14:26:49,1,2,644,0
8jumuf,2018-05-16 12:47:46,36,r/AskReddit,19,2018-05-16 14:35:37,2,2,357,0
8jumuf,2018-05-16 12:47:46,36,r/AskReddit,19,2018-05-16 14:48:10,3,3,287,0
8jumuf,2018-05-16 12:47:46,36,r/AskReddit,19,2018-05-16 15:48:20,4,1,20,0
8jumuf,2018-05-16 12:47:46,36,r/AskReddit,19,2018-05-16 16:37:24,5,0,12,0
8jumuf,2018-05-16 12:47:46,36,r/AskReddit,19,2018-05-16 15:32:45,4,2,35,0
8jumuf,2018-05-16 12:47:46,36,r/AskReddit,19,2018-05-16 16:22:27,5,1,21,0
8jumuf,2018-05-16 12:47:46,36,r/AskReddit,19,2018-05-16 15:40:10,1,0,11,0
8jumuf,2018-05-16 12:47:46,36,r/AskReddit,19,2018-05-16 14:42:54,1,1,13,0
8jumuf,2018-05-16 12:47:46,36,r/AskReddit,20,2018-05-16 14:31:22,0,3,347,0
8jumuf,2018-05-16 12:47:46,36,r/AskReddit,20,2018-05-16 16:17:42,1,2,102,0
8jumuf,2018-05-16 12:47:46,36,r/AskReddit,20,2018-05-16 16:19:41,2,0,12,0
8jumuf,2018-05-16 12:47:46,36,r/AskReddit,20,2018-05-16 16:38:43,1,1,6,0
8jumuf,2018-05-16 12:47:46,36,r/AskReddit,21,2018-05-16 14:22:19,0,4,767,0
8jumuf,2018-05-16 12:47:46,36,r/AskReddit,21,2018-05-16 14:54:52,1,2,533,0
8jumuf,2018-05-16 12:47:46,36,r/AskReddit,21,2018-05-16 16:57:55,2,0,9,0
8jumuf,2018-05-16 12:47:46,36,r/AskReddit,21,2018-05-16 14:50:39,1,2,165,0
8jumuf,2018-05-16 12:47:46,36,r/AskReddit,21,2018-05-16 15:50:02,2,1,6,0
8jumuf,2018-05-16 12:47:46,36,r/AskReddit,21,2018-05-16 14:55:50,1,1,52,0
8jumuf,2018-05-16 12:47:46,36,r/AskReddit,21,2018-05-16 14:59:44,2,3,147,0
8jumuf,2018-05-16 12:47:46,36,r/AskReddit,21,2018-05-16 15:04:56,3,1,31,0
8jumuf,2018-05-16 12:47:46,36,r/AskReddit,21,2018-05-16 15:34:57,3,1,6,0
8jumuf,2018-05-16 12:47:46,36,r/AskReddit,22,2018-05-16 13:03:57,0,2,1070,0
8jumuf,2018-05-16 12:47:46,36,r/AskReddit,22,2018-05-16 13:40:57,1,2,408,0
8jumuf,2018-05-16 12:47:46,36,r/AskReddit,22,2018-05-16 13:48:16,2,2,191,0
8jumuf,2018-05-16 12:47:46,36,r/AskReddit,22,2018-05-16 14:11:08,3,4,105,0
8jumuf,2018-05-16 12:47:46,36,r/AskReddit,22,2018-05-16 15:21:46,4,1,59,0
8jumuf,2018-05-16 12:47:46,36,r/AskReddit,22,2018-05-16 15:02:01,4,1,5,0
8jumuf,2018-05-16 12:47:46,36,r/AskReddit,22,2018-05-16 15:34:23,4,1,17,0
8jumuf,2018-05-16 12:47:46,36,r/AskReddit,23,2018-05-16 12:48:26,0,3,342,0
8jumuf,2018-05-16 12:47:46,36,r/AskReddit,23,2018-05-16 13:47:56,1,4,148,0
8jumuf,2018-05-16 12:47:46,36,r/AskReddit,23,2018-05-16 13:56:56,2,1,150,0
8jumuf,2018-05-16 12:47:46,36,r/AskReddit,23,2018-05-16 15:12:54,3,1,95,0
8jumuf,2018-05-16 12:47:46,36,r/AskReddit,23,2018-05-16 14:20:10,2,2,15,0
8jumuf,2018-05-16 12:47:46,36,r/AskReddit,23,2018-05-16 14:23:52,3,2,48,0
8jumuf,2018-05-16 12:47:46,36,r/AskReddit,23,2018-05-16 15:50:50,4,0,12,0
8jumuf,2018-05-16 12:47:46,36,r/AskReddit,23,2018-05-16 14:36:18,2,1,9,0
8jumuf,2018-05-16 12:47:46,36,r/AskReddit,23,2018-05-16 14:23:31,1,1,33,0
8jumuf,2018-05-16 12:47:46,36,r/AskReddit,24,2018-05-16 14:27:10,0,4,343,0
8jumuf,2018-05-16 12:47:46,36,r/AskReddit,24,2018-05-16 15:47:39,1,2,75,0
8jumuf,2018-05-16 12:47:46,36,r/AskReddit,24,2018-05-16 16:40:19,2,0,16,0
8jumuf,2018-05-16 12:47:46,36,r/AskReddit,24,2018-05-16 15:51:59,1,2,105,0
8jumuf,2018-05-16 12:47:46,36,r/AskReddit,24,2018-05-16 16:56:28,2,0,9,0
8jumuf,2018-05-16 12:47:46,36,r/AskReddit,24,2018-05-16 16:31:36,1,0,9,0
8jumuf,2018-05-16 12:47:46,36,r/AskReddit,25,2018-05-16 15:56:50,0,2,55,0
8jumuf,2018-05-16 12:47:46,36,r/AskReddit,25,2018-05-16 17:32:43,1,0,1,0
8jumuf,2018-05-16 12:47:46,36,r/AskReddit,26,2018-05-16 14:29:30,0,1,91,0
8jumuf,2018-05-16 12:47:46,36,r/AskReddit,27,2018-05-16 14:37:00,0,3,57,0
8jumuf,2018-05-16 12:47:46,36,r/AskReddit,27,2018-05-16 15:19:56,1,3,87,0
8jumuf,2018-05-16 12:47:46,36,r/AskReddit,27,2018-05-16 16:45:56,2,0,17,0
8jumuf,2018-05-16 12:47:46,36,r/AskReddit,27,2018-05-16 17:12:11,2,0,6,0
8jumuf,2018-05-16 12:47:46,36,r/AskReddit,27,2018-05-16 15:29:25,1,1,44,0
8jumuf,2018-05-16 12:47:46,36,r/AskReddit,28,2018-05-16 14:53:40,0,2,51,0
8jumuf,2018-05-16 12:47:46,36,r/AskReddit,28,2018-05-16 16:42:17,1,0,16,0
8jumuf,2018-05-16 12:47:46,36,r/AskReddit,29,2018-05-16 12:49:31,0,3,505,0
8jumuf,2018-05-16 12:47:46,36,r/AskReddit,29,2018-05-16 13:15:20,1,3,727,0
8jumuf,2018-05-16 12:47:46,36,r/AskReddit,29,2018-05-16 13:52:24,2,2,86,0
8jumuf,2018-05-16 12:47:46,36,r/AskReddit,29,2018-05-16 14:19:05,3,2,115,0
8jumuf,2018-05-16 12:47:46,36,r/AskReddit,29,2018-05-16 14:37:16,4,2,160,0
8jumuf,2018-05-16 12:47:46,36,r/AskReddit,29,2018-05-16 14:42:30,5,3,67,0
8jumuf,2018-05-16 12:47:46,36,r/AskReddit,29,2018-05-16 15:55:42,6,0,12,0
8jumuf,2018-05-16 12:47:46,36,r/AskReddit,29,2018-05-16 16:41:21,6,0,7,0
8jumuf,2018-05-16 12:47:46,36,r/AskReddit,29,2018-05-16 13:40:31,2,1,42,0
8jumuf,2018-05-16 12:47:46,36,r/AskReddit,29,2018-05-16 15:42:44,1,0,5,0
8jumuf,2018-05-16 12:47:46,36,r/AskReddit,30,2018-05-16 13:51:31,0,7,990,0
8jumuf,2018-05-16 12:47:46,36,r/AskReddit,30,2018-05-16 14:41:55,1,1,183,0
8jumuf,2018-05-16 12:47:46,36,r/AskReddit,30,2018-05-16 16:14:27,1,1,21,0
8jumuf,2018-05-16 12:47:46,36,r/AskReddit,30,2018-05-16 14:28:58,1,2,228,0
8jumuf,2018-05-16 12:47:46,36,r/AskReddit,30,2018-05-16 15:09:53,2,1,20,0
8jumuf,2018-05-16 12:47:46,36,r/AskReddit,30,2018-05-16 14:55:59,1,0,35,0
8jumuf,2018-05-16 12:47:46,36,r/AskReddit,30,2018-05-16 14:28:52,1,2,70,0
8jumuf,2018-05-16 12:47:46,36,r/AskReddit,30,2018-05-16 15:40:17,2,0,10,0
8jumuf,2018-05-16 12:47:46,36,r/AskReddit,30,2018-05-16 17:07:43,1,0,6,0
8jumuf,2018-05-16 12:47:46,36,r/AskReddit,31,2018-05-16 14:40:52,0,4,734,1
8jumuf,2018-05-16 12:47:46,36,r/AskReddit,31,2018-05-16 15:28:08,1,2,230,0
8jumuf,2018-05-16 12:47:46,36,r/AskReddit,31,2018-05-16 16:36:46,2,1,24,0
8jumuf,2018-05-16 12:47:46,36,r/AskReddit,31,2018-05-16 15:49:01,1,1,107,0
8jumuf,2018-05-16 12:47:46,36,r/AskReddit,31,2018-05-16 16:25:20,1,1,28,0
8jumuf,2018-05-16 12:47:46,36,r/AskReddit,32,2018-05-16 14:19:58,0,2,32,0
8jumuf,2018-05-16 12:47:46,36,r/AskReddit,32,2018-05-16 17:37:39,1,0,1,0
8jumuf,2018-05-16 12:47:46,36,r/AskReddit,33,2018-05-16 13:57:35,0,6,309,0
8jumuf,2018-05-16 12:47:46,36,r/AskReddit,33,2018-05-16 14:30:33,1,2,116,0
8jumuf,2018-05-16 12:47:46,36,r/AskReddit,33,2018-05-16 15:53:20,2,1,11,0
8jumuf,2018-05-16 12:47:46,36,r/AskReddit,33,2018-05-16 14:03:15,1,3,101,0
8jumuf,2018-05-16 12:47:46,36,r/AskReddit,33,2018-05-16 14:26:12,2,1,122,0
8jumuf,2018-05-16 12:47:46,36,r/AskReddit,33,2018-05-16 14:20:34,2,0,48,0
8jumuf,2018-05-16 12:47:46,36,r/AskReddit,33,2018-05-16 14:34:30,1,1,101,0
8jumuf,2018-05-16 12:47:46,36,r/AskReddit,33,2018-05-16 14:38:19,1,1,22,0
8jumuf,2018-05-16 12:47:46,36,r/AskReddit,33,2018-05-16 16:14:04,1,1,10,0
8jumuf,2018-05-16 12:47:46,36,r/AskReddit,34,2018-05-16 14:17:27,0,2,70,0
8jumuf,2018-05-16 12:47:46,36,r/AskReddit,34,2018-05-16 16:16:04,1,1,18,0
8jumuf,2018-05-16 12:47:46,36,r/AskReddit,35,2018-05-16 13:44:22,0,5,289,0
8jumuf,2018-05-16 12:47:46,36,r/AskReddit,35,2018-05-16 14:51:52,1,1,43,0
8jumuf,2018-05-16 12:47:46,36,r/AskReddit,35,2018-05-16 15:49:15,1,0,8,0
8jumuf,2018-05-16 12:47:46,36,r/AskReddit,35,2018-05-16 14:12:32,1,2,40,0
8jumuf,2018-05-16 12:47:46,36,r/AskReddit,35,2018-05-16 15:41:14,2,0,8,0
8jumuf,2018-05-16 12:47:46,36,r/AskReddit,35,2018-05-16 14:29:12,2,0,15,0
8jumuf,2018-05-16 12:47:46,36,r/AskReddit,35,2018-05-16 14:00:29,1,2,100,0
8jumuf,2018-05-16 12:47:46,36,r/AskReddit,35,2018-05-16 15:52:25,2,0,11,0
8jumuf,2018-05-16 12:47:46,36,r/AskReddit,36,2018-05-16 15:17:53,0,2,42,0
8jumuf,2018-05-16 12:47:46,36,r/AskReddit,36,2018-05-16 16:10:07,1,0,16,0
8jumuf,2018-05-16 12:47:46,36,r/AskReddit,37,2018-05-16 13:55:02,0,5,168,0
8jumuf,2018-05-16 12:47:46,36,r/AskReddit,37,2018-05-16 14:29:54,1,1,124,0
8jumuf,2018-05-16 12:47:46,36,r/AskReddit,37,2018-05-16 14:11:58,1,3,176,0
8jumuf,2018-05-16 12:47:46,36,r/AskReddit,37,2018-05-16 14:43:05,2,0,20,0
8jumuf,2018-05-16 12:47:46,36,r/AskReddit,37,2018-05-16 14:18:23,2,0,73,0
8jumuf,2018-05-16 12:47:46,36,r/AskReddit,37,2018-05-16 14:37:53,1,1,38,0
8jumuf,2018-05-16 12:47:46,36,r/AskReddit,37,2018-05-16 14:18:51,1,1,49,0
8jumuf,2018-05-16 12:47:46,36,r/AskReddit,38,2018-05-16 15:34:47,0,1,34,0
8jumuf,2018-05-16 12:47:46,36,r/AskReddit,39,2018-05-16 14:34:05,0,1,34,0
8jumuf,2018-05-16 12:47:46,36,r/AskReddit,40,2018-05-16 17:12:07,0,1,10,0
8jumuf,2018-05-16 12:47:46,36,r/AskReddit,41,2018-05-16 16:16:47,0,0,10,0
8jumuf,2018-05-16 12:47:46,36,r/AskReddit,42,2018-05-16 17:28:18,0,1,9,0
8jumuf,2018-05-16 12:47:46,36,r/AskReddit,43,2018-05-16 13:50:08,0,3,83,0
8jumuf,2018-05-16 12:47:46,36,r/AskReddit,43,2018-05-16 14:12:23,1,1,51,0
8jumuf,2018-05-16 12:47:46,36,r/AskReddit,43,2018-05-16 14:30:19,1,0,9,0
8jumuf,2018-05-16 12:47:46,36,r/AskReddit,44,2018-05-16 13:03:55,0,1,130,0
8jumuf,2018-05-16 12:47:46,36,r/AskReddit,45,2018-05-16 14:37:11,0,3,146,0
8jumuf,2018-05-16 12:47:46,36,r/AskReddit,45,2018-05-16 14:53:29,1,2,173,0
8jumuf,2018-05-16 12:47:46,36,r/AskReddit,45,2018-05-16 15:09:37,2,2,19,0
8jumuf,2018-05-16 12:47:46,36,r/AskReddit,45,2018-05-16 15:45:26,3,1,6,0
8jumuf,2018-05-16 12:47:46,36,r/AskReddit,45,2018-05-16 15:46:34,1,0,15,0
8jumuf,2018-05-16 12:47:46,36,r/AskReddit,46,2018-05-16 15:02:07,0,1,31,0
8jumuf,2018-05-16 12:47:46,36,r/AskReddit,47,2018-05-16 16:10:30,0,1,17,0
8jumuf,2018-05-16 12:47:46,36,r/AskReddit,48,2018-05-16 15:44:50,0,0,6,0
8jumuf,2018-05-16 12:47:46,36,r/AskReddit,49,2018-05-16 15:48:57,0,0,11,0
8jumuf,2018-05-16 12:47:46,36,r/AskReddit,50,2018-05-16 16:05:27,0,1,11,0
8jumuf,2018-05-16 12:47:46,36,r/AskReddit,51,2018-05-16 14:32:43,0,1,15,0
8jumuf,2018-05-16 12:47:46,36,r/AskReddit,52,2018-05-16 12:58:12,0,2,26,0
8jumuf,2018-05-16 12:47:46,36,r/AskReddit,52,2018-05-16 14:09:35,1,1,11,0
8jumuf,2018-05-16 12:47:46,36,r/AskReddit,52,2018-05-16 14:13:54,2,0,11,0
8jumuf,2018-05-16 12:47:46,36,r/AskReddit,53,2018-05-16 14:25:21,0,1,21,0
8jumuf,2018-05-16 12:47:46,36,r/AskReddit,54,2018-05-16 15:13:06,0,1,25,0
8jumuf,2018-05-16 12:47:46,36,r/AskReddit,55,2018-05-16 14:38:16,0,0,24,0
8jv3k9,2018-05-16 13:55:46,37,r/PoliticalHumor,0,2018-05-16 17:20:16,0,0,1,0
8jv3k9,2018-05-16 13:55:46,37,r/PoliticalHumor,1,2018-05-16 14:19:07,0,18,479,0
8jv3k9,2018-05-16 13:55:46,37,r/PoliticalHumor,1,2018-05-16 14:40:07,1,5,288,0
8jv3k9,2018-05-16 13:55:46,37,r/PoliticalHumor,1,2018-05-16 16:48:31,2,4,107,0
8jv3k9,2018-05-16 13:55:46,37,r/PoliticalHumor,1,2018-05-16 17:22:40,3,1,38,0
8jv3k9,2018-05-16 13:55:46,37,r/PoliticalHumor,1,2018-05-16 17:25:34,4,1,20,0
8jv3k9,2018-05-16 13:55:46,37,r/PoliticalHumor,1,2018-05-16 18:10:11,5,0,4,0
8jv3k9,2018-05-16 13:55:46,37,r/PoliticalHumor,1,2018-05-16 16:59:55,3,1,26,0
8jv3k9,2018-05-16 13:55:46,37,r/PoliticalHumor,1,2018-05-16 17:41:52,4,0,5,0
8jv3k9,2018-05-16 13:55:46,37,r/PoliticalHumor,1,2018-05-16 16:51:48,3,1,24,0
8jv3k9,2018-05-16 13:55:46,37,r/PoliticalHumor,1,2018-05-16 17:16:20,4,2,9,0
8jv3k9,2018-05-16 13:55:46,37,r/PoliticalHumor,1,2018-05-16 17:20:04,5,1,5,0
8jv3k9,2018-05-16 13:55:46,37,r/PoliticalHumor,1,2018-05-16 17:56:54,6,0,3,0
8jv3k9,2018-05-16 13:55:46,37,r/PoliticalHumor,1,2018-05-16 17:20:08,5,0,1,0
8jv3k9,2018-05-16 13:55:46,37,r/PoliticalHumor,1,2018-05-16 18:15:42,3,1,2,0
8jv3k9,2018-05-16 13:55:46,37,r/PoliticalHumor,1,2018-05-16 18:28:40,4,0,1,0
8jv3k9,2018-05-16 13:55:46,37,r/PoliticalHumor,1,2018-05-16 16:54:05,2,1,5,0
8jv3k9,2018-05-16 13:55:46,37,r/PoliticalHumor,1,2018-05-16 17:04:38,3,1,13,0
8jv3k9,2018-05-16 13:55:46,37,r/PoliticalHumor,1,2018-05-16 17:06:36,4,0,7,0
8jv3k9,2018-05-16 13:55:46,37,r/PoliticalHumor,1,2018-05-16 18:12:44,2,0,2,0
8jv3k9,2018-05-16 13:55:46,37,r/PoliticalHumor,1,2018-05-16 18:16:46,2,0,1,0
8jv3k9,2018-05-16 13:55:46,37,r/PoliticalHumor,1,2018-05-16 18:22:48,2,0,1,0
8jv3k9,2018-05-16 13:55:46,37,r/PoliticalHumor,1,2018-05-16 16:08:50,1,2,75,0
8jv3k9,2018-05-16 13:55:46,37,r/PoliticalHumor,1,2018-05-16 16:25:23,2,1,37,0
8jv3k9,2018-05-16 13:55:46,37,r/PoliticalHumor,1,2018-05-16 17:32:04,3,1,8,0
8jv3k9,2018-05-16 13:55:46,37,r/PoliticalHumor,1,2018-05-16 18:07:23,4,0,6,0
8jv3k9,2018-05-16 13:55:46,37,r/PoliticalHumor,1,2018-05-16 16:59:52,2,1,5,0
8jv3k9,2018-05-16 13:55:46,37,r/PoliticalHumor,1,2018-05-16 18:15:10,3,0,2,0
8jv3k9,2018-05-16 13:55:46,37,r/PoliticalHumor,1,2018-05-16 14:49:52,1,6,62,0
8jv3k9,2018-05-16 13:55:46,37,r/PoliticalHumor,1,2018-05-16 16:55:41,2,0,26,0
8jv3k9,2018-05-16 13:55:46,37,r/PoliticalHumor,1,2018-05-16 17:10:20,2,0,21,0
8jv3k9,2018-05-16 13:55:46,37,r/PoliticalHumor,1,2018-05-16 16:43:44,2,0,5,0
8jv3k9,2018-05-16 13:55:46,37,r/PoliticalHumor,1,2018-05-16 17:07:19,2,0,-10,0
8jv3k9,2018-05-16 13:55:46,37,r/PoliticalHumor,1,2018-05-16 17:45:53,2,0,-4,0
8jv3k9,2018-05-16 13:55:46,37,r/PoliticalHumor,1,2018-05-16 17:20:45,2,2,-16,0
8jv3k9,2018-05-16 13:55:46,37,r/PoliticalHumor,1,2018-05-16 17:23:27,3,0,13,0
8jv3k9,2018-05-16 13:55:46,37,r/PoliticalHumor,1,2018-05-16 17:42:21,3,0,6,0
8jv3k9,2018-05-16 13:55:46,37,r/PoliticalHumor,1,2018-05-16 14:55:14,1,0,31,0
8jv3k9,2018-05-16 13:55:46,37,r/PoliticalHumor,1,2018-05-16 16:41:50,1,0,17,0
8jv3k9,2018-05-16 13:55:46,37,r/PoliticalHumor,1,2018-05-16 17:40:49,1,1,7,0
8jv3k9,2018-05-16 13:55:46,37,r/PoliticalHumor,1,2018-05-16 17:41:43,2,1,1,0
8jv3k9,2018-05-16 13:55:46,37,r/PoliticalHumor,1,2018-05-16 17:52:36,3,0,2,0
8jv3k9,2018-05-16 13:55:46,37,r/PoliticalHumor,1,2018-05-16 14:30:19,1,1,14,0
8jv3k9,2018-05-16 13:55:46,37,r/PoliticalHumor,1,2018-05-16 14:33:07,2,2,5,0
8jv3k9,2018-05-16 13:55:46,37,r/PoliticalHumor,1,2018-05-16 14:46:37,3,1,16,0
8jv3k9,2018-05-16 13:55:46,37,r/PoliticalHumor,1,2018-05-16 14:48:30,4,0,21,0
8jv3k9,2018-05-16 13:55:46,37,r/PoliticalHumor,1,2018-05-16 16:36:02,3,1,-2,0
8jv3k9,2018-05-16 13:55:46,37,r/PoliticalHumor,1,2018-05-16 16:38:34,4,0,5,0
8jv3k9,2018-05-16 13:55:46,37,r/PoliticalHumor,1,2018-05-16 17:52:03,1,0,3,0
8jv3k9,2018-05-16 13:55:46,37,r/PoliticalHumor,1,2018-05-16 17:59:39,1,1,2,0
8jv3k9,2018-05-16 13:55:46,37,r/PoliticalHumor,1,2018-05-16 18:02:08,2,0,1,0
8jv3k9,2018-05-16 13:55:46,37,r/PoliticalHumor,1,2018-05-16 17:24:11,1,1,2,0
8jv3k9,2018-05-16 13:55:46,37,r/PoliticalHumor,1,2018-05-16 17:40:09,2,0,2,0
8jv3k9,2018-05-16 13:55:46,37,r/PoliticalHumor,1,2018-05-16 16:32:24,1,0,2,0
8jv3k9,2018-05-16 13:55:46,37,r/PoliticalHumor,1,2018-05-16 16:18:10,1,1,0,0
8jv3k9,2018-05-16 13:55:46,37,r/PoliticalHumor,1,2018-05-16 17:15:10,2,0,2,0
8jv3k9,2018-05-16 13:55:46,37,r/PoliticalHumor,1,2018-05-16 18:07:56,1,0,1,0
8jv3k9,2018-05-16 13:55:46,37,r/PoliticalHumor,1,2018-05-16 18:15:29,1,0,1,0
8jv3k9,2018-05-16 13:55:46,37,r/PoliticalHumor,1,2018-05-16 18:26:57,1,0,1,0
8jv3k9,2018-05-16 13:55:46,37,r/PoliticalHumor,1,2018-05-16 17:08:23,1,0,-8,0
8jv3k9,2018-05-16 13:55:46,37,r/PoliticalHumor,1,2018-05-16 17:04:28,1,1,-17,0
8jv3k9,2018-05-16 13:55:46,37,r/PoliticalHumor,1,2018-05-16 17:13:52,2,1,12,0
8jv3k9,2018-05-16 13:55:46,37,r/PoliticalHumor,1,2018-05-16 17:27:22,3,2,-6,0
8jv3k9,2018-05-16 13:55:46,37,r/PoliticalHumor,1,2018-05-16 17:35:22,4,1,6,0
8jv3k9,2018-05-16 13:55:46,37,r/PoliticalHumor,1,2018-05-16 17:48:30,5,1,-3,0
8jv3k9,2018-05-16 13:55:46,37,r/PoliticalHumor,1,2018-05-16 17:52:07,6,1,4,0
8jv3k9,2018-05-16 13:55:46,37,r/PoliticalHumor,1,2018-05-16 18:07:29,7,1,0,0
8jv3k9,2018-05-16 13:55:46,37,r/PoliticalHumor,1,2018-05-16 18:22:09,8,0,1,0
8jv3k9,2018-05-16 13:55:46,37,r/PoliticalHumor,1,2018-05-16 17:36:35,4,0,2,0
8jv3k9,2018-05-16 13:55:46,37,r/PoliticalHumor,1,2018-05-16 16:27:20,1,1,-53,0
8jv3k9,2018-05-16 13:55:46,37,r/PoliticalHumor,1,2018-05-16 16:32:38,2,1,16,0
8jv3k9,2018-05-16 13:55:46,37,r/PoliticalHumor,1,2018-05-16 16:38:22,3,0,18,0
8jv3k9,2018-05-16 13:55:46,37,r/PoliticalHumor,2,2018-05-16 14:35:26,0,4,328,0
8jv3k9,2018-05-16 13:55:46,37,r/PoliticalHumor,2,2018-05-16 17:21:26,1,3,83,0
8jv3k9,2018-05-16 13:55:46,37,r/PoliticalHumor,2,2018-05-16 18:09:04,2,1,13,0
8jv3k9,2018-05-16 13:55:46,37,r/PoliticalHumor,2,2018-05-16 18:17:31,3,0,5,0
8jv3k9,2018-05-16 13:55:46,37,r/PoliticalHumor,2,2018-05-16 18:22:32,2,1,1,0
8jv3k9,2018-05-16 13:55:46,37,r/PoliticalHumor,2,2018-05-16 18:26:10,3,0,1,0
8jv3k9,2018-05-16 13:55:46,37,r/PoliticalHumor,2,2018-05-16 18:29:51,2,0,1,0
8jv3k9,2018-05-16 13:55:46,37,r/PoliticalHumor,2,2018-05-16 14:39:41,1,1,79,0
8jv3k9,2018-05-16 13:55:46,37,r/PoliticalHumor,2,2018-05-16 15:19:35,2,1,-21,0
8jv3k9,2018-05-16 13:55:46,37,r/PoliticalHumor,2,2018-05-16 16:34:53,3,1,20,0
8jv3k9,2018-05-16 13:55:46,37,r/PoliticalHumor,2,2018-05-16 16:47:12,4,1,-8,0
8jv3k9,2018-05-16 13:55:46,37,r/PoliticalHumor,2,2018-05-16 17:02:15,5,1,11,0
8jv3k9,2018-05-16 13:55:46,37,r/PoliticalHumor,2,2018-05-16 17:24:16,6,0,4,0
8jv3k9,2018-05-16 13:55:46,37,r/PoliticalHumor,2,2018-05-16 17:02:39,1,0,9,0
8jv3k9,2018-05-16 13:55:46,37,r/PoliticalHumor,2,2018-05-16 18:12:28,1,0,1,0
8jv3k9,2018-05-16 13:55:46,37,r/PoliticalHumor,3,2018-05-16 15:16:03,0,6,132,0
8jv3k9,2018-05-16 13:55:46,37,r/PoliticalHumor,3,2018-05-16 16:29:15,1,6,67,0
8jv3k9,2018-05-16 13:55:46,37,r/PoliticalHumor,3,2018-05-16 16:45:30,2,2,81,0
8jv3k9,2018-05-16 13:55:46,37,r/PoliticalHumor,3,2018-05-16 17:58:39,3,0,15,0
8jv3k9,2018-05-16 13:55:46,37,r/PoliticalHumor,3,2018-05-16 17:53:01,3,1,6,0
8jv3k9,2018-05-16 13:55:46,37,r/PoliticalHumor,3,2018-05-16 18:12:43,4,1,2,0
8jv3k9,2018-05-16 13:55:46,37,r/PoliticalHumor,3,2018-05-16 18:14:16,5,0,0,0
8jv3k9,2018-05-16 13:55:46,37,r/PoliticalHumor,3,2018-05-16 16:45:31,2,2,28,0
8jv3k9,2018-05-16 13:55:46,37,r/PoliticalHumor,3,2018-05-16 17:17:26,3,0,14,0
8jv3k9,2018-05-16 13:55:46,37,r/PoliticalHumor,3,2018-05-16 17:49:35,3,1,2,0
8jv3k9,2018-05-16 13:55:46,37,r/PoliticalHumor,3,2018-05-16 17:54:34,4,2,3,0
8jv3k9,2018-05-16 13:55:46,37,r/PoliticalHumor,3,2018-05-16 18:10:03,5,0,2,0
8jv3k9,2018-05-16 13:55:46,37,r/PoliticalHumor,3,2018-05-16 18:13:37,5,0,1,0
8jv3k9,2018-05-16 13:55:46,37,r/PoliticalHumor,3,2018-05-16 17:23:25,2,0,5,0
8jv3k9,2018-05-16 13:55:46,37,r/PoliticalHumor,3,2018-05-16 17:51:17,2,0,1,0
8jv3k9,2018-05-16 13:55:46,37,r/PoliticalHumor,3,2018-05-16 18:18:29,2,0,0,0
8jv3k9,2018-05-16 13:55:46,37,r/PoliticalHumor,3,2018-05-16 18:23:41,2,0,1,0
8jv3k9,2018-05-16 13:55:46,37,r/PoliticalHumor,3,2018-05-16 17:54:08,1,0,1,0
8jv3k9,2018-05-16 13:55:46,37,r/PoliticalHumor,3,2018-05-16 17:35:59,1,0,2,0
8jv3k9,2018-05-16 13:55:46,37,r/PoliticalHumor,3,2018-05-16 18:07:50,1,0,1,0
8jv3k9,2018-05-16 13:55:46,37,r/PoliticalHumor,3,2018-05-16 18:07:55,1,0,1,0
8jv3k9,2018-05-16 13:55:46,37,r/PoliticalHumor,3,2018-05-16 18:09:02,1,0,1,0
8jv3k9,2018-05-16 13:55:46,37,r/PoliticalHumor,4,2018-05-16 16:33:12,0,0,53,0
8jv3k9,2018-05-16 13:55:46,37,r/PoliticalHumor,5,2018-05-16 15:00:19,0,0,22,0
8jv3k9,2018-05-16 13:55:46,37,r/PoliticalHumor,6,2018-05-16 17:04:46,0,2,26,0
8jv3k9,2018-05-16 13:55:46,37,r/PoliticalHumor,6,2018-05-16 18:04:51,1,1,9,0
8jv3k9,2018-05-16 13:55:46,37,r/PoliticalHumor,6,2018-05-16 18:15:51,2,1,4,0
8jv3k9,2018-05-16 13:55:46,37,r/PoliticalHumor,6,2018-05-16 18:29:19,3,0,1,0
8jv3k9,2018-05-16 13:55:46,37,r/PoliticalHumor,6,2018-05-16 18:00:03,1,1,-1,0
8jv3k9,2018-05-16 13:55:46,37,r/PoliticalHumor,6,2018-05-16 18:03:18,2,1,9,0
8jv3k9,2018-05-16 13:55:46,37,r/PoliticalHumor,6,2018-05-16 18:15:29,3,1,5,0
8jv3k9,2018-05-16 13:55:46,37,r/PoliticalHumor,6,2018-05-16 18:19:52,4,0,3,0
8jv3k9,2018-05-16 13:55:46,37,r/PoliticalHumor,7,2018-05-16 16:19:09,0,1,21,0
8jv3k9,2018-05-16 13:55:46,37,r/PoliticalHumor,7,2018-05-16 17:18:16,1,0,14,0
8jv3k9,2018-05-16 13:55:46,37,r/PoliticalHumor,8,2018-05-16 17:28:50,0,2,12,0
8jv3k9,2018-05-16 13:55:46,37,r/PoliticalHumor,8,2018-05-16 18:14:05,1,0,3,0
8jv3k9,2018-05-16 13:55:46,37,r/PoliticalHumor,8,2018-05-16 18:01:58,1,1,-2,0
8jv3k9,2018-05-16 13:55:46,37,r/PoliticalHumor,8,2018-05-16 18:25:11,2,0,1,0
8jv3k9,2018-05-16 13:55:46,37,r/PoliticalHumor,9,2018-05-16 15:12:52,0,0,23,0
8jv3k9,2018-05-16 13:55:46,37,r/PoliticalHumor,10,2018-05-16 17:31:52,0,2,8,0
8jv3k9,2018-05-16 13:55:46,37,r/PoliticalHumor,10,2018-05-16 17:43:52,1,1,7,0
8jv3k9,2018-05-16 13:55:46,37,r/PoliticalHumor,10,2018-05-16 17:50:34,2,1,5,0
8jv3k9,2018-05-16 13:55:46,37,r/PoliticalHumor,10,2018-05-16 17:59:31,3,0,3,0
8jv3k9,2018-05-16 13:55:46,37,r/PoliticalHumor,10,2018-05-16 18:11:50,1,0,2,0
8jv3k9,2018-05-16 13:55:46,37,r/PoliticalHumor,11,2018-05-16 16:28:39,0,1,12,0
8jv3k9,2018-05-16 13:55:46,37,r/PoliticalHumor,11,2018-05-16 18:05:07,1,0,1,0
8jv3k9,2018-05-16 13:55:46,37,r/PoliticalHumor,12,2018-05-16 16:51:26,0,0,7,0
8jv3k9,2018-05-16 13:55:46,37,r/PoliticalHumor,13,2018-05-16 18:11:01,0,0,3,0
8jv3k9,2018-05-16 13:55:46,37,r/PoliticalHumor,14,2018-05-16 14:18:28,0,2,18,0
8jv3k9,2018-05-16 13:55:46,37,r/PoliticalHumor,14,2018-05-16 15:58:50,1,1,10,0
8jv3k9,2018-05-16 13:55:46,37,r/PoliticalHumor,14,2018-05-16 16:52:56,2,0,0,0
8jv3k9,2018-05-16 13:55:46,37,r/PoliticalHumor,14,2018-05-16 15:13:44,1,2,5,0
8jv3k9,2018-05-16 13:55:46,37,r/PoliticalHumor,14,2018-05-16 15:16:56,2,0,26,0
8jv3k9,2018-05-16 13:55:46,37,r/PoliticalHumor,14,2018-05-16 16:47:28,2,1,8,0
8jv3k9,2018-05-16 13:55:46,37,r/PoliticalHumor,14,2018-05-16 17:41:56,3,0,-4,0
8jv3k9,2018-05-16 13:55:46,37,r/PoliticalHumor,15,2018-05-16 17:55:09,0,0,4,0
8jv3k9,2018-05-16 13:55:46,37,r/PoliticalHumor,16,2018-05-16 17:47:21,0,1,4,0
8jv3k9,2018-05-16 13:55:46,37,r/PoliticalHumor,16,2018-05-16 17:58:28,1,1,-2,0
8jv3k9,2018-05-16 13:55:46,37,r/PoliticalHumor,16,2018-05-16 18:13:00,2,0,3,0
8jv3k9,2018-05-16 13:55:46,37,r/PoliticalHumor,17,2018-05-16 16:58:18,0,0,6,0
8jv3k9,2018-05-16 13:55:46,37,r/PoliticalHumor,18,2018-05-16 17:57:30,0,0,2,0
8jv3k9,2018-05-16 13:55:46,37,r/PoliticalHumor,19,2018-05-16 18:20:57,0,0,2,0
8jv3k9,2018-05-16 13:55:46,37,r/PoliticalHumor,20,2018-05-16 17:33:34,0,0,1,0
8jv3k9,2018-05-16 13:55:46,37,r/PoliticalHumor,21,2018-05-16 17:45:18,0,0,1,0
8jv3k9,2018-05-16 13:55:46,37,r/PoliticalHumor,22,2018-05-16 15:56:46,0,4,1,0
8jv3k9,2018-05-16 13:55:46,37,r/PoliticalHumor,22,2018-05-16 16:05:46,1,2,22,0
8jv3k9,2018-05-16 13:55:46,37,r/PoliticalHumor,22,2018-05-16 16:35:51,2,1,2,0
8jv3k9,2018-05-16 13:55:46,37,r/PoliticalHumor,22,2018-05-16 16:54:44,3,1,7,0
8jv3k9,2018-05-16 13:55:46,37,r/PoliticalHumor,22,2018-05-16 17:00:51,4,0,1,0
8jv3k9,2018-05-16 13:55:46,37,r/PoliticalHumor,22,2018-05-16 18:23:13,2,0,1,0
8jv3k9,2018-05-16 13:55:46,37,r/PoliticalHumor,22,2018-05-16 16:10:48,1,2,17,0
8jv3k9,2018-05-16 13:55:46,37,r/PoliticalHumor,22,2018-05-16 16:40:05,2,1,9,0
8jv3k9,2018-05-16 13:55:46,37,r/PoliticalHumor,22,2018-05-16 18:21:07,3,0,1,0
8jv3k9,2018-05-16 13:55:46,37,r/PoliticalHumor,22,2018-05-16 17:52:25,2,1,-9,0
8jv3k9,2018-05-16 13:55:46,37,r/PoliticalHumor,22,2018-05-16 18:25:33,3,0,1,0
8jv3k9,2018-05-16 13:55:46,37,r/PoliticalHumor,22,2018-05-16 16:34:59,1,1,7,0
8jv3k9,2018-05-16 13:55:46,37,r/PoliticalHumor,22,2018-05-16 16:38:24,2,1,3,0
8jv3k9,2018-05-16 13:55:46,37,r/PoliticalHumor,22,2018-05-16 16:39:52,3,0,2,0
8jv3k9,2018-05-16 13:55:46,37,r/PoliticalHumor,22,2018-05-16 16:32:07,1,0,3,0
8jv3k9,2018-05-16 13:55:46,37,r/PoliticalHumor,23,2018-05-16 17:22:04,0,0,1,0
8jv3k9,2018-05-16 13:55:46,37,r/PoliticalHumor,24,2018-05-16 17:24:02,0,0,1,0
8jv3k9,2018-05-16 13:55:46,37,r/PoliticalHumor,25,2018-05-16 18:01:26,0,0,1,0
8jv3k9,2018-05-16 13:55:46,37,r/PoliticalHumor,26,2018-05-16 18:10:28,0,2,1,0
8jv3k9,2018-05-16 13:55:46,37,r/PoliticalHumor,26,2018-05-16 18:21:11,1,0,1,0
8jv3k9,2018-05-16 13:55:46,37,r/PoliticalHumor,26,2018-05-16 18:22:09,1,1,1,0
8jv3k9,2018-05-16 13:55:46,37,r/PoliticalHumor,26,2018-05-16 18:25:21,2,1,1,0
8jv3k9,2018-05-16 13:55:46,37,r/PoliticalHumor,26,2018-05-16 18:26:27,3,0,1,0
8jv3k9,2018-05-16 13:55:46,37,r/PoliticalHumor,27,2018-05-16 18:12:35,0,2,1,0
8jv3k9,2018-05-16 13:55:46,37,r/PoliticalHumor,27,2018-05-16 18:20:25,1,0,1,0
8jv3k9,2018-05-16 13:55:46,37,r/PoliticalHumor,27,2018-05-16 18:22:40,1,0,1,0
8jv3k9,2018-05-16 13:55:46,37,r/PoliticalHumor,28,2018-05-16 18:13:29,0,0,1,0
8jv3k9,2018-05-16 13:55:46,37,r/PoliticalHumor,29,2018-05-16 18:18:20,0,0,1,0
8jv3k9,2018-05-16 13:55:46,37,r/PoliticalHumor,30,2018-05-16 18:19:00,0,0,1,0
8jv3k9,2018-05-16 13:55:46,37,r/PoliticalHumor,31,2018-05-16 18:22:48,0,2,1,0
8jv3k9,2018-05-16 13:55:46,37,r/PoliticalHumor,31,2018-05-16 18:22:57,1,0,1,0
8jv3k9,2018-05-16 13:55:46,37,r/PoliticalHumor,31,2018-05-16 18:27:42,1,0,1,0
8jv3k9,2018-05-16 13:55:46,37,r/PoliticalHumor,32,2018-05-16 18:27:21,0,0,1,0
8jv3k9,2018-05-16 13:55:46,37,r/PoliticalHumor,33,2018-05-16 18:30:12,0,0,1,0
8jv3k9,2018-05-16 13:55:46,37,r/PoliticalHumor,34,2018-05-16 18:30:14,0,0,1,0
8jv3k9,2018-05-16 13:55:46,37,r/PoliticalHumor,35,2018-05-16 18:30:15,0,0,1,0
8jv3k9,2018-05-16 13:55:46,37,r/PoliticalHumor,36,2018-05-16 17:17:29,0,2,0,0
8jv3k9,2018-05-16 13:55:46,37,r/PoliticalHumor,36,2018-05-16 17:21:32,1,0,7,0
8jv3k9,2018-05-16 13:55:46,37,r/PoliticalHumor,36,2018-05-16 17:34:39,1,0,0,0
8jv3k9,2018-05-16 13:55:46,37,r/PoliticalHumor,37,2018-05-16 16:59:15,0,1,-7,0
8jv3k9,2018-05-16 13:55:46,37,r/PoliticalHumor,37,2018-05-16 17:06:46,1,2,24,0
8jv3k9,2018-05-16 13:55:46,37,r/PoliticalHumor,37,2018-05-16 18:17:23,2,0,1,0
8jv3k9,2018-05-16 13:55:46,37,r/PoliticalHumor,37,2018-05-16 17:12:57,2,4,-12,0
8jv3k9,2018-05-16 13:55:46,37,r/PoliticalHumor,37,2018-05-16 17:16:12,3,0,4,0
8jv3k9,2018-05-16 13:55:46,37,r/PoliticalHumor,37,2018-05-16 17:36:49,3,2,6,0
8jv3k9,2018-05-16 13:55:46,37,r/PoliticalHumor,37,2018-05-16 18:13:12,4,0,1,0
8jv3k9,2018-05-16 13:55:46,37,r/PoliticalHumor,37,2018-05-16 17:47:52,4,2,4,0
8jv3k9,2018-05-16 13:55:46,37,r/PoliticalHumor,37,2018-05-16 18:26:47,5,0,1,0
8jv3k9,2018-05-16 13:55:46,37,r/PoliticalHumor,37,2018-05-16 17:52:07,5,0,-3,0
8jv3k9,2018-05-16 13:55:46,37,r/PoliticalHumor,37,2018-05-16 17:16:20,3,1,10,0
8jv3k9,2018-05-16 13:55:46,37,r/PoliticalHumor,37,2018-05-16 17:22:59,4,2,-2,0
8jv3k9,2018-05-16 13:55:46,37,r/PoliticalHumor,37,2018-05-16 17:56:43,5,0,1,0
8jv3k9,2018-05-16 13:55:46,37,r/PoliticalHumor,37,2018-05-16 18:18:28,5,0,-2,0
8jv3k9,2018-05-16 13:55:46,37,r/PoliticalHumor,37,2018-05-16 18:15:50,3,0,0,0
8jv3k9,2018-05-16 13:55:46,37,r/PoliticalHumor,38,2018-05-16 17:48:40,0,0,1,0
8jv3k9,2018-05-16 13:55:46,37,r/PoliticalHumor,39,2018-05-16 17:07:00,0,0,1,0
8jv3k9,2018-05-16 13:55:46,37,r/PoliticalHumor,40,2018-05-16 17:08:16,0,0,1,0
8jv3k9,2018-05-16 13:55:46,37,r/PoliticalHumor,41,2018-05-16 17:14:57,0,0,1,0
8jv3k9,2018-05-16 13:55:46,37,r/PoliticalHumor,42,2018-05-16 17:43:09,0,0,1,0
8jv3k9,2018-05-16 13:55:46,37,r/PoliticalHumor,43,2018-05-16 17:46:12,0,0,1,0
8jv3k9,2018-05-16 13:55:46,37,r/PoliticalHumor,44,2018-05-16 17:51:56,0,0,-6,0
8jv3k9,2018-05-16 13:55:46,37,r/PoliticalHumor,45,2018-05-16 16:47:43,0,2,-16,0
8jv3k9,2018-05-16 13:55:46,37,r/PoliticalHumor,45,2018-05-16 17:02:46,1,0,25,0
8jv3k9,2018-05-16 13:55:46,37,r/PoliticalHumor,45,2018-05-16 17:04:27,1,1,13,0
8jv3k9,2018-05-16 13:55:46,37,r/PoliticalHumor,45,2018-05-16 18:23:08,2,0,1,0
8jv3k9,2018-05-16 13:55:46,37,r/PoliticalHumor,46,2018-05-16 17:36:48,0,3,-3,0
8jv3k9,2018-05-16 13:55:46,37,r/PoliticalHumor,46,2018-05-16 18:12:50,1,0,4,0
8jv3k9,2018-05-16 13:55:46,37,r/PoliticalHumor,46,2018-05-16 18:16:52,1,0,2,0
8jv3k9,2018-05-16 13:55:46,37,r/PoliticalHumor,46,2018-05-16 18:07:14,1,1,1,0
8jv3k9,2018-05-16 13:55:46,37,r/PoliticalHumor,46,2018-05-16 18:18:31,2,0,2,0
8jv3k9,2018-05-16 13:55:46,37,r/PoliticalHumor,47,2018-05-16 18:03:57,0,1,-3,0
8jv3k9,2018-05-16 13:55:46,37,r/PoliticalHumor,47,2018-05-16 18:15:08,1,0,0,0
8jv3k9,2018-05-16 13:55:46,37,r/PoliticalHumor,48,2018-05-16 17:25:35,0,2,-12,0
8jv3k9,2018-05-16 13:55:46,37,r/PoliticalHumor,48,2018-05-16 17:34:25,1,0,12,0
8jv3k9,2018-05-16 13:55:46,37,r/PoliticalHumor,48,2018-05-16 18:14:05,1,0,3,0
8jv3k9,2018-05-16 13:55:46,37,r/PoliticalHumor,49,2018-05-16 17:38:19,0,1,-7,0
8jv3k9,2018-05-16 13:55:46,37,r/PoliticalHumor,49,2018-05-16 18:04:41,1,1,3,0
8jv3k9,2018-05-16 13:55:46,37,r/PoliticalHumor,49,2018-05-16 18:09:56,2,0,0,0
8jv3k9,2018-05-16 13:55:46,37,r/PoliticalHumor,50,2018-05-16 17:45:40,0,1,-4,0
8jv3k9,2018-05-16 13:55:46,37,r/PoliticalHumor,50,2018-05-16 18:13:59,1,0,4,0
8jv3k9,2018-05-16 13:55:46,37,r/PoliticalHumor,51,2018-05-16 18:28:35,0,0,1,0
8jv3k9,2018-05-16 13:55:46,37,r/PoliticalHumor,52,2018-05-16 17:00:59,0,3,-24,0
8jv3k9,2018-05-16 13:55:46,37,r/PoliticalHumor,52,2018-05-16 17:15:45,1,1,11,0
8jv3k9,2018-05-16 13:55:46,37,r/PoliticalHumor,52,2018-05-16 17:27:06,2,0,-7,0
8jv3k9,2018-05-16 13:55:46,37,r/PoliticalHumor,52,2018-05-16 17:09:33,1,0,8,0
8jv3k9,2018-05-16 13:55:46,37,r/PoliticalHumor,52,2018-05-16 17:02:06,1,1,20,0
8jv3k9,2018-05-16 13:55:46,37,r/PoliticalHumor,52,2018-05-16 17:08:46,2,0,-11,0
8jv3k9,2018-05-16 13:55:46,37,r/PoliticalHumor,53,2018-05-16 16:44:16,0,2,-30,0
8jv3k9,2018-05-16 13:55:46,37,r/PoliticalHumor,53,2018-05-16 17:06:54,1,2,9,0
8jv3k9,2018-05-16 13:55:46,37,r/PoliticalHumor,53,2018-05-16 18:01:16,2,0,-1,0
8jv3k9,2018-05-16 13:55:46,37,r/PoliticalHumor,53,2018-05-16 17:51:40,2,0,0,0
8jv3k9,2018-05-16 13:55:46,37,r/PoliticalHumor,53,2018-05-16 17:44:32,1,0,4,0
8jv3k9,2018-05-16 13:55:46,37,r/PoliticalHumor,54,2018-05-16 16:45:48,0,1,-25,0
8jv3k9,2018-05-16 13:55:46,37,r/PoliticalHumor,54,2018-05-16 16:51:42,1,1,23,0
8jv3k9,2018-05-16 13:55:46,37,r/PoliticalHumor,54,2018-05-16 16:53:22,2,1,-26,0
8jv3k9,2018-05-16 13:55:46,37,r/PoliticalHumor,54,2018-05-16 16:53:59,3,1,18,0
8jv3k9,2018-05-16 13:55:46,37,r/PoliticalHumor,54,2018-05-16 16:56:24,4,1,-19,0
8jv3k9,2018-05-16 13:55:46,37,r/PoliticalHumor,54,2018-05-16 17:09:40,5,1,13,0
8jv3k9,2018-05-16 13:55:46,37,r/PoliticalHumor,54,2018-05-16 17:22:07,6,2,-4,0
8jv3k9,2018-05-16 13:55:46,37,r/PoliticalHumor,54,2018-05-16 17:31:05,7,0,4,0
8jv3k9,2018-05-16 13:55:46,37,r/PoliticalHumor,54,2018-05-16 17:25:56,7,1,3,0
8jv3k9,2018-05-16 13:55:46,37,r/PoliticalHumor,54,2018-05-16 17:34:34,8,1,-3,0
8jv3k9,2018-05-16 13:55:46,37,r/PoliticalHumor,54,2018-05-16 18:06:27,9,0,3,0
8jv3k9,2018-05-16 13:55:46,37,r/PoliticalHumor,55,2018-05-16 17:24:31,0,0,-4,0
8jv3k9,2018-05-16 13:55:46,37,r/PoliticalHumor,56,2018-05-16 18:08:34,0,0,-4,0
8jv3k9,2018-05-16 13:55:46,37,r/PoliticalHumor,57,2018-05-16 18:22:08,0,1,1,0
8jv3k9,2018-05-16 13:55:46,37,r/PoliticalHumor,57,2018-05-16 18:22:46,1,0,1,0
8jv3k9,2018-05-16 13:55:46,37,r/PoliticalHumor,58,2018-05-16 14:47:09,0,3,-7,0
8jv3k9,2018-05-16 13:55:46,37,r/PoliticalHumor,58,2018-05-16 15:13:41,1,1,15,0
8jv3k9,2018-05-16 13:55:46,37,r/PoliticalHumor,58,2018-05-16 15:18:57,2,1,-15,0
8jv3k9,2018-05-16 13:55:46,37,r/PoliticalHumor,58,2018-05-16 15:24:36,3,2,12,0
8jv3k9,2018-05-16 13:55:46,37,r/PoliticalHumor,58,2018-05-16 15:45:11,4,1,-13,0
8jv3k9,2018-05-16 13:55:46,37,r/PoliticalHumor,58,2018-05-16 15:52:32,5,0,11,0
8jv3k9,2018-05-16 13:55:46,37,r/PoliticalHumor,58,2018-05-16 15:35:06,4,0,-15,0
8jv3k9,2018-05-16 13:55:46,37,r/PoliticalHumor,58,2018-05-16 14:56:18,1,1,13,0
8jv3k9,2018-05-16 13:55:46,37,r/PoliticalHumor,58,2018-05-16 15:01:18,2,0,2,0
8jv3k9,2018-05-16 13:55:46,37,r/PoliticalHumor,58,2018-05-16 15:11:11,1,1,-5,0
8jv3k9,2018-05-16 13:55:46,37,r/PoliticalHumor,58,2018-05-16 15:17:36,2,0,3,0
8jv3k9,2018-05-16 13:55:46,37,r/PoliticalHumor,59,2018-05-16 17:46:34,0,1,-6,0
8jv3k9,2018-05-16 13:55:46,37,r/PoliticalHumor,59,2018-05-16 18:11:43,1,0,1,0
8jv3k9,2018-05-16 13:55:46,37,r/PoliticalHumor,60,2018-05-16 16:16:05,0,5,-36,0
8jv3k9,2018-05-16 13:55:46,37,r/PoliticalHumor,60,2018-05-16 16:47:17,1,1,11,0
8jv3k9,2018-05-16 13:55:46,37,r/PoliticalHumor,60,2018-05-16 16:49:12,2,1,-9,0
8jv3k9,2018-05-16 13:55:46,37,r/PoliticalHumor,60,2018-05-16 16:51:40,3,1,5,0
8jv3k9,2018-05-16 13:55:46,37,r/PoliticalHumor,60,2018-05-16 16:52:55,4,2,-2,0
8jv3k9,2018-05-16 13:55:46,37,r/PoliticalHumor,60,2018-05-16 16:58:03,5,1,5,0
8jv3k9,2018-05-16 13:55:46,37,r/PoliticalHumor,60,2018-05-16 17:00:28,6,2,-2,0
8jv3k9,2018-05-16 13:55:46,37,r/PoliticalHumor,60,2018-05-16 17:04:30,7,1,3,0
8jv3k9,2018-05-16 13:55:46,37,r/PoliticalHumor,60,2018-05-16 17:08:57,8,1,-1,0
8jv3k9,2018-05-16 13:55:46,37,r/PoliticalHumor,60,2018-05-16 17:47:25,9,0,2,0
8jv3k9,2018-05-16 13:55:46,37,r/PoliticalHumor,60,2018-05-16 17:21:23,7,1,1,0
8jv3k9,2018-05-16 13:55:46,37,r/PoliticalHumor,60,2018-05-16 17:23:09,8,1,0,0
8jv3k9,2018-05-16 13:55:46,37,r/PoliticalHumor,60,2018-05-16 17:40:01,9,0,1,0
8jv3k9,2018-05-16 13:55:46,37,r/PoliticalHumor,60,2018-05-16 17:00:19,5,1,2,0
8jv3k9,2018-05-16 13:55:46,37,r/PoliticalHumor,60,2018-05-16 17:01:40,6,1,-1,0
8jv3k9,2018-05-16 13:55:46,37,r/PoliticalHumor,60,2018-05-16 17:02:37,7,1,2,0
8jv3k9,2018-05-16 13:55:46,37,r/PoliticalHumor,60,2018-05-16 17:03:18,8,1,0,0
8jv3k9,2018-05-16 13:55:46,37,r/PoliticalHumor,60,2018-05-16 17:03:31,9,1,1,0
8jv3k9,2018-05-16 13:55:46,37,r/PoliticalHumor,60,2018-05-16 16:55:33,1,1,5,0
8jv3k9,2018-05-16 13:55:46,37,r/PoliticalHumor,60,2018-05-16 16:57:03,2,0,-3,0
8jv3k9,2018-05-16 13:55:46,37,r/PoliticalHumor,60,2018-05-16 16:59:29,1,1,3,0
8jv3k9,2018-05-16 13:55:46,37,r/PoliticalHumor,60,2018-05-16 17:06:32,2,0,-1,0
8jv3k9,2018-05-16 13:55:46,37,r/PoliticalHumor,60,2018-05-16 16:59:20,1,1,2,0
8jv3k9,2018-05-16 13:55:46,37,r/PoliticalHumor,60,2018-05-16 17:02:34,2,1,0,0
8jv3k9,2018-05-16 13:55:46,37,r/PoliticalHumor,60,2018-05-16 17:12:52,3,0,0,0
8jv3k9,2018-05-16 13:55:46,37,r/PoliticalHumor,60,2018-05-16 17:04:49,1,0,4,0
8jv3k9,2018-05-16 13:55:46,37,r/PoliticalHumor,61,2018-05-16 17:11:30,0,2,-9,0
8jv3k9,2018-05-16 13:55:46,37,r/PoliticalHumor,61,2018-05-16 17:22:17,1,0,3,0
8jv3k9,2018-05-16 13:55:46,37,r/PoliticalHumor,61,2018-05-16 18:15:08,1,0,1,0
8jv3k9,2018-05-16 13:55:46,37,r/PoliticalHumor,62,2018-05-16 14:40:10,0,6,-61,0
8jv3k9,2018-05-16 13:55:46,37,r/PoliticalHumor,62,2018-05-16 14:54:14,1,0,23,0
8jv3k9,2018-05-16 13:55:46,37,r/PoliticalHumor,62,2018-05-16 14:44:43,1,0,18,0
8jv3k9,2018-05-16 13:55:46,37,r/PoliticalHumor,62,2018-05-16 16:06:05,1,1,7,0
8jv3k9,2018-05-16 13:55:46,37,r/PoliticalHumor,62,2018-05-16 16:33:17,2,0,1,0
8jv3k9,2018-05-16 13:55:46,37,r/PoliticalHumor,62,2018-05-16 14:55:35,1,0,9,0
8jv3k9,2018-05-16 13:55:46,37,r/PoliticalHumor,62,2018-05-16 14:42:13,1,0,5,0
8jv3k9,2018-05-16 13:55:46,37,r/PoliticalHumor,62,2018-05-16 16:25:32,1,1,5,0
8jv3k9,2018-05-16 13:55:46,37,r/PoliticalHumor,62,2018-05-16 17:15:55,2,1,-4,0
8jv3k9,2018-05-16 13:55:46,37,r/PoliticalHumor,62,2018-05-16 17:21:30,3,1,3,0
8jv3k9,2018-05-16 13:55:46,37,r/PoliticalHumor,62,2018-05-16 17:48:26,4,2,1,0
8jv3k9,2018-05-16 13:55:46,37,r/PoliticalHumor,62,2018-05-16 17:49:28,5,1,2,0
8jv3k9,2018-05-16 13:55:46,37,r/PoliticalHumor,62,2018-05-16 18:01:08,6,1,1,0
8jv3k9,2018-05-16 13:55:46,37,r/PoliticalHumor,62,2018-05-16 18:18:59,7,0,1,0
8jv3k9,2018-05-16 13:55:46,37,r/PoliticalHumor,62,2018-05-16 18:02:58,5,1,1,0
8jv3k9,2018-05-16 13:55:46,37,r/PoliticalHumor,62,2018-05-16 18:25:52,6,0,1,0
8jv3k9,2018-05-16 13:55:46,37,r/PoliticalHumor,63,2018-05-16 15:36:03,0,0,-27,0
8jv3k9,2018-05-16 13:55:46,37,r/PoliticalHumor,64,2018-05-16 16:48:33,0,3,-17,0
8jv3k9,2018-05-16 13:55:46,37,r/PoliticalHumor,64,2018-05-16 17:07:45,1,1,7,0
8jv3k9,2018-05-16 13:55:46,37,r/PoliticalHumor,64,2018-05-16 17:19:39,2,1,-3,0
8jv3k9,2018-05-16 13:55:46,37,r/PoliticalHumor,64,2018-05-16 17:23:04,3,1,2,0
8jv3k9,2018-05-16 13:55:46,37,r/PoliticalHumor,64,2018-05-16 17:26:21,4,1,-1,0
8jv3k9,2018-05-16 13:55:46,37,r/PoliticalHumor,64,2018-05-16 17:28:58,5,1,3,0
8jv3k9,2018-05-16 13:55:46,37,r/PoliticalHumor,64,2018-05-16 17:41:17,6,0,0,0
8jv3k9,2018-05-16 13:55:46,37,r/PoliticalHumor,64,2018-05-16 16:53:18,1,1,7,0
8jv3k9,2018-05-16 13:55:46,37,r/PoliticalHumor,64,2018-05-16 17:20:36,2,0,-2,0
8jv3k9,2018-05-16 13:55:46,37,r/PoliticalHumor,64,2018-05-16 17:19:21,1,1,3,0
8jv3k9,2018-05-16 13:55:46,37,r/PoliticalHumor,64,2018-05-16 17:22:26,2,1,-1,0
8jv3k9,2018-05-16 13:55:46,37,r/PoliticalHumor,64,2018-05-16 17:27:13,3,1,2,0
8jv3k9,2018-05-16 13:55:46,37,r/PoliticalHumor,64,2018-05-16 17:32:50,4,1,0,0
8jv3k9,2018-05-16 13:55:46,37,r/PoliticalHumor,64,2018-05-16 17:41:23,5,1,2,0
8jv3k9,2018-05-16 13:55:46,37,r/PoliticalHumor,64,2018-05-16 17:51:43,6,0,0,0
8jv3k9,2018-05-16 13:55:46,37,r/PoliticalHumor,65,2018-05-16 17:46:39,0,0,-5,0
8jv3k9,2018-05-16 13:55:46,37,r/PoliticalHumor,66,2018-05-16 18:00:24,0,0,-3,0
8jv3k9,2018-05-16 13:55:46,37,r/PoliticalHumor,67,2018-05-16 18:00:35,0,0,-2,0
8jv3k9,2018-05-16 13:55:46,37,r/PoliticalHumor,68,2018-05-16 18:04:05,0,1,-2,0
8jv3k9,2018-05-16 13:55:46,37,r/PoliticalHumor,68,2018-05-16 18:08:57,1,1,2,0
8jv3k9,2018-05-16 13:55:46,37,r/PoliticalHumor,68,2018-05-16 18:27:19,2,0,1,0
8jv3k9,2018-05-16 13:55:46,37,r/PoliticalHumor,69,2018-05-16 18:19:33,0,0,-2,0
8jv3k9,2018-05-16 13:55:46,37,r/PoliticalHumor,70,2018-05-16 17:17:23,0,0,-3,0
8jv3k9,2018-05-16 13:55:46,37,r/PoliticalHumor,71,2018-05-16 17:46:27,0,1,-4,0
8jv3k9,2018-05-16 13:55:46,37,r/PoliticalHumor,71,2018-05-16 18:12:04,1,0,2,0
8jv3k9,2018-05-16 13:55:46,37,r/PoliticalHumor,72,2018-05-16 17:58:23,0,1,-4,0
8jv3k9,2018-05-16 13:55:46,37,r/PoliticalHumor,72,2018-05-16 18:09:53,1,0,3,0
8jv5mo,2018-05-16 14:03:18,38,r/StrangerThings,0,2018-05-16 15:11:44,0,1,163,0
8jv5mo,2018-05-16 14:03:18,38,r/StrangerThings,0,2018-05-16 15:30:45,1,2,51,0
8jv5mo,2018-05-16 14:03:18,38,r/StrangerThings,0,2018-05-16 15:51:39,2,1,12,0
8jv5mo,2018-05-16 14:03:18,38,r/StrangerThings,0,2018-05-16 16:48:55,3,1,18,0
8jv5mo,2018-05-16 14:03:18,38,r/StrangerThings,0,2018-05-16 17:19:05,4,0,9,0
8jv5mo,2018-05-16 14:03:18,38,r/StrangerThings,0,2018-05-16 16:17:37,2,0,4,0
8jv5mo,2018-05-16 14:03:18,38,r/StrangerThings,1,2018-05-16 14:07:42,0,4,345,0
8jv5mo,2018-05-16 14:03:18,38,r/StrangerThings,1,2018-05-16 14:56:23,1,2,301,0
8jv5mo,2018-05-16 14:03:18,38,r/StrangerThings,1,2018-05-16 16:05:50,2,2,161,0
8jv5mo,2018-05-16 14:03:18,38,r/StrangerThings,1,2018-05-16 17:08:53,3,0,57,0
8jv5mo,2018-05-16 14:03:18,38,r/StrangerThings,1,2018-05-16 17:36:52,3,1,14,0
8jv5mo,2018-05-16 14:03:18,38,r/StrangerThings,1,2018-05-16 18:02:08,4,0,7,0
8jv5mo,2018-05-16 14:03:18,38,r/StrangerThings,1,2018-05-16 17:44:38,2,0,13,0
8jv5mo,2018-05-16 14:03:18,38,r/StrangerThings,1,2018-05-16 15:44:32,1,0,104,0
8jv5mo,2018-05-16 14:03:18,38,r/StrangerThings,1,2018-05-16 16:00:35,1,0,32,0
8jv5mo,2018-05-16 14:03:18,38,r/StrangerThings,1,2018-05-16 15:37:16,1,2,6,0
8jv5mo,2018-05-16 14:03:18,38,r/StrangerThings,1,2018-05-16 15:39:31,2,1,21,0
8jv5mo,2018-05-16 14:03:18,38,r/StrangerThings,1,2018-05-16 16:01:00,3,1,43,0
8jv5mo,2018-05-16 14:03:18,38,r/StrangerThings,1,2018-05-16 17:36:50,4,1,6,0
8jv5mo,2018-05-16 14:03:18,38,r/StrangerThings,1,2018-05-16 18:04:54,5,1,4,0
8jv5mo,2018-05-16 14:03:18,38,r/StrangerThings,1,2018-05-16 18:08:24,6,0,2,0
8jv5mo,2018-05-16 14:03:18,38,r/StrangerThings,1,2018-05-16 15:39:49,2,0,7,0
8jv5mo,2018-05-16 14:03:18,38,r/StrangerThings,2,2018-05-16 15:21:17,0,1,68,0
8jv5mo,2018-05-16 14:03:18,38,r/StrangerThings,2,2018-05-16 16:20:43,1,1,22,0
8jv5mo,2018-05-16 14:03:18,38,r/StrangerThings,2,2018-05-16 16:42:45,2,0,21,0
8jv5mo,2018-05-16 14:03:18,38,r/StrangerThings,3,2018-05-16 16:28:56,0,2,41,0
8jv5mo,2018-05-16 14:03:18,38,r/StrangerThings,3,2018-05-16 16:44:53,1,1,68,0
8jv5mo,2018-05-16 14:03:18,38,r/StrangerThings,3,2018-05-16 17:51:45,2,0,6,0
8jv5mo,2018-05-16 14:03:18,38,r/StrangerThings,3,2018-05-16 18:05:57,1,0,4,0
8jv5mo,2018-05-16 14:03:18,38,r/StrangerThings,4,2018-05-16 15:43:32,0,0,12,0
8jv5mo,2018-05-16 14:03:18,38,r/StrangerThings,5,2018-05-16 17:27:34,0,0,11,0
8jv5mo,2018-05-16 14:03:18,38,r/StrangerThings,6,2018-05-16 16:34:27,0,2,18,0
8jv5mo,2018-05-16 14:03:18,38,r/StrangerThings,6,2018-05-16 17:04:16,1,0,7,0
8jv5mo,2018-05-16 14:03:18,38,r/StrangerThings,6,2018-05-16 17:19:07,1,0,4,0
8jv5mo,2018-05-16 14:03:18,38,r/StrangerThings,7,2018-05-16 15:21:51,0,0,10,0
8jv5mo,2018-05-16 14:03:18,38,r/StrangerThings,8,2018-05-16 17:33:53,0,0,4,0
8jv5mo,2018-05-16 14:03:18,38,r/StrangerThings,9,2018-05-16 18:09:43,0,0,3,0
8jv5mo,2018-05-16 14:03:18,38,r/StrangerThings,10,2018-05-16 16:47:22,0,0,4,0
8jv5mo,2018-05-16 14:03:18,38,r/StrangerThings,11,2018-05-16 17:00:53,0,0,2,0
8jv5mo,2018-05-16 14:03:18,38,r/StrangerThings,12,2018-05-16 16:42:08,0,2,2,0
8jv5mo,2018-05-16 14:03:18,38,r/StrangerThings,12,2018-05-16 16:55:35,1,0,3,0
8jv5mo,2018-05-16 14:03:18,38,r/StrangerThings,12,2018-05-16 18:12:36,1,0,1,0
8jv5mo,2018-05-16 14:03:18,38,r/StrangerThings,13,2018-05-16 16:50:42,0,0,5,0
8jv5mo,2018-05-16 14:03:18,38,r/StrangerThings,14,2018-05-16 17:43:50,0,0,1,0
8jv5mo,2018-05-16 14:03:18,38,r/StrangerThings,15,2018-05-16 17:54:49,0,0,1,0
8jv5mo,2018-05-16 14:03:18,38,r/StrangerThings,16,2018-05-16 15:51:49,0,1,-2,0
8jv5mo,2018-05-16 14:03:18,38,r/StrangerThings,16,2018-05-16 16:32:44,1,1,4,0
8jv5mo,2018-05-16 14:03:18,38,r/StrangerThings,16,2018-05-16 16:33:44,2,1,4,0
8jv5mo,2018-05-16 14:03:18,38,r/StrangerThings,16,2018-05-16 17:01:36,3,0,3,0
8jux4q,2018-05-16 13:30:45,39,r/Tinder,0,2018-05-16 16:17:06,0,3,356,0
8jux4q,2018-05-16 13:30:45,39,r/Tinder,0,2018-05-16 16:33:00,1,0,36,0
8jux4q,2018-05-16 13:30:45,39,r/Tinder,0,2018-05-16 17:41:04,1,2,1,0
8jux4q,2018-05-16 13:30:45,39,r/Tinder,0,2018-05-16 17:41:45,2,1,1,0
8jux4q,2018-05-16 13:30:45,39,r/Tinder,0,2018-05-16 17:45:25,3,1,1,0
8jux4q,2018-05-16 13:30:45,39,r/Tinder,0,2018-05-16 17:51:42,4,0,1,0
8jux4q,2018-05-16 13:30:45,39,r/Tinder,0,2018-05-16 17:42:38,2,1,1,0
8jux4q,2018-05-16 13:30:45,39,r/Tinder,0,2018-05-16 17:52:11,3,1,1,0
8jux4q,2018-05-16 13:30:45,39,r/Tinder,0,2018-05-16 17:54:16,4,0,1,0
8jux4q,2018-05-16 13:30:45,39,r/Tinder,0,2018-05-16 17:54:25,1,0,1,0
8jux4q,2018-05-16 13:30:45,39,r/Tinder,1,2018-05-16 16:52:09,0,2,117,0
8jux4q,2018-05-16 13:30:45,39,r/Tinder,1,2018-05-16 17:15:04,1,2,39,0
8jux4q,2018-05-16 13:30:45,39,r/Tinder,1,2018-05-16 17:47:57,2,0,1,0
8jux4q,2018-05-16 13:30:45,39,r/Tinder,1,2018-05-16 17:38:09,2,0,1,0
8jux4q,2018-05-16 13:30:45,39,r/Tinder,1,2018-05-16 17:32:58,1,0,1,0
8jux4q,2018-05-16 13:30:45,39,r/Tinder,2,2018-05-16 17:02:04,0,2,77,0
8jux4q,2018-05-16 13:30:45,39,r/Tinder,2,2018-05-16 17:14:07,1,0,12,0
8jux4q,2018-05-16 13:30:45,39,r/Tinder,2,2018-05-16 17:19:14,1,1,6,0
8jux4q,2018-05-16 13:30:45,39,r/Tinder,2,2018-05-16 17:20:54,2,1,4,0
8jux4q,2018-05-16 13:30:45,39,r/Tinder,2,2018-05-16 17:25:20,3,4,3,0
8jux4q,2018-05-16 13:30:45,39,r/Tinder,2,2018-05-16 17:30:46,4,0,6,0
8jux4q,2018-05-16 13:30:45,39,r/Tinder,2,2018-05-16 17:48:02,4,0,1,0
8jux4q,2018-05-16 13:30:45,39,r/Tinder,2,2018-05-16 17:31:04,4,0,1,0
8jux4q,2018-05-16 13:30:45,39,r/Tinder,2,2018-05-16 17:36:22,4,0,1,0
8jux4q,2018-05-16 13:30:45,39,r/Tinder,3,2018-05-16 17:43:54,0,0,1,0
8jux4q,2018-05-16 13:30:45,39,r/Tinder,4,2018-05-16 16:36:43,0,0,21,0
8jux4q,2018-05-16 13:30:45,39,r/Tinder,5,2018-05-16 17:10:05,0,1,13,0
8jux4q,2018-05-16 13:30:45,39,r/Tinder,5,2018-05-16 17:21:04,1,0,11,0
8jux4q,2018-05-16 13:30:45,39,r/Tinder,6,2018-05-16 17:58:17,0,0,1,0
8jux4q,2018-05-16 13:30:45,39,r/Tinder,7,2018-05-16 17:55:03,0,0,1,0
8jux4q,2018-05-16 13:30:45,39,r/Tinder,8,2018-05-16 17:06:59,0,0,0,0
8jux4q,2018-05-16 13:30:45,39,r/Tinder,9,2018-05-16 17:08:11,0,0,-1,0
8jux4q,2018-05-16 13:30:45,39,r/Tinder,10,2018-05-16 17:22:56,0,0,0,0
8jux4q,2018-05-16 13:30:45,39,r/Tinder,11,2018-05-16 17:48:36,0,0,1,0
8jux4q,2018-05-16 13:30:45,39,r/Tinder,12,2018-05-16 16:52:59,0,3,-15,0
8jux4q,2018-05-16 13:30:45,39,r/Tinder,12,2018-05-16 17:26:27,1,1,7,0
8jux4q,2018-05-16 13:30:45,39,r/Tinder,12,2018-05-16 18:29:12,2,0,1,0
8jux4q,2018-05-16 13:30:45,39,r/Tinder,12,2018-05-16 18:28:59,1,0,1,0
8jux4q,2018-05-16 13:30:45,39,r/Tinder,12,2018-05-16 18:29:25,1,0,1,0
8jux4q,2018-05-16 13:30:45,39,r/Tinder,13,2018-05-16 13:31:02,0,3,-86,0
8jux4q,2018-05-16 13:30:45,39,r/Tinder,13,2018-05-16 14:56:52,1,0,29,0
8jux4q,2018-05-16 13:30:45,39,r/Tinder,13,2018-05-16 14:56:12,1,1,28,0
8jux4q,2018-05-16 13:30:45,39,r/Tinder,13,2018-05-16 16:37:24,2,0,6,0
8jux4q,2018-05-16 13:30:45,39,r/Tinder,13,2018-05-16 17:04:24,1,0,5,0
8jtxrn,2018-05-16 10:46:58,40,r/ProgrammerHumor,0,2018-05-16 13:14:45,0,2,965,0
8jtxrn,2018-05-16 10:46:58,40,r/ProgrammerHumor,0,2018-05-16 15:07:51,1,7,516,0
8jtxrn,2018-05-16 10:46:58,40,r/ProgrammerHumor,0,2018-05-16 15:17:15,2,5,315,0
8jtxrn,2018-05-16 10:46:58,40,r/ProgrammerHumor,0,2018-05-16 15:37:45,3,1,98,0
8jtxrn,2018-05-16 10:46:58,40,r/ProgrammerHumor,0,2018-05-16 15:43:56,4,1,58,0
8jtxrn,2018-05-16 10:46:58,40,r/ProgrammerHumor,0,2018-05-16 15:44:04,5,11,46,0
8jtxrn,2018-05-16 10:46:58,40,r/ProgrammerHumor,0,2018-05-16 16:02:30,6,1,33,0
8jtxrn,2018-05-16 10:46:58,40,r/ProgrammerHumor,0,2018-05-16 16:58:57,7,2,22,0
8jtxrn,2018-05-16 10:46:58,40,r/ProgrammerHumor,0,2018-05-16 17:34:06,8,0,10,0
8jtxrn,2018-05-16 10:46:58,40,r/ProgrammerHumor,0,2018-05-16 17:54:33,8,0,5,0
8jtxrn,2018-05-16 10:46:58,40,r/ProgrammerHumor,0,2018-05-16 16:04:50,6,1,12,0
8jtxrn,2018-05-16 10:46:58,40,r/ProgrammerHumor,0,2018-05-16 16:14:18,7,0,9,0
8jtxrn,2018-05-16 10:46:58,40,r/ProgrammerHumor,0,2018-05-16 16:37:36,6,1,6,0
8jtxrn,2018-05-16 10:46:58,40,r/ProgrammerHumor,0,2018-05-16 16:37:48,7,4,-6,0
8jtxrn,2018-05-16 10:46:58,40,r/ProgrammerHumor,0,2018-05-16 16:54:20,8,0,7,0
8jtxrn,2018-05-16 10:46:58,40,r/ProgrammerHumor,0,2018-05-16 16:57:03,8,0,4,0
8jtxrn,2018-05-16 10:46:58,40,r/ProgrammerHumor,0,2018-05-16 17:46:21,8,1,1,0
8jtxrn,2018-05-16 10:46:58,40,r/ProgrammerHumor,0,2018-05-16 17:46:29,9,1,1,0
8jtxrn,2018-05-16 10:46:58,40,r/ProgrammerHumor,0,2018-05-16 17:47:46,8,0,1,0
8jtxrn,2018-05-16 10:46:58,40,r/ProgrammerHumor,0,2018-05-16 15:57:42,6,1,3,0
8jtxrn,2018-05-16 10:46:58,40,r/ProgrammerHumor,0,2018-05-16 15:57:56,7,0,19,0
8jtxrn,2018-05-16 10:46:58,40,r/ProgrammerHumor,0,2018-05-16 16:36:37,6,0,2,0
8jtxrn,2018-05-16 10:46:58,40,r/ProgrammerHumor,0,2018-05-16 16:50:22,6,1,2,0
8jtxrn,2018-05-16 10:46:58,40,r/ProgrammerHumor,0,2018-05-16 16:50:37,7,1,1,0
8jtxrn,2018-05-16 10:46:58,40,r/ProgrammerHumor,0,2018-05-16 16:57:26,8,1,1,0
8jtxrn,2018-05-16 10:46:58,40,r/ProgrammerHumor,0,2018-05-16 16:57:39,9,1,0,0
8jtxrn,2018-05-16 10:46:58,40,r/ProgrammerHumor,0,2018-05-16 16:42:17,6,0,1,0
8jtxrn,2018-05-16 10:46:58,40,r/ProgrammerHumor,0,2018-05-16 17:15:24,6,0,1,0
8jtxrn,2018-05-16 10:46:58,40,r/ProgrammerHumor,0,2018-05-16 17:39:24,6,0,1,0
8jtxrn,2018-05-16 10:46:58,40,r/ProgrammerHumor,0,2018-05-16 17:45:59,6,0,1,0
8jtxrn,2018-05-16 10:46:58,40,r/ProgrammerHumor,0,2018-05-16 17:54:53,6,1,0,0
8jtxrn,2018-05-16 10:46:58,40,r/ProgrammerHumor,0,2018-05-16 17:54:57,7,0,2,0
8jtxrn,2018-05-16 10:46:58,40,r/ProgrammerHumor,0,2018-05-16 15:43:08,3,1,7,0
8jtxrn,2018-05-16 10:46:58,40,r/ProgrammerHumor,0,2018-05-16 16:03:13,4,1,6,0
8jtxrn,2018-05-16 10:46:58,40,r/ProgrammerHumor,0,2018-05-16 17:54:46,5,0,3,0
8jtxrn,2018-05-16 10:46:58,40,r/ProgrammerHumor,0,2018-05-16 16:05:59,3,1,5,0
8jtxrn,2018-05-16 10:46:58,40,r/ProgrammerHumor,0,2018-05-16 16:06:02,4,0,4,0
8jtxrn,2018-05-16 10:46:58,40,r/ProgrammerHumor,0,2018-05-16 16:40:47,3,0,4,0
8jtxrn,2018-05-16 10:46:58,40,r/ProgrammerHumor,0,2018-05-16 15:49:27,3,0,1,0
8jtxrn,2018-05-16 10:46:58,40,r/ProgrammerHumor,0,2018-05-16 15:10:22,2,1,3,0
8jtxrn,2018-05-16 10:46:58,40,r/ProgrammerHumor,0,2018-05-16 15:28:32,3,0,12,0
8jtxrn,2018-05-16 10:46:58,40,r/ProgrammerHumor,0,2018-05-16 15:24:20,2,0,2,0
8jtxrn,2018-05-16 10:46:58,40,r/ProgrammerHumor,0,2018-05-16 16:10:57,2,0,1,0
8jtxrn,2018-05-16 10:46:58,40,r/ProgrammerHumor,0,2018-05-16 17:38:23,2,0,1,0
8jtxrn,2018-05-16 10:46:58,40,r/ProgrammerHumor,0,2018-05-16 17:43:53,2,0,1,0
8jtxrn,2018-05-16 10:46:58,40,r/ProgrammerHumor,0,2018-05-16 17:46:34,2,0,1,0
8jtxrn,2018-05-16 10:46:58,40,r/ProgrammerHumor,0,2018-05-16 16:10:01,1,3,4,0
8jtxrn,2018-05-16 10:46:58,40,r/ProgrammerHumor,0,2018-05-16 17:01:45,2,2,13,0
8jtxrn,2018-05-16 10:46:58,40,r/ProgrammerHumor,0,2018-05-16 17:40:52,3,0,6,0
8jtxrn,2018-05-16 10:46:58,40,r/ProgrammerHumor,0,2018-05-16 17:09:34,3,0,2,0
8jtxrn,2018-05-16 10:46:58,40,r/ProgrammerHumor,0,2018-05-16 16:53:22,2,0,3,0
8jtxrn,2018-05-16 10:46:58,40,r/ProgrammerHumor,0,2018-05-16 17:03:12,2,0,1,0
8jtxrn,2018-05-16 10:46:58,40,r/ProgrammerHumor,1,2018-05-16 13:45:19,0,6,527,0
8jtxrn,2018-05-16 10:46:58,40,r/ProgrammerHumor,1,2018-05-16 15:24:02,1,3,189,0
8jtxrn,2018-05-16 10:46:58,40,r/ProgrammerHumor,1,2018-05-16 15:36:06,2,2,97,0
8jtxrn,2018-05-16 10:46:58,40,r/ProgrammerHumor,1,2018-05-16 15:36:51,3,0,19,0
8jtxrn,2018-05-16 10:46:58,40,r/ProgrammerHumor,1,2018-05-16 15:51:10,3,1,7,0
8jtxrn,2018-05-16 10:46:58,40,r/ProgrammerHumor,1,2018-05-16 17:44:57,4,0,3,0
8jtxrn,2018-05-16 10:46:58,40,r/ProgrammerHumor,1,2018-05-16 15:37:21,2,1,12,0
8jtxrn,2018-05-16 10:46:58,40,r/ProgrammerHumor,1,2018-05-16 15:38:04,3,0,1,0
8jtxrn,2018-05-16 10:46:58,40,r/ProgrammerHumor,1,2018-05-16 18:24:02,2,0,1,0
8jtxrn,2018-05-16 10:46:58,40,r/ProgrammerHumor,1,2018-05-16 15:30:07,1,5,23,0
8jtxrn,2018-05-16 10:46:58,40,r/ProgrammerHumor,1,2018-05-16 15:33:44,2,1,46,0
8jtxrn,2018-05-16 10:46:58,40,r/ProgrammerHumor,1,2018-05-16 16:30:54,3,2,14,0
8jtxrn,2018-05-16 10:46:58,40,r/ProgrammerHumor,1,2018-05-16 16:36:38,4,1,15,0
8jtxrn,2018-05-16 10:46:58,40,r/ProgrammerHumor,1,2018-05-16 17:27:23,5,0,2,0
8jtxrn,2018-05-16 10:46:58,40,r/ProgrammerHumor,1,2018-05-16 17:45:35,4,1,2,0
8jtxrn,2018-05-16 10:46:58,40,r/ProgrammerHumor,1,2018-05-16 18:27:37,5,0,1,0
8jtxrn,2018-05-16 10:46:58,40,r/ProgrammerHumor,1,2018-05-16 15:35:47,2,0,9,0
8jtxrn,2018-05-16 10:46:58,40,r/ProgrammerHumor,1,2018-05-16 15:58:45,2,0,5,0
8jtxrn,2018-05-16 10:46:58,40,r/ProgrammerHumor,1,2018-05-16 17:38:09,2,0,3,0
8jtxrn,2018-05-16 10:46:58,40,r/ProgrammerHumor,1,2018-05-16 17:46:08,2,0,1,0
8jtxrn,2018-05-16 10:46:58,40,r/ProgrammerHumor,1,2018-05-16 16:02:39,1,0,10,0
8jtxrn,2018-05-16 10:46:58,40,r/ProgrammerHumor,1,2018-05-16 15:37:33,1,0,5,0
8jtxrn,2018-05-16 10:46:58,40,r/ProgrammerHumor,1,2018-05-16 16:13:15,1,0,1,0
8jtxrn,2018-05-16 10:46:58,40,r/ProgrammerHumor,1,2018-05-16 16:18:50,1,0,1,0
8jtxrn,2018-05-16 10:46:58,40,r/ProgrammerHumor,2,2018-05-16 14:36:42,0,5,260,0
8jtxrn,2018-05-16 10:46:58,40,r/ProgrammerHumor,2,2018-05-16 14:49:35,1,2,74,0
8jtxrn,2018-05-16 10:46:58,40,r/ProgrammerHumor,2,2018-05-16 15:52:39,2,0,83,0
8jtxrn,2018-05-16 10:46:58,40,r/ProgrammerHumor,2,2018-05-16 16:15:50,2,1,14,0
8jtxrn,2018-05-16 10:46:58,40,r/ProgrammerHumor,2,2018-05-16 16:17:17,3,1,12,0
8jtxrn,2018-05-16 10:46:58,40,r/ProgrammerHumor,2,2018-05-16 17:25:20,4,1,7,0
8jtxrn,2018-05-16 10:46:58,40,r/ProgrammerHumor,2,2018-05-16 18:22:07,5,0,3,0
8jtxrn,2018-05-16 10:46:58,40,r/ProgrammerHumor,2,2018-05-16 15:49:27,1,0,13,0
8jtxrn,2018-05-16 10:46:58,40,r/ProgrammerHumor,2,2018-05-16 16:13:47,1,0,6,0
8jtxrn,2018-05-16 10:46:58,40,r/ProgrammerHumor,2,2018-05-16 16:49:43,1,0,5,0
8jtxrn,2018-05-16 10:46:58,40,r/ProgrammerHumor,2,2018-05-16 16:10:38,1,0,2,0
8jtxrn,2018-05-16 10:46:58,40,r/ProgrammerHumor,3,2018-05-16 14:00:38,0,0,120,0
8jtxrn,2018-05-16 10:46:58,40,r/ProgrammerHumor,4,2018-05-16 13:41:16,0,2,66,0
8jtxrn,2018-05-16 10:46:58,40,r/ProgrammerHumor,4,2018-05-16 14:44:17,1,1,51,0
8jtxrn,2018-05-16 10:46:58,40,r/ProgrammerHumor,4,2018-05-16 15:02:31,2,2,21,0
8jtxrn,2018-05-16 10:46:58,40,r/ProgrammerHumor,4,2018-05-16 15:37:08,3,0,17,0
8jtxrn,2018-05-16 10:46:58,40,r/ProgrammerHumor,4,2018-05-16 18:01:48,3,0,1,0
8jtxrn,2018-05-16 10:46:58,40,r/ProgrammerHumor,4,2018-05-16 15:40:16,1,0,10,0
8jtxrn,2018-05-16 10:46:58,40,r/ProgrammerHumor,5,2018-05-16 14:46:14,0,2,55,0
8jtxrn,2018-05-16 10:46:58,40,r/ProgrammerHumor,5,2018-05-16 15:54:35,1,1,10,0
8jtxrn,2018-05-16 10:46:58,40,r/ProgrammerHumor,5,2018-05-16 16:01:06,2,0,18,0
8jtxrn,2018-05-16 10:46:58,40,r/ProgrammerHumor,5,2018-05-16 14:59:35,1,0,5,0
8jtxrn,2018-05-16 10:46:58,40,r/ProgrammerHumor,6,2018-05-16 13:13:25,0,1,54,0
8jtxrn,2018-05-16 10:46:58,40,r/ProgrammerHumor,6,2018-05-16 14:54:45,1,1,21,0
8jtxrn,2018-05-16 10:46:58,40,r/ProgrammerHumor,6,2018-05-16 14:56:30,2,2,9,0
8jtxrn,2018-05-16 10:46:58,40,r/ProgrammerHumor,6,2018-05-16 15:00:29,3,1,21,0
8jtxrn,2018-05-16 10:46:58,40,r/ProgrammerHumor,6,2018-05-16 15:02:16,4,0,7,0
8jtxrn,2018-05-16 10:46:58,40,r/ProgrammerHumor,6,2018-05-16 15:27:44,3,0,2,0
8jtxrn,2018-05-16 10:46:58,40,r/ProgrammerHumor,7,2018-05-16 11:09:38,0,9,155,0
8jtxrn,2018-05-16 10:46:58,40,r/ProgrammerHumor,7,2018-05-16 14:41:48,1,3,62,0
8jtxrn,2018-05-16 10:46:58,40,r/ProgrammerHumor,7,2018-05-16 15:58:14,2,1,8,0
8jtxrn,2018-05-16 10:46:58,40,r/ProgrammerHumor,7,2018-05-16 16:03:31,3,2,29,0
8jtxrn,2018-05-16 10:46:58,40,r/ProgrammerHumor,7,2018-05-16 16:08:28,4,0,10,0
8jtxrn,2018-05-16 10:46:58,40,r/ProgrammerHumor,7,2018-05-16 18:01:03,4,0,1,0
8jtxrn,2018-05-16 10:46:58,40,r/ProgrammerHumor,7,2018-05-16 17:37:22,2,2,2,0
8jtxrn,2018-05-16 10:46:58,40,r/ProgrammerHumor,7,2018-05-16 17:39:49,3,1,2,0
8jtxrn,2018-05-16 10:46:58,40,r/ProgrammerHumor,7,2018-05-16 17:59:15,4,1,1,0
8jtxrn,2018-05-16 10:46:58,40,r/ProgrammerHumor,7,2018-05-16 18:14:33,5,0,1,0
8jtxrn,2018-05-16 10:46:58,40,r/ProgrammerHumor,7,2018-05-16 17:50:38,3,0,1,0
8jtxrn,2018-05-16 10:46:58,40,r/ProgrammerHumor,7,2018-05-16 16:56:37,2,1,0,0
8jtxrn,2018-05-16 10:46:58,40,r/ProgrammerHumor,7,2018-05-16 16:58:46,3,2,3,0
8jtxrn,2018-05-16 10:46:58,40,r/ProgrammerHumor,7,2018-05-16 17:34:37,4,0,2,0
8jtxrn,2018-05-16 10:46:58,40,r/ProgrammerHumor,7,2018-05-16 18:13:17,4,0,1,0
8jtxrn,2018-05-16 10:46:58,40,r/ProgrammerHumor,7,2018-05-16 15:42:58,1,0,6,0
8jtxrn,2018-05-16 10:46:58,40,r/ProgrammerHumor,7,2018-05-16 11:44:05,1,5,64,0
8jtxrn,2018-05-16 10:46:58,40,r/ProgrammerHumor,7,2018-05-16 12:55:43,2,0,47,0
8jtxrn,2018-05-16 10:46:58,40,r/ProgrammerHumor,7,2018-05-16 17:01:25,2,3,5,0
8jtxrn,2018-05-16 10:46:58,40,r/ProgrammerHumor,7,2018-05-16 17:34:24,3,0,5,0
8jtxrn,2018-05-16 10:46:58,40,r/ProgrammerHumor,7,2018-05-16 17:09:45,3,1,4,0
8jtxrn,2018-05-16 10:46:58,40,r/ProgrammerHumor,7,2018-05-16 17:19:38,4,0,2,0
8jtxrn,2018-05-16 10:46:58,40,r/ProgrammerHumor,7,2018-05-16 17:58:21,3,0,1,0
8jtxrn,2018-05-16 10:46:58,40,r/ProgrammerHumor,7,2018-05-16 15:09:41,2,0,8,0
8jtxrn,2018-05-16 10:46:58,40,r/ProgrammerHumor,7,2018-05-16 16:20:48,2,1,2,0
8jtxrn,2018-05-16 10:46:58,40,r/ProgrammerHumor,7,2018-05-16 16:58:52,3,0,3,0
8jtxrn,2018-05-16 10:46:58,40,r/ProgrammerHumor,7,2018-05-16 16:16:45,2,1,1,0
8jtxrn,2018-05-16 10:46:58,40,r/ProgrammerHumor,7,2018-05-16 16:54:58,3,1,1,0
8jtxrn,2018-05-16 10:46:58,40,r/ProgrammerHumor,7,2018-05-16 17:24:36,4,1,2,0
8jtxrn,2018-05-16 10:46:58,40,r/ProgrammerHumor,7,2018-05-16 17:34:17,5,1,2,0
8jtxrn,2018-05-16 10:46:58,40,r/ProgrammerHumor,7,2018-05-16 17:41:34,6,0,2,0
8jtxrn,2018-05-16 10:46:58,40,r/ProgrammerHumor,7,2018-05-16 15:18:09,1,0,6,0
8jtxrn,2018-05-16 10:46:58,40,r/ProgrammerHumor,7,2018-05-16 15:28:55,1,0,2,0
8jtxrn,2018-05-16 10:46:58,40,r/ProgrammerHumor,7,2018-05-16 16:14:52,1,0,2,0
8jtxrn,2018-05-16 10:46:58,40,r/ProgrammerHumor,7,2018-05-16 16:14:05,1,1,1,0
8jtxrn,2018-05-16 10:46:58,40,r/ProgrammerHumor,7,2018-05-16 16:42:01,2,1,3,0
8jtxrn,2018-05-16 10:46:58,40,r/ProgrammerHumor,7,2018-05-16 16:45:06,3,2,2,0
8jtxrn,2018-05-16 10:46:58,40,r/ProgrammerHumor,7,2018-05-16 16:50:48,4,1,2,0
8jtxrn,2018-05-16 10:46:58,40,r/ProgrammerHumor,7,2018-05-16 16:51:51,5,0,3,0
8jtxrn,2018-05-16 10:46:58,40,r/ProgrammerHumor,7,2018-05-16 17:37:53,4,0,1,0
8jtxrn,2018-05-16 10:46:58,40,r/ProgrammerHumor,7,2018-05-16 18:01:01,1,0,1,0
8jtxrn,2018-05-16 10:46:58,40,r/ProgrammerHumor,7,2018-05-16 18:21:46,1,0,1,0
8jtxrn,2018-05-16 10:46:58,40,r/ProgrammerHumor,8,2018-05-16 15:31:29,0,2,16,0
8jtxrn,2018-05-16 10:46:58,40,r/ProgrammerHumor,8,2018-05-16 18:17:40,1,0,1,0
8jtxrn,2018-05-16 10:46:58,40,r/ProgrammerHumor,8,2018-05-16 18:22:51,1,0,1,0
8jtxrn,2018-05-16 10:46:58,40,r/ProgrammerHumor,9,2018-05-16 13:59:39,0,0,15,0
8jtxrn,2018-05-16 10:46:58,40,r/ProgrammerHumor,10,2018-05-16 12:56:22,0,2,12,0
8jtxrn,2018-05-16 10:46:58,40,r/ProgrammerHumor,10,2018-05-16 13:07:30,1,1,8,0
8jtxrn,2018-05-16 10:46:58,40,r/ProgrammerHumor,10,2018-05-16 15:41:46,2,0,2,0
8jtxrn,2018-05-16 10:46:58,40,r/ProgrammerHumor,10,2018-05-16 16:10:28,1,0,1,0
8jtxrn,2018-05-16 10:46:58,40,r/ProgrammerHumor,11,2018-05-16 15:28:27,0,3,12,0
8jtxrn,2018-05-16 10:46:58,40,r/ProgrammerHumor,11,2018-05-16 16:01:48,1,1,9,0
8jtxrn,2018-05-16 10:46:58,40,r/ProgrammerHumor,11,2018-05-16 17:48:35,2,0,2,0
8jtxrn,2018-05-16 10:46:58,40,r/ProgrammerHumor,11,2018-05-16 15:46:43,1,0,3,0
8jtxrn,2018-05-16 10:46:58,40,r/ProgrammerHumor,11,2018-05-16 18:07:29,1,0,1,0
8jtxrn,2018-05-16 10:46:58,40,r/ProgrammerHumor,12,2018-05-16 13:28:00,0,3,17,0
8jtxrn,2018-05-16 10:46:58,40,r/ProgrammerHumor,12,2018-05-16 15:04:57,1,2,8,0
8jtxrn,2018-05-16 10:46:58,40,r/ProgrammerHumor,12,2018-05-16 15:11:34,2,0,30,0
8jtxrn,2018-05-16 10:46:58,40,r/ProgrammerHumor,12,2018-05-16 16:39:04,2,0,3,0
8jtxrn,2018-05-16 10:46:58,40,r/ProgrammerHumor,12,2018-05-16 16:11:26,1,0,3,0
8jtxrn,2018-05-16 10:46:58,40,r/ProgrammerHumor,12,2018-05-16 15:00:08,1,0,1,0
8jtxrn,2018-05-16 10:46:58,40,r/ProgrammerHumor,13,2018-05-16 14:34:05,0,0,6,0
8jtxrn,2018-05-16 10:46:58,40,r/ProgrammerHumor,14,2018-05-16 15:52:04,0,0,6,0
8jtxrn,2018-05-16 10:46:58,40,r/ProgrammerHumor,15,2018-05-16 15:44:07,0,0,5,0
8jtxrn,2018-05-16 10:46:58,40,r/ProgrammerHumor,16,2018-05-16 14:48:45,0,0,3,0
8jtxrn,2018-05-16 10:46:58,40,r/ProgrammerHumor,17,2018-05-16 15:22:40,0,0,3,0
8jtxrn,2018-05-16 10:46:58,40,r/ProgrammerHumor,18,2018-05-16 16:55:24,0,0,3,0
8jtxrn,2018-05-16 10:46:58,40,r/ProgrammerHumor,19,2018-05-16 16:58:46,0,0,3,0
8jtxrn,2018-05-16 10:46:58,40,r/ProgrammerHumor,20,2018-05-16 17:20:21,0,0,4,0
8jtxrn,2018-05-16 10:46:58,40,r/ProgrammerHumor,21,2018-05-16 15:36:09,0,0,2,0
8jtxrn,2018-05-16 10:46:58,40,r/ProgrammerHumor,22,2018-05-16 15:47:20,0,0,2,0
8jtxrn,2018-05-16 10:46:58,40,r/ProgrammerHumor,23,2018-05-16 16:01:14,0,0,2,0
8jtxrn,2018-05-16 10:46:58,40,r/ProgrammerHumor,24,2018-05-16 16:12:13,0,0,2,0
8jtxrn,2018-05-16 10:46:58,40,r/ProgrammerHumor,25,2018-05-16 16:32:31,0,0,2,0
8jtxrn,2018-05-16 10:46:58,40,r/ProgrammerHumor,26,2018-05-16 16:42:59,0,0,2,0
8jtxrn,2018-05-16 10:46:58,40,r/ProgrammerHumor,27,2018-05-16 16:49:18,0,1,2,0
8jtxrn,2018-05-16 10:46:58,40,r/ProgrammerHumor,27,2018-05-16 17:23:31,1,2,3,0
8jtxrn,2018-05-16 10:46:58,40,r/ProgrammerHumor,27,2018-05-16 17:33:31,2,0,2,0
8jtxrn,2018-05-16 10:46:58,40,r/ProgrammerHumor,27,2018-05-16 17:40:33,2,0,2,0
8jtxrn,2018-05-16 10:46:58,40,r/ProgrammerHumor,28,2018-05-16 17:00:00,0,0,2,0
8jtxrn,2018-05-16 10:46:58,40,r/ProgrammerHumor,29,2018-05-16 17:19:01,0,0,3,0
8jtxrn,2018-05-16 10:46:58,40,r/ProgrammerHumor,30,2018-05-16 17:46:24,0,1,2,0
8jtxrn,2018-05-16 10:46:58,40,r/ProgrammerHumor,30,2018-05-16 17:49:33,1,0,1,0
8jtxrn,2018-05-16 10:46:58,40,r/ProgrammerHumor,31,2018-05-16 15:49:31,0,0,2,0
8jtxrn,2018-05-16 10:46:58,40,r/ProgrammerHumor,32,2018-05-16 15:33:15,0,0,1,0
8jtxrn,2018-05-16 10:46:58,40,r/ProgrammerHumor,33,2018-05-16 15:42:21,0,0,1,0
8jtxrn,2018-05-16 10:46:58,40,r/ProgrammerHumor,34,2018-05-16 15:55:22,0,1,1,0
8jtxrn,2018-05-16 10:46:58,40,r/ProgrammerHumor,34,2018-05-16 16:00:55,1,1,1,0
8jtxrn,2018-05-16 10:46:58,40,r/ProgrammerHumor,34,2018-05-16 16:31:57,2,0,1,0
8jtxrn,2018-05-16 10:46:58,40,r/ProgrammerHumor,35,2018-05-16 15:56:09,0,0,1,0
8jtxrn,2018-05-16 10:46:58,40,r/ProgrammerHumor,36,2018-05-16 16:20:11,0,0,1,0
8jtxrn,2018-05-16 10:46:58,40,r/ProgrammerHumor,37,2018-05-16 16:20:30,0,0,1,0
8jtxrn,2018-05-16 10:46:58,40,r/ProgrammerHumor,38,2018-05-16 16:22:59,0,1,1,0
8jtxrn,2018-05-16 10:46:58,40,r/ProgrammerHumor,38,2018-05-16 17:25:52,1,1,1,0
8jtxrn,2018-05-16 10:46:58,40,r/ProgrammerHumor,38,2018-05-16 17:35:40,2,0,2,0
8jtxrn,2018-05-16 10:46:58,40,r/ProgrammerHumor,39,2018-05-16 16:28:14,0,0,1,0
8jtxrn,2018-05-16 10:46:58,40,r/ProgrammerHumor,40,2018-05-16 16:35:13,0,0,1,0
8jtxrn,2018-05-16 10:46:58,40,r/ProgrammerHumor,41,2018-05-16 16:44:44,0,1,1,0
8jtxrn,2018-05-16 10:46:58,40,r/ProgrammerHumor,41,2018-05-16 16:46:08,1,0,2,0
8jtxrn,2018-05-16 10:46:58,40,r/ProgrammerHumor,42,2018-05-16 16:47:38,0,0,1,0
8jtxrn,2018-05-16 10:46:58,40,r/ProgrammerHumor,43,2018-05-16 16:49:12,0,0,1,0
8jtxrn,2018-05-16 10:46:58,40,r/ProgrammerHumor,44,2018-05-16 17:08:05,0,0,1,0
8jtxrn,2018-05-16 10:46:58,40,r/ProgrammerHumor,45,2018-05-16 17:09:14,0,0,1,0
8jtxrn,2018-05-16 10:46:58,40,r/ProgrammerHumor,46,2018-05-16 17:11:41,0,0,1,0
8jtxrn,2018-05-16 10:46:58,40,r/ProgrammerHumor,47,2018-05-16 17:18:55,0,0,1,0
8jtxrn,2018-05-16 10:46:58,40,r/ProgrammerHumor,48,2018-05-16 17:21:54,0,0,1,0
8jtxrn,2018-05-16 10:46:58,40,r/ProgrammerHumor,49,2018-05-16 17:35:23,0,0,1,0
8jtxrn,2018-05-16 10:46:58,40,r/ProgrammerHumor,50,2018-05-16 17:43:42,0,0,1,0
8jtxrn,2018-05-16 10:46:58,40,r/ProgrammerHumor,51,2018-05-16 17:55:29,0,0,1,0
8jtxrn,2018-05-16 10:46:58,40,r/ProgrammerHumor,52,2018-05-16 17:59:42,0,0,1,0
8jtxrn,2018-05-16 10:46:58,40,r/ProgrammerHumor,53,2018-05-16 17:59:50,0,0,1,0
8jtxrn,2018-05-16 10:46:58,40,r/ProgrammerHumor,54,2018-05-16 17:59:54,0,0,1,0
8jtxrn,2018-05-16 10:46:58,40,r/ProgrammerHumor,55,2018-05-16 18:01:02,0,0,1,0
8jtxrn,2018-05-16 10:46:58,40,r/ProgrammerHumor,56,2018-05-16 18:01:14,0,0,1,0
8jtxrn,2018-05-16 10:46:58,40,r/ProgrammerHumor,57,2018-05-16 18:03:17,0,0,1,0
8jtxrn,2018-05-16 10:46:58,40,r/ProgrammerHumor,58,2018-05-16 18:07:54,0,0,1,0
8jtxrn,2018-05-16 10:46:58,40,r/ProgrammerHumor,59,2018-05-16 18:07:54,0,0,1,0
8jtxrn,2018-05-16 10:46:58,40,r/ProgrammerHumor,60,2018-05-16 18:13:36,0,0,1,0
8jtxrn,2018-05-16 10:46:58,40,r/ProgrammerHumor,61,2018-05-16 18:14:19,0,0,1,0
8jtxrn,2018-05-16 10:46:58,40,r/ProgrammerHumor,62,2018-05-16 18:16:16,0,0,1,0
8jtxrn,2018-05-16 10:46:58,40,r/ProgrammerHumor,63,2018-05-16 18:20:34,0,0,1,0
8jtxrn,2018-05-16 10:46:58,40,r/ProgrammerHumor,64,2018-05-16 18:21:10,0,0,1,0
8jtxrn,2018-05-16 10:46:58,40,r/ProgrammerHumor,65,2018-05-16 18:22:22,0,0,1,0
8jtxrn,2018-05-16 10:46:58,40,r/ProgrammerHumor,66,2018-05-16 18:22:41,0,0,1,0
8jtxrn,2018-05-16 10:46:58,40,r/ProgrammerHumor,67,2018-05-16 18:27:43,0,0,1,0
8jtxrn,2018-05-16 10:46:58,40,r/ProgrammerHumor,68,2018-05-16 15:04:58,0,1,0,0
8jtxrn,2018-05-16 10:46:58,40,r/ProgrammerHumor,68,2018-05-16 15:29:52,1,0,6,0
8jtxrn,2018-05-16 10:46:58,40,r/ProgrammerHumor,69,2018-05-16 16:37:52,0,0,0,0
8jtxrn,2018-05-16 10:46:58,40,r/ProgrammerHumor,70,2018-05-16 15:38:36,0,1,-4,0
8jtxrn,2018-05-16 10:46:58,40,r/ProgrammerHumor,70,2018-05-16 15:40:08,1,2,3,0
8jtxrn,2018-05-16 10:46:58,40,r/ProgrammerHumor,70,2018-05-16 15:43:51,2,1,3,0
8jtxrn,2018-05-16 10:46:58,40,r/ProgrammerHumor,70,2018-05-16 15:44:21,3,0,2,0
8jtxrn,2018-05-16 10:46:58,40,r/ProgrammerHumor,70,2018-05-16 16:22:59,2,1,1,0
8jtxrn,2018-05-16 10:46:58,40,r/ProgrammerHumor,70,2018-05-16 16:24:35,3,1,1,0
8jtxrn,2018-05-16 10:46:58,40,r/ProgrammerHumor,70,2018-05-16 17:12:32,4,0,1,0
8jvsj3,2018-05-16 15:26:05,41,r/WatchPeopleDieInside,0,2018-05-16 15:47:57,0,10,880,0
8jvsj3,2018-05-16 15:26:05,41,r/WatchPeopleDieInside,0,2018-05-16 16:13:38,1,2,435,0
8jvsj3,2018-05-16 15:26:05,41,r/WatchPeopleDieInside,0,2018-05-16 16:47:03,2,1,77,0
8jvsj3,2018-05-16 15:26:05,41,r/WatchPeopleDieInside,0,2018-05-16 17:06:34,3,1,24,0
8jvsj3,2018-05-16 15:26:05,41,r/WatchPeopleDieInside,0,2018-05-16 18:19:14,4,0,3,0
8jvsj3,2018-05-16 15:26:05,41,r/WatchPeopleDieInside,0,2018-05-16 17:39:54,2,0,18,0
8jvsj3,2018-05-16 15:26:05,41,r/WatchPeopleDieInside,0,2018-05-16 17:03:53,1,0,30,0
8jvsj3,2018-05-16 15:26:05,41,r/WatchPeopleDieInside,0,2018-05-16 17:14:57,1,1,15,0
8jvsj3,2018-05-16 15:26:05,41,r/WatchPeopleDieInside,0,2018-05-16 17:36:13,2,0,5,0
8jvsj3,2018-05-16 15:26:05,41,r/WatchPeopleDieInside,0,2018-05-16 16:15:50,1,0,32,0
8jvsj3,2018-05-16 15:26:05,41,r/WatchPeopleDieInside,0,2018-05-16 16:48:49,1,0,16,0
8jvsj3,2018-05-16 15:26:05,41,r/WatchPeopleDieInside,0,2018-05-16 16:48:18,1,0,8,0
8jvsj3,2018-05-16 15:26:05,41,r/WatchPeopleDieInside,0,2018-05-16 17:33:28,1,0,2,0
8jvsj3,2018-05-16 15:26:05,41,r/WatchPeopleDieInside,0,2018-05-16 17:40:59,1,0,1,0
8jvsj3,2018-05-16 15:26:05,41,r/WatchPeopleDieInside,0,2018-05-16 18:14:46,1,0,1,0
8jvsj3,2018-05-16 15:26:05,41,r/WatchPeopleDieInside,0,2018-05-16 17:06:49,1,1,-4,0
8jvsj3,2018-05-16 15:26:05,41,r/WatchPeopleDieInside,0,2018-05-16 17:31:55,2,0,6,0
8jvsj3,2018-05-16 15:26:05,41,r/WatchPeopleDieInside,1,2018-05-16 15:27:47,0,1,312,0
8jvsj3,2018-05-16 15:26:05,41,r/WatchPeopleDieInside,1,2018-05-16 15:41:03,1,1,176,0
8jvsj3,2018-05-16 15:26:05,41,r/WatchPeopleDieInside,1,2018-05-16 15:41:58,2,0,45,0
8jvsj3,2018-05-16 15:26:05,41,r/WatchPeopleDieInside,2,2018-05-16 16:23:23,0,2,90,0
8jvsj3,2018-05-16 15:26:05,41,r/WatchPeopleDieInside,2,2018-05-16 17:33:39,1,0,29,0
8jvsj3,2018-05-16 15:26:05,41,r/WatchPeopleDieInside,2,2018-05-16 18:19:36,1,0,1,0
8jvsj3,2018-05-16 15:26:05,41,r/WatchPeopleDieInside,3,2018-05-16 15:51:17,0,0,88,0
8jvsj3,2018-05-16 15:26:05,41,r/WatchPeopleDieInside,4,2018-05-16 16:52:51,0,2,31,0
8jvsj3,2018-05-16 15:26:05,41,r/WatchPeopleDieInside,4,2018-05-16 17:39:01,1,1,5,0
8jvsj3,2018-05-16 15:26:05,41,r/WatchPeopleDieInside,4,2018-05-16 18:14:55,2,1,1,0
8jvsj3,2018-05-16 15:26:05,41,r/WatchPeopleDieInside,4,2018-05-16 18:27:30,3,1,1,0
8jvsj3,2018-05-16 15:26:05,41,r/WatchPeopleDieInside,4,2018-05-16 18:28:21,4,0,1,0
8jvsj3,2018-05-16 15:26:05,41,r/WatchPeopleDieInside,4,2018-05-16 18:06:13,1,0,3,0
8jvsj3,2018-05-16 15:26:05,41,r/WatchPeopleDieInside,5,2018-05-16 16:52:31,0,0,24,0
8jvsj3,2018-05-16 15:26:05,41,r/WatchPeopleDieInside,6,2018-05-16 17:32:04,0,0,17,0
8jvsj3,2018-05-16 15:26:05,41,r/WatchPeopleDieInside,7,2018-05-16 16:59:10,0,0,15,0
8jvsj3,2018-05-16 15:26:05,41,r/WatchPeopleDieInside,8,2018-05-16 17:12:46,0,0,13,0
8jvsj3,2018-05-16 15:26:05,41,r/WatchPeopleDieInside,9,2018-05-16 15:27:30,0,0,12,0
8jvsj3,2018-05-16 15:26:05,41,r/WatchPeopleDieInside,10,2018-05-16 16:47:49,0,1,11,0
8jvsj3,2018-05-16 15:26:05,41,r/WatchPeopleDieInside,10,2018-05-16 18:13:43,1,1,1,0
8jvsj3,2018-05-16 15:26:05,41,r/WatchPeopleDieInside,10,2018-05-16 18:23:28,2,1,1,0
8jvsj3,2018-05-16 15:26:05,41,r/WatchPeopleDieInside,10,2018-05-16 18:27:29,3,0,1,0
8jvsj3,2018-05-16 15:26:05,41,r/WatchPeopleDieInside,11,2018-05-16 17:11:29,0,0,6,0
8jvsj3,2018-05-16 15:26:05,41,r/WatchPeopleDieInside,12,2018-05-16 17:30:19,0,0,6,0
8jvsj3,2018-05-16 15:26:05,41,r/WatchPeopleDieInside,13,2018-05-16 17:46:33,0,0,6,0
8jvsj3,2018-05-16 15:26:05,41,r/WatchPeopleDieInside,14,2018-05-16 17:35:31,0,0,4,0
8jvsj3,2018-05-16 15:26:05,41,r/WatchPeopleDieInside,15,2018-05-16 17:42:39,0,0,4,0
8jvsj3,2018-05-16 15:26:05,41,r/WatchPeopleDieInside,16,2018-05-16 17:43:10,0,1,4,0
8jvsj3,2018-05-16 15:26:05,41,r/WatchPeopleDieInside,16,2018-05-16 18:04:26,1,0,3,0
8jvsj3,2018-05-16 15:26:05,41,r/WatchPeopleDieInside,17,2018-05-16 17:34:39,0,0,3,0
8jvsj3,2018-05-16 15:26:05,41,r/WatchPeopleDieInside,18,2018-05-16 17:59:30,0,0,3,0
8jvsj3,2018-05-16 15:26:05,41,r/WatchPeopleDieInside,19,2018-05-16 17:43:17,0,0,2,0
8jvsj3,2018-05-16 15:26:05,41,r/WatchPeopleDieInside,20,2018-05-16 17:43:24,0,0,2,0
8jvsj3,2018-05-16 15:26:05,41,r/WatchPeopleDieInside,21,2018-05-16 17:45:39,0,0,2,0
8jvsj3,2018-05-16 15:26:05,41,r/WatchPeopleDieInside,22,2018-05-16 17:45:46,0,0,2,0
8jvsj3,2018-05-16 15:26:05,41,r/WatchPeopleDieInside,23,2018-05-16 17:50:51,0,0,2,0
8jvsj3,2018-05-16 15:26:05,41,r/WatchPeopleDieInside,24,2018-05-16 17:15:31,0,1,6,0
8jvsj3,2018-05-16 15:26:05,41,r/WatchPeopleDieInside,24,2018-05-16 17:29:46,1,0,4,0
8jvsj3,2018-05-16 15:26:05,41,r/WatchPeopleDieInside,25,2018-05-16 17:09:43,0,0,3,0
8jvsj3,2018-05-16 15:26:05,41,r/WatchPeopleDieInside,26,2018-05-16 18:00:04,0,0,1,0
8jvsj3,2018-05-16 15:26:05,41,r/WatchPeopleDieInside,27,2018-05-16 18:00:45,0,0,1,0
8jvsj3,2018-05-16 15:26:05,41,r/WatchPeopleDieInside,28,2018-05-16 18:04:31,0,0,1,0
8jvsj3,2018-05-16 15:26:05,41,r/WatchPeopleDieInside,29,2018-05-16 18:05:00,0,0,1,0
8jvsj3,2018-05-16 15:26:05,41,r/WatchPeopleDieInside,30,2018-05-16 18:19:15,0,0,1,0
8jvsj3,2018-05-16 15:26:05,41,r/WatchPeopleDieInside,31,2018-05-16 18:21:23,0,0,1,0
8jvsj3,2018-05-16 15:26:05,41,r/WatchPeopleDieInside,32,2018-05-16 18:24:10,0,0,1,0
8jvsj3,2018-05-16 15:26:05,41,r/WatchPeopleDieInside,33,2018-05-16 18:28:47,0,0,1,0
8jvsj3,2018-05-16 15:26:05,41,r/WatchPeopleDieInside,34,2018-05-16 17:01:45,0,1,1,0
8jvsj3,2018-05-16 15:26:05,41,r/WatchPeopleDieInside,34,2018-05-16 17:08:12,1,0,5,0
8jvsj3,2018-05-16 15:26:05,41,r/WatchPeopleDieInside,35,2018-05-16 17:36:33,0,0,-3,0
8jvsj3,2018-05-16 15:26:05,41,r/WatchPeopleDieInside,36,2018-05-16 17:36:50,0,1,-6,0
8jvsj3,2018-05-16 15:26:05,41,r/WatchPeopleDieInside,36,2018-05-16 17:45:05,1,1,2,0
8jvsj3,2018-05-16 15:26:05,41,r/WatchPeopleDieInside,36,2018-05-16 18:16:41,2,0,0,0
8ju8d4,2018-05-16 11:42:39,42,r/coaxedintoasnafu,0,2018-05-16 12:16:37,0,1,1353,0
8ju8d4,2018-05-16 11:42:39,42,r/coaxedintoasnafu,0,2018-05-16 12:26:37,1,4,580,0
8ju8d4,2018-05-16 11:42:39,42,r/coaxedintoasnafu,0,2018-05-16 12:29:14,2,5,291,0
8ju8d4,2018-05-16 11:42:39,42,r/coaxedintoasnafu,0,2018-05-16 12:29:18,3,1,40,0
8ju8d4,2018-05-16 11:42:39,42,r/coaxedintoasnafu,0,2018-05-16 16:46:07,4,2,5,0
8ju8d4,2018-05-16 11:42:39,42,r/coaxedintoasnafu,0,2018-05-16 17:12:24,5,0,9,0
8ju8d4,2018-05-16 11:42:39,42,r/coaxedintoasnafu,0,2018-05-16 17:39:05,5,1,3,0
8ju8d4,2018-05-16 11:42:39,42,r/coaxedintoasnafu,0,2018-05-16 17:39:21,6,1,7,0
8ju8d4,2018-05-16 11:42:39,42,r/coaxedintoasnafu,0,2018-05-16 18:26:26,7,0,2,0
8ju8d4,2018-05-16 11:42:39,42,r/coaxedintoasnafu,0,2018-05-16 17:29:24,3,0,3,0
8ju8d4,2018-05-16 11:42:39,42,r/coaxedintoasnafu,0,2018-05-16 17:41:38,3,0,1,0
8ju8d4,2018-05-16 11:42:39,42,r/coaxedintoasnafu,0,2018-05-16 18:18:04,3,0,1,0
8ju8d4,2018-05-16 11:42:39,42,r/coaxedintoasnafu,0,2018-05-16 14:23:44,3,3,-53,0
8ju8d4,2018-05-16 11:42:39,42,r/coaxedintoasnafu,0,2018-05-16 14:25:42,4,0,56,0
8ju8d4,2018-05-16 11:42:39,42,r/coaxedintoasnafu,0,2018-05-16 15:18:26,4,0,16,0
8ju8d4,2018-05-16 11:42:39,42,r/coaxedintoasnafu,0,2018-05-16 16:18:46,4,0,-4,0
8ju8d4,2018-05-16 11:42:39,42,r/coaxedintoasnafu,0,2018-05-16 16:07:05,2,0,25,0
8ju8d4,2018-05-16 11:42:39,42,r/coaxedintoasnafu,0,2018-05-16 16:28:23,2,0,3,0
8ju8d4,2018-05-16 11:42:39,42,r/coaxedintoasnafu,0,2018-05-16 17:45:22,2,0,1,0
8ju8d4,2018-05-16 11:42:39,42,r/coaxedintoasnafu,1,2018-05-16 12:29:43,0,6,600,0
8ju8d4,2018-05-16 11:42:39,42,r/coaxedintoasnafu,1,2018-05-16 12:49:29,1,4,183,0
8ju8d4,2018-05-16 11:42:39,42,r/coaxedintoasnafu,1,2018-05-16 13:15:44,2,0,128,0
8ju8d4,2018-05-16 11:42:39,42,r/coaxedintoasnafu,1,2018-05-16 16:26:27,2,2,46,0
8ju8d4,2018-05-16 11:42:39,42,r/coaxedintoasnafu,1,2018-05-16 17:06:08,3,3,32,0
8ju8d4,2018-05-16 11:42:39,42,r/coaxedintoasnafu,1,2018-05-16 17:15:37,4,1,23,0
8ju8d4,2018-05-16 11:42:39,42,r/coaxedintoasnafu,1,2018-05-16 17:35:01,5,2,9,0
8ju8d4,2018-05-16 11:42:39,42,r/coaxedintoasnafu,1,2018-05-16 18:11:52,6,1,1,0
8ju8d4,2018-05-16 11:42:39,42,r/coaxedintoasnafu,1,2018-05-16 18:16:29,7,0,1,0
8ju8d4,2018-05-16 11:42:39,42,r/coaxedintoasnafu,1,2018-05-16 18:06:47,6,0,0,0
8ju8d4,2018-05-16 11:42:39,42,r/coaxedintoasnafu,1,2018-05-16 18:12:52,4,1,2,0
8ju8d4,2018-05-16 11:42:39,42,r/coaxedintoasnafu,1,2018-05-16 18:29:46,5,0,1,0
8ju8d4,2018-05-16 11:42:39,42,r/coaxedintoasnafu,1,2018-05-16 17:45:33,4,2,2,0
8ju8d4,2018-05-16 11:42:39,42,r/coaxedintoasnafu,1,2018-05-16 17:51:25,5,0,5,0
8ju8d4,2018-05-16 11:42:39,42,r/coaxedintoasnafu,1,2018-05-16 18:07:32,5,0,2,0
8ju8d4,2018-05-16 11:42:39,42,r/coaxedintoasnafu,1,2018-05-16 17:40:25,3,0,1,0
8ju8d4,2018-05-16 11:42:39,42,r/coaxedintoasnafu,1,2018-05-16 15:38:26,2,1,28,0
8ju8d4,2018-05-16 11:42:39,42,r/coaxedintoasnafu,1,2018-05-16 18:06:06,3,0,0,0
8ju8d4,2018-05-16 11:42:39,42,r/coaxedintoasnafu,1,2018-05-16 15:17:48,2,0,8,0
8ju8d4,2018-05-16 11:42:39,42,r/coaxedintoasnafu,1,2018-05-16 16:30:18,1,0,23,0
8ju8d4,2018-05-16 11:42:39,42,r/coaxedintoasnafu,1,2018-05-16 15:42:22,1,2,25,0
8ju8d4,2018-05-16 11:42:39,42,r/coaxedintoasnafu,1,2018-05-16 16:08:14,2,1,11,0
8ju8d4,2018-05-16 11:42:39,42,r/coaxedintoasnafu,1,2018-05-16 16:37:00,3,1,8,0
8ju8d4,2018-05-16 11:42:39,42,r/coaxedintoasnafu,1,2018-05-16 16:38:04,4,1,9,0
8ju8d4,2018-05-16 11:42:39,42,r/coaxedintoasnafu,1,2018-05-16 17:37:48,5,0,2,0
8ju8d4,2018-05-16 11:42:39,42,r/coaxedintoasnafu,1,2018-05-16 16:27:22,2,0,3,0
8ju8d4,2018-05-16 11:42:39,42,r/coaxedintoasnafu,1,2018-05-16 15:47:25,1,0,7,0
8ju8d4,2018-05-16 11:42:39,42,r/coaxedintoasnafu,1,2018-05-16 17:36:24,1,2,1,0
8ju8d4,2018-05-16 11:42:39,42,r/coaxedintoasnafu,1,2018-05-16 17:41:57,2,2,1,0
8ju8d4,2018-05-16 11:42:39,42,r/coaxedintoasnafu,1,2018-05-16 18:16:31,3,0,1,0
8ju8d4,2018-05-16 11:42:39,42,r/coaxedintoasnafu,1,2018-05-16 18:07:45,3,0,-5,0
8ju8d4,2018-05-16 11:42:39,42,r/coaxedintoasnafu,1,2018-05-16 17:54:54,2,0,1,0
8ju8d4,2018-05-16 11:42:39,42,r/coaxedintoasnafu,1,2018-05-16 15:19:43,1,1,-4,0
8ju8d4,2018-05-16 11:42:39,42,r/coaxedintoasnafu,1,2018-05-16 16:08:44,2,0,5,0
8ju8d4,2018-05-16 11:42:39,42,r/coaxedintoasnafu,2,2018-05-16 13:32:35,0,9,932,0
8ju8d4,2018-05-16 11:42:39,42,r/coaxedintoasnafu,2,2018-05-16 16:08:05,1,1,263,0
8ju8d4,2018-05-16 11:42:39,42,r/coaxedintoasnafu,2,2018-05-16 16:15:03,2,1,107,0
8ju8d4,2018-05-16 11:42:39,42,r/coaxedintoasnafu,2,2018-05-16 17:32:21,3,1,36,0
8ju8d4,2018-05-16 11:42:39,42,r/coaxedintoasnafu,2,2018-05-16 17:35:46,4,1,29,0
8ju8d4,2018-05-16 11:42:39,42,r/coaxedintoasnafu,2,2018-05-16 17:44:13,5,1,20,0
8ju8d4,2018-05-16 11:42:39,42,r/coaxedintoasnafu,2,2018-05-16 17:48:24,6,2,17,0
8ju8d4,2018-05-16 11:42:39,42,r/coaxedintoasnafu,2,2018-05-16 17:54:41,7,1,13,0
8ju8d4,2018-05-16 11:42:39,42,r/coaxedintoasnafu,2,2018-05-16 18:11:33,8,0,2,0
8ju8d4,2018-05-16 11:42:39,42,r/coaxedintoasnafu,2,2018-05-16 17:55:05,7,0,2,0
8ju8d4,2018-05-16 11:42:39,42,r/coaxedintoasnafu,2,2018-05-16 13:44:33,1,9,89,0
8ju8d4,2018-05-16 11:42:39,42,r/coaxedintoasnafu,2,2018-05-16 13:54:44,2,2,468,0
8ju8d4,2018-05-16 11:42:39,42,r/coaxedintoasnafu,2,2018-05-16 14:02:45,3,5,265,0
8ju8d4,2018-05-16 11:42:39,42,r/coaxedintoasnafu,2,2018-05-16 14:14:07,4,2,105,0
8ju8d4,2018-05-16 11:42:39,42,r/coaxedintoasnafu,2,2018-05-16 14:28:04,5,3,217,0
8ju8d4,2018-05-16 11:42:39,42,r/coaxedintoasnafu,2,2018-05-16 15:14:40,6,1,29,0
8ju8d4,2018-05-16 11:42:39,42,r/coaxedintoasnafu,2,2018-05-16 16:11:01,7,0,0,0
8ju8d4,2018-05-16 11:42:39,42,r/coaxedintoasnafu,2,2018-05-16 16:10:29,6,1,22,0
8ju8d4,2018-05-16 11:42:39,42,r/coaxedintoasnafu,2,2018-05-16 16:46:03,7,1,17,0
8ju8d4,2018-05-16 11:42:39,42,r/coaxedintoasnafu,2,2018-05-16 18:26:20,8,0,1,0
8ju8d4,2018-05-16 11:42:39,42,r/coaxedintoasnafu,2,2018-05-16 15:15:35,6,0,2,0
8ju8d4,2018-05-16 11:42:39,42,r/coaxedintoasnafu,2,2018-05-16 15:37:26,5,1,5,0
8ju8d4,2018-05-16 11:42:39,42,r/coaxedintoasnafu,2,2018-05-16 16:29:37,6,0,5,0
8ju8d4,2018-05-16 11:42:39,42,r/coaxedintoasnafu,2,2018-05-16 14:13:20,4,8,135,0
8ju8d4,2018-05-16 11:42:39,42,r/coaxedintoasnafu,2,2018-05-16 15:33:59,5,1,51,0
8ju8d4,2018-05-16 11:42:39,42,r/coaxedintoasnafu,2,2018-05-16 16:33:43,6,2,18,0
8ju8d4,2018-05-16 11:42:39,42,r/coaxedintoasnafu,2,2018-05-16 16:42:36,7,0,5,0
8ju8d4,2018-05-16 11:42:39,42,r/coaxedintoasnafu,2,2018-05-16 16:50:12,7,1,-10,0
8ju8d4,2018-05-16 11:42:39,42,r/coaxedintoasnafu,2,2018-05-16 17:05:09,8,1,14,0
8ju8d4,2018-05-16 11:42:39,42,r/coaxedintoasnafu,2,2018-05-16 17:17:15,9,1,-6,0
8ju8d4,2018-05-16 11:42:39,42,r/coaxedintoasnafu,2,2018-05-16 15:06:51,5,1,77,0
8ju8d4,2018-05-16 11:42:39,42,r/coaxedintoasnafu,2,2018-05-16 15:07:33,6,2,75,0
8ju8d4,2018-05-16 11:42:39,42,r/coaxedintoasnafu,2,2018-05-16 15:08:20,7,3,70,0
8ju8d4,2018-05-16 11:42:39,42,r/coaxedintoasnafu,2,2018-05-16 17:37:14,8,0,6,0
8ju8d4,2018-05-16 11:42:39,42,r/coaxedintoasnafu,2,2018-05-16 17:41:45,8,0,-1,0
8ju8d4,2018-05-16 11:42:39,42,r/coaxedintoasnafu,2,2018-05-16 15:13:17,8,4,-53,0
8ju8d4,2018-05-16 11:42:39,42,r/coaxedintoasnafu,2,2018-05-16 15:14:30,9,1,42,0
8ju8d4,2018-05-16 11:42:39,42,r/coaxedintoasnafu,2,2018-05-16 16:09:51,9,0,4,0
8ju8d4,2018-05-16 11:42:39,42,r/coaxedintoasnafu,2,2018-05-16 16:52:14,9,1,2,0
8ju8d4,2018-05-16 11:42:39,42,r/coaxedintoasnafu,2,2018-05-16 16:43:13,9,0,1,0
8ju8d4,2018-05-16 11:42:39,42,r/coaxedintoasnafu,2,2018-05-16 15:54:16,7,0,0,0
8ju8d4,2018-05-16 11:42:39,42,r/coaxedintoasnafu,2,2018-05-16 16:01:12,5,1,18,0
8ju8d4,2018-05-16 11:42:39,42,r/coaxedintoasnafu,2,2018-05-16 16:43:16,6,1,-3,0
8ju8d4,2018-05-16 11:42:39,42,r/coaxedintoasnafu,2,2018-05-16 16:50:16,7,1,2,0
8ju8d4,2018-05-16 11:42:39,42,r/coaxedintoasnafu,2,2018-05-16 17:07:38,8,3,-1,0
8ju8d4,2018-05-16 11:42:39,42,r/coaxedintoasnafu,2,2018-05-16 17:18:12,9,1,3,0
8ju8d4,2018-05-16 11:42:39,42,r/coaxedintoasnafu,2,2018-05-16 17:35:53,9,1,1,0
8ju8d4,2018-05-16 11:42:39,42,r/coaxedintoasnafu,2,2018-05-16 17:49:24,9,0,2,0
8ju8d4,2018-05-16 11:42:39,42,r/coaxedintoasnafu,2,2018-05-16 17:14:19,5,3,16,0
8ju8d4,2018-05-16 11:42:39,42,r/coaxedintoasnafu,2,2018-05-16 17:25:16,6,0,5,0
8ju8d4,2018-05-16 11:42:39,42,r/coaxedintoasnafu,2,2018-05-16 17:36:24,6,0,3,0
8ju8d4,2018-05-16 11:42:39,42,r/coaxedintoasnafu,2,2018-05-16 18:05:17,6,0,0,0
8ju8d4,2018-05-16 11:42:39,42,r/coaxedintoasnafu,2,2018-05-16 14:55:57,5,0,7,0
8ju8d4,2018-05-16 11:42:39,42,r/coaxedintoasnafu,2,2018-05-16 15:48:59,5,0,1,0
8ju8d4,2018-05-16 11:42:39,42,r/coaxedintoasnafu,2,2018-05-16 14:39:59,5,2,-11,0
8ju8d4,2018-05-16 11:42:39,42,r/coaxedintoasnafu,2,2018-05-16 14:54:56,6,4,12,0
8ju8d4,2018-05-16 11:42:39,42,r/coaxedintoasnafu,2,2018-05-16 15:25:41,7,0,16,0
8ju8d4,2018-05-16 11:42:39,42,r/coaxedintoasnafu,2,2018-05-16 15:13:16,7,0,11,0
8ju8d4,2018-05-16 11:42:39,42,r/coaxedintoasnafu,2,2018-05-16 15:10:52,7,0,-1,0
8ju8d4,2018-05-16 11:42:39,42,r/coaxedintoasnafu,2,2018-05-16 15:13:09,7,6,-10,0
8ju8d4,2018-05-16 11:42:39,42,r/coaxedintoasnafu,2,2018-05-16 15:22:05,8,0,8,0
8ju8d4,2018-05-16 11:42:39,42,r/coaxedintoasnafu,2,2018-05-16 15:15:20,8,0,10,0
8ju8d4,2018-05-16 11:42:39,42,r/coaxedintoasnafu,2,2018-05-16 17:57:54,8,1,2,0
8ju8d4,2018-05-16 11:42:39,42,r/coaxedintoasnafu,2,2018-05-16 18:02:59,9,1,-1,0
8ju8d4,2018-05-16 11:42:39,42,r/coaxedintoasnafu,2,2018-05-16 16:02:59,8,0,3,0
8ju8d4,2018-05-16 11:42:39,42,r/coaxedintoasnafu,2,2018-05-16 16:46:53,8,0,2,0
8ju8d4,2018-05-16 11:42:39,42,r/coaxedintoasnafu,2,2018-05-16 15:35:11,8,0,2,0
8ju8d4,2018-05-16 11:42:39,42,r/coaxedintoasnafu,2,2018-05-16 15:07:37,6,1,1,0
8ju8d4,2018-05-16 11:42:39,42,r/coaxedintoasnafu,2,2018-05-16 15:36:33,7,0,1,0
8ju8d4,2018-05-16 11:42:39,42,r/coaxedintoasnafu,2,2018-05-16 14:24:10,5,1,-25,0
8ju8d4,2018-05-16 11:42:39,42,r/coaxedintoasnafu,2,2018-05-16 14:28:49,6,2,33,0
8ju8d4,2018-05-16 11:42:39,42,r/coaxedintoasnafu,2,2018-05-16 15:14:31,7,0,7,0
8ju8d4,2018-05-16 11:42:39,42,r/coaxedintoasnafu,2,2018-05-16 15:01:24,7,1,4,0
8ju8d4,2018-05-16 11:42:39,42,r/coaxedintoasnafu,2,2018-05-16 15:33:15,8,0,0,0
8ju8d4,2018-05-16 11:42:39,42,r/coaxedintoasnafu,2,2018-05-16 17:46:45,4,0,1,0
8ju8d4,2018-05-16 11:42:39,42,r/coaxedintoasnafu,2,2018-05-16 18:18:47,4,0,1,0
8ju8d4,2018-05-16 11:42:39,42,r/coaxedintoasnafu,2,2018-05-16 14:12:46,4,1,-19,0
8ju8d4,2018-05-16 11:42:39,42,r/coaxedintoasnafu,2,2018-05-16 14:19:44,5,1,25,0
8ju8d4,2018-05-16 11:42:39,42,r/coaxedintoasnafu,2,2018-05-16 15:55:23,6,1,2,0
8ju8d4,2018-05-16 11:42:39,42,r/coaxedintoasnafu,2,2018-05-16 16:49:36,7,0,1,0
8ju8d4,2018-05-16 11:42:39,42,r/coaxedintoasnafu,2,2018-05-16 14:28:26,3,2,17,0
8ju8d4,2018-05-16 11:42:39,42,r/coaxedintoasnafu,2,2018-05-16 14:55:59,4,2,25,0
8ju8d4,2018-05-16 11:42:39,42,r/coaxedintoasnafu,2,2018-05-16 15:17:42,5,1,34,0
8ju8d4,2018-05-16 11:42:39,42,r/coaxedintoasnafu,2,2018-05-16 15:55:50,6,1,8,0
8ju8d4,2018-05-16 11:42:39,42,r/coaxedintoasnafu,2,2018-05-16 16:48:38,7,0,2,0
8ju8d4,2018-05-16 11:42:39,42,r/coaxedintoasnafu,2,2018-05-16 14:58:32,5,2,11,0
8ju8d4,2018-05-16 11:42:39,42,r/coaxedintoasnafu,2,2018-05-16 16:07:35,6,1,1,0
8ju8d4,2018-05-16 11:42:39,42,r/coaxedintoasnafu,2,2018-05-16 16:37:23,7,1,5,0
8ju8d4,2018-05-16 11:42:39,42,r/coaxedintoasnafu,2,2018-05-16 16:39:06,8,2,1,0
8ju8d4,2018-05-16 11:42:39,42,r/coaxedintoasnafu,2,2018-05-16 16:50:55,9,1,4,0
8ju8d4,2018-05-16 11:42:39,42,r/coaxedintoasnafu,2,2018-05-16 16:53:02,9,0,5,0
8ju8d4,2018-05-16 11:42:39,42,r/coaxedintoasnafu,2,2018-05-16 16:46:10,6,2,-1,0
8ju8d4,2018-05-16 11:42:39,42,r/coaxedintoasnafu,2,2018-05-16 17:37:42,7,0,1,0
8ju8d4,2018-05-16 11:42:39,42,r/coaxedintoasnafu,2,2018-05-16 17:54:20,7,1,1,0
8ju8d4,2018-05-16 11:42:39,42,r/coaxedintoasnafu,2,2018-05-16 18:02:04,8,0,0,0
8ju8d4,2018-05-16 11:42:39,42,r/coaxedintoasnafu,2,2018-05-16 14:50:39,4,2,9,0
8ju8d4,2018-05-16 11:42:39,42,r/coaxedintoasnafu,2,2018-05-16 14:59:13,5,0,3,0
8ju8d4,2018-05-16 11:42:39,42,r/coaxedintoasnafu,2,2018-05-16 16:49:24,5,2,0,0
8ju8d4,2018-05-16 11:42:39,42,r/coaxedintoasnafu,2,2018-05-16 16:55:12,6,1,3,0
8ju8d4,2018-05-16 11:42:39,42,r/coaxedintoasnafu,2,2018-05-16 17:00:45,7,0,0,0
8ju8d4,2018-05-16 11:42:39,42,r/coaxedintoasnafu,2,2018-05-16 18:13:47,6,0,1,0
8ju8d4,2018-05-16 11:42:39,42,r/coaxedintoasnafu,2,2018-05-16 16:55:52,2,0,10,0
8ju8d4,2018-05-16 11:42:39,42,r/coaxedintoasnafu,2,2018-05-16 16:19:12,2,0,12,0
8ju8d4,2018-05-16 11:42:39,42,r/coaxedintoasnafu,2,2018-05-16 15:20:24,2,0,6,0
8ju8d4,2018-05-16 11:42:39,42,r/coaxedintoasnafu,2,2018-05-16 16:03:32,2,0,3,0
8ju8d4,2018-05-16 11:42:39,42,r/coaxedintoasnafu,2,2018-05-16 16:01:12,2,0,2,0
8ju8d4,2018-05-16 11:42:39,42,r/coaxedintoasnafu,2,2018-05-16 17:33:36,2,0,1,0
8ju8d4,2018-05-16 11:42:39,42,r/coaxedintoasnafu,2,2018-05-16 16:57:27,2,0,1,0
8ju8d4,2018-05-16 11:42:39,42,r/coaxedintoasnafu,2,2018-05-16 14:30:37,2,0,-9,0
8ju8d4,2018-05-16 11:42:39,42,r/coaxedintoasnafu,2,2018-05-16 17:06:54,1,1,8,0
8ju8d4,2018-05-16 11:42:39,42,r/coaxedintoasnafu,2,2018-05-16 18:03:21,2,0,1,0
8ju8d4,2018-05-16 11:42:39,42,r/coaxedintoasnafu,2,2018-05-16 15:12:23,1,2,8,0
8ju8d4,2018-05-16 11:42:39,42,r/coaxedintoasnafu,2,2018-05-16 16:50:52,2,2,20,0
8ju8d4,2018-05-16 11:42:39,42,r/coaxedintoasnafu,2,2018-05-16 16:55:56,3,1,-6,0
8ju8d4,2018-05-16 11:42:39,42,r/coaxedintoasnafu,2,2018-05-16 16:59:45,4,1,9,0
8ju8d4,2018-05-16 11:42:39,42,r/coaxedintoasnafu,2,2018-05-16 17:03:26,5,2,-5,0
8ju8d4,2018-05-16 11:42:39,42,r/coaxedintoasnafu,2,2018-05-16 17:11:34,6,2,12,0
8ju8d4,2018-05-16 11:42:39,42,r/coaxedintoasnafu,2,2018-05-16 17:23:54,7,2,-6,0
8ju8d4,2018-05-16 11:42:39,42,r/coaxedintoasnafu,2,2018-05-16 17:27:44,8,2,10,0
8ju8d4,2018-05-16 11:42:39,42,r/coaxedintoasnafu,2,2018-05-16 17:37:19,9,1,-2,0
8ju8d4,2018-05-16 11:42:39,42,r/coaxedintoasnafu,2,2018-05-16 17:40:03,9,0,0,0
8ju8d4,2018-05-16 11:42:39,42,r/coaxedintoasnafu,2,2018-05-16 17:54:00,8,1,1,0
8ju8d4,2018-05-16 11:42:39,42,r/coaxedintoasnafu,2,2018-05-16 17:59:29,9,1,1,0
8ju8d4,2018-05-16 11:42:39,42,r/coaxedintoasnafu,2,2018-05-16 17:36:41,7,0,-2,0
8ju8d4,2018-05-16 11:42:39,42,r/coaxedintoasnafu,2,2018-05-16 17:08:35,6,2,4,0
8ju8d4,2018-05-16 11:42:39,42,r/coaxedintoasnafu,2,2018-05-16 17:28:47,7,2,-3,0
8ju8d4,2018-05-16 11:42:39,42,r/coaxedintoasnafu,2,2018-05-16 17:42:10,8,1,3,0
8ju8d4,2018-05-16 11:42:39,42,r/coaxedintoasnafu,2,2018-05-16 17:52:45,9,0,0,0
8ju8d4,2018-05-16 11:42:39,42,r/coaxedintoasnafu,2,2018-05-16 17:56:21,8,1,1,0
8ju8d4,2018-05-16 11:42:39,42,r/coaxedintoasnafu,2,2018-05-16 18:06:06,9,1,1,0
8ju8d4,2018-05-16 11:42:39,42,r/coaxedintoasnafu,2,2018-05-16 17:13:34,7,2,-2,0
8ju8d4,2018-05-16 11:42:39,42,r/coaxedintoasnafu,2,2018-05-16 17:18:56,8,0,5,0
8ju8d4,2018-05-16 11:42:39,42,r/coaxedintoasnafu,2,2018-05-16 17:57:18,8,0,1,0
8ju8d4,2018-05-16 11:42:39,42,r/coaxedintoasnafu,2,2018-05-16 18:22:24,3,0,0,0
8ju8d4,2018-05-16 11:42:39,42,r/coaxedintoasnafu,2,2018-05-16 17:25:48,2,1,-1,0
8ju8d4,2018-05-16 11:42:39,42,r/coaxedintoasnafu,2,2018-05-16 17:32:50,3,0,3,0
8ju8d4,2018-05-16 11:42:39,42,r/coaxedintoasnafu,2,2018-05-16 18:02:43,1,0,1,0
8ju8d4,2018-05-16 11:42:39,42,r/coaxedintoasnafu,2,2018-05-16 15:13:57,1,1,0,0
8ju8d4,2018-05-16 11:42:39,42,r/coaxedintoasnafu,2,2018-05-16 16:49:30,2,0,2,0
8ju8d4,2018-05-16 11:42:39,42,r/coaxedintoasnafu,2,2018-05-16 14:33:59,1,4,-29,0
8ju8d4,2018-05-16 11:42:39,42,r/coaxedintoasnafu,2,2018-05-16 14:51:21,2,3,28,0
8ju8d4,2018-05-16 11:42:39,42,r/coaxedintoasnafu,2,2018-05-16 15:59:36,3,1,5,0
8ju8d4,2018-05-16 11:42:39,42,r/coaxedintoasnafu,2,2018-05-16 16:22:32,4,0,3,0
8ju8d4,2018-05-16 11:42:39,42,r/coaxedintoasnafu,2,2018-05-16 15:18:15,3,0,2,0
8ju8d4,2018-05-16 11:42:39,42,r/coaxedintoasnafu,2,2018-05-16 15:06:25,3,1,1,0
8ju8d4,2018-05-16 11:42:39,42,r/coaxedintoasnafu,2,2018-05-16 16:31:44,4,0,2,0
8ju8d4,2018-05-16 11:42:39,42,r/coaxedintoasnafu,2,2018-05-16 14:56:28,2,2,9,0
8ju8d4,2018-05-16 11:42:39,42,r/coaxedintoasnafu,2,2018-05-16 15:28:40,3,1,3,0
8ju8d4,2018-05-16 11:42:39,42,r/coaxedintoasnafu,2,2018-05-16 15:43:03,4,2,1,0
8ju8d4,2018-05-16 11:42:39,42,r/coaxedintoasnafu,2,2018-05-16 15:57:37,5,0,3,0
8ju8d4,2018-05-16 11:42:39,42,r/coaxedintoasnafu,2,2018-05-16 16:33:53,5,1,2,0
8ju8d4,2018-05-16 11:42:39,42,r/coaxedintoasnafu,2,2018-05-16 16:48:24,6,0,2,0
8ju8d4,2018-05-16 11:42:39,42,r/coaxedintoasnafu,2,2018-05-16 15:53:16,3,1,1,0
8ju8d4,2018-05-16 11:42:39,42,r/coaxedintoasnafu,2,2018-05-16 16:54:11,4,1,-2,0
8ju8d4,2018-05-16 11:42:39,42,r/coaxedintoasnafu,2,2018-05-16 17:06:25,5,0,4,0
8ju8d4,2018-05-16 11:42:39,42,r/coaxedintoasnafu,2,2018-05-16 15:38:03,2,0,3,0
8ju8d4,2018-05-16 11:42:39,42,r/coaxedintoasnafu,2,2018-05-16 14:40:41,2,0,0,0
8ju8d4,2018-05-16 11:42:39,42,r/coaxedintoasnafu,2,2018-05-16 16:49:14,1,0,0,0
8ju8d4,2018-05-16 11:42:39,42,r/coaxedintoasnafu,2,2018-05-16 14:11:55,1,1,-26,0
8ju8d4,2018-05-16 11:42:39,42,r/coaxedintoasnafu,2,2018-05-16 14:17:08,2,1,46,0
8ju8d4,2018-05-16 11:42:39,42,r/coaxedintoasnafu,2,2018-05-16 14:25:56,3,4,-28,0
8ju8d4,2018-05-16 11:42:39,42,r/coaxedintoasnafu,2,2018-05-16 14:28:25,4,0,49,0
8ju8d4,2018-05-16 11:42:39,42,r/coaxedintoasnafu,2,2018-05-16 14:28:26,4,0,20,0
8ju8d4,2018-05-16 11:42:39,42,r/coaxedintoasnafu,2,2018-05-16 15:20:59,4,0,5,0
8ju8d4,2018-05-16 11:42:39,42,r/coaxedintoasnafu,2,2018-05-16 18:01:01,4,0,1,0
8ju8d4,2018-05-16 11:42:39,42,r/coaxedintoasnafu,3,2018-05-16 12:26:16,0,5,282,0
8ju8d4,2018-05-16 11:42:39,42,r/coaxedintoasnafu,3,2018-05-16 12:37:29,1,1,67,0
8ju8d4,2018-05-16 11:42:39,42,r/coaxedintoasnafu,3,2018-05-16 12:41:39,2,1,-48,0
8ju8d4,2018-05-16 11:42:39,42,r/coaxedintoasnafu,3,2018-05-16 12:49:57,3,1,40,0
8ju8d4,2018-05-16 11:42:39,42,r/coaxedintoasnafu,3,2018-05-16 12:56:42,4,2,19,0
8ju8d4,2018-05-16 11:42:39,42,r/coaxedintoasnafu,3,2018-05-16 13:03:11,5,1,25,0
8ju8d4,2018-05-16 11:42:39,42,r/coaxedintoasnafu,3,2018-05-16 13:12:05,6,1,1,0
8ju8d4,2018-05-16 11:42:39,42,r/coaxedintoasnafu,3,2018-05-16 13:12:16,7,1,9,0
8ju8d4,2018-05-16 11:42:39,42,r/coaxedintoasnafu,3,2018-05-16 13:23:16,8,1,8,0
8ju8d4,2018-05-16 11:42:39,42,r/coaxedintoasnafu,3,2018-05-16 13:48:46,9,1,4,0
8ju8d4,2018-05-16 11:42:39,42,r/coaxedintoasnafu,3,2018-05-16 15:49:45,5,0,2,0
8ju8d4,2018-05-16 11:42:39,42,r/coaxedintoasnafu,3,2018-05-16 12:59:49,1,3,169,0
8ju8d4,2018-05-16 11:42:39,42,r/coaxedintoasnafu,3,2018-05-16 13:37:43,2,0,41,0
8ju8d4,2018-05-16 11:42:39,42,r/coaxedintoasnafu,3,2018-05-16 14:03:07,2,1,20,0
8ju8d4,2018-05-16 11:42:39,42,r/coaxedintoasnafu,3,2018-05-16 14:03:11,3,0,11,0
8ju8d4,2018-05-16 11:42:39,42,r/coaxedintoasnafu,3,2018-05-16 14:42:50,2,0,3,0
8ju8d4,2018-05-16 11:42:39,42,r/coaxedintoasnafu,3,2018-05-16 13:27:15,1,1,6,0
8ju8d4,2018-05-16 11:42:39,42,r/coaxedintoasnafu,3,2018-05-16 17:52:32,2,0,1,0
8ju8d4,2018-05-16 11:42:39,42,r/coaxedintoasnafu,3,2018-05-16 18:00:30,1,0,1,0
8ju8d4,2018-05-16 11:42:39,42,r/coaxedintoasnafu,3,2018-05-16 18:23:04,1,0,1,0
8ju8d4,2018-05-16 11:42:39,42,r/coaxedintoasnafu,4,2018-05-16 13:42:47,0,3,103,0
8ju8d4,2018-05-16 11:42:39,42,r/coaxedintoasnafu,4,2018-05-16 15:53:46,1,0,12,0
8ju8d4,2018-05-16 11:42:39,42,r/coaxedintoasnafu,4,2018-05-16 14:23:20,1,0,30,0
8ju8d4,2018-05-16 11:42:39,42,r/coaxedintoasnafu,4,2018-05-16 16:14:40,1,1,28,0
8ju8d4,2018-05-16 11:42:39,42,r/coaxedintoasnafu,4,2018-05-16 16:23:45,2,2,2,0
8ju8d4,2018-05-16 11:42:39,42,r/coaxedintoasnafu,4,2018-05-16 16:26:14,3,4,21,0
8ju8d4,2018-05-16 11:42:39,42,r/coaxedintoasnafu,4,2018-05-16 16:36:28,4,1,9,0
8ju8d4,2018-05-16 11:42:39,42,r/coaxedintoasnafu,4,2018-05-16 16:45:20,5,1,-4,0
8ju8d4,2018-05-16 11:42:39,42,r/coaxedintoasnafu,4,2018-05-16 18:10:42,6,0,1,0
8ju8d4,2018-05-16 11:42:39,42,r/coaxedintoasnafu,4,2018-05-16 16:35:46,4,1,7,0
8ju8d4,2018-05-16 11:42:39,42,r/coaxedintoasnafu,4,2018-05-16 16:42:18,5,0,-3,0
8ju8d4,2018-05-16 11:42:39,42,r/coaxedintoasnafu,4,2018-05-16 16:42:59,4,2,10,0
8ju8d4,2018-05-16 11:42:39,42,r/coaxedintoasnafu,4,2018-05-16 18:03:33,5,0,2,0
8ju8d4,2018-05-16 11:42:39,42,r/coaxedintoasnafu,4,2018-05-16 16:53:30,5,0,-2,0
8ju8d4,2018-05-16 11:42:39,42,r/coaxedintoasnafu,4,2018-05-16 17:44:53,4,0,1,0
8ju8d4,2018-05-16 11:42:39,42,r/coaxedintoasnafu,4,2018-05-16 18:04:10,3,0,1,0
8ju8d4,2018-05-16 11:42:39,42,r/coaxedintoasnafu,5,2018-05-16 13:38:26,0,0,74,0
8ju8d4,2018-05-16 11:42:39,42,r/coaxedintoasnafu,6,2018-05-16 12:43:45,0,1,29,0
8ju8d4,2018-05-16 11:42:39,42,r/coaxedintoasnafu,6,2018-05-16 12:50:44,1,1,52,0
8ju8d4,2018-05-16 11:42:39,42,r/coaxedintoasnafu,6,2018-05-16 13:04:39,2,1,40,0
8ju8d4,2018-05-16 11:42:39,42,r/coaxedintoasnafu,6,2018-05-16 16:59:42,3,0,2,0
8ju8d4,2018-05-16 11:42:39,42,r/coaxedintoasnafu,7,2018-05-16 13:16:56,0,2,29,0
8ju8d4,2018-05-16 11:42:39,42,r/coaxedintoasnafu,7,2018-05-16 14:04:06,1,0,6,0
8ju8d4,2018-05-16 11:42:39,42,r/coaxedintoasnafu,7,2018-05-16 15:50:01,1,0,2,0
8ju8d4,2018-05-16 11:42:39,42,r/coaxedintoasnafu,8,2018-05-16 14:13:07,0,6,110,0
8ju8d4,2018-05-16 11:42:39,42,r/coaxedintoasnafu,8,2018-05-16 14:53:21,1,2,72,0
8ju8d4,2018-05-16 11:42:39,42,r/coaxedintoasnafu,8,2018-05-16 15:58:18,2,1,24,0
8ju8d4,2018-05-16 11:42:39,42,r/coaxedintoasnafu,8,2018-05-16 17:46:30,3,0,2,0
8ju8d4,2018-05-16 11:42:39,42,r/coaxedintoasnafu,8,2018-05-16 14:56:38,2,2,-20,0
8ju8d4,2018-05-16 11:42:39,42,r/coaxedintoasnafu,8,2018-05-16 15:30:50,3,2,17,0
8ju8d4,2018-05-16 11:42:39,42,r/coaxedintoasnafu,8,2018-05-16 15:33:17,4,1,-11,0
8ju8d4,2018-05-16 11:42:39,42,r/coaxedintoasnafu,8,2018-05-16 15:40:13,5,1,-2,0
8ju8d4,2018-05-16 11:42:39,42,r/coaxedintoasnafu,8,2018-05-16 15:41:28,6,2,4,0
8ju8d4,2018-05-16 11:42:39,42,r/coaxedintoasnafu,8,2018-05-16 16:55:29,7,0,3,0
8ju8d4,2018-05-16 11:42:39,42,r/coaxedintoasnafu,8,2018-05-16 18:16:36,7,1,-3,0
8ju8d4,2018-05-16 11:42:39,42,r/coaxedintoasnafu,8,2018-05-16 18:22:10,8,1,3,0
8ju8d4,2018-05-16 11:42:39,42,r/coaxedintoasnafu,8,2018-05-16 18:26:19,9,1,1,0
8ju8d4,2018-05-16 11:42:39,42,r/coaxedintoasnafu,8,2018-05-16 17:47:00,4,0,0,0
8ju8d4,2018-05-16 11:42:39,42,r/coaxedintoasnafu,8,2018-05-16 18:13:34,3,1,-3,0
8ju8d4,2018-05-16 11:42:39,42,r/coaxedintoasnafu,8,2018-05-16 18:22:56,4,0,4,0
8ju8d4,2018-05-16 11:42:39,42,r/coaxedintoasnafu,8,2018-05-16 16:30:47,1,1,3,0
8ju8d4,2018-05-16 11:42:39,42,r/coaxedintoasnafu,8,2018-05-16 16:30:52,2,0,0,0
8ju8d4,2018-05-16 11:42:39,42,r/coaxedintoasnafu,8,2018-05-16 18:06:40,1,1,3,0
8ju8d4,2018-05-16 11:42:39,42,r/coaxedintoasnafu,8,2018-05-16 18:12:37,2,0,1,0
8ju8d4,2018-05-16 11:42:39,42,r/coaxedintoasnafu,8,2018-05-16 17:45:01,1,0,2,0
8ju8d4,2018-05-16 11:42:39,42,r/coaxedintoasnafu,8,2018-05-16 18:18:23,1,0,2,0
8ju8d4,2018-05-16 11:42:39,42,r/coaxedintoasnafu,8,2018-05-16 15:39:17,1,0,0,0
8ju8d4,2018-05-16 11:42:39,42,r/coaxedintoasnafu,9,2018-05-16 15:36:49,0,2,52,0
8ju8d4,2018-05-16 11:42:39,42,r/coaxedintoasnafu,9,2018-05-16 15:59:47,1,2,45,0
8ju8d4,2018-05-16 11:42:39,42,r/coaxedintoasnafu,9,2018-05-16 17:44:19,2,0,6,0
8ju8d4,2018-05-16 11:42:39,42,r/coaxedintoasnafu,9,2018-05-16 18:22:16,2,0,1,0
8ju8d4,2018-05-16 11:42:39,42,r/coaxedintoasnafu,9,2018-05-16 17:37:11,1,0,7,0
8ju8d4,2018-05-16 11:42:39,42,r/coaxedintoasnafu,10,2018-05-16 13:45:29,0,0,12,0
8ju8d4,2018-05-16 11:42:39,42,r/coaxedintoasnafu,11,2018-05-16 17:24:49,0,1,6,0
8ju8d4,2018-05-16 11:42:39,42,r/coaxedintoasnafu,11,2018-05-16 18:29:07,1,0,1,0
8ju8d4,2018-05-16 11:42:39,42,r/coaxedintoasnafu,12,2018-05-16 14:49:12,0,5,66,0
8ju8d4,2018-05-16 11:42:39,42,r/coaxedintoasnafu,12,2018-05-16 14:57:41,1,3,47,0
8ju8d4,2018-05-16 11:42:39,42,r/coaxedintoasnafu,12,2018-05-16 15:00:31,2,1,33,0
8ju8d4,2018-05-16 11:42:39,42,r/coaxedintoasnafu,12,2018-05-16 15:16:57,3,2,25,0
8ju8d4,2018-05-16 11:42:39,42,r/coaxedintoasnafu,12,2018-05-16 15:58:23,4,2,11,0
8ju8d4,2018-05-16 11:42:39,42,r/coaxedintoasnafu,12,2018-05-16 16:12:53,5,1,5,0
8ju8d4,2018-05-16 11:42:39,42,r/coaxedintoasnafu,12,2018-05-16 16:48:44,6,2,7,0
8ju8d4,2018-05-16 11:42:39,42,r/coaxedintoasnafu,12,2018-05-16 17:15:16,7,1,7,0
8ju8d4,2018-05-16 11:42:39,42,r/coaxedintoasnafu,12,2018-05-16 18:06:02,8,0,1,0
8ju8d4,2018-05-16 11:42:39,42,r/coaxedintoasnafu,12,2018-05-16 18:05:44,7,0,1,0
8ju8d4,2018-05-16 11:42:39,42,r/coaxedintoasnafu,12,2018-05-16 17:50:20,5,0,1,0
8ju8d4,2018-05-16 11:42:39,42,r/coaxedintoasnafu,12,2018-05-16 15:21:16,4,0,-6,0
8ju8d4,2018-05-16 11:42:39,42,r/coaxedintoasnafu,12,2018-05-16 15:47:02,2,0,7,0
8ju8d4,2018-05-16 11:42:39,42,r/coaxedintoasnafu,12,2018-05-16 17:37:14,2,0,1,0
8ju8d4,2018-05-16 11:42:39,42,r/coaxedintoasnafu,12,2018-05-16 15:33:18,1,3,35,0
8ju8d4,2018-05-16 11:42:39,42,r/coaxedintoasnafu,12,2018-05-16 17:15:30,2,1,9,0
8ju8d4,2018-05-16 11:42:39,42,r/coaxedintoasnafu,12,2018-05-16 17:17:55,3,1,3,0
8ju8d4,2018-05-16 11:42:39,42,r/coaxedintoasnafu,12,2018-05-16 17:18:47,4,1,4,0
8ju8d4,2018-05-16 11:42:39,42,r/coaxedintoasnafu,12,2018-05-16 18:24:29,5,0,1,0
8ju8d4,2018-05-16 11:42:39,42,r/coaxedintoasnafu,12,2018-05-16 15:38:18,2,1,4,0
8ju8d4,2018-05-16 11:42:39,42,r/coaxedintoasnafu,12,2018-05-16 15:42:50,3,2,19,0
8ju8d4,2018-05-16 11:42:39,42,r/coaxedintoasnafu,12,2018-05-16 15:56:45,4,0,13,0
8ju8d4,2018-05-16 11:42:39,42,r/coaxedintoasnafu,12,2018-05-16 15:55:12,4,0,1,0
8ju8d4,2018-05-16 11:42:39,42,r/coaxedintoasnafu,12,2018-05-16 18:21:50,2,0,2,0
8ju8d4,2018-05-16 11:42:39,42,r/coaxedintoasnafu,12,2018-05-16 17:06:44,1,2,0,0
8ju8d4,2018-05-16 11:42:39,42,r/coaxedintoasnafu,12,2018-05-16 17:11:09,2,1,1,0
8ju8d4,2018-05-16 11:42:39,42,r/coaxedintoasnafu,12,2018-05-16 17:14:22,3,1,-1,0
8ju8d4,2018-05-16 11:42:39,42,r/coaxedintoasnafu,12,2018-05-16 17:28:10,4,0,1,0
8ju8d4,2018-05-16 11:42:39,42,r/coaxedintoasnafu,12,2018-05-16 17:26:08,2,0,1,0
8ju8d4,2018-05-16 11:42:39,42,r/coaxedintoasnafu,12,2018-05-16 18:28:01,1,1,1,0
8ju8d4,2018-05-16 11:42:39,42,r/coaxedintoasnafu,12,2018-05-16 18:29:00,2,0,1,0
8ju8d4,2018-05-16 11:42:39,42,r/coaxedintoasnafu,12,2018-05-16 18:02:54,1,2,-1,0
8ju8d4,2018-05-16 11:42:39,42,r/coaxedintoasnafu,12,2018-05-16 18:12:07,2,1,1,0
8ju8d4,2018-05-16 11:42:39,42,r/coaxedintoasnafu,12,2018-05-16 18:22:00,3,1,0,0
8ju8d4,2018-05-16 11:42:39,42,r/coaxedintoasnafu,12,2018-05-16 18:25:44,4,0,1,0
8ju8d4,2018-05-16 11:42:39,42,r/coaxedintoasnafu,12,2018-05-16 18:17:42,2,0,1,0
8ju8d4,2018-05-16 11:42:39,42,r/coaxedintoasnafu,13,2018-05-16 15:28:54,0,4,12,0
8ju8d4,2018-05-16 11:42:39,42,r/coaxedintoasnafu,13,2018-05-16 16:04:34,1,1,14,0
8ju8d4,2018-05-16 11:42:39,42,r/coaxedintoasnafu,13,2018-05-16 16:12:59,2,0,5,0
8ju8d4,2018-05-16 11:42:39,42,r/coaxedintoasnafu,13,2018-05-16 16:46:33,1,0,4,0
8ju8d4,2018-05-16 11:42:39,42,r/coaxedintoasnafu,13,2018-05-16 17:00:17,1,0,2,0
8ju8d4,2018-05-16 11:42:39,42,r/coaxedintoasnafu,13,2018-05-16 16:52:07,1,0,2,0
8ju8d4,2018-05-16 11:42:39,42,r/coaxedintoasnafu,14,2018-05-16 13:05:08,0,0,8,0
8ju8d4,2018-05-16 11:42:39,42,r/coaxedintoasnafu,15,2018-05-16 15:14:11,0,0,4,0
8ju8d4,2018-05-16 11:42:39,42,r/coaxedintoasnafu,16,2018-05-16 16:17:55,0,1,5,0
8ju8d4,2018-05-16 11:42:39,42,r/coaxedintoasnafu,16,2018-05-16 16:44:40,1,0,-1,0
8ju8d4,2018-05-16 11:42:39,42,r/coaxedintoasnafu,17,2018-05-16 16:41:33,0,0,4,0
8ju8d4,2018-05-16 11:42:39,42,r/coaxedintoasnafu,18,2018-05-16 13:10:47,0,1,23,0
8ju8d4,2018-05-16 11:42:39,42,r/coaxedintoasnafu,18,2018-05-16 14:19:17,1,2,43,0
8ju8d4,2018-05-16 11:42:39,42,r/coaxedintoasnafu,18,2018-05-16 14:37:12,2,0,20,0
8ju8d4,2018-05-16 11:42:39,42,r/coaxedintoasnafu,18,2018-05-16 14:58:46,2,2,6,0
8ju8d4,2018-05-16 11:42:39,42,r/coaxedintoasnafu,18,2018-05-16 18:00:08,3,1,1,0
8ju8d4,2018-05-16 11:42:39,42,r/coaxedintoasnafu,18,2018-05-16 18:25:46,4,0,1,0
8ju8d4,2018-05-16 11:42:39,42,r/coaxedintoasnafu,18,2018-05-16 16:37:18,3,0,1,0
8ju8d4,2018-05-16 11:42:39,42,r/coaxedintoasnafu,19,2018-05-16 17:23:28,0,1,2,0
8ju8d4,2018-05-16 11:42:39,42,r/coaxedintoasnafu,19,2018-05-16 17:25:48,1,1,-1,0
8ju8d4,2018-05-16 11:42:39,42,r/coaxedintoasnafu,19,2018-05-16 17:44:58,2,1,2,0
8ju8d4,2018-05-16 11:42:39,42,r/coaxedintoasnafu,19,2018-05-16 18:03:52,3,0,-3,0
8ju8d4,2018-05-16 11:42:39,42,r/coaxedintoasnafu,20,2018-05-16 15:34:46,0,0,2,0
8ju8d4,2018-05-16 11:42:39,42,r/coaxedintoasnafu,21,2018-05-16 15:46:06,0,0,2,0
8ju8d4,2018-05-16 11:42:39,42,r/coaxedintoasnafu,22,2018-05-16 16:05:27,0,0,2,0
8ju8d4,2018-05-16 11:42:39,42,r/coaxedintoasnafu,23,2018-05-16 16:07:04,0,0,2,0
8ju8d4,2018-05-16 11:42:39,42,r/coaxedintoasnafu,24,2018-05-16 16:28:33,0,0,2,0
8ju8d4,2018-05-16 11:42:39,42,r/coaxedintoasnafu,25,2018-05-16 16:51:44,0,0,2,0
8ju8d4,2018-05-16 11:42:39,42,r/coaxedintoasnafu,26,2018-05-16 16:58:49,0,0,2,0
8ju8d4,2018-05-16 11:42:39,42,r/coaxedintoasnafu,27,2018-05-16 17:12:48,0,0,2,0
8ju8d4,2018-05-16 11:42:39,42,r/coaxedintoasnafu,28,2018-05-16 17:56:58,0,0,2,0
8ju8d4,2018-05-16 11:42:39,42,r/coaxedintoasnafu,29,2018-05-16 17:57:45,0,0,2,0
8ju8d4,2018-05-16 11:42:39,42,r/coaxedintoasnafu,30,2018-05-16 16:45:49,0,0,3,0
8ju8d4,2018-05-16 11:42:39,42,r/coaxedintoasnafu,31,2018-05-16 14:58:16,0,1,7,0
8ju8d4,2018-05-16 11:42:39,42,r/coaxedintoasnafu,31,2018-05-16 16:02:18,1,1,8,0
8ju8d4,2018-05-16 11:42:39,42,r/coaxedintoasnafu,31,2018-05-16 16:58:55,2,0,2,0
8ju8d4,2018-05-16 11:42:39,42,r/coaxedintoasnafu,32,2018-05-16 14:03:05,0,0,3,0
8ju8d4,2018-05-16 11:42:39,42,r/coaxedintoasnafu,33,2018-05-16 16:07:20,0,0,2,0
8ju8d4,2018-05-16 11:42:39,42,r/coaxedintoasnafu,34,2018-05-16 14:16:13,0,0,3,0
8ju8d4,2018-05-16 11:42:39,42,r/coaxedintoasnafu,35,2018-05-16 13:48:19,0,0,2,0
8ju8d4,2018-05-16 11:42:39,42,r/coaxedintoasnafu,36,2018-05-16 14:12:49,0,0,2,0
8ju8d4,2018-05-16 11:42:39,42,r/coaxedintoasnafu,37,2018-05-16 15:11:53,0,0,3,0
8ju8d4,2018-05-16 11:42:39,42,r/coaxedintoasnafu,38,2018-05-16 13:58:21,0,0,1,0
8ju8d4,2018-05-16 11:42:39,42,r/coaxedintoasnafu,39,2018-05-16 14:41:45,0,0,1,0
8ju8d4,2018-05-16 11:42:39,42,r/coaxedintoasnafu,40,2018-05-16 14:59:59,0,0,1,0
8ju8d4,2018-05-16 11:42:39,42,r/coaxedintoasnafu,41,2018-05-16 15:00:55,0,0,1,0
8ju8d4,2018-05-16 11:42:39,42,r/coaxedintoasnafu,42,2018-05-16 15:39:32,0,0,1,0
8ju8d4,2018-05-16 11:42:39,42,r/coaxedintoasnafu,43,2018-05-16 15:50:45,0,0,1,0
8ju8d4,2018-05-16 11:42:39,42,r/coaxedintoasnafu,44,2018-05-16 16:09:26,0,0,1,0
8ju8d4,2018-05-16 11:42:39,42,r/coaxedintoasnafu,45,2018-05-16 16:10:04,0,0,1,0
8ju8d4,2018-05-16 11:42:39,42,r/coaxedintoasnafu,46,2018-05-16 16:15:01,0,0,1,0
8ju8d4,2018-05-16 11:42:39,42,r/coaxedintoasnafu,47,2018-05-16 16:59:33,0,0,1,0
8ju8d4,2018-05-16 11:42:39,42,r/coaxedintoasnafu,48,2018-05-16 17:08:01,0,0,1,0
8ju8d4,2018-05-16 11:42:39,42,r/coaxedintoasnafu,49,2018-05-16 17:10:55,0,0,1,0
8ju8d4,2018-05-16 11:42:39,42,r/coaxedintoasnafu,50,2018-05-16 17:21:13,0,0,1,0
8ju8d4,2018-05-16 11:42:39,42,r/coaxedintoasnafu,51,2018-05-16 17:21:41,0,0,1,0
8ju8d4,2018-05-16 11:42:39,42,r/coaxedintoasnafu,52,2018-05-16 17:22:51,0,0,1,0
8ju8d4,2018-05-16 11:42:39,42,r/coaxedintoasnafu,53,2018-05-16 17:27:38,0,0,1,0
8ju8d4,2018-05-16 11:42:39,42,r/coaxedintoasnafu,54,2018-05-16 17:31:16,0,0,1,0
8ju8d4,2018-05-16 11:42:39,42,r/coaxedintoasnafu,55,2018-05-16 17:36:21,0,0,0,0
8ju8d4,2018-05-16 11:42:39,42,r/coaxedintoasnafu,56,2018-05-16 17:40:06,0,0,1,0
8ju8d4,2018-05-16 11:42:39,42,r/coaxedintoasnafu,57,2018-05-16 17:52:27,0,0,1,0
8ju8d4,2018-05-16 11:42:39,42,r/coaxedintoasnafu,58,2018-05-16 17:54:09,0,0,1,0
8ju8d4,2018-05-16 11:42:39,42,r/coaxedintoasnafu,59,2018-05-16 18:05:37,0,0,1,0
8ju8d4,2018-05-16 11:42:39,42,r/coaxedintoasnafu,60,2018-05-16 18:14:22,0,0,1,0
8ju8d4,2018-05-16 11:42:39,42,r/coaxedintoasnafu,61,2018-05-16 18:14:52,0,0,1,0
8ju8d4,2018-05-16 11:42:39,42,r/coaxedintoasnafu,62,2018-05-16 13:54:58,0,0,1,0
8ju8d4,2018-05-16 11:42:39,42,r/coaxedintoasnafu,63,2018-05-16 14:22:49,0,0,1,0
8ju8d4,2018-05-16 11:42:39,42,r/coaxedintoasnafu,64,2018-05-16 14:29:39,0,0,1,0
8ju8d4,2018-05-16 11:42:39,42,r/coaxedintoasnafu,65,2018-05-16 15:07:23,0,0,1,0
8ju8d4,2018-05-16 11:42:39,42,r/coaxedintoasnafu,66,2018-05-16 15:27:28,0,0,1,0
8ju8d4,2018-05-16 11:42:39,42,r/coaxedintoasnafu,67,2018-05-16 17:12:44,0,0,1,0
8ju8d4,2018-05-16 11:42:39,42,r/coaxedintoasnafu,68,2018-05-16 15:02:42,0,0,0,0
8ju8d4,2018-05-16 11:42:39,42,r/coaxedintoasnafu,69,2018-05-16 15:15:30,0,0,0,0
8ju8d4,2018-05-16 11:42:39,42,r/coaxedintoasnafu,70,2018-05-16 15:30:13,0,0,0,0
8ju8d4,2018-05-16 11:42:39,42,r/coaxedintoasnafu,71,2018-05-16 15:42:58,0,0,0,0
8ju8d4,2018-05-16 11:42:39,42,r/coaxedintoasnafu,72,2018-05-16 15:43:06,0,0,0,0
8ju8d4,2018-05-16 11:42:39,42,r/coaxedintoasnafu,73,2018-05-16 15:48:22,0,0,0,0
8ju8d4,2018-05-16 11:42:39,42,r/coaxedintoasnafu,74,2018-05-16 15:48:40,0,0,0,0
8ju8d4,2018-05-16 11:42:39,42,r/coaxedintoasnafu,75,2018-05-16 15:59:01,0,0,0,0
8ju8d4,2018-05-16 11:42:39,42,r/coaxedintoasnafu,76,2018-05-16 16:21:19,0,0,0,0
8ju8d4,2018-05-16 11:42:39,42,r/coaxedintoasnafu,77,2018-05-16 17:15:12,0,0,0,0
8ju8d4,2018-05-16 11:42:39,42,r/coaxedintoasnafu,78,2018-05-16 15:46:38,0,0,-4,0
8ju8d4,2018-05-16 11:42:39,42,r/coaxedintoasnafu,79,2018-05-16 14:47:33,0,2,-15,0
8ju8d4,2018-05-16 11:42:39,42,r/coaxedintoasnafu,79,2018-05-16 15:17:12,1,0,16,0
8ju8d4,2018-05-16 11:42:39,42,r/coaxedintoasnafu,79,2018-05-16 15:34:45,1,0,6,0
8ju6jo,2018-05-16 11:34:09,43,r/thatHappened,0,2018-05-16 12:32:58,0,6,1060,0
8ju6jo,2018-05-16 11:34:09,43,r/thatHappened,0,2018-05-16 13:48:46,1,4,388,0
8ju6jo,2018-05-16 11:34:09,43,r/thatHappened,0,2018-05-16 13:58:55,2,0,104,0
8ju6jo,2018-05-16 11:34:09,43,r/thatHappened,0,2018-05-16 14:59:16,2,0,26,0
8ju6jo,2018-05-16 11:34:09,43,r/thatHappened,0,2018-05-16 18:16:32,2,0,3,0
8ju6jo,2018-05-16 11:34:09,43,r/thatHappened,0,2018-05-16 15:03:26,2,0,7,0
8ju6jo,2018-05-16 11:34:09,43,r/thatHappened,0,2018-05-16 14:57:08,1,1,2,0
8ju6jo,2018-05-16 11:34:09,43,r/thatHappened,0,2018-05-16 17:41:04,2,0,1,0
8ju6jo,2018-05-16 11:34:09,43,r/thatHappened,0,2018-05-16 17:12:38,1,0,3,0
8ju6jo,2018-05-16 11:34:09,43,r/thatHappened,0,2018-05-16 17:23:37,1,0,1,0
8ju6jo,2018-05-16 11:34:09,43,r/thatHappened,0,2018-05-16 18:14:26,1,0,1,0
8ju6jo,2018-05-16 11:34:09,43,r/thatHappened,0,2018-05-16 17:37:33,1,0,-1,0
8ju6jo,2018-05-16 11:34:09,43,r/thatHappened,1,2018-05-16 11:44:31,0,17,2090,0
8ju6jo,2018-05-16 11:34:09,43,r/thatHappened,1,2018-05-16 13:02:55,1,6,798,0
8ju6jo,2018-05-16 11:34:09,43,r/thatHappened,1,2018-05-16 14:36:53,2,5,450,0
8ju6jo,2018-05-16 11:34:09,43,r/thatHappened,1,2018-05-16 15:27:14,3,3,47,0
8ju6jo,2018-05-16 11:34:09,43,r/thatHappened,1,2018-05-16 17:08:08,4,0,6,0
8ju6jo,2018-05-16 11:34:09,43,r/thatHappened,1,2018-05-16 18:19:15,4,0,2,0
8ju6jo,2018-05-16 11:34:09,43,r/thatHappened,1,2018-05-16 17:51:59,4,0,1,0
8ju6jo,2018-05-16 11:34:09,43,r/thatHappened,1,2018-05-16 15:45:49,3,0,8,0
8ju6jo,2018-05-16 11:34:09,43,r/thatHappened,1,2018-05-16 16:51:32,3,0,5,0
8ju6jo,2018-05-16 11:34:09,43,r/thatHappened,1,2018-05-16 16:54:02,3,0,4,0
8ju6jo,2018-05-16 11:34:09,43,r/thatHappened,1,2018-05-16 16:18:09,3,0,6,0
8ju6jo,2018-05-16 11:34:09,43,r/thatHappened,1,2018-05-16 14:29:35,2,3,142,0
8ju6jo,2018-05-16 11:34:09,43,r/thatHappened,1,2018-05-16 14:56:34,3,1,64,0
8ju6jo,2018-05-16 11:34:09,43,r/thatHappened,1,2018-05-16 15:00:08,4,0,59,0
8ju6jo,2018-05-16 11:34:09,43,r/thatHappened,1,2018-05-16 16:36:14,3,1,8,0
8ju6jo,2018-05-16 11:34:09,43,r/thatHappened,1,2018-05-16 16:58:58,4,0,5,0
8ju6jo,2018-05-16 11:34:09,43,r/thatHappened,1,2018-05-16 15:55:28,3,0,1,0
8ju6jo,2018-05-16 11:34:09,43,r/thatHappened,1,2018-05-16 14:56:59,2,0,15,0
8ju6jo,2018-05-16 11:34:09,43,r/thatHappened,1,2018-05-16 14:27:02,2,0,3,0
8ju6jo,2018-05-16 11:34:09,43,r/thatHappened,1,2018-05-16 16:56:57,2,0,3,0
8ju6jo,2018-05-16 11:34:09,43,r/thatHappened,1,2018-05-16 15:57:45,2,0,-4,0
8ju6jo,2018-05-16 11:34:09,43,r/thatHappened,1,2018-05-16 12:57:30,1,3,65,0
8ju6jo,2018-05-16 11:34:09,43,r/thatHappened,1,2018-05-16 14:50:35,2,1,27,0
8ju6jo,2018-05-16 11:34:09,43,r/thatHappened,1,2018-05-16 16:12:41,3,1,14,0
8ju6jo,2018-05-16 11:34:09,43,r/thatHappened,1,2018-05-16 16:56:14,4,0,3,0
8ju6jo,2018-05-16 11:34:09,43,r/thatHappened,1,2018-05-16 13:04:05,2,0,15,0
8ju6jo,2018-05-16 11:34:09,43,r/thatHappened,1,2018-05-16 14:35:17,2,0,7,0
8ju6jo,2018-05-16 11:34:09,43,r/thatHappened,1,2018-05-16 15:26:35,1,2,8,0
8ju6jo,2018-05-16 11:34:09,43,r/thatHappened,1,2018-05-16 15:28:59,2,1,6,0
8ju6jo,2018-05-16 11:34:09,43,r/thatHappened,1,2018-05-16 18:14:39,3,0,1,0
8ju6jo,2018-05-16 11:34:09,43,r/thatHappened,1,2018-05-16 17:43:42,2,0,4,0
8ju6jo,2018-05-16 11:34:09,43,r/thatHappened,1,2018-05-16 16:35:37,1,1,9,0
8ju6jo,2018-05-16 11:34:09,43,r/thatHappened,1,2018-05-16 16:37:41,2,0,3,0
8ju6jo,2018-05-16 11:34:09,43,r/thatHappened,1,2018-05-16 15:21:22,1,1,8,0
8ju6jo,2018-05-16 11:34:09,43,r/thatHappened,1,2018-05-16 16:23:12,2,1,3,0
8ju6jo,2018-05-16 11:34:09,43,r/thatHappened,1,2018-05-16 16:31:35,3,0,7,0
8ju6jo,2018-05-16 11:34:09,43,r/thatHappened,1,2018-05-16 15:51:25,1,1,12,0
8ju6jo,2018-05-16 11:34:09,43,r/thatHappened,1,2018-05-16 16:47:03,2,0,9,0
8ju6jo,2018-05-16 11:34:09,43,r/thatHappened,1,2018-05-16 14:42:57,1,0,7,0
8ju6jo,2018-05-16 11:34:09,43,r/thatHappened,1,2018-05-16 15:20:12,1,0,2,0
8ju6jo,2018-05-16 11:34:09,43,r/thatHappened,1,2018-05-16 16:10:03,1,1,2,0
8ju6jo,2018-05-16 11:34:09,43,r/thatHappened,1,2018-05-16 17:28:49,2,0,1,0
8ju6jo,2018-05-16 11:34:09,43,r/thatHappened,1,2018-05-16 16:39:23,1,0,2,0
8ju6jo,2018-05-16 11:34:09,43,r/thatHappened,1,2018-05-16 14:15:39,1,0,5,0
8ju6jo,2018-05-16 11:34:09,43,r/thatHappened,1,2018-05-16 17:26:08,1,0,1,0
8ju6jo,2018-05-16 11:34:09,43,r/thatHappened,1,2018-05-16 17:35:01,1,0,1,0
8ju6jo,2018-05-16 11:34:09,43,r/thatHappened,1,2018-05-16 17:56:38,1,0,1,0
8ju6jo,2018-05-16 11:34:09,43,r/thatHappened,1,2018-05-16 16:59:13,1,1,0,0
8ju6jo,2018-05-16 11:34:09,43,r/thatHappened,1,2018-05-16 16:59:45,2,1,2,0
8ju6jo,2018-05-16 11:34:09,43,r/thatHappened,1,2018-05-16 17:00:46,3,1,0,0
8ju6jo,2018-05-16 11:34:09,43,r/thatHappened,1,2018-05-16 17:02:27,4,1,2,0
8ju6jo,2018-05-16 11:34:09,43,r/thatHappened,1,2018-05-16 17:03:17,5,2,-1,0
8ju6jo,2018-05-16 11:34:09,43,r/thatHappened,1,2018-05-16 17:05:48,6,0,2,0
8ju6jo,2018-05-16 11:34:09,43,r/thatHappened,1,2018-05-16 17:57:17,6,0,1,0
8ju6jo,2018-05-16 11:34:09,43,r/thatHappened,1,2018-05-16 13:23:03,1,1,-1,0
8ju6jo,2018-05-16 11:34:09,43,r/thatHappened,1,2018-05-16 13:24:26,2,0,3,0
8ju6jo,2018-05-16 11:34:09,43,r/thatHappened,1,2018-05-16 16:37:15,1,1,-2,0
8ju6jo,2018-05-16 11:34:09,43,r/thatHappened,1,2018-05-16 16:37:55,2,1,4,0
8ju6jo,2018-05-16 11:34:09,43,r/thatHappened,1,2018-05-16 16:40:41,3,1,-4,0
8ju6jo,2018-05-16 11:34:09,43,r/thatHappened,1,2018-05-16 16:42:08,4,0,4,0
8ju6jo,2018-05-16 11:34:09,43,r/thatHappened,2,2018-05-16 12:29:37,0,2,309,0
8ju6jo,2018-05-16 11:34:09,43,r/thatHappened,2,2018-05-16 14:15:03,1,0,44,0
8ju6jo,2018-05-16 11:34:09,43,r/thatHappened,2,2018-05-16 16:58:18,1,0,16,0
8ju6jo,2018-05-16 11:34:09,43,r/thatHappened,3,2018-05-16 12:05:22,0,9,855,0
8ju6jo,2018-05-16 11:34:09,43,r/thatHappened,3,2018-05-16 13:04:07,1,5,406,0
8ju6jo,2018-05-16 11:34:09,43,r/thatHappened,3,2018-05-16 14:58:32,2,2,84,0
8ju6jo,2018-05-16 11:34:09,43,r/thatHappened,3,2018-05-16 16:12:43,3,0,21,0
8ju6jo,2018-05-16 11:34:09,43,r/thatHappened,3,2018-05-16 15:21:35,3,1,-17,0
8ju6jo,2018-05-16 11:34:09,43,r/thatHappened,3,2018-05-16 16:55:31,4,1,12,0
8ju6jo,2018-05-16 11:34:09,43,r/thatHappened,3,2018-05-16 16:57:19,5,0,5,0
8ju6jo,2018-05-16 11:34:09,43,r/thatHappened,3,2018-05-16 16:12:46,2,2,44,0
8ju6jo,2018-05-16 11:34:09,43,r/thatHappened,3,2018-05-16 16:47:17,3,0,14,0
8ju6jo,2018-05-16 11:34:09,43,r/thatHappened,3,2018-05-16 17:54:48,3,0,1,0
8ju6jo,2018-05-16 11:34:09,43,r/thatHappened,3,2018-05-16 14:20:15,2,0,31,0
8ju6jo,2018-05-16 11:34:09,43,r/thatHappened,3,2018-05-16 17:05:38,2,0,1,0
8ju6jo,2018-05-16 11:34:09,43,r/thatHappened,3,2018-05-16 16:55:59,2,0,0,0
8ju6jo,2018-05-16 11:34:09,43,r/thatHappened,3,2018-05-16 15:28:42,1,0,22,0
8ju6jo,2018-05-16 11:34:09,43,r/thatHappened,3,2018-05-16 12:14:08,1,0,19,0
8ju6jo,2018-05-16 11:34:09,43,r/thatHappened,3,2018-05-16 16:50:50,1,0,3,0
8ju6jo,2018-05-16 11:34:09,43,r/thatHappened,3,2018-05-16 17:14:56,1,0,3,0
8ju6jo,2018-05-16 11:34:09,43,r/thatHappened,3,2018-05-16 17:57:56,1,0,3,0
8ju6jo,2018-05-16 11:34:09,43,r/thatHappened,3,2018-05-16 16:21:42,1,0,2,0
8ju6jo,2018-05-16 11:34:09,43,r/thatHappened,3,2018-05-16 17:09:03,1,0,1,0
8ju6jo,2018-05-16 11:34:09,43,r/thatHappened,3,2018-05-16 16:48:07,1,2,-9,0
8ju6jo,2018-05-16 11:34:09,43,r/thatHappened,3,2018-05-16 16:56:12,2,1,5,0
8ju6jo,2018-05-16 11:34:09,43,r/thatHappened,3,2018-05-16 17:02:23,3,0,2,0
8ju6jo,2018-05-16 11:34:09,43,r/thatHappened,3,2018-05-16 16:56:30,2,0,2,0
8ju6jo,2018-05-16 11:34:09,43,r/thatHappened,4,2018-05-16 13:39:42,0,3,257,0
8ju6jo,2018-05-16 11:34:09,43,r/thatHappened,4,2018-05-16 15:07:54,1,0,55,0
8ju6jo,2018-05-16 11:34:09,43,r/thatHappened,4,2018-05-16 15:37:08,1,3,40,0
8ju6jo,2018-05-16 11:34:09,43,r/thatHappened,4,2018-05-16 16:13:47,2,0,14,0
8ju6jo,2018-05-16 11:34:09,43,r/thatHappened,4,2018-05-16 17:04:18,2,2,7,0
8ju6jo,2018-05-16 11:34:09,43,r/thatHappened,4,2018-05-16 17:15:16,3,1,9,0
8ju6jo,2018-05-16 11:34:09,43,r/thatHappened,4,2018-05-16 17:30:44,4,0,4,0
8ju6jo,2018-05-16 11:34:09,43,r/thatHappened,4,2018-05-16 17:34:10,3,0,9,0
8ju6jo,2018-05-16 11:34:09,43,r/thatHappened,4,2018-05-16 17:22:28,2,0,-1,0
8ju6jo,2018-05-16 11:34:09,43,r/thatHappened,4,2018-05-16 13:47:27,1,1,4,0
8ju6jo,2018-05-16 11:34:09,43,r/thatHappened,4,2018-05-16 15:15:14,2,2,47,0
8ju6jo,2018-05-16 11:34:09,43,r/thatHappened,4,2018-05-16 18:06:36,3,0,1,0
8ju6jo,2018-05-16 11:34:09,43,r/thatHappened,4,2018-05-16 18:24:51,3,0,1,0
8ju6jo,2018-05-16 11:34:09,43,r/thatHappened,5,2018-05-16 12:23:48,0,1,74,0
8ju6jo,2018-05-16 11:34:09,43,r/thatHappened,5,2018-05-16 14:11:52,1,0,37,0
8ju6jo,2018-05-16 11:34:09,43,r/thatHappened,6,2018-05-16 12:38:09,0,1,54,0
8ju6jo,2018-05-16 11:34:09,43,r/thatHappened,6,2018-05-16 15:40:15,1,3,8,0
8ju6jo,2018-05-16 11:34:09,43,r/thatHappened,6,2018-05-16 16:17:38,2,2,6,0
8ju6jo,2018-05-16 11:34:09,43,r/thatHappened,6,2018-05-16 16:59:54,3,1,6,0
8ju6jo,2018-05-16 11:34:09,43,r/thatHappened,6,2018-05-16 18:21:03,4,0,1,0
8ju6jo,2018-05-16 11:34:09,43,r/thatHappened,6,2018-05-16 17:16:03,3,0,1,0
8ju6jo,2018-05-16 11:34:09,43,r/thatHappened,6,2018-05-16 16:51:31,2,0,2,0
8ju6jo,2018-05-16 11:34:09,43,r/thatHappened,6,2018-05-16 17:45:28,2,0,1,0
8ju6jo,2018-05-16 11:34:09,43,r/thatHappened,7,2018-05-16 12:00:32,0,3,178,0
8ju6jo,2018-05-16 11:34:09,43,r/thatHappened,7,2018-05-16 12:36:20,1,0,85,0
8ju6jo,2018-05-16 11:34:09,43,r/thatHappened,7,2018-05-16 14:46:12,1,0,35,0
8ju6jo,2018-05-16 11:34:09,43,r/thatHappened,7,2018-05-16 15:18:21,1,2,-12,0
8ju6jo,2018-05-16 11:34:09,43,r/thatHappened,7,2018-05-16 15:22:37,2,0,12,0
8ju6jo,2018-05-16 11:34:09,43,r/thatHappened,7,2018-05-16 16:33:42,2,2,1,0
8ju6jo,2018-05-16 11:34:09,43,r/thatHappened,7,2018-05-16 16:50:58,3,0,4,0
8ju6jo,2018-05-16 11:34:09,43,r/thatHappened,7,2018-05-16 16:51:55,3,0,1,0
8ju6jo,2018-05-16 11:34:09,43,r/thatHappened,8,2018-05-16 12:44:58,0,1,28,0
8ju6jo,2018-05-16 11:34:09,43,r/thatHappened,8,2018-05-16 14:44:52,1,0,2,0
8ju6jo,2018-05-16 11:34:09,43,r/thatHappened,9,2018-05-16 13:35:27,0,1,25,0
8ju6jo,2018-05-16 11:34:09,43,r/thatHappened,9,2018-05-16 17:49:49,1,0,1,0
8ju6jo,2018-05-16 11:34:09,43,r/thatHappened,10,2018-05-16 12:46:54,0,1,40,0
8ju6jo,2018-05-16 11:34:09,43,r/thatHappened,10,2018-05-16 13:12:25,1,1,25,0
8ju6jo,2018-05-16 11:34:09,43,r/thatHappened,10,2018-05-16 13:23:09,2,2,23,0
8ju6jo,2018-05-16 11:34:09,43,r/thatHappened,10,2018-05-16 13:36:16,3,1,22,0
8ju6jo,2018-05-16 11:34:09,43,r/thatHappened,10,2018-05-16 14:21:32,4,0,8,0
8ju6jo,2018-05-16 11:34:09,43,r/thatHappened,10,2018-05-16 16:22:44,3,0,4,0
8ju6jo,2018-05-16 11:34:09,43,r/thatHappened,11,2018-05-16 12:45:15,0,1,39,0
8ju6jo,2018-05-16 11:34:09,43,r/thatHappened,11,2018-05-16 14:46:40,1,0,18,0
8ju6jo,2018-05-16 11:34:09,43,r/thatHappened,12,2018-05-16 13:11:05,0,1,14,0
8ju6jo,2018-05-16 11:34:09,43,r/thatHappened,12,2018-05-16 13:28:33,1,1,9,0
8ju6jo,2018-05-16 11:34:09,43,r/thatHappened,12,2018-05-16 13:49:53,2,0,11,0
8ju6jo,2018-05-16 11:34:09,43,r/thatHappened,13,2018-05-16 13:07:55,0,1,11,0
8ju6jo,2018-05-16 11:34:09,43,r/thatHappened,13,2018-05-16 16:30:20,1,1,3,0
8ju6jo,2018-05-16 11:34:09,43,r/thatHappened,13,2018-05-16 17:36:38,2,0,1,0
8ju6jo,2018-05-16 11:34:09,43,r/thatHappened,14,2018-05-16 14:37:13,0,1,12,0
8ju6jo,2018-05-16 11:34:09,43,r/thatHappened,14,2018-05-16 16:54:17,1,2,1,0
8ju6jo,2018-05-16 11:34:09,43,r/thatHappened,14,2018-05-16 16:58:27,2,0,2,0
8ju6jo,2018-05-16 11:34:09,43,r/thatHappened,14,2018-05-16 17:34:38,2,1,1,0
8ju6jo,2018-05-16 11:34:09,43,r/thatHappened,14,2018-05-16 18:01:16,3,0,1,0
8ju6jo,2018-05-16 11:34:09,43,r/thatHappened,15,2018-05-16 14:33:12,0,0,29,0
8ju6jo,2018-05-16 11:34:09,43,r/thatHappened,16,2018-05-16 14:58:21,0,0,9,0
8ju6jo,2018-05-16 11:34:09,43,r/thatHappened,17,2018-05-16 12:54:49,0,0,5,0
8ju6jo,2018-05-16 11:34:09,43,r/thatHappened,18,2018-05-16 13:31:12,0,4,5,0
8ju6jo,2018-05-16 11:34:09,43,r/thatHappened,18,2018-05-16 14:22:51,1,0,7,0
8ju6jo,2018-05-16 11:34:09,43,r/thatHappened,18,2018-05-16 16:12:57,1,0,3,0
8ju6jo,2018-05-16 11:34:09,43,r/thatHappened,18,2018-05-16 15:27:44,1,0,2,0
8ju6jo,2018-05-16 11:34:09,43,r/thatHappened,18,2018-05-16 15:53:24,1,0,2,0
8ju6jo,2018-05-16 11:34:09,43,r/thatHappened,19,2018-05-16 13:47:11,0,0,6,0
8ju6jo,2018-05-16 11:34:09,43,r/thatHappened,20,2018-05-16 14:13:20,0,0,5,0
8ju6jo,2018-05-16 11:34:09,43,r/thatHappened,21,2018-05-16 14:16:19,0,0,5,0
8ju6jo,2018-05-16 11:34:09,43,r/thatHappened,22,2018-05-16 14:18:09,0,1,5,0
8ju6jo,2018-05-16 11:34:09,43,r/thatHappened,22,2018-05-16 14:20:34,1,0,6,0
8ju6jo,2018-05-16 11:34:09,43,r/thatHappened,23,2018-05-16 14:26:52,0,0,11,0
8ju6jo,2018-05-16 11:34:09,43,r/thatHappened,24,2018-05-16 12:30:30,0,0,8,0
8ju6jo,2018-05-16 11:34:09,43,r/thatHappened,25,2018-05-16 14:59:36,0,0,3,0
8ju6jo,2018-05-16 11:34:09,43,r/thatHappened,26,2018-05-16 13:37:42,0,1,3,0
8ju6jo,2018-05-16 11:34:09,43,r/thatHappened,26,2018-05-16 15:39:21,1,0,2,0
8ju6jo,2018-05-16 11:34:09,43,r/thatHappened,27,2018-05-16 15:38:36,0,0,3,0
8ju6jo,2018-05-16 11:34:09,43,r/thatHappened,28,2018-05-16 16:06:54,0,0,3,0
8ju6jo,2018-05-16 11:34:09,43,r/thatHappened,29,2018-05-16 14:21:58,0,0,2,0
8ju6jo,2018-05-16 11:34:09,43,r/thatHappened,30,2018-05-16 15:06:28,0,0,2,0
8ju6jo,2018-05-16 11:34:09,43,r/thatHappened,31,2018-05-16 16:01:26,0,0,2,0
8ju6jo,2018-05-16 11:34:09,43,r/thatHappened,32,2018-05-16 16:18:18,0,0,2,0
8ju6jo,2018-05-16 11:34:09,43,r/thatHappened,33,2018-05-16 16:20:23,0,0,2,0
8ju6jo,2018-05-16 11:34:09,43,r/thatHappened,34,2018-05-16 16:29:34,0,0,2,0
8ju6jo,2018-05-16 11:34:09,43,r/thatHappened,35,2018-05-16 16:47:39,0,0,2,0
8ju6jo,2018-05-16 11:34:09,43,r/thatHappened,36,2018-05-16 17:01:28,0,0,2,0
8ju6jo,2018-05-16 11:34:09,43,r/thatHappened,37,2018-05-16 17:24:26,0,0,2,0
8ju6jo,2018-05-16 11:34:09,43,r/thatHappened,38,2018-05-16 17:40:44,0,0,2,0
8ju6jo,2018-05-16 11:34:09,43,r/thatHappened,39,2018-05-16 17:57:07,0,0,2,0
8ju6jo,2018-05-16 11:34:09,43,r/thatHappened,40,2018-05-16 12:53:56,0,1,1,0
8ju6jo,2018-05-16 11:34:09,43,r/thatHappened,40,2018-05-16 15:51:18,1,0,1,0
8ju6jo,2018-05-16 11:34:09,43,r/thatHappened,41,2018-05-16 13:17:49,0,0,1,0
8ju6jo,2018-05-16 11:34:09,43,r/thatHappened,42,2018-05-16 14:26:40,0,0,1,0
8ju6jo,2018-05-16 11:34:09,43,r/thatHappened,43,2018-05-16 14:38:07,0,0,1,0
8ju6jo,2018-05-16 11:34:09,43,r/thatHappened,44,2018-05-16 14:38:55,0,0,1,0
8ju6jo,2018-05-16 11:34:09,43,r/thatHappened,45,2018-05-16 14:41:10,0,1,1,0
8ju6jo,2018-05-16 11:34:09,43,r/thatHappened,45,2018-05-16 14:53:21,1,0,1,0
8ju6jo,2018-05-16 11:34:09,43,r/thatHappened,46,2018-05-16 14:43:11,0,0,1,0
8ju6jo,2018-05-16 11:34:09,43,r/thatHappened,47,2018-05-16 14:45:14,0,0,1,0
8ju6jo,2018-05-16 11:34:09,43,r/thatHappened,48,2018-05-16 14:50:50,0,0,1,0
8ju6jo,2018-05-16 11:34:09,43,r/thatHappened,49,2018-05-16 15:00:55,0,0,1,0
8ju6jo,2018-05-16 11:34:09,43,r/thatHappened,50,2018-05-16 15:02:26,0,0,1,0
8ju6jo,2018-05-16 11:34:09,43,r/thatHappened,51,2018-05-16 15:05:15,0,0,1,0
8ju6jo,2018-05-16 11:34:09,43,r/thatHappened,52,2018-05-16 15:06:35,0,0,1,0
8ju6jo,2018-05-16 11:34:09,43,r/thatHappened,53,2018-05-16 15:06:58,0,0,1,0
8ju6jo,2018-05-16 11:34:09,43,r/thatHappened,54,2018-05-16 15:07:18,0,1,1,0
8ju6jo,2018-05-16 11:34:09,43,r/thatHappened,54,2018-05-16 16:05:14,1,1,1,0
8ju6jo,2018-05-16 11:34:09,43,r/thatHappened,54,2018-05-16 16:40:26,2,0,1,0
8ju6jo,2018-05-16 11:34:09,43,r/thatHappened,55,2018-05-16 15:08:14,0,0,1,0
8ju6jo,2018-05-16 11:34:09,43,r/thatHappened,56,2018-05-16 15:11:44,0,0,1,0
8ju6jo,2018-05-16 11:34:09,43,r/thatHappened,57,2018-05-16 15:12:11,0,0,1,0
8ju6jo,2018-05-16 11:34:09,43,r/thatHappened,58,2018-05-16 15:12:59,0,0,1,0
8ju6jo,2018-05-16 11:34:09,43,r/thatHappened,59,2018-05-16 15:13:50,0,0,1,0
8ju6jo,2018-05-16 11:34:09,43,r/thatHappened,60,2018-05-16 15:13:56,0,0,1,0
8ju6jo,2018-05-16 11:34:09,43,r/thatHappened,61,2018-05-16 15:15:29,0,0,1,0
8ju6jo,2018-05-16 11:34:09,43,r/thatHappened,62,2018-05-16 15:20:44,0,0,1,0
8ju6jo,2018-05-16 11:34:09,43,r/thatHappened,63,2018-05-16 15:23:24,0,0,1,0
8ju6jo,2018-05-16 11:34:09,43,r/thatHappened,64,2018-05-16 15:23:53,0,0,1,0
8ju6jo,2018-05-16 11:34:09,43,r/thatHappened,65,2018-05-16 15:24:13,0,0,1,0
8ju6jo,2018-05-16 11:34:09,43,r/thatHappened,66,2018-05-16 15:24:18,0,0,1,0
8ju6jo,2018-05-16 11:34:09,43,r/thatHappened,67,2018-05-16 15:26:01,0,0,1,0
8ju6jo,2018-05-16 11:34:09,43,r/thatHappened,68,2018-05-16 15:26:34,0,0,1,0
8ju6jo,2018-05-16 11:34:09,43,r/thatHappened,69,2018-05-16 15:27:19,0,0,1,0
8ju6jo,2018-05-16 11:34:09,43,r/thatHappened,70,2018-05-16 15:29:21,0,0,1,0
8ju6jo,2018-05-16 11:34:09,43,r/thatHappened,71,2018-05-16 15:30:11,0,0,1,0
8ju6jo,2018-05-16 11:34:09,43,r/thatHappened,72,2018-05-16 15:30:53,0,0,1,0
8ju6jo,2018-05-16 11:34:09,43,r/thatHappened,73,2018-05-16 15:33:48,0,0,1,0
8ju6jo,2018-05-16 11:34:09,43,r/thatHappened,74,2018-05-16 15:41:14,0,0,1,0
8ju6jo,2018-05-16 11:34:09,43,r/thatHappened,75,2018-05-16 15:42:17,0,0,1,0
8ju6jo,2018-05-16 11:34:09,43,r/thatHappened,76,2018-05-16 15:50:15,0,0,1,0
8ju6jo,2018-05-16 11:34:09,43,r/thatHappened,77,2018-05-16 15:55:59,0,0,1,0
8ju6jo,2018-05-16 11:34:09,43,r/thatHappened,78,2018-05-16 16:01:03,0,0,1,0
8ju6jo,2018-05-16 11:34:09,43,r/thatHappened,79,2018-05-16 16:03:18,0,0,1,0
8ju6jo,2018-05-16 11:34:09,43,r/thatHappened,80,2018-05-16 16:04:09,0,0,1,0
8ju6jo,2018-05-16 11:34:09,43,r/thatHappened,81,2018-05-16 16:05:13,0,0,1,0
8ju6jo,2018-05-16 11:34:09,43,r/thatHappened,82,2018-05-16 16:05:15,0,0,1,0
8ju6jo,2018-05-16 11:34:09,43,r/thatHappened,83,2018-05-16 16:08:47,0,0,1,0
8ju6jo,2018-05-16 11:34:09,43,r/thatHappened,84,2018-05-16 16:13:19,0,0,1,0
8ju6jo,2018-05-16 11:34:09,43,r/thatHappened,85,2018-05-16 16:18:14,0,0,1,0
8ju6jo,2018-05-16 11:34:09,43,r/thatHappened,86,2018-05-16 16:21:12,0,0,1,0
8ju6jo,2018-05-16 11:34:09,43,r/thatHappened,87,2018-05-16 16:22:03,0,0,1,0
8ju6jo,2018-05-16 11:34:09,43,r/thatHappened,88,2018-05-16 16:26:45,0,0,1,0
8ju6jo,2018-05-16 11:34:09,43,r/thatHappened,89,2018-05-16 16:26:53,0,0,1,0
8ju6jo,2018-05-16 11:34:09,43,r/thatHappened,90,2018-05-16 16:29:09,0,0,1,0
8ju6jo,2018-05-16 11:34:09,43,r/thatHappened,91,2018-05-16 16:30:42,0,1,1,0
8ju6jo,2018-05-16 11:34:09,43,r/thatHappened,91,2018-05-16 17:55:06,1,0,1,0
8ju6jo,2018-05-16 11:34:09,43,r/thatHappened,92,2018-05-16 16:31:54,0,0,1,0
8ju6jo,2018-05-16 11:34:09,43,r/thatHappened,93,2018-05-16 16:34:24,0,0,1,0
8ju6jo,2018-05-16 11:34:09,43,r/thatHappened,94,2018-05-16 16:39:01,0,0,1,0
8ju6jo,2018-05-16 11:34:09,43,r/thatHappened,95,2018-05-16 16:39:18,0,0,1,0
8ju6jo,2018-05-16 11:34:09,43,r/thatHappened,96,2018-05-16 16:43:32,0,0,1,0
8ju6jo,2018-05-16 11:34:09,43,r/thatHappened,97,2018-05-16 16:43:58,0,0,1,0
8ju6jo,2018-05-16 11:34:09,43,r/thatHappened,98,2018-05-16 16:44:22,0,0,1,0
8ju6jo,2018-05-16 11:34:09,43,r/thatHappened,99,2018-05-16 16:44:51,0,0,1,0
8ju6jo,2018-05-16 11:34:09,43,r/thatHappened,100,2018-05-16 16:46:13,0,0,1,0
8ju6jo,2018-05-16 11:34:09,43,r/thatHappened,101,2018-05-16 16:49:52,0,0,1,0
8ju6jo,2018-05-16 11:34:09,43,r/thatHappened,102,2018-05-16 16:50:44,0,0,1,0
8ju6jo,2018-05-16 11:34:09,43,r/thatHappened,103,2018-05-16 16:52:18,0,0,1,0
8ju6jo,2018-05-16 11:34:09,43,r/thatHappened,104,2018-05-16 16:58:56,0,0,1,0
8ju6jo,2018-05-16 11:34:09,43,r/thatHappened,105,2018-05-16 17:01:28,0,0,1,0
8ju6jo,2018-05-16 11:34:09,43,r/thatHappened,106,2018-05-16 17:09:11,0,0,1,0
8ju6jo,2018-05-16 11:34:09,43,r/thatHappened,107,2018-05-16 17:09:18,0,0,1,0
8ju6jo,2018-05-16 11:34:09,43,r/thatHappened,108,2018-05-16 17:10:45,0,0,1,0
8ju6jo,2018-05-16 11:34:09,43,r/thatHappened,109,2018-05-16 17:18:00,0,0,1,0
8ju6jo,2018-05-16 11:34:09,43,r/thatHappened,110,2018-05-16 17:18:26,0,0,1,0
8ju6jo,2018-05-16 11:34:09,43,r/thatHappened,111,2018-05-16 17:20:22,0,0,1,0
8ju6jo,2018-05-16 11:34:09,43,r/thatHappened,112,2018-05-16 17:34:19,0,0,1,0
8ju6jo,2018-05-16 11:34:09,43,r/thatHappened,113,2018-05-16 17:34:24,0,0,1,0
8ju6jo,2018-05-16 11:34:09,43,r/thatHappened,114,2018-05-16 17:36:40,0,0,1,0
8ju6jo,2018-05-16 11:34:09,43,r/thatHappened,115,2018-05-16 17:44:24,0,0,1,0
8ju6jo,2018-05-16 11:34:09,43,r/thatHappened,116,2018-05-16 17:45:30,0,0,1,0
8ju6jo,2018-05-16 11:34:09,43,r/thatHappened,117,2018-05-16 17:46:15,0,0,1,0
8ju6jo,2018-05-16 11:34:09,43,r/thatHappened,118,2018-05-16 17:49:19,0,0,1,0
8ju6jo,2018-05-16 11:34:09,43,r/thatHappened,119,2018-05-16 17:56:42,0,0,1,0
8ju6jo,2018-05-16 11:34:09,43,r/thatHappened,120,2018-05-16 18:04:01,0,0,1,0
8ju6jo,2018-05-16 11:34:09,43,r/thatHappened,121,2018-05-16 18:05:07,0,0,1,0
8ju6jo,2018-05-16 11:34:09,43,r/thatHappened,122,2018-05-16 18:05:57,0,0,1,0
8ju6jo,2018-05-16 11:34:09,43,r/thatHappened,123,2018-05-16 18:10:19,0,0,1,0
8ju6jo,2018-05-16 11:34:09,43,r/thatHappened,124,2018-05-16 18:12:03,0,0,1,0
8ju6jo,2018-05-16 11:34:09,43,r/thatHappened,125,2018-05-16 18:15:18,0,0,1,0
8ju6jo,2018-05-16 11:34:09,43,r/thatHappened,126,2018-05-16 18:23:44,0,0,1,0
8ju6jo,2018-05-16 11:34:09,43,r/thatHappened,127,2018-05-16 18:25:05,0,0,1,0
8ju6jo,2018-05-16 11:34:09,43,r/thatHappened,128,2018-05-16 17:38:27,0,0,0,0
8ju6jo,2018-05-16 11:34:09,43,r/thatHappened,129,2018-05-16 17:42:55,0,0,0,0
8ju6jo,2018-05-16 11:34:09,43,r/thatHappened,130,2018-05-16 18:04:10,0,0,0,0
8ju6jo,2018-05-16 11:34:09,43,r/thatHappened,131,2018-05-16 17:46:06,0,0,-1,0
8juazs,2018-05-16 11:55:22,44,r/blackmagicfuckery,0,2018-05-16 11:57:25,0,1,1,0
8juazs,2018-05-16 11:55:22,44,r/blackmagicfuckery,1,2018-05-16 12:48:50,0,37,1389,0
8juazs,2018-05-16 11:55:22,44,r/blackmagicfuckery,1,2018-05-16 13:10:54,1,5,626,0
8juazs,2018-05-16 11:55:22,44,r/blackmagicfuckery,1,2018-05-16 13:16:13,2,10,656,0
8juazs,2018-05-16 11:55:22,44,r/blackmagicfuckery,1,2018-05-16 14:03:47,3,5,514,0
8juazs,2018-05-16 11:55:22,44,r/blackmagicfuckery,1,2018-05-16 15:18:14,4,8,128,0
8juazs,2018-05-16 11:55:22,44,r/blackmagicfuckery,1,2018-05-16 15:19:44,5,4,182,0
8juazs,2018-05-16 11:55:22,44,r/blackmagicfuckery,1,2018-05-16 16:17:45,6,1,217,0
8juazs,2018-05-16 11:55:22,44,r/blackmagicfuckery,1,2018-05-16 18:12:40,7,0,5,0
8juazs,2018-05-16 11:55:22,44,r/blackmagicfuckery,1,2018-05-16 17:06:36,6,0,6,0
8juazs,2018-05-16 11:55:22,44,r/blackmagicfuckery,1,2018-05-16 18:02:55,6,1,3,0
8juazs,2018-05-16 11:55:22,44,r/blackmagicfuckery,1,2018-05-16 18:30:31,7,1,1,0
8juazs,2018-05-16 11:55:22,44,r/blackmagicfuckery,1,2018-05-16 18:30:47,8,0,1,0
8juazs,2018-05-16 11:55:22,44,r/blackmagicfuckery,1,2018-05-16 17:59:07,6,0,1,0
8juazs,2018-05-16 11:55:22,44,r/blackmagicfuckery,1,2018-05-16 15:21:46,5,2,41,0
8juazs,2018-05-16 11:55:22,44,r/blackmagicfuckery,1,2018-05-16 15:34:03,6,2,46,0
8juazs,2018-05-16 11:55:22,44,r/blackmagicfuckery,1,2018-05-16 16:39:27,7,0,26,0
8juazs,2018-05-16 11:55:22,44,r/blackmagicfuckery,1,2018-05-16 15:54:11,7,1,14,0
8juazs,2018-05-16 11:55:22,44,r/blackmagicfuckery,1,2018-05-16 17:43:47,8,1,2,0
8juazs,2018-05-16 11:55:22,44,r/blackmagicfuckery,1,2018-05-16 18:04:03,9,1,1,0
8juazs,2018-05-16 11:55:22,44,r/blackmagicfuckery,1,2018-05-16 15:33:26,6,2,10,0
8juazs,2018-05-16 11:55:22,44,r/blackmagicfuckery,1,2018-05-16 16:05:23,7,4,56,0
8juazs,2018-05-16 11:55:22,44,r/blackmagicfuckery,1,2018-05-16 17:27:26,8,3,14,0
8juazs,2018-05-16 11:55:22,44,r/blackmagicfuckery,1,2018-05-16 17:50:40,9,0,5,0
8juazs,2018-05-16 11:55:22,44,r/blackmagicfuckery,1,2018-05-16 17:58:18,9,0,3,0
8juazs,2018-05-16 11:55:22,44,r/blackmagicfuckery,1,2018-05-16 18:19:37,9,0,1,0
8juazs,2018-05-16 11:55:22,44,r/blackmagicfuckery,1,2018-05-16 16:33:50,8,0,13,0
8juazs,2018-05-16 11:55:22,44,r/blackmagicfuckery,1,2018-05-16 16:15:43,8,2,3,0
8juazs,2018-05-16 11:55:22,44,r/blackmagicfuckery,1,2018-05-16 16:24:16,9,0,3,0
8juazs,2018-05-16 11:55:22,44,r/blackmagicfuckery,1,2018-05-16 17:15:26,9,0,3,0
8juazs,2018-05-16 11:55:22,44,r/blackmagicfuckery,1,2018-05-16 16:10:20,8,2,-6,0
8juazs,2018-05-16 11:55:22,44,r/blackmagicfuckery,1,2018-05-16 16:14:37,9,1,7,0
8juazs,2018-05-16 11:55:22,44,r/blackmagicfuckery,1,2018-05-16 16:11:25,9,0,2,0
8juazs,2018-05-16 11:55:22,44,r/blackmagicfuckery,1,2018-05-16 18:28:25,7,0,1,0
8juazs,2018-05-16 11:55:22,44,r/blackmagicfuckery,1,2018-05-16 16:39:23,5,0,3,0
8juazs,2018-05-16 11:55:22,44,r/blackmagicfuckery,1,2018-05-16 17:20:55,5,0,1,0
8juazs,2018-05-16 11:55:22,44,r/blackmagicfuckery,1,2018-05-16 17:50:37,5,0,1,0
8juazs,2018-05-16 11:55:22,44,r/blackmagicfuckery,1,2018-05-16 17:52:07,5,0,1,0
8juazs,2018-05-16 11:55:22,44,r/blackmagicfuckery,1,2018-05-16 18:03:10,5,0,1,0
8juazs,2018-05-16 11:55:22,44,r/blackmagicfuckery,1,2018-05-16 15:54:40,5,0,0,0
8juazs,2018-05-16 11:55:22,44,r/blackmagicfuckery,1,2018-05-16 15:26:02,4,1,17,0
8juazs,2018-05-16 11:55:22,44,r/blackmagicfuckery,1,2018-05-16 15:54:46,5,1,16,0
8juazs,2018-05-16 11:55:22,44,r/blackmagicfuckery,1,2018-05-16 16:01:39,6,1,5,0
8juazs,2018-05-16 11:55:22,44,r/blackmagicfuckery,1,2018-05-16 16:22:45,7,1,8,0
8juazs,2018-05-16 11:55:22,44,r/blackmagicfuckery,1,2018-05-16 16:32:33,8,0,6,0
8juazs,2018-05-16 11:55:22,44,r/blackmagicfuckery,1,2018-05-16 15:34:48,4,4,6,0
8juazs,2018-05-16 11:55:22,44,r/blackmagicfuckery,1,2018-05-16 15:53:09,5,3,13,0
8juazs,2018-05-16 11:55:22,44,r/blackmagicfuckery,1,2018-05-16 16:10:50,6,0,3,0
8juazs,2018-05-16 11:55:22,44,r/blackmagicfuckery,1,2018-05-16 17:22:37,6,1,2,0
8juazs,2018-05-16 11:55:22,44,r/blackmagicfuckery,1,2018-05-16 17:38:05,7,0,2,0
8juazs,2018-05-16 11:55:22,44,r/blackmagicfuckery,1,2018-05-16 18:23:02,6,0,1,0
8juazs,2018-05-16 11:55:22,44,r/blackmagicfuckery,1,2018-05-16 15:34:50,5,1,8,0
8juazs,2018-05-16 11:55:22,44,r/blackmagicfuckery,1,2018-05-16 16:06:56,6,1,1,0
8juazs,2018-05-16 11:55:22,44,r/blackmagicfuckery,1,2018-05-16 16:06:58,7,0,3,0
8juazs,2018-05-16 11:55:22,44,r/blackmagicfuckery,1,2018-05-16 16:06:49,5,0,1,0
8juazs,2018-05-16 11:55:22,44,r/blackmagicfuckery,1,2018-05-16 17:36:16,5,0,1,0
8juazs,2018-05-16 11:55:22,44,r/blackmagicfuckery,1,2018-05-16 17:16:07,4,0,1,0
8juazs,2018-05-16 11:55:22,44,r/blackmagicfuckery,1,2018-05-16 17:46:42,4,0,1,0
8juazs,2018-05-16 11:55:22,44,r/blackmagicfuckery,1,2018-05-16 13:24:11,3,1,23,0
8juazs,2018-05-16 11:55:22,44,r/blackmagicfuckery,1,2018-05-16 13:24:48,4,0,8,0
8juazs,2018-05-16 11:55:22,44,r/blackmagicfuckery,1,2018-05-16 15:47:04,3,0,6,0
8juazs,2018-05-16 11:55:22,44,r/blackmagicfuckery,1,2018-05-16 16:15:20,3,2,3,0
8juazs,2018-05-16 11:55:22,44,r/blackmagicfuckery,1,2018-05-16 16:34:03,4,1,2,0
8juazs,2018-05-16 11:55:22,44,r/blackmagicfuckery,1,2018-05-16 16:35:27,5,0,2,0
8juazs,2018-05-16 11:55:22,44,r/blackmagicfuckery,1,2018-05-16 17:40:53,4,1,1,0
8juazs,2018-05-16 11:55:22,44,r/blackmagicfuckery,1,2018-05-16 17:42:02,5,1,1,0
8juazs,2018-05-16 11:55:22,44,r/blackmagicfuckery,1,2018-05-16 17:46:24,6,1,1,0
8juazs,2018-05-16 11:55:22,44,r/blackmagicfuckery,1,2018-05-16 17:57:22,7,0,1,0
8juazs,2018-05-16 11:55:22,44,r/blackmagicfuckery,1,2018-05-16 16:50:41,3,0,3,0
8juazs,2018-05-16 11:55:22,44,r/blackmagicfuckery,1,2018-05-16 17:00:38,3,0,1,0
8juazs,2018-05-16 11:55:22,44,r/blackmagicfuckery,1,2018-05-16 17:50:32,3,0,1,0
8juazs,2018-05-16 11:55:22,44,r/blackmagicfuckery,1,2018-05-16 18:04:47,3,0,1,0
8juazs,2018-05-16 11:55:22,44,r/blackmagicfuckery,1,2018-05-16 18:23:23,3,0,1,0
8juazs,2018-05-16 11:55:22,44,r/blackmagicfuckery,1,2018-05-16 18:26:18,3,0,1,0
8juazs,2018-05-16 11:55:22,44,r/blackmagicfuckery,1,2018-05-16 16:30:57,2,1,13,0
8juazs,2018-05-16 11:55:22,44,r/blackmagicfuckery,1,2018-05-16 18:00:02,3,1,1,0
8juazs,2018-05-16 11:55:22,44,r/blackmagicfuckery,1,2018-05-16 18:04:02,4,0,1,0
8juazs,2018-05-16 11:55:22,44,r/blackmagicfuckery,1,2018-05-16 16:51:06,2,0,3,0
8juazs,2018-05-16 11:55:22,44,r/blackmagicfuckery,1,2018-05-16 16:52:35,2,0,1,0
8juazs,2018-05-16 11:55:22,44,r/blackmagicfuckery,1,2018-05-16 17:42:29,2,0,1,0
8juazs,2018-05-16 11:55:22,44,r/blackmagicfuckery,1,2018-05-16 14:17:09,1,4,136,0
8juazs,2018-05-16 11:55:22,44,r/blackmagicfuckery,1,2018-05-16 15:12:58,2,1,19,0
8juazs,2018-05-16 11:55:22,44,r/blackmagicfuckery,1,2018-05-16 15:28:32,3,1,16,0
8juazs,2018-05-16 11:55:22,44,r/blackmagicfuckery,1,2018-05-16 16:08:07,4,3,5,0
8juazs,2018-05-16 11:55:22,44,r/blackmagicfuckery,1,2018-05-16 16:25:45,5,0,6,0
8juazs,2018-05-16 11:55:22,44,r/blackmagicfuckery,1,2018-05-16 16:38:05,5,0,5,0
8juazs,2018-05-16 11:55:22,44,r/blackmagicfuckery,1,2018-05-16 16:39:34,5,0,3,0
8juazs,2018-05-16 11:55:22,44,r/blackmagicfuckery,1,2018-05-16 15:10:54,2,2,13,0
8juazs,2018-05-16 11:55:22,44,r/blackmagicfuckery,1,2018-05-16 15:21:59,3,3,6,0
8juazs,2018-05-16 11:55:22,44,r/blackmagicfuckery,1,2018-05-16 15:43:41,4,0,3,0
8juazs,2018-05-16 11:55:22,44,r/blackmagicfuckery,1,2018-05-16 16:25:32,4,0,2,0
8juazs,2018-05-16 11:55:22,44,r/blackmagicfuckery,1,2018-05-16 18:14:59,4,0,1,0
8juazs,2018-05-16 11:55:22,44,r/blackmagicfuckery,1,2018-05-16 16:40:50,3,0,3,0
8juazs,2018-05-16 11:55:22,44,r/blackmagicfuckery,1,2018-05-16 15:35:29,2,1,1,0
8juazs,2018-05-16 11:55:22,44,r/blackmagicfuckery,1,2018-05-16 15:47:05,3,0,1,0
8juazs,2018-05-16 11:55:22,44,r/blackmagicfuckery,1,2018-05-16 17:40:55,2,0,1,0
8juazs,2018-05-16 11:55:22,44,r/blackmagicfuckery,1,2018-05-16 14:47:20,1,3,28,0
8juazs,2018-05-16 11:55:22,44,r/blackmagicfuckery,1,2018-05-16 17:42:13,2,1,2,0
8juazs,2018-05-16 11:55:22,44,r/blackmagicfuckery,1,2018-05-16 18:26:28,3,0,1,0
8juazs,2018-05-16 11:55:22,44,r/blackmagicfuckery,1,2018-05-16 18:23:11,2,0,2,0
8juazs,2018-05-16 11:55:22,44,r/blackmagicfuckery,1,2018-05-16 18:10:41,2,0,1,0
8juazs,2018-05-16 11:55:22,44,r/blackmagicfuckery,1,2018-05-16 14:06:53,1,2,11,0
8juazs,2018-05-16 11:55:22,44,r/blackmagicfuckery,1,2018-05-16 14:23:05,2,3,19,0
8juazs,2018-05-16 11:55:22,44,r/blackmagicfuckery,1,2018-05-16 15:08:29,3,0,11,0
8juazs,2018-05-16 11:55:22,44,r/blackmagicfuckery,1,2018-05-16 14:55:29,3,3,3,0
8juazs,2018-05-16 11:55:22,44,r/blackmagicfuckery,1,2018-05-16 14:59:41,4,0,4,0
8juazs,2018-05-16 11:55:22,44,r/blackmagicfuckery,1,2018-05-16 15:27:48,4,0,3,0
8juazs,2018-05-16 11:55:22,44,r/blackmagicfuckery,1,2018-05-16 18:23:41,4,0,1,0
8juazs,2018-05-16 11:55:22,44,r/blackmagicfuckery,1,2018-05-16 17:50:47,3,1,1,0
8juazs,2018-05-16 11:55:22,44,r/blackmagicfuckery,1,2018-05-16 17:53:46,4,1,2,0
8juazs,2018-05-16 11:55:22,44,r/blackmagicfuckery,1,2018-05-16 18:15:17,5,0,2,0
8juazs,2018-05-16 11:55:22,44,r/blackmagicfuckery,1,2018-05-16 18:23:17,2,0,1,0
8juazs,2018-05-16 11:55:22,44,r/blackmagicfuckery,1,2018-05-16 14:25:21,1,0,9,0
8juazs,2018-05-16 11:55:22,44,r/blackmagicfuckery,1,2018-05-16 15:05:05,1,0,3,0
8juazs,2018-05-16 11:55:22,44,r/blackmagicfuckery,1,2018-05-16 15:24:32,1,0,7,0
8juazs,2018-05-16 11:55:22,44,r/blackmagicfuckery,1,2018-05-16 15:16:18,1,0,2,0
8juazs,2018-05-16 11:55:22,44,r/blackmagicfuckery,1,2018-05-16 15:20:15,1,0,2,0
8juazs,2018-05-16 11:55:22,44,r/blackmagicfuckery,1,2018-05-16 16:12:59,1,0,2,0
8juazs,2018-05-16 11:55:22,44,r/blackmagicfuckery,1,2018-05-16 15:28:09,1,0,1,0
8juazs,2018-05-16 11:55:22,44,r/blackmagicfuckery,1,2018-05-16 15:50:10,1,0,1,0
8juazs,2018-05-16 11:55:22,44,r/blackmagicfuckery,1,2018-05-16 15:56:14,1,0,1,0
8juazs,2018-05-16 11:55:22,44,r/blackmagicfuckery,1,2018-05-16 16:01:36,1,0,1,0
8juazs,2018-05-16 11:55:22,44,r/blackmagicfuckery,1,2018-05-16 16:09:06,1,0,1,0
8juazs,2018-05-16 11:55:22,44,r/blackmagicfuckery,1,2018-05-16 16:34:49,1,0,1,0
8juazs,2018-05-16 11:55:22,44,r/blackmagicfuckery,1,2018-05-16 16:41:40,1,0,1,0
8juazs,2018-05-16 11:55:22,44,r/blackmagicfuckery,1,2018-05-16 16:46:20,1,0,1,0
8juazs,2018-05-16 11:55:22,44,r/blackmagicfuckery,1,2018-05-16 16:52:36,1,0,1,0
8juazs,2018-05-16 11:55:22,44,r/blackmagicfuckery,1,2018-05-16 16:53:05,1,0,1,0
8juazs,2018-05-16 11:55:22,44,r/blackmagicfuckery,1,2018-05-16 16:54:57,1,0,1,0
8juazs,2018-05-16 11:55:22,44,r/blackmagicfuckery,1,2018-05-16 16:58:24,1,0,1,0
8juazs,2018-05-16 11:55:22,44,r/blackmagicfuckery,1,2018-05-16 17:07:53,1,0,1,0
8juazs,2018-05-16 11:55:22,44,r/blackmagicfuckery,1,2018-05-16 17:07:57,1,0,1,0
8juazs,2018-05-16 11:55:22,44,r/blackmagicfuckery,1,2018-05-16 17:10:05,1,0,1,0
8juazs,2018-05-16 11:55:22,44,r/blackmagicfuckery,1,2018-05-16 17:25:24,1,0,1,0
8juazs,2018-05-16 11:55:22,44,r/blackmagicfuckery,1,2018-05-16 17:34:49,1,0,1,0
8juazs,2018-05-16 11:55:22,44,r/blackmagicfuckery,1,2018-05-16 17:41:32,1,0,1,0
8juazs,2018-05-16 11:55:22,44,r/blackmagicfuckery,1,2018-05-16 17:45:39,1,0,1,0
8juazs,2018-05-16 11:55:22,44,r/blackmagicfuckery,1,2018-05-16 17:49:52,1,0,1,0
8juazs,2018-05-16 11:55:22,44,r/blackmagicfuckery,1,2018-05-16 18:05:27,1,0,1,0
8juazs,2018-05-16 11:55:22,44,r/blackmagicfuckery,1,2018-05-16 18:06:20,1,0,1,0
8juazs,2018-05-16 11:55:22,44,r/blackmagicfuckery,1,2018-05-16 18:19:38,1,0,1,0
8juazs,2018-05-16 11:55:22,44,r/blackmagicfuckery,1,2018-05-16 18:21:39,1,0,1,0
8juazs,2018-05-16 11:55:22,44,r/blackmagicfuckery,1,2018-05-16 18:24:36,1,0,1,0
8juazs,2018-05-16 11:55:22,44,r/blackmagicfuckery,1,2018-05-16 14:56:21,1,1,0,0
8juazs,2018-05-16 11:55:22,44,r/blackmagicfuckery,1,2018-05-16 15:29:22,2,1,-1,0
8juazs,2018-05-16 11:55:22,44,r/blackmagicfuckery,1,2018-05-16 17:26:46,3,0,1,0
8juazs,2018-05-16 11:55:22,44,r/blackmagicfuckery,1,2018-05-16 15:33:39,1,0,0,0
8juazs,2018-05-16 11:55:22,44,r/blackmagicfuckery,2,2018-05-16 12:55:03,0,4,498,0
8juazs,2018-05-16 11:55:22,44,r/blackmagicfuckery,2,2018-05-16 13:17:34,1,1,260,0
8juazs,2018-05-16 11:55:22,44,r/blackmagicfuckery,2,2018-05-16 14:27:12,2,1,76,0
8juazs,2018-05-16 11:55:22,44,r/blackmagicfuckery,2,2018-05-16 14:48:09,3,2,18,0
8juazs,2018-05-16 11:55:22,44,r/blackmagicfuckery,2,2018-05-16 17:28:51,4,0,7,0
8juazs,2018-05-16 11:55:22,44,r/blackmagicfuckery,2,2018-05-16 18:25:25,4,0,1,0
8juazs,2018-05-16 11:55:22,44,r/blackmagicfuckery,2,2018-05-16 15:07:04,1,2,15,0
8juazs,2018-05-16 11:55:22,44,r/blackmagicfuckery,2,2018-05-16 15:44:33,2,0,6,0
8juazs,2018-05-16 11:55:22,44,r/blackmagicfuckery,2,2018-05-16 17:15:51,2,0,2,0
8juazs,2018-05-16 11:55:22,44,r/blackmagicfuckery,2,2018-05-16 14:30:27,1,0,6,0
8juazs,2018-05-16 11:55:22,44,r/blackmagicfuckery,2,2018-05-16 18:05:00,1,0,1,0
8juazs,2018-05-16 11:55:22,44,r/blackmagicfuckery,3,2018-05-16 14:31:11,0,3,136,0
8juazs,2018-05-16 11:55:22,44,r/blackmagicfuckery,3,2018-05-16 14:57:01,1,4,61,0
8juazs,2018-05-16 11:55:22,44,r/blackmagicfuckery,3,2018-05-16 15:30:47,2,0,25,0
8juazs,2018-05-16 11:55:22,44,r/blackmagicfuckery,3,2018-05-16 16:45:32,2,0,13,0
8juazs,2018-05-16 11:55:22,44,r/blackmagicfuckery,3,2018-05-16 18:19:54,2,0,1,0
8juazs,2018-05-16 11:55:22,44,r/blackmagicfuckery,3,2018-05-16 15:45:30,2,1,-8,0
8juazs,2018-05-16 11:55:22,44,r/blackmagicfuckery,3,2018-05-16 17:14:11,3,1,4,0
8juazs,2018-05-16 11:55:22,44,r/blackmagicfuckery,3,2018-05-16 17:43:46,4,0,-2,0
8juazs,2018-05-16 11:55:22,44,r/blackmagicfuckery,3,2018-05-16 17:35:30,1,0,9,0
8juazs,2018-05-16 11:55:22,44,r/blackmagicfuckery,3,2018-05-16 16:56:54,1,1,3,0
8juazs,2018-05-16 11:55:22,44,r/blackmagicfuckery,3,2018-05-16 17:46:20,2,0,3,0
8juazs,2018-05-16 11:55:22,44,r/blackmagicfuckery,4,2018-05-16 13:17:09,0,1,204,0
8juazs,2018-05-16 11:55:22,44,r/blackmagicfuckery,4,2018-05-16 16:28:37,1,1,42,0
8juazs,2018-05-16 11:55:22,44,r/blackmagicfuckery,4,2018-05-16 16:40:01,2,0,16,0
8juazs,2018-05-16 11:55:22,44,r/blackmagicfuckery,5,2018-05-16 14:50:45,0,1,67,0
8juazs,2018-05-16 11:55:22,44,r/blackmagicfuckery,5,2018-05-16 17:24:05,1,1,18,0
8juazs,2018-05-16 11:55:22,44,r/blackmagicfuckery,5,2018-05-16 17:32:06,2,1,8,0
8juazs,2018-05-16 11:55:22,44,r/blackmagicfuckery,5,2018-05-16 18:12:55,3,0,2,0
8juazs,2018-05-16 11:55:22,44,r/blackmagicfuckery,6,2018-05-16 12:02:25,0,1,49,0
8juazs,2018-05-16 11:55:22,44,r/blackmagicfuckery,6,2018-05-16 12:18:52,1,1,-66,0
8juazs,2018-05-16 11:55:22,44,r/blackmagicfuckery,6,2018-05-16 15:18:30,2,1,20,0
8juazs,2018-05-16 11:55:22,44,r/blackmagicfuckery,6,2018-05-16 15:32:15,3,0,5,0
8juazs,2018-05-16 11:55:22,44,r/blackmagicfuckery,7,2018-05-16 15:08:30,0,1,18,0
8juazs,2018-05-16 11:55:22,44,r/blackmagicfuckery,7,2018-05-16 18:07:07,1,0,0,0
8juazs,2018-05-16 11:55:22,44,r/blackmagicfuckery,8,2018-05-16 14:00:50,0,3,33,0
8juazs,2018-05-16 11:55:22,44,r/blackmagicfuckery,8,2018-05-16 14:27:18,1,1,33,0
8juazs,2018-05-16 11:55:22,44,r/blackmagicfuckery,8,2018-05-16 14:40:12,2,1,6,0
8juazs,2018-05-16 11:55:22,44,r/blackmagicfuckery,8,2018-05-16 16:53:06,3,0,2,0
8juazs,2018-05-16 11:55:22,44,r/blackmagicfuckery,8,2018-05-16 16:32:15,1,0,5,0
8juazs,2018-05-16 11:55:22,44,r/blackmagicfuckery,8,2018-05-16 15:02:07,1,1,3,0
8juazs,2018-05-16 11:55:22,44,r/blackmagicfuckery,8,2018-05-16 16:46:33,2,0,1,0
8juazs,2018-05-16 11:55:22,44,r/blackmagicfuckery,9,2018-05-16 12:52:57,0,1,14,0
8juazs,2018-05-16 11:55:22,44,r/blackmagicfuckery,9,2018-05-16 15:09:18,1,0,6,0
8juazs,2018-05-16 11:55:22,44,r/blackmagicfuckery,10,2018-05-16 14:47:33,0,0,13,0
8juazs,2018-05-16 11:55:22,44,r/blackmagicfuckery,11,2018-05-16 15:02:35,0,2,16,0
8juazs,2018-05-16 11:55:22,44,r/blackmagicfuckery,11,2018-05-16 15:26:04,1,0,6,0
8juazs,2018-05-16 11:55:22,44,r/blackmagicfuckery,11,2018-05-16 18:09:09,1,0,1,0
8juazs,2018-05-16 11:55:22,44,r/blackmagicfuckery,12,2018-05-16 15:55:20,0,0,7,0
8juazs,2018-05-16 11:55:22,44,r/blackmagicfuckery,13,2018-05-16 14:36:41,0,2,4,0
8juazs,2018-05-16 11:55:22,44,r/blackmagicfuckery,13,2018-05-16 15:03:50,1,0,2,0
8juazs,2018-05-16 11:55:22,44,r/blackmagicfuckery,13,2018-05-16 16:33:45,1,0,0,0
8juazs,2018-05-16 11:55:22,44,r/blackmagicfuckery,14,2018-05-16 15:47:57,0,0,5,0
8juazs,2018-05-16 11:55:22,44,r/blackmagicfuckery,15,2018-05-16 16:04:40,0,0,4,0
8juazs,2018-05-16 11:55:22,44,r/blackmagicfuckery,16,2018-05-16 16:11:15,0,0,5,0
8juazs,2018-05-16 11:55:22,44,r/blackmagicfuckery,17,2018-05-16 16:15:06,0,1,5,0
8juazs,2018-05-16 11:55:22,44,r/blackmagicfuckery,17,2018-05-16 16:24:01,1,0,3,0
8juazs,2018-05-16 11:55:22,44,r/blackmagicfuckery,18,2018-05-16 15:00:25,0,0,7,0
8juazs,2018-05-16 11:55:22,44,r/blackmagicfuckery,19,2018-05-16 15:09:35,0,0,2,0
8juazs,2018-05-16 11:55:22,44,r/blackmagicfuckery,20,2018-05-16 15:13:33,0,0,2,0
8juazs,2018-05-16 11:55:22,44,r/blackmagicfuckery,21,2018-05-16 16:31:30,0,0,2,0
8juazs,2018-05-16 11:55:22,44,r/blackmagicfuckery,22,2018-05-16 16:44:12,0,0,2,0
8juazs,2018-05-16 11:55:22,44,r/blackmagicfuckery,23,2018-05-16 16:52:28,0,0,2,0
8juazs,2018-05-16 11:55:22,44,r/blackmagicfuckery,24,2018-05-16 15:35:13,0,0,2,0
8juazs,2018-05-16 11:55:22,44,r/blackmagicfuckery,25,2018-05-16 15:10:23,0,0,1,0
8juazs,2018-05-16 11:55:22,44,r/blackmagicfuckery,26,2018-05-16 15:23:49,0,0,1,0
8juazs,2018-05-16 11:55:22,44,r/blackmagicfuckery,27,2018-05-16 15:34:17,0,0,1,0
8juazs,2018-05-16 11:55:22,44,r/blackmagicfuckery,28,2018-05-16 15:34:37,0,0,1,0
8juazs,2018-05-16 11:55:22,44,r/blackmagicfuckery,29,2018-05-16 15:36:46,0,0,1,0
8juazs,2018-05-16 11:55:22,44,r/blackmagicfuckery,30,2018-05-16 15:46:46,0,0,1,0
8juazs,2018-05-16 11:55:22,44,r/blackmagicfuckery,31,2018-05-16 15:47:55,0,0,1,0
8juazs,2018-05-16 11:55:22,44,r/blackmagicfuckery,32,2018-05-16 16:05:21,0,0,1,0
8juazs,2018-05-16 11:55:22,44,r/blackmagicfuckery,33,2018-05-16 16:09:12,0,0,1,0
8juazs,2018-05-16 11:55:22,44,r/blackmagicfuckery,34,2018-05-16 16:09:46,0,0,1,0
8juazs,2018-05-16 11:55:22,44,r/blackmagicfuckery,35,2018-05-16 16:09:50,0,0,1,0
8juazs,2018-05-16 11:55:22,44,r/blackmagicfuckery,36,2018-05-16 16:16:57,0,0,1,0
8juazs,2018-05-16 11:55:22,44,r/blackmagicfuckery,37,2018-05-16 16:20:04,0,0,1,0
8juazs,2018-05-16 11:55:22,44,r/blackmagicfuckery,38,2018-05-16 16:20:51,0,0,1,0
8juazs,2018-05-16 11:55:22,44,r/blackmagicfuckery,39,2018-05-16 16:22:20,0,0,1,0
8juazs,2018-05-16 11:55:22,44,r/blackmagicfuckery,40,2018-05-16 16:31:42,0,0,1,0
8juazs,2018-05-16 11:55:22,44,r/blackmagicfuckery,41,2018-05-16 16:31:52,0,0,1,0
8juazs,2018-05-16 11:55:22,44,r/blackmagicfuckery,42,2018-05-16 16:31:57,0,0,1,0
8juazs,2018-05-16 11:55:22,44,r/blackmagicfuckery,43,2018-05-16 16:32:04,0,0,1,0
8juazs,2018-05-16 11:55:22,44,r/blackmagicfuckery,44,2018-05-16 16:38:13,0,0,1,0
8juazs,2018-05-16 11:55:22,44,r/blackmagicfuckery,45,2018-05-16 16:43:23,0,0,1,0
8juazs,2018-05-16 11:55:22,44,r/blackmagicfuckery,46,2018-05-16 16:53:45,0,0,1,0
8juazs,2018-05-16 11:55:22,44,r/blackmagicfuckery,47,2018-05-16 16:55:23,0,0,1,0
8juazs,2018-05-16 11:55:22,44,r/blackmagicfuckery,48,2018-05-16 17:04:00,0,0,1,0
8juazs,2018-05-16 11:55:22,44,r/blackmagicfuckery,49,2018-05-16 17:08:32,0,0,1,0
8juazs,2018-05-16 11:55:22,44,r/blackmagicfuckery,50,2018-05-16 17:12:36,0,0,1,0
8juazs,2018-05-16 11:55:22,44,r/blackmagicfuckery,51,2018-05-16 17:13:19,0,0,1,0
8juazs,2018-05-16 11:55:22,44,r/blackmagicfuckery,52,2018-05-16 17:14:38,0,0,1,0
8juazs,2018-05-16 11:55:22,44,r/blackmagicfuckery,53,2018-05-16 17:16:40,0,0,1,0
8juazs,2018-05-16 11:55:22,44,r/blackmagicfuckery,54,2018-05-16 17:18:21,0,0,1,0
8juazs,2018-05-16 11:55:22,44,r/blackmagicfuckery,55,2018-05-16 17:19:33,0,0,1,0
8juazs,2018-05-16 11:55:22,44,r/blackmagicfuckery,56,2018-05-16 17:19:49,0,0,1,0
8juazs,2018-05-16 11:55:22,44,r/blackmagicfuckery,57,2018-05-16 17:20:18,0,0,1,0
8juazs,2018-05-16 11:55:22,44,r/blackmagicfuckery,58,2018-05-16 17:21:57,0,0,1,0
8juazs,2018-05-16 11:55:22,44,r/blackmagicfuckery,59,2018-05-16 17:25:29,0,0,1,0
8juazs,2018-05-16 11:55:22,44,r/blackmagicfuckery,60,2018-05-16 17:25:47,0,0,1,0
8juazs,2018-05-16 11:55:22,44,r/blackmagicfuckery,61,2018-05-16 17:33:40,0,0,1,0
8juazs,2018-05-16 11:55:22,44,r/blackmagicfuckery,62,2018-05-16 17:34:55,0,0,1,0
8juazs,2018-05-16 11:55:22,44,r/blackmagicfuckery,63,2018-05-16 17:40:22,0,0,1,0
8juazs,2018-05-16 11:55:22,44,r/blackmagicfuckery,64,2018-05-16 17:42:41,0,0,1,0
8juazs,2018-05-16 11:55:22,44,r/blackmagicfuckery,65,2018-05-16 17:46:00,0,0,1,0
8juazs,2018-05-16 11:55:22,44,r/blackmagicfuckery,66,2018-05-16 17:46:51,0,0,1,0
8juazs,2018-05-16 11:55:22,44,r/blackmagicfuckery,67,2018-05-16 17:55:24,0,0,1,0
8juazs,2018-05-16 11:55:22,44,r/blackmagicfuckery,68,2018-05-16 17:55:26,0,0,1,0
8juazs,2018-05-16 11:55:22,44,r/blackmagicfuckery,69,2018-05-16 18:06:05,0,0,1,0
8juazs,2018-05-16 11:55:22,44,r/blackmagicfuckery,70,2018-05-16 18:12:42,0,0,1,0
8juazs,2018-05-16 11:55:22,44,r/blackmagicfuckery,71,2018-05-16 18:13:34,0,0,1,0
8juazs,2018-05-16 11:55:22,44,r/blackmagicfuckery,72,2018-05-16 18:14:14,0,0,1,0
8juazs,2018-05-16 11:55:22,44,r/blackmagicfuckery,73,2018-05-16 18:18:33,0,0,1,0
8juazs,2018-05-16 11:55:22,44,r/blackmagicfuckery,74,2018-05-16 18:19:00,0,0,1,0
8juazs,2018-05-16 11:55:22,44,r/blackmagicfuckery,75,2018-05-16 18:20:10,0,0,1,0
8juazs,2018-05-16 11:55:22,44,r/blackmagicfuckery,76,2018-05-16 18:21:18,0,0,1,0
8juazs,2018-05-16 11:55:22,44,r/blackmagicfuckery,77,2018-05-16 18:23:12,0,0,1,0
8juazs,2018-05-16 11:55:22,44,r/blackmagicfuckery,78,2018-05-16 18:23:54,0,0,1,0
8juazs,2018-05-16 11:55:22,44,r/blackmagicfuckery,79,2018-05-16 18:28:07,0,0,1,0
8juazs,2018-05-16 11:55:22,44,r/blackmagicfuckery,80,2018-05-16 16:52:57,0,0,1,0
8juazs,2018-05-16 11:55:22,44,r/blackmagicfuckery,81,2018-05-16 11:56:34,0,0,-3,0
8juazs,2018-05-16 11:55:22,44,r/blackmagicfuckery,82,2018-05-16 15:24:29,0,0,-1,0
8ju0u6,2018-05-16 11:04:10,45,r/marvelstudios,0,2018-05-16 13:41:58,0,7,1762,0
8ju0u6,2018-05-16 11:04:10,45,r/marvelstudios,0,2018-05-16 13:51:24,1,16,986,0
8ju0u6,2018-05-16 11:04:10,45,r/marvelstudios,0,2018-05-16 14:07:50,2,2,738,0
8ju0u6,2018-05-16 11:04:10,45,r/marvelstudios,0,2018-05-16 14:47:27,3,0,178,0
8ju0u6,2018-05-16 11:04:10,45,r/marvelstudios,0,2018-05-16 17:27:58,3,1,28,0
8ju0u6,2018-05-16 11:04:10,45,r/marvelstudios,0,2018-05-16 18:06:14,4,1,9,0
8ju0u6,2018-05-16 11:04:10,45,r/marvelstudios,0,2018-05-16 18:15:30,5,1,1,0
8ju0u6,2018-05-16 11:04:10,45,r/marvelstudios,0,2018-05-16 18:16:01,6,1,1,0
8ju0u6,2018-05-16 11:04:10,45,r/marvelstudios,0,2018-05-16 18:26:56,7,0,1,0
8ju0u6,2018-05-16 11:04:10,45,r/marvelstudios,0,2018-05-16 14:20:05,2,2,310,0
8ju0u6,2018-05-16 11:04:10,45,r/marvelstudios,0,2018-05-16 17:15:29,3,2,66,0
8ju0u6,2018-05-16 11:04:10,45,r/marvelstudios,0,2018-05-16 17:38:01,4,2,5,0
8ju0u6,2018-05-16 11:04:10,45,r/marvelstudios,0,2018-05-16 17:54:03,5,1,13,0
8ju0u6,2018-05-16 11:04:10,45,r/marvelstudios,0,2018-05-16 18:08:38,6,0,12,0
8ju0u6,2018-05-16 11:04:10,45,r/marvelstudios,0,2018-05-16 18:20:04,5,0,3,0
8ju0u6,2018-05-16 11:04:10,45,r/marvelstudios,0,2018-05-16 18:15:41,4,0,1,0
8ju0u6,2018-05-16 11:04:10,45,r/marvelstudios,0,2018-05-16 16:27:14,3,1,42,0
8ju0u6,2018-05-16 11:04:10,45,r/marvelstudios,0,2018-05-16 17:29:28,4,0,8,0
8ju0u6,2018-05-16 11:04:10,45,r/marvelstudios,0,2018-05-16 14:00:50,2,3,293,0
8ju0u6,2018-05-16 11:04:10,45,r/marvelstudios,0,2018-05-16 15:14:11,3,11,78,0
8ju0u6,2018-05-16 11:04:10,45,r/marvelstudios,0,2018-05-16 15:17:07,4,2,136,0
8ju0u6,2018-05-16 11:04:10,45,r/marvelstudios,0,2018-05-16 15:21:48,5,6,156,0
8ju0u6,2018-05-16 11:04:10,45,r/marvelstudios,0,2018-05-16 15:29:08,6,1,138,0
8ju0u6,2018-05-16 11:04:10,45,r/marvelstudios,0,2018-05-16 17:25:07,7,0,19,0
8ju0u6,2018-05-16 11:04:10,45,r/marvelstudios,0,2018-05-16 15:46:55,6,0,110,0
8ju0u6,2018-05-16 11:04:10,45,r/marvelstudios,0,2018-05-16 16:29:37,6,0,21,0
8ju0u6,2018-05-16 11:04:10,45,r/marvelstudios,0,2018-05-16 16:52:05,6,1,15,0
8ju0u6,2018-05-16 11:04:10,45,r/marvelstudios,0,2018-05-16 17:05:23,7,3,34,0
8ju0u6,2018-05-16 11:04:10,45,r/marvelstudios,0,2018-05-16 17:15:10,8,1,10,0
8ju0u6,2018-05-16 11:04:10,45,r/marvelstudios,0,2018-05-16 18:13:18,9,0,1,0
8ju0u6,2018-05-16 11:04:10,45,r/marvelstudios,0,2018-05-16 17:19:04,8,1,2,0
8ju0u6,2018-05-16 11:04:10,45,r/marvelstudios,0,2018-05-16 17:46:27,9,0,5,0
8ju0u6,2018-05-16 11:04:10,45,r/marvelstudios,0,2018-05-16 18:29:26,8,0,1,0
8ju0u6,2018-05-16 11:04:10,45,r/marvelstudios,0,2018-05-16 17:15:00,6,1,3,0
8ju0u6,2018-05-16 11:04:10,45,r/marvelstudios,0,2018-05-16 18:06:26,7,0,1,0
8ju0u6,2018-05-16 11:04:10,45,r/marvelstudios,0,2018-05-16 18:10:50,6,0,1,0
8ju0u6,2018-05-16 11:04:10,45,r/marvelstudios,0,2018-05-16 15:27:36,5,1,19,0
8ju0u6,2018-05-16 11:04:10,45,r/marvelstudios,0,2018-05-16 16:17:29,6,1,9,0
8ju0u6,2018-05-16 11:04:10,45,r/marvelstudios,0,2018-05-16 16:48:18,7,1,1,0
8ju0u6,2018-05-16 11:04:10,45,r/marvelstudios,0,2018-05-16 17:03:21,8,1,3,0
8ju0u6,2018-05-16 11:04:10,45,r/marvelstudios,0,2018-05-16 17:04:14,9,0,3,0
8ju0u6,2018-05-16 11:04:10,45,r/marvelstudios,0,2018-05-16 16:10:14,4,2,20,0
8ju0u6,2018-05-16 11:04:10,45,r/marvelstudios,0,2018-05-16 16:52:23,5,1,2,0
8ju0u6,2018-05-16 11:04:10,45,r/marvelstudios,0,2018-05-16 18:24:47,6,0,1,0
8ju0u6,2018-05-16 11:04:10,45,r/marvelstudios,0,2018-05-16 17:41:51,5,0,1,0
8ju0u6,2018-05-16 11:04:10,45,r/marvelstudios,0,2018-05-16 15:57:14,4,1,9,0
8ju0u6,2018-05-16 11:04:10,45,r/marvelstudios,0,2018-05-16 17:40:04,5,0,2,0
8ju0u6,2018-05-16 11:04:10,45,r/marvelstudios,0,2018-05-16 16:08:00,4,1,6,0
8ju0u6,2018-05-16 11:04:10,45,r/marvelstudios,0,2018-05-16 16:41:23,5,0,2,0
8ju0u6,2018-05-16 11:04:10,45,r/marvelstudios,0,2018-05-16 16:06:00,4,2,3,0
8ju0u6,2018-05-16 11:04:10,45,r/marvelstudios,0,2018-05-16 16:07:32,5,3,29,0
8ju0u6,2018-05-16 11:04:10,45,r/marvelstudios,0,2018-05-16 16:16:19,6,1,18,0
8ju0u6,2018-05-16 11:04:10,45,r/marvelstudios,0,2018-05-16 16:51:45,7,1,12,0
8ju0u6,2018-05-16 11:04:10,45,r/marvelstudios,0,2018-05-16 17:13:29,8,1,13,0
8ju0u6,2018-05-16 11:04:10,45,r/marvelstudios,0,2018-05-16 17:27:04,9,1,8,0
8ju0u6,2018-05-16 11:04:10,45,r/marvelstudios,0,2018-05-16 16:32:19,6,1,9,0
8ju0u6,2018-05-16 11:04:10,45,r/marvelstudios,0,2018-05-16 18:14:32,7,0,1,0
8ju0u6,2018-05-16 11:04:10,45,r/marvelstudios,0,2018-05-16 16:20:35,6,1,6,0
8ju0u6,2018-05-16 11:04:10,45,r/marvelstudios,0,2018-05-16 16:35:20,7,1,6,0
8ju0u6,2018-05-16 11:04:10,45,r/marvelstudios,0,2018-05-16 17:24:40,8,0,4,0
8ju0u6,2018-05-16 11:04:10,45,r/marvelstudios,0,2018-05-16 17:26:15,5,0,1,0
8ju0u6,2018-05-16 11:04:10,45,r/marvelstudios,0,2018-05-16 16:19:59,4,0,1,0
8ju0u6,2018-05-16 11:04:10,45,r/marvelstudios,0,2018-05-16 17:09:14,4,0,1,0
8ju0u6,2018-05-16 11:04:10,45,r/marvelstudios,0,2018-05-16 17:15:23,4,0,1,0
8ju0u6,2018-05-16 11:04:10,45,r/marvelstudios,0,2018-05-16 17:20:49,4,0,1,0
8ju0u6,2018-05-16 11:04:10,45,r/marvelstudios,0,2018-05-16 17:22:04,4,0,1,0
8ju0u6,2018-05-16 11:04:10,45,r/marvelstudios,0,2018-05-16 18:00:04,4,0,1,0
8ju0u6,2018-05-16 11:04:10,45,r/marvelstudios,0,2018-05-16 16:43:27,3,0,1,0
8ju0u6,2018-05-16 11:04:10,45,r/marvelstudios,0,2018-05-16 16:51:12,3,0,1,0
8ju0u6,2018-05-16 11:04:10,45,r/marvelstudios,0,2018-05-16 15:10:30,2,0,49,0
8ju0u6,2018-05-16 11:04:10,45,r/marvelstudios,0,2018-05-16 14:39:26,2,1,64,0
8ju0u6,2018-05-16 11:04:10,45,r/marvelstudios,0,2018-05-16 17:05:41,3,1,5,0
8ju0u6,2018-05-16 11:04:10,45,r/marvelstudios,0,2018-05-16 18:08:14,4,0,1,0
8ju0u6,2018-05-16 11:04:10,45,r/marvelstudios,0,2018-05-16 14:46:35,2,2,95,0
8ju0u6,2018-05-16 11:04:10,45,r/marvelstudios,0,2018-05-16 15:03:29,3,2,55,0
8ju0u6,2018-05-16 11:04:10,45,r/marvelstudios,0,2018-05-16 15:15:51,4,1,51,0
8ju0u6,2018-05-16 11:04:10,45,r/marvelstudios,0,2018-05-16 15:35:43,5,1,26,0
8ju0u6,2018-05-16 11:04:10,45,r/marvelstudios,0,2018-05-16 16:00:22,6,1,11,0
8ju0u6,2018-05-16 11:04:10,45,r/marvelstudios,0,2018-05-16 16:32:10,7,0,4,0
8ju0u6,2018-05-16 11:04:10,45,r/marvelstudios,0,2018-05-16 17:38:05,4,0,2,0
8ju0u6,2018-05-16 11:04:10,45,r/marvelstudios,0,2018-05-16 15:59:57,3,0,1,0
8ju0u6,2018-05-16 11:04:10,45,r/marvelstudios,0,2018-05-16 15:40:07,2,0,29,0
8ju0u6,2018-05-16 11:04:10,45,r/marvelstudios,0,2018-05-16 16:59:36,2,0,2,0
8ju0u6,2018-05-16 11:04:10,45,r/marvelstudios,0,2018-05-16 16:01:43,2,0,4,0
8ju0u6,2018-05-16 11:04:10,45,r/marvelstudios,0,2018-05-16 16:52:39,2,0,2,0
8ju0u6,2018-05-16 11:04:10,45,r/marvelstudios,0,2018-05-16 15:33:08,2,1,1,0
8ju0u6,2018-05-16 11:04:10,45,r/marvelstudios,0,2018-05-16 15:43:53,3,1,1,0
8ju0u6,2018-05-16 11:04:10,45,r/marvelstudios,0,2018-05-16 16:03:29,4,0,2,0
8ju0u6,2018-05-16 11:04:10,45,r/marvelstudios,0,2018-05-16 17:16:39,2,0,1,0
8ju0u6,2018-05-16 11:04:10,45,r/marvelstudios,0,2018-05-16 17:36:26,2,0,1,0
8ju0u6,2018-05-16 11:04:10,45,r/marvelstudios,0,2018-05-16 18:25:56,2,0,1,0
8ju0u6,2018-05-16 11:04:10,45,r/marvelstudios,0,2018-05-16 18:26:32,2,0,1,0
8ju0u6,2018-05-16 11:04:10,45,r/marvelstudios,0,2018-05-16 18:27:39,2,0,1,0
8ju0u6,2018-05-16 11:04:10,45,r/marvelstudios,0,2018-05-16 15:54:35,1,3,45,0
8ju0u6,2018-05-16 11:04:10,45,r/marvelstudios,0,2018-05-16 16:52:04,2,0,11,0
8ju0u6,2018-05-16 11:04:10,45,r/marvelstudios,0,2018-05-16 17:23:44,2,1,4,0
8ju0u6,2018-05-16 11:04:10,45,r/marvelstudios,0,2018-05-16 17:48:10,3,0,1,0
8ju0u6,2018-05-16 11:04:10,45,r/marvelstudios,0,2018-05-16 17:45:15,2,0,0,0
8ju0u6,2018-05-16 11:04:10,45,r/marvelstudios,0,2018-05-16 16:20:11,1,0,10,0
8ju0u6,2018-05-16 11:04:10,45,r/marvelstudios,0,2018-05-16 16:45:54,1,1,6,0
8ju0u6,2018-05-16 11:04:10,45,r/marvelstudios,0,2018-05-16 16:53:34,2,1,0,0
8ju0u6,2018-05-16 11:04:10,45,r/marvelstudios,0,2018-05-16 17:23:41,3,0,3,0
8ju0u6,2018-05-16 11:04:10,45,r/marvelstudios,0,2018-05-16 16:13:04,1,1,9,0
8ju0u6,2018-05-16 11:04:10,45,r/marvelstudios,0,2018-05-16 17:39:40,2,0,2,0
8ju0u6,2018-05-16 11:04:10,45,r/marvelstudios,0,2018-05-16 17:04:01,1,0,1,0
8ju0u6,2018-05-16 11:04:10,45,r/marvelstudios,0,2018-05-16 18:09:24,1,0,1,0
8ju0u6,2018-05-16 11:04:10,45,r/marvelstudios,1,2018-05-16 12:00:22,0,2,951,0
8ju0u6,2018-05-16 11:04:10,45,r/marvelstudios,1,2018-05-16 13:00:34,1,3,302,0
8ju0u6,2018-05-16 11:04:10,45,r/marvelstudios,1,2018-05-16 13:22:36,2,3,85,0
8ju0u6,2018-05-16 11:04:10,45,r/marvelstudios,1,2018-05-16 13:31:02,3,1,38,0
8ju0u6,2018-05-16 11:04:10,45,r/marvelstudios,1,2018-05-16 13:40:38,4,2,42,0
8ju0u6,2018-05-16 11:04:10,45,r/marvelstudios,1,2018-05-16 13:42:36,5,1,53,0
8ju0u6,2018-05-16 11:04:10,45,r/marvelstudios,1,2018-05-16 14:07:16,6,2,40,0
8ju0u6,2018-05-16 11:04:10,45,r/marvelstudios,1,2018-05-16 14:20:42,7,2,20,0
8ju0u6,2018-05-16 11:04:10,45,r/marvelstudios,1,2018-05-16 14:44:09,8,2,12,0
8ju0u6,2018-05-16 11:04:10,45,r/marvelstudios,1,2018-05-16 15:28:27,9,1,6,0
8ju0u6,2018-05-16 11:04:10,45,r/marvelstudios,1,2018-05-16 17:06:23,9,0,1,0
8ju0u6,2018-05-16 11:04:10,45,r/marvelstudios,1,2018-05-16 15:15:07,8,1,2,0
8ju0u6,2018-05-16 11:04:10,45,r/marvelstudios,1,2018-05-16 16:25:10,9,0,2,0
8ju0u6,2018-05-16 11:04:10,45,r/marvelstudios,1,2018-05-16 18:26:57,7,0,1,0
8ju0u6,2018-05-16 11:04:10,45,r/marvelstudios,1,2018-05-16 13:42:56,5,0,5,0
8ju0u6,2018-05-16 11:04:10,45,r/marvelstudios,1,2018-05-16 13:51:53,3,0,5,0
8ju0u6,2018-05-16 11:04:10,45,r/marvelstudios,1,2018-05-16 15:17:27,3,0,2,0
8ju0u6,2018-05-16 11:04:10,45,r/marvelstudios,1,2018-05-16 15:10:59,2,0,2,0
8ju0u6,2018-05-16 11:04:10,45,r/marvelstudios,1,2018-05-16 16:49:59,2,0,1,0
8ju0u6,2018-05-16 11:04:10,45,r/marvelstudios,1,2018-05-16 14:29:08,1,2,52,0
8ju0u6,2018-05-16 11:04:10,45,r/marvelstudios,1,2018-05-16 14:46:26,2,2,14,0
8ju0u6,2018-05-16 11:04:10,45,r/marvelstudios,1,2018-05-16 14:51:35,3,4,18,0
8ju0u6,2018-05-16 11:04:10,45,r/marvelstudios,1,2018-05-16 14:55:50,4,0,30,0
8ju0u6,2018-05-16 11:04:10,45,r/marvelstudios,1,2018-05-16 15:28:30,4,0,3,0
8ju0u6,2018-05-16 11:04:10,45,r/marvelstudios,1,2018-05-16 17:25:21,4,0,1,0
8ju0u6,2018-05-16 11:04:10,45,r/marvelstudios,1,2018-05-16 18:19:20,4,0,1,0
8ju0u6,2018-05-16 11:04:10,45,r/marvelstudios,1,2018-05-16 15:37:36,3,0,1,0
8ju0u6,2018-05-16 11:04:10,45,r/marvelstudios,1,2018-05-16 16:40:20,2,0,3,0
8ju0u6,2018-05-16 11:04:10,45,r/marvelstudios,2,2018-05-16 11:49:46,0,8,1380,0
8ju0u6,2018-05-16 11:04:10,45,r/marvelstudios,2,2018-05-16 14:03:00,1,4,432,0
8ju0u6,2018-05-16 11:04:10,45,r/marvelstudios,2,2018-05-16 14:08:08,2,1,131,0
8ju0u6,2018-05-16 11:04:10,45,r/marvelstudios,2,2018-05-16 16:03:17,3,2,30,0
8ju0u6,2018-05-16 11:04:10,45,r/marvelstudios,2,2018-05-16 16:56:18,4,1,3,0
8ju0u6,2018-05-16 11:04:10,45,r/marvelstudios,2,2018-05-16 17:36:02,5,1,3,0
8ju0u6,2018-05-16 11:04:10,45,r/marvelstudios,2,2018-05-16 17:45:28,6,0,2,0
8ju0u6,2018-05-16 11:04:10,45,r/marvelstudios,2,2018-05-16 18:23:26,4,0,1,0
8ju0u6,2018-05-16 11:04:10,45,r/marvelstudios,2,2018-05-16 14:44:49,2,2,44,0
8ju0u6,2018-05-16 11:04:10,45,r/marvelstudios,2,2018-05-16 15:16:45,3,3,69,0
8ju0u6,2018-05-16 11:04:10,45,r/marvelstudios,2,2018-05-16 15:23:06,4,1,26,0
8ju0u6,2018-05-16 11:04:10,45,r/marvelstudios,2,2018-05-16 18:17:58,5,0,1,0
8ju0u6,2018-05-16 11:04:10,45,r/marvelstudios,2,2018-05-16 15:59:39,4,0,15,0
8ju0u6,2018-05-16 11:04:10,45,r/marvelstudios,2,2018-05-16 16:55:31,4,0,3,0
8ju0u6,2018-05-16 11:04:10,45,r/marvelstudios,2,2018-05-16 15:27:43,3,0,17,0
8ju0u6,2018-05-16 11:04:10,45,r/marvelstudios,2,2018-05-16 16:24:22,2,0,5,0
8ju0u6,2018-05-16 11:04:10,45,r/marvelstudios,2,2018-05-16 17:03:15,2,0,1,0
8ju0u6,2018-05-16 11:04:10,45,r/marvelstudios,2,2018-05-16 12:44:07,1,3,424,0
8ju0u6,2018-05-16 11:04:10,45,r/marvelstudios,2,2018-05-16 13:35:00,2,0,95,0
8ju0u6,2018-05-16 11:04:10,45,r/marvelstudios,2,2018-05-16 14:09:18,2,0,20,0
8ju0u6,2018-05-16 11:04:10,45,r/marvelstudios,2,2018-05-16 14:09:07,2,1,53,0
8ju0u6,2018-05-16 11:04:10,45,r/marvelstudios,2,2018-05-16 14:30:59,3,3,62,0
8ju0u6,2018-05-16 11:04:10,45,r/marvelstudios,2,2018-05-16 14:31:58,4,1,20,0
8ju0u6,2018-05-16 11:04:10,45,r/marvelstudios,2,2018-05-16 15:10:42,5,2,16,0
8ju0u6,2018-05-16 11:04:10,45,r/marvelstudios,2,2018-05-16 15:55:53,6,0,5,0
8ju0u6,2018-05-16 11:04:10,45,r/marvelstudios,2,2018-05-16 18:15:23,6,1,2,0
8ju0u6,2018-05-16 11:04:10,45,r/marvelstudios,2,2018-05-16 18:16:59,7,0,1,0
8ju0u6,2018-05-16 11:04:10,45,r/marvelstudios,2,2018-05-16 14:39:28,4,0,3,0
8ju0u6,2018-05-16 11:04:10,45,r/marvelstudios,2,2018-05-16 15:27:14,4,0,1,0
8ju0u6,2018-05-16 11:04:10,45,r/marvelstudios,2,2018-05-16 14:42:24,1,4,24,0
8ju0u6,2018-05-16 11:04:10,45,r/marvelstudios,2,2018-05-16 15:31:40,2,1,12,0
8ju0u6,2018-05-16 11:04:10,45,r/marvelstudios,2,2018-05-16 16:36:05,3,4,3,0
8ju0u6,2018-05-16 11:04:10,45,r/marvelstudios,2,2018-05-16 16:56:18,4,0,6,0
8ju0u6,2018-05-16 11:04:10,45,r/marvelstudios,2,2018-05-16 17:42:32,4,1,2,0
8ju0u6,2018-05-16 11:04:10,45,r/marvelstudios,2,2018-05-16 18:20:13,5,0,1,0
8ju0u6,2018-05-16 11:04:10,45,r/marvelstudios,2,2018-05-16 16:59:47,4,0,1,0
8ju0u6,2018-05-16 11:04:10,45,r/marvelstudios,2,2018-05-16 17:35:57,4,0,1,0
8ju0u6,2018-05-16 11:04:10,45,r/marvelstudios,2,2018-05-16 16:17:31,2,0,9,0
8ju0u6,2018-05-16 11:04:10,45,r/marvelstudios,2,2018-05-16 17:38:39,2,1,1,0
8ju0u6,2018-05-16 11:04:10,45,r/marvelstudios,2,2018-05-16 17:45:04,3,1,3,0
8ju0u6,2018-05-16 11:04:10,45,r/marvelstudios,2,2018-05-16 17:52:32,4,0,1,0
8ju0u6,2018-05-16 11:04:10,45,r/marvelstudios,2,2018-05-16 17:53:39,2,0,1,0
8ju0u6,2018-05-16 11:04:10,45,r/marvelstudios,2,2018-05-16 13:46:19,1,1,34,0
8ju0u6,2018-05-16 11:04:10,45,r/marvelstudios,2,2018-05-16 17:51:25,2,0,1,0
8ju0u6,2018-05-16 11:04:10,45,r/marvelstudios,2,2018-05-16 13:45:03,1,0,8,0
8ju0u6,2018-05-16 11:04:10,45,r/marvelstudios,2,2018-05-16 14:45:33,1,0,3,0
8ju0u6,2018-05-16 11:04:10,45,r/marvelstudios,2,2018-05-16 16:30:26,1,0,1,0
8ju0u6,2018-05-16 11:04:10,45,r/marvelstudios,2,2018-05-16 14:02:58,1,0,-6,0
8ju0u6,2018-05-16 11:04:10,45,r/marvelstudios,3,2018-05-16 11:10:26,0,2,225,0
8ju0u6,2018-05-16 11:04:10,45,r/marvelstudios,3,2018-05-16 12:34:59,1,0,51,0
8ju0u6,2018-05-16 11:04:10,45,r/marvelstudios,3,2018-05-16 13:29:09,1,1,77,0
8ju0u6,2018-05-16 11:04:10,45,r/marvelstudios,3,2018-05-16 13:35:31,2,0,32,0
8ju0u6,2018-05-16 11:04:10,45,r/marvelstudios,4,2018-05-16 12:44:12,0,0,77,0
8ju0u6,2018-05-16 11:04:10,45,r/marvelstudios,5,2018-05-16 11:31:35,0,3,182,0
8ju0u6,2018-05-16 11:04:10,45,r/marvelstudios,5,2018-05-16 14:15:03,1,2,162,0
8ju0u6,2018-05-16 11:04:10,45,r/marvelstudios,5,2018-05-16 14:59:42,2,1,72,0
8ju0u6,2018-05-16 11:04:10,45,r/marvelstudios,5,2018-05-16 15:15:53,3,2,48,0
8ju0u6,2018-05-16 11:04:10,45,r/marvelstudios,5,2018-05-16 15:39:23,4,0,24,0
8ju0u6,2018-05-16 11:04:10,45,r/marvelstudios,5,2018-05-16 15:33:10,4,2,27,0
8ju0u6,2018-05-16 11:04:10,45,r/marvelstudios,5,2018-05-16 15:44:03,5,1,35,0
8ju0u6,2018-05-16 11:04:10,45,r/marvelstudios,5,2018-05-16 17:16:20,6,0,6,0
8ju0u6,2018-05-16 11:04:10,45,r/marvelstudios,5,2018-05-16 15:54:06,5,1,26,0
8ju0u6,2018-05-16 11:04:10,45,r/marvelstudios,5,2018-05-16 16:26:47,6,0,15,0
8ju0u6,2018-05-16 11:04:10,45,r/marvelstudios,5,2018-05-16 14:22:01,2,2,0,0
8ju0u6,2018-05-16 11:04:10,45,r/marvelstudios,5,2018-05-16 14:36:54,3,0,25,0
8ju0u6,2018-05-16 11:04:10,45,r/marvelstudios,5,2018-05-16 14:38:51,3,0,3,0
8ju0u6,2018-05-16 11:04:10,45,r/marvelstudios,5,2018-05-16 15:05:28,1,0,17,0
8ju0u6,2018-05-16 11:04:10,45,r/marvelstudios,5,2018-05-16 15:54:34,1,0,-1,0
8ju0u6,2018-05-16 11:04:10,45,r/marvelstudios,6,2018-05-16 12:04:32,0,4,175,0
8ju0u6,2018-05-16 11:04:10,45,r/marvelstudios,6,2018-05-16 12:12:59,1,6,60,0
8ju0u6,2018-05-16 11:04:10,45,r/marvelstudios,6,2018-05-16 12:31:59,2,1,23,0
8ju0u6,2018-05-16 11:04:10,45,r/marvelstudios,6,2018-05-16 12:39:35,3,1,13,0
8ju0u6,2018-05-16 11:04:10,45,r/marvelstudios,6,2018-05-16 12:44:10,4,1,9,0
8ju0u6,2018-05-16 11:04:10,45,r/marvelstudios,6,2018-05-16 12:44:57,5,2,16,0
8ju0u6,2018-05-16 11:04:10,45,r/marvelstudios,6,2018-05-16 14:05:39,6,2,13,0
8ju0u6,2018-05-16 11:04:10,45,r/marvelstudios,6,2018-05-16 14:15:27,7,2,6,0
8ju0u6,2018-05-16 11:04:10,45,r/marvelstudios,6,2018-05-16 14:43:19,8,0,9,0
8ju0u6,2018-05-16 11:04:10,45,r/marvelstudios,6,2018-05-16 14:26:29,8,1,8,0
8ju0u6,2018-05-16 11:04:10,45,r/marvelstudios,6,2018-05-16 14:45:03,9,0,2,0
8ju0u6,2018-05-16 11:04:10,45,r/marvelstudios,6,2018-05-16 15:09:36,7,0,3,0
8ju0u6,2018-05-16 11:04:10,45,r/marvelstudios,6,2018-05-16 13:05:06,6,0,1,0
8ju0u6,2018-05-16 11:04:10,45,r/marvelstudios,6,2018-05-16 13:46:45,2,0,6,0
8ju0u6,2018-05-16 11:04:10,45,r/marvelstudios,6,2018-05-16 14:31:40,2,0,1,0
8ju0u6,2018-05-16 11:04:10,45,r/marvelstudios,6,2018-05-16 14:41:22,2,0,1,0
8ju0u6,2018-05-16 11:04:10,45,r/marvelstudios,6,2018-05-16 14:54:05,2,0,1,0
8ju0u6,2018-05-16 11:04:10,45,r/marvelstudios,6,2018-05-16 12:41:23,2,0,1,0
8ju0u6,2018-05-16 11:04:10,45,r/marvelstudios,6,2018-05-16 17:49:32,1,1,2,0
8ju0u6,2018-05-16 11:04:10,45,r/marvelstudios,6,2018-05-16 17:56:21,2,0,1,0
8ju0u6,2018-05-16 11:04:10,45,r/marvelstudios,6,2018-05-16 14:55:32,1,0,1,0
8ju0u6,2018-05-16 11:04:10,45,r/marvelstudios,6,2018-05-16 16:57:21,1,0,1,0
8ju0u6,2018-05-16 11:04:10,45,r/marvelstudios,7,2018-05-16 12:24:14,0,0,100,0
8ju0u6,2018-05-16 11:04:10,45,r/marvelstudios,8,2018-05-16 13:21:52,0,5,86,0
8ju0u6,2018-05-16 11:04:10,45,r/marvelstudios,8,2018-05-16 13:31:38,1,0,44,0
8ju0u6,2018-05-16 11:04:10,45,r/marvelstudios,8,2018-05-16 13:59:23,1,1,45,0
8ju0u6,2018-05-16 11:04:10,45,r/marvelstudios,8,2018-05-16 17:52:46,2,0,1,0
8ju0u6,2018-05-16 11:04:10,45,r/marvelstudios,8,2018-05-16 14:03:04,1,1,6,0
8ju0u6,2018-05-16 11:04:10,45,r/marvelstudios,8,2018-05-16 14:27:00,2,1,8,0
8ju0u6,2018-05-16 11:04:10,45,r/marvelstudios,8,2018-05-16 14:52:03,3,0,3,0
8ju0u6,2018-05-16 11:04:10,45,r/marvelstudios,8,2018-05-16 16:07:00,1,0,1,0
8ju0u6,2018-05-16 11:04:10,45,r/marvelstudios,8,2018-05-16 16:20:36,1,0,1,0
8ju0u6,2018-05-16 11:04:10,45,r/marvelstudios,9,2018-05-16 13:42:46,0,3,86,0
8ju0u6,2018-05-16 11:04:10,45,r/marvelstudios,9,2018-05-16 13:54:19,1,11,133,0
8ju0u6,2018-05-16 11:04:10,45,r/marvelstudios,9,2018-05-16 13:57:00,2,3,75,0
8ju0u6,2018-05-16 11:04:10,45,r/marvelstudios,9,2018-05-16 14:09:36,3,3,59,0
8ju0u6,2018-05-16 11:04:10,45,r/marvelstudios,9,2018-05-16 14:40:12,4,2,52,0
8ju0u6,2018-05-16 11:04:10,45,r/marvelstudios,9,2018-05-16 14:52:58,5,1,49,0
8ju0u6,2018-05-16 11:04:10,45,r/marvelstudios,9,2018-05-16 14:57:13,6,2,24,0
8ju0u6,2018-05-16 11:04:10,45,r/marvelstudios,9,2018-05-16 17:21:29,7,0,2,0
8ju0u6,2018-05-16 11:04:10,45,r/marvelstudios,9,2018-05-16 18:22:19,7,0,1,0
8ju0u6,2018-05-16 11:04:10,45,r/marvelstudios,9,2018-05-16 15:08:22,5,0,13,0
8ju0u6,2018-05-16 11:04:10,45,r/marvelstudios,9,2018-05-16 15:42:42,4,1,7,0
8ju0u6,2018-05-16 11:04:10,45,r/marvelstudios,9,2018-05-16 15:44:13,5,0,1,0
8ju0u6,2018-05-16 11:04:10,45,r/marvelstudios,9,2018-05-16 15:18:46,4,0,9,0
8ju0u6,2018-05-16 11:04:10,45,r/marvelstudios,9,2018-05-16 17:13:46,3,0,1,0
8ju0u6,2018-05-16 11:04:10,45,r/marvelstudios,9,2018-05-16 18:00:25,3,1,1,0
8ju0u6,2018-05-16 11:04:10,45,r/marvelstudios,9,2018-05-16 18:12:04,4,0,1,0
8ju0u6,2018-05-16 11:04:10,45,r/marvelstudios,9,2018-05-16 14:32:14,2,1,29,0
8ju0u6,2018-05-16 11:04:10,45,r/marvelstudios,9,2018-05-16 15:22:10,3,0,13,0
8ju0u6,2018-05-16 11:04:10,45,r/marvelstudios,9,2018-05-16 14:24:50,2,2,7,0
8ju0u6,2018-05-16 11:04:10,45,r/marvelstudios,9,2018-05-16 14:27:50,3,2,16,0
8ju0u6,2018-05-16 11:04:10,45,r/marvelstudios,9,2018-05-16 14:29:39,4,0,7,0
8ju0u6,2018-05-16 11:04:10,45,r/marvelstudios,9,2018-05-16 17:32:39,4,0,2,0
8ju0u6,2018-05-16 11:04:10,45,r/marvelstudios,9,2018-05-16 14:33:11,3,1,7,0
8ju0u6,2018-05-16 11:04:10,45,r/marvelstudios,9,2018-05-16 14:50:09,4,1,2,0
8ju0u6,2018-05-16 11:04:10,45,r/marvelstudios,9,2018-05-16 15:26:11,5,2,2,0
8ju0u6,2018-05-16 11:04:10,45,r/marvelstudios,9,2018-05-16 15:30:42,6,0,4,0
8ju0u6,2018-05-16 11:04:10,45,r/marvelstudios,9,2018-05-16 15:34:28,6,1,2,0
8ju0u6,2018-05-16 11:04:10,45,r/marvelstudios,9,2018-05-16 17:33:20,7,0,1,0
8ju0u6,2018-05-16 11:04:10,45,r/marvelstudios,9,2018-05-16 13:58:12,2,0,20,0
8ju0u6,2018-05-16 11:04:10,45,r/marvelstudios,9,2018-05-16 14:18:09,2,1,16,0
8ju0u6,2018-05-16 11:04:10,45,r/marvelstudios,9,2018-05-16 14:20:25,3,1,11,0
8ju0u6,2018-05-16 11:04:10,45,r/marvelstudios,9,2018-05-16 14:40:02,4,1,11,0
8ju0u6,2018-05-16 11:04:10,45,r/marvelstudios,9,2018-05-16 14:45:42,5,0,3,0
8ju0u6,2018-05-16 11:04:10,45,r/marvelstudios,9,2018-05-16 15:11:44,2,1,6,0
8ju0u6,2018-05-16 11:04:10,45,r/marvelstudios,9,2018-05-16 15:29:56,3,0,6,0
8ju0u6,2018-05-16 11:04:10,45,r/marvelstudios,9,2018-05-16 14:46:08,2,2,17,0
8ju0u6,2018-05-16 11:04:10,45,r/marvelstudios,9,2018-05-16 14:48:09,3,2,15,0
8ju0u6,2018-05-16 11:04:10,45,r/marvelstudios,9,2018-05-16 14:54:19,4,0,11,0
8ju0u6,2018-05-16 11:04:10,45,r/marvelstudios,9,2018-05-16 17:16:50,4,0,1,0
8ju0u6,2018-05-16 11:04:10,45,r/marvelstudios,9,2018-05-16 16:31:37,3,1,1,0
8ju0u6,2018-05-16 11:04:10,45,r/marvelstudios,9,2018-05-16 16:44:58,4,0,1,0
8ju0u6,2018-05-16 11:04:10,45,r/marvelstudios,9,2018-05-16 14:07:34,2,1,8,0
8ju0u6,2018-05-16 11:04:10,45,r/marvelstudios,9,2018-05-16 14:13:57,3,0,15,0
8ju0u6,2018-05-16 11:04:10,45,r/marvelstudios,9,2018-05-16 14:01:02,2,0,7,0
8ju0u6,2018-05-16 11:04:10,45,r/marvelstudios,9,2018-05-16 16:53:49,2,0,2,0
8ju0u6,2018-05-16 11:04:10,45,r/marvelstudios,9,2018-05-16 18:25:28,2,0,1,0
8ju0u6,2018-05-16 11:04:10,45,r/marvelstudios,9,2018-05-16 14:49:00,1,0,3,0
8ju0u6,2018-05-16 11:04:10,45,r/marvelstudios,9,2018-05-16 14:32:58,1,2,-9,0
8ju0u6,2018-05-16 11:04:10,45,r/marvelstudios,9,2018-05-16 14:52:04,2,0,4,0
8ju0u6,2018-05-16 11:04:10,45,r/marvelstudios,9,2018-05-16 14:52:29,2,0,4,0
8ju0u6,2018-05-16 11:04:10,45,r/marvelstudios,10,2018-05-16 12:33:06,0,1,13,0
8ju0u6,2018-05-16 11:04:10,45,r/marvelstudios,10,2018-05-16 16:03:23,1,0,1,0
8ju0u6,2018-05-16 11:04:10,45,r/marvelstudios,11,2018-05-16 13:42:58,0,0,14,0
8ju0u6,2018-05-16 11:04:10,45,r/marvelstudios,12,2018-05-16 12:11:43,0,1,20,0
8ju0u6,2018-05-16 11:04:10,45,r/marvelstudios,12,2018-05-16 13:46:24,1,0,13,0
8ju0u6,2018-05-16 11:04:10,45,r/marvelstudios,13,2018-05-16 12:32:56,0,1,6,0
8ju0u6,2018-05-16 11:04:10,45,r/marvelstudios,13,2018-05-16 15:17:50,1,0,1,0
8ju0u6,2018-05-16 11:04:10,45,r/marvelstudios,14,2018-05-16 15:31:45,0,0,5,0
8ju0u6,2018-05-16 11:04:10,45,r/marvelstudios,15,2018-05-16 13:35:36,0,0,3,0
8ju0u6,2018-05-16 11:04:10,45,r/marvelstudios,16,2018-05-16 12:42:25,0,0,3,0
8ju0u6,2018-05-16 11:04:10,45,r/marvelstudios,17,2018-05-16 13:40:19,0,0,3,0
8ju0u6,2018-05-16 11:04:10,45,r/marvelstudios,18,2018-05-16 13:57:08,0,0,3,0
8ju0u6,2018-05-16 11:04:10,45,r/marvelstudios,19,2018-05-16 13:58:23,0,0,3,0
8ju0u6,2018-05-16 11:04:10,45,r/marvelstudios,20,2018-05-16 14:42:49,0,0,3,0
8ju0u6,2018-05-16 11:04:10,45,r/marvelstudios,21,2018-05-16 11:54:43,0,1,6,0
8ju0u6,2018-05-16 11:04:10,45,r/marvelstudios,21,2018-05-16 16:01:01,1,1,2,0
8ju0u6,2018-05-16 11:04:10,45,r/marvelstudios,21,2018-05-16 16:23:31,2,0,2,0
8ju0u6,2018-05-16 11:04:10,45,r/marvelstudios,22,2018-05-16 11:30:48,0,2,9,0
8ju0u6,2018-05-16 11:04:10,45,r/marvelstudios,22,2018-05-16 13:09:12,1,0,3,0
8ju0u6,2018-05-16 11:04:10,45,r/marvelstudios,22,2018-05-16 11:53:40,1,0,-1,0
8ju0u6,2018-05-16 11:04:10,45,r/marvelstudios,23,2018-05-16 13:05:46,0,0,2,0
8ju0u6,2018-05-16 11:04:10,45,r/marvelstudios,24,2018-05-16 13:46:36,0,0,2,0
8ju0u6,2018-05-16 11:04:10,45,r/marvelstudios,25,2018-05-16 13:58:48,0,0,2,0
8ju0u6,2018-05-16 11:04:10,45,r/marvelstudios,26,2018-05-16 14:12:32,0,0,2,0
8ju0u6,2018-05-16 11:04:10,45,r/marvelstudios,27,2018-05-16 14:42:39,0,0,2,0
8ju0u6,2018-05-16 11:04:10,45,r/marvelstudios,28,2018-05-16 14:51:00,0,0,2,0
8ju0u6,2018-05-16 11:04:10,45,r/marvelstudios,29,2018-05-16 15:16:41,0,0,2,0
8ju0u6,2018-05-16 11:04:10,45,r/marvelstudios,30,2018-05-16 15:23:05,0,1,2,0
8ju0u6,2018-05-16 11:04:10,45,r/marvelstudios,30,2018-05-16 17:14:34,1,0,1,0
8ju0u6,2018-05-16 11:04:10,45,r/marvelstudios,31,2018-05-16 15:37:53,0,0,2,0
8ju0u6,2018-05-16 11:04:10,45,r/marvelstudios,32,2018-05-16 16:02:13,0,1,2,0
8ju0u6,2018-05-16 11:04:10,45,r/marvelstudios,32,2018-05-16 17:14:13,1,0,1,0
8ju0u6,2018-05-16 11:04:10,45,r/marvelstudios,33,2018-05-16 16:02:16,0,0,2,0
8ju0u6,2018-05-16 11:04:10,45,r/marvelstudios,34,2018-05-16 15:18:48,0,0,2,0
8ju0u6,2018-05-16 11:04:10,45,r/marvelstudios,35,2018-05-16 13:55:22,0,0,1,0
8ju0u6,2018-05-16 11:04:10,45,r/marvelstudios,36,2018-05-16 13:57:12,0,0,1,0
8ju0u6,2018-05-16 11:04:10,45,r/marvelstudios,37,2018-05-16 14:15:39,0,0,1,0
8ju0u6,2018-05-16 11:04:10,45,r/marvelstudios,38,2018-05-16 14:31:41,0,1,1,0
8ju0u6,2018-05-16 11:04:10,45,r/marvelstudios,38,2018-05-16 17:12:27,1,0,1,0
8ju0u6,2018-05-16 11:04:10,45,r/marvelstudios,39,2018-05-16 14:43:14,0,0,1,0
8ju0u6,2018-05-16 11:04:10,45,r/marvelstudios,40,2018-05-16 14:48:32,0,0,1,0
8ju0u6,2018-05-16 11:04:10,45,r/marvelstudios,41,2018-05-16 14:48:35,0,0,1,0
8ju0u6,2018-05-16 11:04:10,45,r/marvelstudios,42,2018-05-16 15:22:05,0,0,1,0
8ju0u6,2018-05-16 11:04:10,45,r/marvelstudios,43,2018-05-16 15:24:28,0,0,1,0
8ju0u6,2018-05-16 11:04:10,45,r/marvelstudios,44,2018-05-16 15:26:30,0,0,1,0
8ju0u6,2018-05-16 11:04:10,45,r/marvelstudios,45,2018-05-16 15:31:09,0,0,1,0
8ju0u6,2018-05-16 11:04:10,45,r/marvelstudios,46,2018-05-16 15:36:03,0,0,1,0
8ju0u6,2018-05-16 11:04:10,45,r/marvelstudios,47,2018-05-16 15:36:27,0,0,1,0
8ju0u6,2018-05-16 11:04:10,45,r/marvelstudios,48,2018-05-16 15:42:46,0,0,1,0
8ju0u6,2018-05-16 11:04:10,45,r/marvelstudios,49,2018-05-16 15:52:04,0,0,1,0
8ju0u6,2018-05-16 11:04:10,45,r/marvelstudios,50,2018-05-16 15:52:08,0,0,1,0
8ju0u6,2018-05-16 11:04:10,45,r/marvelstudios,51,2018-05-16 15:54:23,0,0,1,0
8ju0u6,2018-05-16 11:04:10,45,r/marvelstudios,52,2018-05-16 16:02:09,0,0,1,0
8ju0u6,2018-05-16 11:04:10,45,r/marvelstudios,53,2018-05-16 16:05:40,0,0,1,0
8ju0u6,2018-05-16 11:04:10,45,r/marvelstudios,54,2018-05-16 16:08:09,0,0,1,0
8ju0u6,2018-05-16 11:04:10,45,r/marvelstudios,55,2018-05-16 16:10:25,0,0,1,0
8ju0u6,2018-05-16 11:04:10,45,r/marvelstudios,56,2018-05-16 16:15:05,0,0,1,0
8ju0u6,2018-05-16 11:04:10,45,r/marvelstudios,57,2018-05-16 16:25:10,0,0,1,0
8ju0u6,2018-05-16 11:04:10,45,r/marvelstudios,58,2018-05-16 16:27:52,0,0,1,0
8ju0u6,2018-05-16 11:04:10,45,r/marvelstudios,59,2018-05-16 16:33:20,0,0,1,0
8ju0u6,2018-05-16 11:04:10,45,r/marvelstudios,60,2018-05-16 16:33:36,0,0,1,0
8ju0u6,2018-05-16 11:04:10,45,r/marvelstudios,61,2018-05-16 16:43:10,0,0,1,0
8ju0u6,2018-05-16 11:04:10,45,r/marvelstudios,62,2018-05-16 16:43:10,0,0,1,0
8ju0u6,2018-05-16 11:04:10,45,r/marvelstudios,63,2018-05-16 17:00:12,0,0,1,0
8ju0u6,2018-05-16 11:04:10,45,r/marvelstudios,64,2018-05-16 17:31:59,0,0,1,0
8ju0u6,2018-05-16 11:04:10,45,r/marvelstudios,65,2018-05-16 17:36:27,0,0,1,0
8ju0u6,2018-05-16 11:04:10,45,r/marvelstudios,66,2018-05-16 17:39:31,0,0,1,0
8ju0u6,2018-05-16 11:04:10,45,r/marvelstudios,67,2018-05-16 18:02:31,0,0,1,0
8ju0u6,2018-05-16 11:04:10,45,r/marvelstudios,68,2018-05-16 18:12:17,0,0,1,0
8ju0u6,2018-05-16 11:04:10,45,r/marvelstudios,69,2018-05-16 18:26:13,0,0,1,0
8ju0u6,2018-05-16 11:04:10,45,r/marvelstudios,70,2018-05-16 18:28:34,0,0,1,0
8ju0u6,2018-05-16 11:04:10,45,r/marvelstudios,71,2018-05-16 18:29:22,0,0,1,0
8ju0u6,2018-05-16 11:04:10,45,r/marvelstudios,72,2018-05-16 18:30:27,0,0,1,0
8ju0u6,2018-05-16 11:04:10,45,r/marvelstudios,73,2018-05-16 16:53:14,0,1,1,0
8ju0u6,2018-05-16 11:04:10,45,r/marvelstudios,73,2018-05-16 16:54:21,1,1,1,0
8ju0u6,2018-05-16 11:04:10,45,r/marvelstudios,73,2018-05-16 17:00:41,2,1,1,0
8ju0u6,2018-05-16 11:04:10,45,r/marvelstudios,73,2018-05-16 17:01:15,3,1,2,0
8ju0u6,2018-05-16 11:04:10,45,r/marvelstudios,73,2018-05-16 17:02:47,4,1,1,0
8ju0u6,2018-05-16 11:04:10,45,r/marvelstudios,73,2018-05-16 17:03:15,5,0,2,0
8ju0u6,2018-05-16 11:04:10,45,r/marvelstudios,74,2018-05-16 14:26:52,0,0,0,0
8ju0u6,2018-05-16 11:04:10,45,r/marvelstudios,75,2018-05-16 16:44:04,0,0,0,0
8ju0u6,2018-05-16 11:04:10,45,r/marvelstudios,76,2018-05-16 16:45:27,0,0,0,0
8ju0u6,2018-05-16 11:04:10,45,r/marvelstudios,77,2018-05-16 16:46:48,0,0,0,0
8ju0u6,2018-05-16 11:04:10,45,r/marvelstudios,78,2018-05-16 16:52:28,0,0,0,0
8ju0u6,2018-05-16 11:04:10,45,r/marvelstudios,79,2018-05-16 16:58:41,0,0,0,0
8ju9qd,2018-05-16 11:49:03,46,r/calvinandhobbes,0,2018-05-16 11:51:40,0,9,1032,0
8ju9qd,2018-05-16 11:49:03,46,r/calvinandhobbes,0,2018-05-16 14:07:22,1,0,81,0
8ju9qd,2018-05-16 11:49:03,46,r/calvinandhobbes,0,2018-05-16 14:31:57,1,0,44,0
8ju9qd,2018-05-16 11:49:03,46,r/calvinandhobbes,0,2018-05-16 14:50:57,1,0,21,0
8ju9qd,2018-05-16 11:49:03,46,r/calvinandhobbes,0,2018-05-16 15:49:34,1,0,12,0
8ju9qd,2018-05-16 11:49:03,46,r/calvinandhobbes,0,2018-05-16 14:48:55,1,0,10,0
8ju9qd,2018-05-16 11:49:03,46,r/calvinandhobbes,0,2018-05-16 15:29:23,1,0,3,0
8ju9qd,2018-05-16 11:49:03,46,r/calvinandhobbes,0,2018-05-16 15:46:59,1,0,3,0
8ju9qd,2018-05-16 11:49:03,46,r/calvinandhobbes,0,2018-05-16 15:44:19,1,0,3,0
8ju9qd,2018-05-16 11:49:03,46,r/calvinandhobbes,0,2018-05-16 14:37:47,1,1,-4,0
8ju9qd,2018-05-16 11:49:03,46,r/calvinandhobbes,0,2018-05-16 15:15:41,2,0,2,0
8ju9qd,2018-05-16 11:49:03,46,r/calvinandhobbes,1,2018-05-16 12:19:48,0,25,508,0
8ju9qd,2018-05-16 11:49:03,46,r/calvinandhobbes,1,2018-05-16 13:15:22,1,10,175,0
8ju9qd,2018-05-16 11:49:03,46,r/calvinandhobbes,1,2018-05-16 16:15:29,2,0,23,0
8ju9qd,2018-05-16 11:49:03,46,r/calvinandhobbes,1,2018-05-16 14:39:14,2,1,10,0
8ju9qd,2018-05-16 11:49:03,46,r/calvinandhobbes,1,2018-05-16 16:22:28,3,0,2,0
8ju9qd,2018-05-16 11:49:03,46,r/calvinandhobbes,1,2018-05-16 14:14:56,2,0,11,0
8ju9qd,2018-05-16 11:49:03,46,r/calvinandhobbes,1,2018-05-16 14:57:28,2,0,3,0
8ju9qd,2018-05-16 11:49:03,46,r/calvinandhobbes,1,2018-05-16 16:35:08,2,0,3,0
8ju9qd,2018-05-16 11:49:03,46,r/calvinandhobbes,1,2018-05-16 16:48:12,2,0,1,0
8ju9qd,2018-05-16 11:49:03,46,r/calvinandhobbes,1,2018-05-16 16:52:55,2,0,1,0
8ju9qd,2018-05-16 11:49:03,46,r/calvinandhobbes,1,2018-05-16 17:34:16,2,0,1,0
8ju9qd,2018-05-16 11:49:03,46,r/calvinandhobbes,1,2018-05-16 17:42:45,2,0,1,0
8ju9qd,2018-05-16 11:49:03,46,r/calvinandhobbes,1,2018-05-16 17:45:09,2,0,1,0
8ju9qd,2018-05-16 11:49:03,46,r/calvinandhobbes,1,2018-05-16 13:21:13,1,5,63,0
8ju9qd,2018-05-16 11:49:03,46,r/calvinandhobbes,1,2018-05-16 13:27:54,2,1,35,0
8ju9qd,2018-05-16 11:49:03,46,r/calvinandhobbes,1,2018-05-16 16:16:13,3,0,7,0
8ju9qd,2018-05-16 11:49:03,46,r/calvinandhobbes,1,2018-05-16 14:31:01,2,1,24,0
8ju9qd,2018-05-16 11:49:03,46,r/calvinandhobbes,1,2018-05-16 15:35:21,3,1,8,0
8ju9qd,2018-05-16 11:49:03,46,r/calvinandhobbes,1,2018-05-16 16:07:22,4,1,4,0
8ju9qd,2018-05-16 11:49:03,46,r/calvinandhobbes,1,2018-05-16 16:19:14,5,0,4,0
8ju9qd,2018-05-16 11:49:03,46,r/calvinandhobbes,1,2018-05-16 16:25:20,2,1,3,0
8ju9qd,2018-05-16 11:49:03,46,r/calvinandhobbes,1,2018-05-16 16:57:27,3,0,1,0
8ju9qd,2018-05-16 11:49:03,46,r/calvinandhobbes,1,2018-05-16 14:47:36,2,0,2,0
8ju9qd,2018-05-16 11:49:03,46,r/calvinandhobbes,1,2018-05-16 15:37:40,2,0,2,0
8ju9qd,2018-05-16 11:49:03,46,r/calvinandhobbes,1,2018-05-16 13:23:28,1,3,28,0
8ju9qd,2018-05-16 11:49:03,46,r/calvinandhobbes,1,2018-05-16 13:38:19,2,5,35,0
8ju9qd,2018-05-16 11:49:03,46,r/calvinandhobbes,1,2018-05-16 14:15:02,3,3,15,0
8ju9qd,2018-05-16 11:49:03,46,r/calvinandhobbes,1,2018-05-16 15:52:45,4,2,3,0
8ju9qd,2018-05-16 11:49:03,46,r/calvinandhobbes,1,2018-05-16 16:11:35,5,0,2,0
8ju9qd,2018-05-16 11:49:03,46,r/calvinandhobbes,1,2018-05-16 17:28:24,5,0,1,0
8ju9qd,2018-05-16 11:49:03,46,r/calvinandhobbes,1,2018-05-16 14:57:44,4,0,3,0
8ju9qd,2018-05-16 11:49:03,46,r/calvinandhobbes,1,2018-05-16 15:09:38,4,0,2,0
8ju9qd,2018-05-16 11:49:03,46,r/calvinandhobbes,1,2018-05-16 15:34:30,3,0,3,0
8ju9qd,2018-05-16 11:49:03,46,r/calvinandhobbes,1,2018-05-16 14:59:07,3,0,1,0
8ju9qd,2018-05-16 11:49:03,46,r/calvinandhobbes,1,2018-05-16 15:09:02,3,0,1,0
8ju9qd,2018-05-16 11:49:03,46,r/calvinandhobbes,1,2018-05-16 16:17:23,3,0,1,0
8ju9qd,2018-05-16 11:49:03,46,r/calvinandhobbes,1,2018-05-16 14:25:12,2,0,5,0
8ju9qd,2018-05-16 11:49:03,46,r/calvinandhobbes,1,2018-05-16 15:50:26,2,0,1,0
8ju9qd,2018-05-16 11:49:03,46,r/calvinandhobbes,1,2018-05-16 13:48:04,1,0,10,0
8ju9qd,2018-05-16 11:49:03,46,r/calvinandhobbes,1,2018-05-16 14:08:20,1,0,7,0
8ju9qd,2018-05-16 11:49:03,46,r/calvinandhobbes,1,2018-05-16 13:39:48,1,1,7,0
8ju9qd,2018-05-16 11:49:03,46,r/calvinandhobbes,1,2018-05-16 14:06:38,2,3,7,0
8ju9qd,2018-05-16 11:49:03,46,r/calvinandhobbes,1,2018-05-16 14:07:54,3,0,18,0
8ju9qd,2018-05-16 11:49:03,46,r/calvinandhobbes,1,2018-05-16 15:10:25,3,1,4,0
8ju9qd,2018-05-16 11:49:03,46,r/calvinandhobbes,1,2018-05-16 15:21:49,4,0,3,0
8ju9qd,2018-05-16 11:49:03,46,r/calvinandhobbes,1,2018-05-16 14:07:11,3,0,1,0
8ju9qd,2018-05-16 11:49:03,46,r/calvinandhobbes,1,2018-05-16 14:12:07,1,1,3,0
8ju9qd,2018-05-16 11:49:03,46,r/calvinandhobbes,1,2018-05-16 14:47:30,2,0,1,0
8ju9qd,2018-05-16 11:49:03,46,r/calvinandhobbes,1,2018-05-16 14:35:00,1,0,1,0
8ju9qd,2018-05-16 11:49:03,46,r/calvinandhobbes,1,2018-05-16 14:49:19,1,0,1,0
8ju9qd,2018-05-16 11:49:03,46,r/calvinandhobbes,1,2018-05-16 14:59:07,1,1,1,0
8ju9qd,2018-05-16 11:49:03,46,r/calvinandhobbes,1,2018-05-16 18:07:37,2,0,1,0
8ju9qd,2018-05-16 11:49:03,46,r/calvinandhobbes,1,2018-05-16 15:12:33,1,0,1,0
8ju9qd,2018-05-16 11:49:03,46,r/calvinandhobbes,1,2018-05-16 15:17:15,1,0,1,0
8ju9qd,2018-05-16 11:49:03,46,r/calvinandhobbes,1,2018-05-16 15:17:49,1,0,1,0
8ju9qd,2018-05-16 11:49:03,46,r/calvinandhobbes,1,2018-05-16 15:26:09,1,0,1,0
8ju9qd,2018-05-16 11:49:03,46,r/calvinandhobbes,1,2018-05-16 15:33:41,1,0,1,0
8ju9qd,2018-05-16 11:49:03,46,r/calvinandhobbes,1,2018-05-16 15:39:19,1,0,1,0
8ju9qd,2018-05-16 11:49:03,46,r/calvinandhobbes,1,2018-05-16 15:55:32,1,0,1,0
8ju9qd,2018-05-16 11:49:03,46,r/calvinandhobbes,1,2018-05-16 16:09:09,1,0,1,0
8ju9qd,2018-05-16 11:49:03,46,r/calvinandhobbes,1,2018-05-16 16:09:49,1,0,1,0
8ju9qd,2018-05-16 11:49:03,46,r/calvinandhobbes,1,2018-05-16 16:29:59,1,0,1,0
8ju9qd,2018-05-16 11:49:03,46,r/calvinandhobbes,1,2018-05-16 16:32:14,1,0,1,0
8ju9qd,2018-05-16 11:49:03,46,r/calvinandhobbes,1,2018-05-16 17:52:12,1,0,1,0
8ju9qd,2018-05-16 11:49:03,46,r/calvinandhobbes,1,2018-05-16 17:56:09,1,0,1,0
8ju9qd,2018-05-16 11:49:03,46,r/calvinandhobbes,1,2018-05-16 18:16:06,1,0,1,0
8ju9qd,2018-05-16 11:49:03,46,r/calvinandhobbes,1,2018-05-16 13:40:49,1,0,1,0
8ju9qd,2018-05-16 11:49:03,46,r/calvinandhobbes,2,2018-05-16 12:30:22,0,1,128,0
8ju9qd,2018-05-16 11:49:03,46,r/calvinandhobbes,2,2018-05-16 17:30:32,1,0,2,0
8ju9qd,2018-05-16 11:49:03,46,r/calvinandhobbes,3,2018-05-16 12:08:52,0,5,206,0
8ju9qd,2018-05-16 11:49:03,46,r/calvinandhobbes,3,2018-05-16 12:54:02,1,5,98,0
8ju9qd,2018-05-16 11:49:03,46,r/calvinandhobbes,3,2018-05-16 13:24:53,2,1,40,0
8ju9qd,2018-05-16 11:49:03,46,r/calvinandhobbes,3,2018-05-16 13:29:08,3,2,31,0
8ju9qd,2018-05-16 11:49:03,46,r/calvinandhobbes,3,2018-05-16 13:30:46,4,1,32,0
8ju9qd,2018-05-16 11:49:03,46,r/calvinandhobbes,3,2018-05-16 13:48:36,5,1,14,0
8ju9qd,2018-05-16 11:49:03,46,r/calvinandhobbes,3,2018-05-16 14:18:02,6,1,16,0
8ju9qd,2018-05-16 11:49:03,46,r/calvinandhobbes,3,2018-05-16 14:23:24,7,2,16,0
8ju9qd,2018-05-16 11:49:03,46,r/calvinandhobbes,3,2018-05-16 14:29:25,8,3,12,0
8ju9qd,2018-05-16 11:49:03,46,r/calvinandhobbes,3,2018-05-16 14:59:37,9,1,10,0
8ju9qd,2018-05-16 11:49:03,46,r/calvinandhobbes,3,2018-05-16 14:58:57,9,1,2,0
8ju9qd,2018-05-16 11:49:03,46,r/calvinandhobbes,3,2018-05-16 16:21:06,9,0,1,0
8ju9qd,2018-05-16 11:49:03,46,r/calvinandhobbes,3,2018-05-16 15:45:21,8,0,2,0
8ju9qd,2018-05-16 11:49:03,46,r/calvinandhobbes,3,2018-05-16 14:07:14,4,1,2,0
8ju9qd,2018-05-16 11:49:03,46,r/calvinandhobbes,3,2018-05-16 14:07:18,5,1,2,0
8ju9qd,2018-05-16 11:49:03,46,r/calvinandhobbes,3,2018-05-16 15:18:44,6,1,1,0
8ju9qd,2018-05-16 11:49:03,46,r/calvinandhobbes,3,2018-05-16 15:18:50,7,1,1,0
8ju9qd,2018-05-16 11:49:03,46,r/calvinandhobbes,3,2018-05-16 15:18:53,8,0,1,0
8ju9qd,2018-05-16 11:49:03,46,r/calvinandhobbes,3,2018-05-16 14:16:18,2,0,3,0
8ju9qd,2018-05-16 11:49:03,46,r/calvinandhobbes,3,2018-05-16 14:10:03,2,0,3,0
8ju9qd,2018-05-16 11:49:03,46,r/calvinandhobbes,3,2018-05-16 15:27:17,2,0,2,0
8ju9qd,2018-05-16 11:49:03,46,r/calvinandhobbes,3,2018-05-16 17:07:23,2,0,1,0
8ju9qd,2018-05-16 11:49:03,46,r/calvinandhobbes,3,2018-05-16 13:36:41,1,0,3,0
8ju9qd,2018-05-16 11:49:03,46,r/calvinandhobbes,3,2018-05-16 14:17:58,1,1,2,0
8ju9qd,2018-05-16 11:49:03,46,r/calvinandhobbes,3,2018-05-16 14:23:37,2,0,1,0
8ju9qd,2018-05-16 11:49:03,46,r/calvinandhobbes,3,2018-05-16 15:15:26,1,1,2,0
8ju9qd,2018-05-16 11:49:03,46,r/calvinandhobbes,3,2018-05-16 17:19:19,2,0,1,0
8ju9qd,2018-05-16 11:49:03,46,r/calvinandhobbes,3,2018-05-16 16:49:15,1,0,1,0
8ju9qd,2018-05-16 11:49:03,46,r/calvinandhobbes,4,2018-05-16 13:01:56,0,2,34,0
8ju9qd,2018-05-16 11:49:03,46,r/calvinandhobbes,4,2018-05-16 13:21:03,1,1,4,0
8ju9qd,2018-05-16 11:49:03,46,r/calvinandhobbes,4,2018-05-16 14:28:20,2,0,3,0
8ju9qd,2018-05-16 11:49:03,46,r/calvinandhobbes,4,2018-05-16 13:55:07,1,0,1,0
8ju9qd,2018-05-16 11:49:03,46,r/calvinandhobbes,5,2018-05-16 13:14:35,0,1,15,0
8ju9qd,2018-05-16 11:49:03,46,r/calvinandhobbes,5,2018-05-16 13:48:41,1,1,15,0
8ju9qd,2018-05-16 11:49:03,46,r/calvinandhobbes,5,2018-05-16 13:55:21,2,1,7,0
8ju9qd,2018-05-16 11:49:03,46,r/calvinandhobbes,5,2018-05-16 17:41:06,3,1,2,0
8ju9qd,2018-05-16 11:49:03,46,r/calvinandhobbes,5,2018-05-16 18:06:44,4,0,1,0
8ju9qd,2018-05-16 11:49:03,46,r/calvinandhobbes,6,2018-05-16 12:39:14,0,1,101,0
8ju9qd,2018-05-16 11:49:03,46,r/calvinandhobbes,6,2018-05-16 12:52:04,1,0,16,0
8ju9qd,2018-05-16 11:49:03,46,r/calvinandhobbes,7,2018-05-16 12:48:54,0,2,23,0
8ju9qd,2018-05-16 11:49:03,46,r/calvinandhobbes,7,2018-05-16 12:56:06,1,0,8,0
8ju9qd,2018-05-16 11:49:03,46,r/calvinandhobbes,7,2018-05-16 15:25:50,1,1,3,0
8ju9qd,2018-05-16 11:49:03,46,r/calvinandhobbes,7,2018-05-16 15:28:05,2,0,4,0
8ju9qd,2018-05-16 11:49:03,46,r/calvinandhobbes,8,2018-05-16 13:19:05,0,0,6,0
8ju9qd,2018-05-16 11:49:03,46,r/calvinandhobbes,9,2018-05-16 14:15:11,0,0,6,0
8ju9qd,2018-05-16 11:49:03,46,r/calvinandhobbes,10,2018-05-16 14:04:01,0,0,5,0
8ju9qd,2018-05-16 11:49:03,46,r/calvinandhobbes,11,2018-05-16 15:13:33,0,0,4,0
8ju9qd,2018-05-16 11:49:03,46,r/calvinandhobbes,12,2018-05-16 13:13:50,0,1,7,0
8ju9qd,2018-05-16 11:49:03,46,r/calvinandhobbes,12,2018-05-16 16:05:53,1,1,1,0
8ju9qd,2018-05-16 11:49:03,46,r/calvinandhobbes,12,2018-05-16 16:06:02,2,0,1,0
8ju9qd,2018-05-16 11:49:03,46,r/calvinandhobbes,13,2018-05-16 12:05:52,0,0,3,0
8ju9qd,2018-05-16 11:49:03,46,r/calvinandhobbes,14,2018-05-16 15:48:47,0,0,3,0
8ju9qd,2018-05-16 11:49:03,46,r/calvinandhobbes,15,2018-05-16 15:24:25,0,0,3,0
8ju9qd,2018-05-16 11:49:03,46,r/calvinandhobbes,16,2018-05-16 12:40:42,0,0,6,0
8ju9qd,2018-05-16 11:49:03,46,r/calvinandhobbes,17,2018-05-16 14:12:25,0,0,2,0
8ju9qd,2018-05-16 11:49:03,46,r/calvinandhobbes,18,2018-05-16 14:13:37,0,0,2,0
8ju9qd,2018-05-16 11:49:03,46,r/calvinandhobbes,19,2018-05-16 14:13:43,0,0,2,0
8ju9qd,2018-05-16 11:49:03,46,r/calvinandhobbes,20,2018-05-16 14:14:46,0,0,2,0
8ju9qd,2018-05-16 11:49:03,46,r/calvinandhobbes,21,2018-05-16 14:18:59,0,0,2,0
8ju9qd,2018-05-16 11:49:03,46,r/calvinandhobbes,22,2018-05-16 14:26:44,0,0,2,0
8ju9qd,2018-05-16 11:49:03,46,r/calvinandhobbes,23,2018-05-16 14:28:09,0,0,2,0
8ju9qd,2018-05-16 11:49:03,46,r/calvinandhobbes,24,2018-05-16 14:31:24,0,1,2,0
8ju9qd,2018-05-16 11:49:03,46,r/calvinandhobbes,24,2018-05-16 15:00:38,1,0,1,0
8ju9qd,2018-05-16 11:49:03,46,r/calvinandhobbes,25,2018-05-16 14:51:11,0,0,2,0
8ju9qd,2018-05-16 11:49:03,46,r/calvinandhobbes,26,2018-05-16 14:52:33,0,0,2,0
8ju9qd,2018-05-16 11:49:03,46,r/calvinandhobbes,27,2018-05-16 14:56:35,0,0,2,0
8ju9qd,2018-05-16 11:49:03,46,r/calvinandhobbes,28,2018-05-16 14:57:00,0,0,2,0
8ju9qd,2018-05-16 11:49:03,46,r/calvinandhobbes,29,2018-05-16 15:07:29,0,0,2,0
8ju9qd,2018-05-16 11:49:03,46,r/calvinandhobbes,30,2018-05-16 15:08:31,0,0,2,0
8ju9qd,2018-05-16 11:49:03,46,r/calvinandhobbes,31,2018-05-16 15:18:28,0,0,2,0
8ju9qd,2018-05-16 11:49:03,46,r/calvinandhobbes,32,2018-05-16 15:34:53,0,0,2,0
8ju9qd,2018-05-16 11:49:03,46,r/calvinandhobbes,33,2018-05-16 15:40:47,0,0,2,0
8ju9qd,2018-05-16 11:49:03,46,r/calvinandhobbes,34,2018-05-16 15:44:12,0,0,2,0
8ju9qd,2018-05-16 11:49:03,46,r/calvinandhobbes,35,2018-05-16 15:45:09,0,0,2,0
8ju9qd,2018-05-16 11:49:03,46,r/calvinandhobbes,36,2018-05-16 15:46:20,0,0,2,0
8ju9qd,2018-05-16 11:49:03,46,r/calvinandhobbes,37,2018-05-16 15:56:51,0,0,2,0
8ju9qd,2018-05-16 11:49:03,46,r/calvinandhobbes,38,2018-05-16 16:03:36,0,0,2,0
8ju9qd,2018-05-16 11:49:03,46,r/calvinandhobbes,39,2018-05-16 16:59:45,0,0,2,0
8ju9qd,2018-05-16 11:49:03,46,r/calvinandhobbes,40,2018-05-16 17:02:26,0,0,2,0
8ju9qd,2018-05-16 11:49:03,46,r/calvinandhobbes,41,2018-05-16 13:40:16,0,0,2,0
8ju9qd,2018-05-16 11:49:03,46,r/calvinandhobbes,42,2018-05-16 13:51:30,0,0,4,0
8ju9qd,2018-05-16 11:49:03,46,r/calvinandhobbes,43,2018-05-16 13:29:52,0,0,2,0
8ju9qd,2018-05-16 11:49:03,46,r/calvinandhobbes,44,2018-05-16 13:58:59,0,0,2,0
8ju9qd,2018-05-16 11:49:03,46,r/calvinandhobbes,45,2018-05-16 14:24:58,0,0,2,0
8ju9qd,2018-05-16 11:49:03,46,r/calvinandhobbes,46,2018-05-16 14:32:26,0,0,2,0
8ju9qd,2018-05-16 11:49:03,46,r/calvinandhobbes,47,2018-05-16 11:54:14,0,0,1,0
8ju9qd,2018-05-16 11:49:03,46,r/calvinandhobbes,48,2018-05-16 13:26:54,0,0,1,0
8ju9qd,2018-05-16 11:49:03,46,r/calvinandhobbes,49,2018-05-16 13:28:32,0,0,1,0
8ju9qd,2018-05-16 11:49:03,46,r/calvinandhobbes,50,2018-05-16 14:07:06,0,1,1,0
8ju9qd,2018-05-16 11:49:03,46,r/calvinandhobbes,50,2018-05-16 14:48:28,1,0,1,0
8ju9qd,2018-05-16 11:49:03,46,r/calvinandhobbes,51,2018-05-16 14:31:05,0,0,1,0
8ju9qd,2018-05-16 11:49:03,46,r/calvinandhobbes,52,2018-05-16 14:41:09,0,0,1,0
8ju9qd,2018-05-16 11:49:03,46,r/calvinandhobbes,53,2018-05-16 14:45:21,0,0,1,0
8ju9qd,2018-05-16 11:49:03,46,r/calvinandhobbes,54,2018-05-16 14:49:17,0,0,1,0
8ju9qd,2018-05-16 11:49:03,46,r/calvinandhobbes,55,2018-05-16 14:50:56,0,0,1,0
8ju9qd,2018-05-16 11:49:03,46,r/calvinandhobbes,56,2018-05-16 14:55:54,0,0,1,0
8ju9qd,2018-05-16 11:49:03,46,r/calvinandhobbes,57,2018-05-16 14:59:45,0,0,1,0
8ju9qd,2018-05-16 11:49:03,46,r/calvinandhobbes,58,2018-05-16 15:04:31,0,0,1,0
8ju9qd,2018-05-16 11:49:03,46,r/calvinandhobbes,59,2018-05-16 15:06:32,0,0,1,0
8ju9qd,2018-05-16 11:49:03,46,r/calvinandhobbes,60,2018-05-16 15:07:33,0,0,1,0
8ju9qd,2018-05-16 11:49:03,46,r/calvinandhobbes,61,2018-05-16 15:09:34,0,0,1,0
8ju9qd,2018-05-16 11:49:03,46,r/calvinandhobbes,62,2018-05-16 15:10:24,0,0,1,0
8ju9qd,2018-05-16 11:49:03,46,r/calvinandhobbes,63,2018-05-16 15:13:34,0,0,1,0
8ju9qd,2018-05-16 11:49:03,46,r/calvinandhobbes,64,2018-05-16 15:15:32,0,0,1,0
8ju9qd,2018-05-16 11:49:03,46,r/calvinandhobbes,65,2018-05-16 15:16:46,0,0,1,0
8ju9qd,2018-05-16 11:49:03,46,r/calvinandhobbes,66,2018-05-16 15:19:15,0,0,1,0
8ju9qd,2018-05-16 11:49:03,46,r/calvinandhobbes,67,2018-05-16 15:21:54,0,0,1,0
8ju9qd,2018-05-16 11:49:03,46,r/calvinandhobbes,68,2018-05-16 15:29:39,0,0,1,0
8ju9qd,2018-05-16 11:49:03,46,r/calvinandhobbes,69,2018-05-16 15:29:59,0,0,1,0
8ju9qd,2018-05-16 11:49:03,46,r/calvinandhobbes,70,2018-05-16 15:34:07,0,0,1,0
8ju9qd,2018-05-16 11:49:03,46,r/calvinandhobbes,71,2018-05-16 15:40:30,0,0,1,0
8ju9qd,2018-05-16 11:49:03,46,r/calvinandhobbes,72,2018-05-16 15:43:38,0,0,1,0
8ju9qd,2018-05-16 11:49:03,46,r/calvinandhobbes,73,2018-05-16 15:50:13,0,0,1,0
8ju9qd,2018-05-16 11:49:03,46,r/calvinandhobbes,74,2018-05-16 15:50:41,0,0,1,0
8ju9qd,2018-05-16 11:49:03,46,r/calvinandhobbes,75,2018-05-16 15:50:42,0,0,1,0
8ju9qd,2018-05-16 11:49:03,46,r/calvinandhobbes,76,2018-05-16 15:54:36,0,0,1,0
8ju9qd,2018-05-16 11:49:03,46,r/calvinandhobbes,77,2018-05-16 15:55:21,0,1,1,0
8ju9qd,2018-05-16 11:49:03,46,r/calvinandhobbes,77,2018-05-16 16:38:47,1,0,1,0
8ju9qd,2018-05-16 11:49:03,46,r/calvinandhobbes,78,2018-05-16 15:56:36,0,0,1,0
8ju9qd,2018-05-16 11:49:03,46,r/calvinandhobbes,79,2018-05-16 15:56:44,0,0,1,0
8ju9qd,2018-05-16 11:49:03,46,r/calvinandhobbes,80,2018-05-16 15:57:38,0,0,1,0
8ju9qd,2018-05-16 11:49:03,46,r/calvinandhobbes,81,2018-05-16 16:04:40,0,0,1,0
8ju9qd,2018-05-16 11:49:03,46,r/calvinandhobbes,82,2018-05-16 16:05:50,0,0,1,0
8ju9qd,2018-05-16 11:49:03,46,r/calvinandhobbes,83,2018-05-16 16:07:04,0,0,1,0
8ju9qd,2018-05-16 11:49:03,46,r/calvinandhobbes,84,2018-05-16 16:08:41,0,0,1,0
8ju9qd,2018-05-16 11:49:03,46,r/calvinandhobbes,85,2018-05-16 16:09:22,0,0,1,0
8ju9qd,2018-05-16 11:49:03,46,r/calvinandhobbes,86,2018-05-16 16:09:41,0,0,1,0
8ju9qd,2018-05-16 11:49:03,46,r/calvinandhobbes,87,2018-05-16 16:11:36,0,0,1,0
8ju9qd,2018-05-16 11:49:03,46,r/calvinandhobbes,88,2018-05-16 16:15:16,0,0,1,0
8ju9qd,2018-05-16 11:49:03,46,r/calvinandhobbes,89,2018-05-16 16:16:04,0,0,1,0
8ju9qd,2018-05-16 11:49:03,46,r/calvinandhobbes,90,2018-05-16 16:17:28,0,0,1,0
8ju9qd,2018-05-16 11:49:03,46,r/calvinandhobbes,91,2018-05-16 16:18:41,0,0,1,0
8ju9qd,2018-05-16 11:49:03,46,r/calvinandhobbes,92,2018-05-16 16:19:11,0,0,1,0
8ju9qd,2018-05-16 11:49:03,46,r/calvinandhobbes,93,2018-05-16 16:19:52,0,0,1,0
8ju9qd,2018-05-16 11:49:03,46,r/calvinandhobbes,94,2018-05-16 16:24:50,0,0,1,0
8ju9qd,2018-05-16 11:49:03,46,r/calvinandhobbes,95,2018-05-16 16:27:03,0,0,1,0
8ju9qd,2018-05-16 11:49:03,46,r/calvinandhobbes,96,2018-05-16 16:31:47,0,0,1,0
8ju9qd,2018-05-16 11:49:03,46,r/calvinandhobbes,97,2018-05-16 16:31:52,0,0,1,0
8ju9qd,2018-05-16 11:49:03,46,r/calvinandhobbes,98,2018-05-16 16:32:27,0,0,1,0
8ju9qd,2018-05-16 11:49:03,46,r/calvinandhobbes,99,2018-05-16 16:33:30,0,1,1,0
8ju9qd,2018-05-16 11:49:03,46,r/calvinandhobbes,99,2018-05-16 16:41:37,1,0,1,0
8ju9qd,2018-05-16 11:49:03,46,r/calvinandhobbes,100,2018-05-16 16:36:31,0,0,1,0
8ju9qd,2018-05-16 11:49:03,46,r/calvinandhobbes,101,2018-05-16 16:36:52,0,0,1,0
8ju9qd,2018-05-16 11:49:03,46,r/calvinandhobbes,102,2018-05-16 16:38:17,0,0,1,0
8ju9qd,2018-05-16 11:49:03,46,r/calvinandhobbes,103,2018-05-16 16:40:28,0,0,1,0
8ju9qd,2018-05-16 11:49:03,46,r/calvinandhobbes,104,2018-05-16 16:40:36,0,0,1,0
8ju9qd,2018-05-16 11:49:03,46,r/calvinandhobbes,105,2018-05-16 16:40:59,0,0,1,0
8ju9qd,2018-05-16 11:49:03,46,r/calvinandhobbes,106,2018-05-16 16:46:16,0,0,1,0
8ju9qd,2018-05-16 11:49:03,46,r/calvinandhobbes,107,2018-05-16 16:47:38,0,0,1,0
8ju9qd,2018-05-16 11:49:03,46,r/calvinandhobbes,108,2018-05-16 16:48:33,0,0,1,0
8ju9qd,2018-05-16 11:49:03,46,r/calvinandhobbes,109,2018-05-16 16:49:13,0,0,1,0
8ju9qd,2018-05-16 11:49:03,46,r/calvinandhobbes,110,2018-05-16 16:49:25,0,0,1,0
8ju9qd,2018-05-16 11:49:03,46,r/calvinandhobbes,111,2018-05-16 16:52:24,0,0,1,0
8ju9qd,2018-05-16 11:49:03,46,r/calvinandhobbes,112,2018-05-16 16:52:42,0,0,1,0
8ju9qd,2018-05-16 11:49:03,46,r/calvinandhobbes,113,2018-05-16 16:57:46,0,0,1,0
8ju9qd,2018-05-16 11:49:03,46,r/calvinandhobbes,114,2018-05-16 17:00:37,0,0,1,0
8ju9qd,2018-05-16 11:49:03,46,r/calvinandhobbes,115,2018-05-16 17:06:35,0,0,1,0
8ju9qd,2018-05-16 11:49:03,46,r/calvinandhobbes,116,2018-05-16 17:07:29,0,0,1,0
8ju9qd,2018-05-16 11:49:03,46,r/calvinandhobbes,117,2018-05-16 17:10:11,0,0,1,0
8ju9qd,2018-05-16 11:49:03,46,r/calvinandhobbes,118,2018-05-16 17:10:17,0,0,1,0
8ju9qd,2018-05-16 11:49:03,46,r/calvinandhobbes,119,2018-05-16 17:11:33,0,0,1,0
8ju9qd,2018-05-16 11:49:03,46,r/calvinandhobbes,120,2018-05-16 17:12:40,0,0,1,0
8ju9qd,2018-05-16 11:49:03,46,r/calvinandhobbes,121,2018-05-16 17:19:45,0,0,1,0
8ju9qd,2018-05-16 11:49:03,46,r/calvinandhobbes,122,2018-05-16 17:22:54,0,0,1,0
8ju9qd,2018-05-16 11:49:03,46,r/calvinandhobbes,123,2018-05-16 17:23:34,0,0,1,0
8ju9qd,2018-05-16 11:49:03,46,r/calvinandhobbes,124,2018-05-16 17:25:37,0,0,1,0
8ju9qd,2018-05-16 11:49:03,46,r/calvinandhobbes,125,2018-05-16 17:26:18,0,0,1,0
8ju9qd,2018-05-16 11:49:03,46,r/calvinandhobbes,126,2018-05-16 17:26:19,0,0,1,0
8ju9qd,2018-05-16 11:49:03,46,r/calvinandhobbes,127,2018-05-16 17:26:34,0,0,1,0
8ju9qd,2018-05-16 11:49:03,46,r/calvinandhobbes,128,2018-05-16 17:27:09,0,0,1,0
8ju9qd,2018-05-16 11:49:03,46,r/calvinandhobbes,129,2018-05-16 17:27:53,0,0,1,0
8ju9qd,2018-05-16 11:49:03,46,r/calvinandhobbes,130,2018-05-16 17:28:03,0,0,1,0
8ju9qd,2018-05-16 11:49:03,46,r/calvinandhobbes,131,2018-05-16 17:28:05,0,0,1,0
8ju9qd,2018-05-16 11:49:03,46,r/calvinandhobbes,132,2018-05-16 17:29:02,0,0,1,0
8ju9qd,2018-05-16 11:49:03,46,r/calvinandhobbes,133,2018-05-16 17:29:44,0,0,1,0
8ju9qd,2018-05-16 11:49:03,46,r/calvinandhobbes,134,2018-05-16 17:30:25,0,0,1,0
8ju9qd,2018-05-16 11:49:03,46,r/calvinandhobbes,135,2018-05-16 17:30:44,0,0,1,0
8ju9qd,2018-05-16 11:49:03,46,r/calvinandhobbes,136,2018-05-16 17:32:50,0,0,1,0
8ju9qd,2018-05-16 11:49:03,46,r/calvinandhobbes,137,2018-05-16 17:33:52,0,0,1,0
8ju9qd,2018-05-16 11:49:03,46,r/calvinandhobbes,138,2018-05-16 17:40:09,0,0,1,0
8ju9qd,2018-05-16 11:49:03,46,r/calvinandhobbes,139,2018-05-16 17:40:55,0,0,1,0
8ju9qd,2018-05-16 11:49:03,46,r/calvinandhobbes,140,2018-05-16 17:41:25,0,0,1,0
8ju9qd,2018-05-16 11:49:03,46,r/calvinandhobbes,141,2018-05-16 17:41:36,0,0,1,0
8ju9qd,2018-05-16 11:49:03,46,r/calvinandhobbes,142,2018-05-16 17:46:04,0,0,1,0
8ju9qd,2018-05-16 11:49:03,46,r/calvinandhobbes,143,2018-05-16 17:47:30,0,0,1,0
8ju9qd,2018-05-16 11:49:03,46,r/calvinandhobbes,144,2018-05-16 17:49:44,0,0,1,0
8ju9qd,2018-05-16 11:49:03,46,r/calvinandhobbes,145,2018-05-16 17:52:04,0,0,1,0
8ju9qd,2018-05-16 11:49:03,46,r/calvinandhobbes,146,2018-05-16 17:53:22,0,0,1,0
8ju9qd,2018-05-16 11:49:03,46,r/calvinandhobbes,147,2018-05-16 17:56:37,0,0,1,0
8ju9qd,2018-05-16 11:49:03,46,r/calvinandhobbes,148,2018-05-16 18:05:02,0,0,1,0
8ju9qd,2018-05-16 11:49:03,46,r/calvinandhobbes,149,2018-05-16 18:10:25,0,0,1,0
8ju9qd,2018-05-16 11:49:03,46,r/calvinandhobbes,150,2018-05-16 18:13:03,0,0,1,0
8ju9qd,2018-05-16 11:49:03,46,r/calvinandhobbes,151,2018-05-16 18:17:34,0,0,1,0
8ju9qd,2018-05-16 11:49:03,46,r/calvinandhobbes,152,2018-05-16 18:17:36,0,0,1,0
8ju9qd,2018-05-16 11:49:03,46,r/calvinandhobbes,153,2018-05-16 18:19:31,0,0,1,0
8ju9qd,2018-05-16 11:49:03,46,r/calvinandhobbes,154,2018-05-16 18:20:13,0,0,1,0
8ju9qd,2018-05-16 11:49:03,46,r/calvinandhobbes,155,2018-05-16 18:24:45,0,0,1,0
8ju9qd,2018-05-16 11:49:03,46,r/calvinandhobbes,156,2018-05-16 18:26:32,0,0,1,0
8ju9qd,2018-05-16 11:49:03,46,r/calvinandhobbes,157,2018-05-16 18:28:55,0,0,1,0
8ju9qd,2018-05-16 11:49:03,46,r/calvinandhobbes,158,2018-05-16 14:02:59,0,0,1,0
8ju9qd,2018-05-16 11:49:03,46,r/calvinandhobbes,159,2018-05-16 14:07:04,0,0,1,0
8ju9qd,2018-05-16 11:49:03,46,r/calvinandhobbes,160,2018-05-16 14:26:22,0,0,1,0
8ju9qd,2018-05-16 11:49:03,46,r/calvinandhobbes,161,2018-05-16 14:30:09,0,0,1,0
8ju9qd,2018-05-16 11:49:03,46,r/calvinandhobbes,162,2018-05-16 14:31:45,0,0,1,0
8ju9qd,2018-05-16 11:49:03,46,r/calvinandhobbes,163,2018-05-16 14:33:14,0,0,1,0
8ju9qd,2018-05-16 11:49:03,46,r/calvinandhobbes,164,2018-05-16 14:44:05,0,0,1,0
8ju9qd,2018-05-16 11:49:03,46,r/calvinandhobbes,165,2018-05-16 14:49:36,0,0,1,0
8ju9qd,2018-05-16 11:49:03,46,r/calvinandhobbes,166,2018-05-16 13:47:02,0,0,0,0
8ju9qd,2018-05-16 11:49:03,46,r/calvinandhobbes,167,2018-05-16 11:52:57,0,0,0,0
8ju9qd,2018-05-16 11:49:03,46,r/calvinandhobbes,168,2018-05-16 13:51:11,0,0,0,0
8ju9qd,2018-05-16 11:49:03,46,r/calvinandhobbes,169,2018-05-16 13:52:09,0,0,0,0
8ju9qd,2018-05-16 11:49:03,46,r/calvinandhobbes,170,2018-05-16 13:56:21,0,0,0,0
8ju9qd,2018-05-16 11:49:03,46,r/calvinandhobbes,171,2018-05-16 14:31:08,0,0,0,0
8ju9qd,2018-05-16 11:49:03,46,r/calvinandhobbes,172,2018-05-16 13:31:58,0,0,-1,0
8ju9qd,2018-05-16 11:49:03,46,r/calvinandhobbes,173,2018-05-16 13:47:34,0,0,0,0
8ju9qd,2018-05-16 11:49:03,46,r/calvinandhobbes,174,2018-05-16 13:05:17,0,0,-1,0
8ju9qd,2018-05-16 11:49:03,46,r/calvinandhobbes,175,2018-05-16 13:07:20,0,0,-1,0
8ju9qd,2018-05-16 11:49:03,46,r/calvinandhobbes,176,2018-05-16 13:31:37,0,0,-2,0
8ju9qd,2018-05-16 11:49:03,46,r/calvinandhobbes,177,2018-05-16 13:44:36,0,0,-2,0
8ju9qd,2018-05-16 11:49:03,46,r/calvinandhobbes,178,2018-05-16 13:47:23,0,0,-1,0
8ju9qd,2018-05-16 11:49:03,46,r/calvinandhobbes,179,2018-05-16 13:53:06,0,0,-1,0
8ju9qd,2018-05-16 11:49:03,46,r/calvinandhobbes,180,2018-05-16 14:06:02,0,0,-1,0
8ju9qd,2018-05-16 11:49:03,46,r/calvinandhobbes,181,2018-05-16 14:06:33,0,0,-1,0
8ju9qd,2018-05-16 11:49:03,46,r/calvinandhobbes,182,2018-05-16 14:16:03,0,0,-1,0
8ju9qd,2018-05-16 11:49:03,46,r/calvinandhobbes,183,2018-05-16 14:25:40,0,0,-1,0
8ju9qd,2018-05-16 11:49:03,46,r/calvinandhobbes,184,2018-05-16 15:07:37,0,0,-1,0
8ju9qd,2018-05-16 11:49:03,46,r/calvinandhobbes,185,2018-05-16 15:15:22,0,0,-1,0
8ju9qd,2018-05-16 11:49:03,46,r/calvinandhobbes,186,2018-05-16 15:20:46,0,0,-1,0
8ju9qd,2018-05-16 11:49:03,46,r/calvinandhobbes,187,2018-05-16 15:32:55,0,0,-1,0
8ju9qd,2018-05-16 11:49:03,46,r/calvinandhobbes,188,2018-05-16 15:35:41,0,0,-1,0
8ju9qd,2018-05-16 11:49:03,46,r/calvinandhobbes,189,2018-05-16 16:35:23,0,0,-1,0
8ju9qd,2018-05-16 11:49:03,46,r/calvinandhobbes,190,2018-05-16 13:05:27,0,0,-2,0
8ju9qd,2018-05-16 11:49:03,46,r/calvinandhobbes,191,2018-05-16 13:31:10,0,0,-2,0
8jty93,2018-05-16 10:50:03,47,r/mechanical_gifs,0,2018-05-16 11:23:47,0,24,1232,0
8jty93,2018-05-16 10:50:03,47,r/mechanical_gifs,0,2018-05-16 11:44:39,1,5,617,0
8jty93,2018-05-16 10:50:03,47,r/mechanical_gifs,0,2018-05-16 12:53:44,2,13,409,0
8jty93,2018-05-16 10:50:03,47,r/mechanical_gifs,0,2018-05-16 13:06:05,3,7,125,0
8jty93,2018-05-16 10:50:03,47,r/mechanical_gifs,0,2018-05-16 14:16:49,4,1,15,0
8jty93,2018-05-16 10:50:03,47,r/mechanical_gifs,0,2018-05-16 14:19:36,5,0,11,0
8jty93,2018-05-16 10:50:03,47,r/mechanical_gifs,0,2018-05-16 13:06:08,4,0,12,0
8jty93,2018-05-16 10:50:03,47,r/mechanical_gifs,0,2018-05-16 13:06:11,4,2,12,0
8jty93,2018-05-16 10:50:03,47,r/mechanical_gifs,0,2018-05-16 16:50:17,5,0,4,0
8jty93,2018-05-16 10:50:03,47,r/mechanical_gifs,0,2018-05-16 15:14:52,5,0,1,0
8jty93,2018-05-16 10:50:03,47,r/mechanical_gifs,0,2018-05-16 14:57:39,4,1,3,0
8jty93,2018-05-16 10:50:03,47,r/mechanical_gifs,0,2018-05-16 15:20:34,5,0,3,0
8jty93,2018-05-16 10:50:03,47,r/mechanical_gifs,0,2018-05-16 15:00:42,4,1,3,0
8jty93,2018-05-16 10:50:03,47,r/mechanical_gifs,0,2018-05-16 15:05:26,5,0,7,0
8jty93,2018-05-16 10:50:03,47,r/mechanical_gifs,0,2018-05-16 16:37:41,4,0,1,0
8jty93,2018-05-16 10:50:03,47,r/mechanical_gifs,0,2018-05-16 16:57:12,4,0,1,0
8jty93,2018-05-16 10:50:03,47,r/mechanical_gifs,0,2018-05-16 12:57:03,3,1,243,0
8jty93,2018-05-16 10:50:03,47,r/mechanical_gifs,0,2018-05-16 13:46:14,4,4,188,0
8jty93,2018-05-16 10:50:03,47,r/mechanical_gifs,0,2018-05-16 14:05:38,5,1,58,0
8jty93,2018-05-16 10:50:03,47,r/mechanical_gifs,0,2018-05-16 15:26:23,6,1,-4,0
8jty93,2018-05-16 10:50:03,47,r/mechanical_gifs,0,2018-05-16 15:38:34,7,0,10,0
8jty93,2018-05-16 10:50:03,47,r/mechanical_gifs,0,2018-05-16 14:06:38,5,3,17,0
8jty93,2018-05-16 10:50:03,47,r/mechanical_gifs,0,2018-05-16 14:16:33,6,2,17,0
8jty93,2018-05-16 10:50:03,47,r/mechanical_gifs,0,2018-05-16 15:25:50,7,0,6,0
8jty93,2018-05-16 10:50:03,47,r/mechanical_gifs,0,2018-05-16 14:47:53,7,1,-4,0
8jty93,2018-05-16 10:50:03,47,r/mechanical_gifs,0,2018-05-16 15:18:26,8,1,3,0
8jty93,2018-05-16 10:50:03,47,r/mechanical_gifs,0,2018-05-16 15:26:58,9,1,5,0
8jty93,2018-05-16 10:50:03,47,r/mechanical_gifs,0,2018-05-16 15:03:16,6,0,7,0
8jty93,2018-05-16 10:50:03,47,r/mechanical_gifs,0,2018-05-16 14:39:34,6,0,1,0
8jty93,2018-05-16 10:50:03,47,r/mechanical_gifs,0,2018-05-16 14:25:24,5,2,15,0
8jty93,2018-05-16 10:50:03,47,r/mechanical_gifs,0,2018-05-16 16:18:36,6,0,6,0
8jty93,2018-05-16 10:50:03,47,r/mechanical_gifs,0,2018-05-16 15:47:24,6,1,6,0
8jty93,2018-05-16 10:50:03,47,r/mechanical_gifs,0,2018-05-16 16:17:16,7,0,3,0
8jty93,2018-05-16 10:50:03,47,r/mechanical_gifs,0,2018-05-16 16:52:46,5,0,1,0
8jty93,2018-05-16 10:50:03,47,r/mechanical_gifs,0,2018-05-16 12:57:38,3,2,35,0
8jty93,2018-05-16 10:50:03,47,r/mechanical_gifs,0,2018-05-16 13:05:10,4,1,26,0
8jty93,2018-05-16 10:50:03,47,r/mechanical_gifs,0,2018-05-16 13:18:27,5,2,8,0
8jty93,2018-05-16 10:50:03,47,r/mechanical_gifs,0,2018-05-16 13:28:07,6,1,13,0
8jty93,2018-05-16 10:50:03,47,r/mechanical_gifs,0,2018-05-16 13:31:09,7,1,11,0
8jty93,2018-05-16 10:50:03,47,r/mechanical_gifs,0,2018-05-16 13:34:56,8,2,7,0
8jty93,2018-05-16 10:50:03,47,r/mechanical_gifs,0,2018-05-16 13:39:26,9,0,23,0
8jty93,2018-05-16 10:50:03,47,r/mechanical_gifs,0,2018-05-16 13:41:22,9,1,6,0
8jty93,2018-05-16 10:50:03,47,r/mechanical_gifs,0,2018-05-16 16:30:35,6,0,1,0
8jty93,2018-05-16 10:50:03,47,r/mechanical_gifs,0,2018-05-16 13:08:00,4,0,2,0
8jty93,2018-05-16 10:50:03,47,r/mechanical_gifs,0,2018-05-16 13:09:53,3,1,15,0
8jty93,2018-05-16 10:50:03,47,r/mechanical_gifs,0,2018-05-16 13:09:57,4,0,2,0
8jty93,2018-05-16 10:50:03,47,r/mechanical_gifs,0,2018-05-16 13:10:30,3,0,5,0
8jty93,2018-05-16 10:50:03,47,r/mechanical_gifs,0,2018-05-16 15:25:13,3,0,5,0
8jty93,2018-05-16 10:50:03,47,r/mechanical_gifs,0,2018-05-16 13:45:18,3,1,10,0
8jty93,2018-05-16 10:50:03,47,r/mechanical_gifs,0,2018-05-16 16:05:14,4,0,3,0
8jty93,2018-05-16 10:50:03,47,r/mechanical_gifs,0,2018-05-16 14:03:15,3,0,2,0
8jty93,2018-05-16 10:50:03,47,r/mechanical_gifs,0,2018-05-16 15:35:04,3,0,2,0
8jty93,2018-05-16 10:50:03,47,r/mechanical_gifs,0,2018-05-16 16:38:22,3,0,2,0
8jty93,2018-05-16 10:50:03,47,r/mechanical_gifs,0,2018-05-16 16:21:19,3,0,1,0
8jty93,2018-05-16 10:50:03,47,r/mechanical_gifs,0,2018-05-16 14:13:47,3,1,1,0
8jty93,2018-05-16 10:50:03,47,r/mechanical_gifs,0,2018-05-16 14:26:14,4,1,2,0
8jty93,2018-05-16 10:50:03,47,r/mechanical_gifs,0,2018-05-16 16:23:19,5,0,1,0
8jty93,2018-05-16 10:50:03,47,r/mechanical_gifs,0,2018-05-16 13:28:40,3,0,-2,0
8jty93,2018-05-16 10:50:03,47,r/mechanical_gifs,0,2018-05-16 16:23:48,2,0,2,0
8jty93,2018-05-16 10:50:03,47,r/mechanical_gifs,0,2018-05-16 15:38:56,2,0,1,0
8jty93,2018-05-16 10:50:03,47,r/mechanical_gifs,0,2018-05-16 17:30:34,2,0,1,0
8jty93,2018-05-16 10:50:03,47,r/mechanical_gifs,0,2018-05-16 13:50:13,2,0,1,0
8jty93,2018-05-16 10:50:03,47,r/mechanical_gifs,0,2018-05-16 11:30:45,1,0,53,0
8jty93,2018-05-16 10:50:03,47,r/mechanical_gifs,0,2018-05-16 13:34:56,1,3,17,0
8jty93,2018-05-16 10:50:03,47,r/mechanical_gifs,0,2018-05-16 14:45:40,2,0,2,0
8jty93,2018-05-16 10:50:03,47,r/mechanical_gifs,0,2018-05-16 16:53:27,2,1,1,0
8jty93,2018-05-16 10:50:03,47,r/mechanical_gifs,0,2018-05-16 16:59:03,3,0,1,0
8jty93,2018-05-16 10:50:03,47,r/mechanical_gifs,0,2018-05-16 17:58:04,2,0,1,0
8jty93,2018-05-16 10:50:03,47,r/mechanical_gifs,0,2018-05-16 13:45:15,1,1,14,0
8jty93,2018-05-16 10:50:03,47,r/mechanical_gifs,0,2018-05-16 17:16:07,2,0,1,0
8jty93,2018-05-16 10:50:03,47,r/mechanical_gifs,0,2018-05-16 13:59:30,1,1,5,0
8jty93,2018-05-16 10:50:03,47,r/mechanical_gifs,0,2018-05-16 16:38:38,2,0,1,0
8jty93,2018-05-16 10:50:03,47,r/mechanical_gifs,0,2018-05-16 15:30:43,1,2,8,0
8jty93,2018-05-16 10:50:03,47,r/mechanical_gifs,0,2018-05-16 15:46:38,2,0,3,0
8jty93,2018-05-16 10:50:03,47,r/mechanical_gifs,0,2018-05-16 16:13:12,2,1,2,0
8jty93,2018-05-16 10:50:03,47,r/mechanical_gifs,0,2018-05-16 16:19:29,3,0,1,0
8jty93,2018-05-16 10:50:03,47,r/mechanical_gifs,0,2018-05-16 12:51:02,1,0,4,0
8jty93,2018-05-16 10:50:03,47,r/mechanical_gifs,0,2018-05-16 12:16:31,1,0,3,0
8jty93,2018-05-16 10:50:03,47,r/mechanical_gifs,0,2018-05-16 14:48:08,1,0,3,0
8jty93,2018-05-16 10:50:03,47,r/mechanical_gifs,0,2018-05-16 14:53:21,1,0,3,0
8jty93,2018-05-16 10:50:03,47,r/mechanical_gifs,0,2018-05-16 15:40:45,1,0,3,0
8jty93,2018-05-16 10:50:03,47,r/mechanical_gifs,0,2018-05-16 14:48:09,1,0,2,0
8jty93,2018-05-16 10:50:03,47,r/mechanical_gifs,0,2018-05-16 14:50:12,1,0,2,0
8jty93,2018-05-16 10:50:03,47,r/mechanical_gifs,0,2018-05-16 16:11:40,1,0,2,0
8jty93,2018-05-16 10:50:03,47,r/mechanical_gifs,0,2018-05-16 16:14:20,1,0,2,0
8jty93,2018-05-16 10:50:03,47,r/mechanical_gifs,0,2018-05-16 16:20:30,1,1,2,0
8jty93,2018-05-16 10:50:03,47,r/mechanical_gifs,0,2018-05-16 16:23:25,2,0,2,0
8jty93,2018-05-16 10:50:03,47,r/mechanical_gifs,0,2018-05-16 14:21:08,1,0,1,0
8jty93,2018-05-16 10:50:03,47,r/mechanical_gifs,0,2018-05-16 14:46:19,1,0,1,0
8jty93,2018-05-16 10:50:03,47,r/mechanical_gifs,0,2018-05-16 15:48:13,1,0,1,0
8jty93,2018-05-16 10:50:03,47,r/mechanical_gifs,0,2018-05-16 16:16:16,1,0,1,0
8jty93,2018-05-16 10:50:03,47,r/mechanical_gifs,0,2018-05-16 13:05:07,1,0,1,0
8jty93,2018-05-16 10:50:03,47,r/mechanical_gifs,0,2018-05-16 14:30:18,1,0,1,0
8jty93,2018-05-16 10:50:03,47,r/mechanical_gifs,0,2018-05-16 14:04:26,1,0,0,0
8jty93,2018-05-16 10:50:03,47,r/mechanical_gifs,0,2018-05-16 13:26:25,1,0,0,0
8jty93,2018-05-16 10:50:03,47,r/mechanical_gifs,1,2018-05-16 11:18:09,0,6,414,0
8jty93,2018-05-16 10:50:03,47,r/mechanical_gifs,1,2018-05-16 11:22:14,1,11,94,0
8jty93,2018-05-16 10:50:03,47,r/mechanical_gifs,1,2018-05-16 11:33:39,2,1,35,0
8jty93,2018-05-16 10:50:03,47,r/mechanical_gifs,1,2018-05-16 17:05:46,3,0,1,0
8jty93,2018-05-16 10:50:03,47,r/mechanical_gifs,1,2018-05-16 11:27:27,2,1,80,0
8jty93,2018-05-16 10:50:03,47,r/mechanical_gifs,1,2018-05-16 13:29:52,3,2,18,0
8jty93,2018-05-16 10:50:03,47,r/mechanical_gifs,1,2018-05-16 14:19:13,4,0,9,0
8jty93,2018-05-16 10:50:03,47,r/mechanical_gifs,1,2018-05-16 16:20:22,4,0,3,0
8jty93,2018-05-16 10:50:03,47,r/mechanical_gifs,1,2018-05-16 11:28:27,2,1,7,0
8jty93,2018-05-16 10:50:03,47,r/mechanical_gifs,1,2018-05-16 14:01:50,3,0,1,0
8jty93,2018-05-16 10:50:03,47,r/mechanical_gifs,1,2018-05-16 12:53:05,2,0,4,0
8jty93,2018-05-16 10:50:03,47,r/mechanical_gifs,1,2018-05-16 13:00:07,2,0,4,0
8jty93,2018-05-16 10:50:03,47,r/mechanical_gifs,1,2018-05-16 12:56:06,2,0,3,0
8jty93,2018-05-16 10:50:03,47,r/mechanical_gifs,1,2018-05-16 14:27:33,2,0,3,0
8jty93,2018-05-16 10:50:03,47,r/mechanical_gifs,1,2018-05-16 16:10:56,2,0,1,0
8jty93,2018-05-16 10:50:03,47,r/mechanical_gifs,1,2018-05-16 16:25:05,2,0,1,0
8jty93,2018-05-16 10:50:03,47,r/mechanical_gifs,1,2018-05-16 16:52:54,2,0,1,0
8jty93,2018-05-16 10:50:03,47,r/mechanical_gifs,1,2018-05-16 17:19:43,2,0,1,0
8jty93,2018-05-16 10:50:03,47,r/mechanical_gifs,1,2018-05-16 11:56:23,1,0,11,0
8jty93,2018-05-16 10:50:03,47,r/mechanical_gifs,1,2018-05-16 11:22:20,1,0,2,0
8jty93,2018-05-16 10:50:03,47,r/mechanical_gifs,1,2018-05-16 17:35:32,1,0,1,0
8jty93,2018-05-16 10:50:03,47,r/mechanical_gifs,1,2018-05-16 18:14:46,1,0,1,0
8jty93,2018-05-16 10:50:03,47,r/mechanical_gifs,1,2018-05-16 14:49:52,1,0,-2,0
8jty93,2018-05-16 10:50:03,47,r/mechanical_gifs,2,2018-05-16 11:38:12,0,2,87,0
8jty93,2018-05-16 10:50:03,47,r/mechanical_gifs,2,2018-05-16 16:18:59,1,0,20,0
8jty93,2018-05-16 10:50:03,47,r/mechanical_gifs,2,2018-05-16 16:57:36,1,0,1,0
8jty93,2018-05-16 10:50:03,47,r/mechanical_gifs,3,2018-05-16 11:59:04,0,4,74,0
8jty93,2018-05-16 10:50:03,47,r/mechanical_gifs,3,2018-05-16 12:35:43,1,2,67,0
8jty93,2018-05-16 10:50:03,47,r/mechanical_gifs,3,2018-05-16 13:09:05,2,1,20,0
8jty93,2018-05-16 10:50:03,47,r/mechanical_gifs,3,2018-05-16 15:21:37,3,0,6,0
8jty93,2018-05-16 10:50:03,47,r/mechanical_gifs,3,2018-05-16 13:46:37,2,0,6,0
8jty93,2018-05-16 10:50:03,47,r/mechanical_gifs,3,2018-05-16 14:50:25,1,0,3,0
8jty93,2018-05-16 10:50:03,47,r/mechanical_gifs,3,2018-05-16 15:21:01,1,0,1,0
8jty93,2018-05-16 10:50:03,47,r/mechanical_gifs,3,2018-05-16 18:05:11,1,0,1,0
8jty93,2018-05-16 10:50:03,47,r/mechanical_gifs,4,2018-05-16 13:15:26,0,2,38,0
8jty93,2018-05-16 10:50:03,47,r/mechanical_gifs,4,2018-05-16 13:31:13,1,1,8,0
8jty93,2018-05-16 10:50:03,47,r/mechanical_gifs,4,2018-05-16 14:44:49,2,1,7,0
8jty93,2018-05-16 10:50:03,47,r/mechanical_gifs,4,2018-05-16 14:47:53,3,0,5,0
8jty93,2018-05-16 10:50:03,47,r/mechanical_gifs,4,2018-05-16 15:22:17,1,0,1,0
8jty93,2018-05-16 10:50:03,47,r/mechanical_gifs,5,2018-05-16 13:23:02,0,1,17,0
8jty93,2018-05-16 10:50:03,47,r/mechanical_gifs,5,2018-05-16 16:43:44,1,0,2,0
8jty93,2018-05-16 10:50:03,47,r/mechanical_gifs,6,2018-05-16 11:56:32,0,1,15,0
8jty93,2018-05-16 10:50:03,47,r/mechanical_gifs,6,2018-05-16 13:10:05,1,0,3,0
8jty93,2018-05-16 10:50:03,47,r/mechanical_gifs,7,2018-05-16 11:22:56,0,0,7,0
8jty93,2018-05-16 10:50:03,47,r/mechanical_gifs,8,2018-05-16 11:27:14,0,1,7,0
8jty93,2018-05-16 10:50:03,47,r/mechanical_gifs,8,2018-05-16 12:16:33,1,1,-1,0
8jty93,2018-05-16 10:50:03,47,r/mechanical_gifs,8,2018-05-16 16:38:01,2,0,1,0
8jty93,2018-05-16 10:50:03,47,r/mechanical_gifs,9,2018-05-16 11:27:07,0,0,12,0
8jty93,2018-05-16 10:50:03,47,r/mechanical_gifs,10,2018-05-16 12:16:46,0,0,7,0
8jty93,2018-05-16 10:50:03,47,r/mechanical_gifs,11,2018-05-16 13:57:24,0,0,4,0
8jty93,2018-05-16 10:50:03,47,r/mechanical_gifs,12,2018-05-16 12:48:23,0,0,4,0
8jty93,2018-05-16 10:50:03,47,r/mechanical_gifs,13,2018-05-16 13:55:44,0,0,4,0
8jty93,2018-05-16 10:50:03,47,r/mechanical_gifs,14,2018-05-16 13:06:31,0,1,3,0
8jty93,2018-05-16 10:50:03,47,r/mechanical_gifs,14,2018-05-16 15:26:13,1,0,6,0
8jty93,2018-05-16 10:50:03,47,r/mechanical_gifs,15,2018-05-16 14:11:03,0,0,3,0
8jty93,2018-05-16 10:50:03,47,r/mechanical_gifs,16,2018-05-16 12:17:15,0,0,2,0
8jty93,2018-05-16 10:50:03,47,r/mechanical_gifs,17,2018-05-16 13:08:30,0,0,2,0
8jty93,2018-05-16 10:50:03,47,r/mechanical_gifs,18,2018-05-16 13:10:40,0,0,2,0
8jty93,2018-05-16 10:50:03,47,r/mechanical_gifs,19,2018-05-16 13:22:12,0,0,2,0
8jty93,2018-05-16 10:50:03,47,r/mechanical_gifs,20,2018-05-16 13:35:30,0,0,2,0
8jty93,2018-05-16 10:50:03,47,r/mechanical_gifs,21,2018-05-16 13:39:35,0,0,2,0
8jty93,2018-05-16 10:50:03,47,r/mechanical_gifs,22,2018-05-16 14:00:55,0,0,2,0
8jty93,2018-05-16 10:50:03,47,r/mechanical_gifs,23,2018-05-16 14:20:38,0,0,2,0
8jty93,2018-05-16 10:50:03,47,r/mechanical_gifs,24,2018-05-16 15:19:51,0,0,2,0
8jty93,2018-05-16 10:50:03,47,r/mechanical_gifs,25,2018-05-16 15:20:01,0,1,2,0
8jty93,2018-05-16 10:50:03,47,r/mechanical_gifs,25,2018-05-16 15:38:29,1,0,2,0
8jty93,2018-05-16 10:50:03,47,r/mechanical_gifs,26,2018-05-16 15:31:44,0,0,2,0
8jty93,2018-05-16 10:50:03,47,r/mechanical_gifs,27,2018-05-16 15:45:52,0,0,2,0
8jty93,2018-05-16 10:50:03,47,r/mechanical_gifs,28,2018-05-16 15:55:46,0,0,2,0
8jty93,2018-05-16 10:50:03,47,r/mechanical_gifs,29,2018-05-16 16:11:25,0,0,2,0
8jty93,2018-05-16 10:50:03,47,r/mechanical_gifs,30,2018-05-16 16:35:51,0,0,2,0
8jty93,2018-05-16 10:50:03,47,r/mechanical_gifs,31,2018-05-16 13:02:24,0,0,1,0
8jty93,2018-05-16 10:50:03,47,r/mechanical_gifs,32,2018-05-16 13:48:05,0,0,1,0
8jty93,2018-05-16 10:50:03,47,r/mechanical_gifs,33,2018-05-16 13:51:24,0,1,1,0
8jty93,2018-05-16 10:50:03,47,r/mechanical_gifs,33,2018-05-16 14:13:50,1,0,2,0
8jty93,2018-05-16 10:50:03,47,r/mechanical_gifs,34,2018-05-16 13:53:39,0,0,1,0
8jty93,2018-05-16 10:50:03,47,r/mechanical_gifs,35,2018-05-16 14:16:42,0,0,1,0
8jty93,2018-05-16 10:50:03,47,r/mechanical_gifs,36,2018-05-16 14:22:41,0,0,1,0
8jty93,2018-05-16 10:50:03,47,r/mechanical_gifs,37,2018-05-16 14:29:16,0,0,1,0
8jty93,2018-05-16 10:50:03,47,r/mechanical_gifs,38,2018-05-16 14:30:01,0,0,1,0
8jty93,2018-05-16 10:50:03,47,r/mechanical_gifs,39,2018-05-16 14:32:09,0,0,1,0
8jty93,2018-05-16 10:50:03,47,r/mechanical_gifs,40,2018-05-16 14:36:30,0,0,1,0
8jty93,2018-05-16 10:50:03,47,r/mechanical_gifs,41,2018-05-16 14:46:23,0,0,1,0
8jty93,2018-05-16 10:50:03,47,r/mechanical_gifs,42,2018-05-16 14:49:45,0,0,1,0
8jty93,2018-05-16 10:50:03,47,r/mechanical_gifs,43,2018-05-16 14:53:51,0,0,1,0
8jty93,2018-05-16 10:50:03,47,r/mechanical_gifs,44,2018-05-16 15:04:02,0,0,1,0
8jty93,2018-05-16 10:50:03,47,r/mechanical_gifs,45,2018-05-16 15:10:43,0,0,1,0
8jty93,2018-05-16 10:50:03,47,r/mechanical_gifs,46,2018-05-16 15:14:27,0,0,1,0
8jty93,2018-05-16 10:50:03,47,r/mechanical_gifs,47,2018-05-16 15:24:25,0,0,1,0
8jty93,2018-05-16 10:50:03,47,r/mechanical_gifs,48,2018-05-16 15:30:38,0,0,1,0
8jty93,2018-05-16 10:50:03,47,r/mechanical_gifs,49,2018-05-16 15:36:30,0,0,1,0
8jty93,2018-05-16 10:50:03,47,r/mechanical_gifs,50,2018-05-16 15:37:21,0,0,1,0
8jty93,2018-05-16 10:50:03,47,r/mechanical_gifs,51,2018-05-16 15:37:23,0,0,1,0
8jty93,2018-05-16 10:50:03,47,r/mechanical_gifs,52,2018-05-16 15:38:46,0,0,1,0
8jty93,2018-05-16 10:50:03,47,r/mechanical_gifs,53,2018-05-16 15:53:57,0,0,1,0
8jty93,2018-05-16 10:50:03,47,r/mechanical_gifs,54,2018-05-16 15:54:21,0,0,1,0
8jty93,2018-05-16 10:50:03,47,r/mechanical_gifs,55,2018-05-16 15:59:10,0,0,1,0
8jty93,2018-05-16 10:50:03,47,r/mechanical_gifs,56,2018-05-16 16:00:44,0,0,1,0
8jty93,2018-05-16 10:50:03,47,r/mechanical_gifs,57,2018-05-16 16:08:40,0,0,1,0
8jty93,2018-05-16 10:50:03,47,r/mechanical_gifs,58,2018-05-16 16:10:05,0,0,1,0
8jty93,2018-05-16 10:50:03,47,r/mechanical_gifs,59,2018-05-16 16:16:56,0,0,1,0
8jty93,2018-05-16 10:50:03,47,r/mechanical_gifs,60,2018-05-16 16:27:27,0,0,1,0
8jty93,2018-05-16 10:50:03,47,r/mechanical_gifs,61,2018-05-16 16:30:41,0,0,1,0
8jty93,2018-05-16 10:50:03,47,r/mechanical_gifs,62,2018-05-16 16:32:16,0,0,1,0
8jty93,2018-05-16 10:50:03,47,r/mechanical_gifs,63,2018-05-16 16:34:45,0,0,1,0
8jty93,2018-05-16 10:50:03,47,r/mechanical_gifs,64,2018-05-16 16:38:48,0,0,1,0
8jty93,2018-05-16 10:50:03,47,r/mechanical_gifs,65,2018-05-16 17:08:40,0,0,1,0
8jty93,2018-05-16 10:50:03,47,r/mechanical_gifs,66,2018-05-16 17:10:11,0,0,1,0
8jty93,2018-05-16 10:50:03,47,r/mechanical_gifs,67,2018-05-16 17:13:00,0,0,1,0
8jty93,2018-05-16 10:50:03,47,r/mechanical_gifs,68,2018-05-16 17:14:58,0,0,1,0
8jty93,2018-05-16 10:50:03,47,r/mechanical_gifs,69,2018-05-16 17:19:21,0,0,1,0
8jty93,2018-05-16 10:50:03,47,r/mechanical_gifs,70,2018-05-16 17:24:56,0,0,1,0
8jty93,2018-05-16 10:50:03,47,r/mechanical_gifs,71,2018-05-16 17:30:47,0,0,1,0
8jty93,2018-05-16 10:50:03,47,r/mechanical_gifs,72,2018-05-16 17:44:43,0,0,1,0
8jty93,2018-05-16 10:50:03,47,r/mechanical_gifs,73,2018-05-16 17:49:20,0,0,1,0
8jty93,2018-05-16 10:50:03,47,r/mechanical_gifs,74,2018-05-16 17:54:39,0,0,1,0
8jty93,2018-05-16 10:50:03,47,r/mechanical_gifs,75,2018-05-16 18:19:48,0,0,1,0
8jty93,2018-05-16 10:50:03,47,r/mechanical_gifs,76,2018-05-16 12:18:03,0,0,1,0
8jty93,2018-05-16 10:50:03,47,r/mechanical_gifs,77,2018-05-16 11:27:29,0,1,1,0
8jty93,2018-05-16 10:50:03,47,r/mechanical_gifs,77,2018-05-16 13:12:58,1,0,1,0
8jty93,2018-05-16 10:50:03,47,r/mechanical_gifs,78,2018-05-16 13:20:39,0,0,1,0
8jty93,2018-05-16 10:50:03,47,r/mechanical_gifs,79,2018-05-16 13:24:00,0,0,1,0
8jty93,2018-05-16 10:50:03,47,r/mechanical_gifs,80,2018-05-16 14:54:02,0,0,1,0
8jty93,2018-05-16 10:50:03,47,r/mechanical_gifs,81,2018-05-16 15:15:26,0,0,1,0
8jty93,2018-05-16 10:50:03,47,r/mechanical_gifs,82,2018-05-16 12:06:20,0,0,-1,0
8jty93,2018-05-16 10:50:03,47,r/mechanical_gifs,83,2018-05-16 14:26:03,0,0,0,0
8jty93,2018-05-16 10:50:03,47,r/mechanical_gifs,84,2018-05-16 15:13:11,0,0,0,0
8jty93,2018-05-16 10:50:03,47,r/mechanical_gifs,85,2018-05-16 15:16:59,0,0,0,0
8jty93,2018-05-16 10:50:03,47,r/mechanical_gifs,86,2018-05-16 15:22:46,0,0,0,0
8jty93,2018-05-16 10:50:03,47,r/mechanical_gifs,87,2018-05-16 15:35:27,0,0,0,0
8jty93,2018-05-16 10:50:03,47,r/mechanical_gifs,88,2018-05-16 12:24:45,0,0,-1,0
8jtxg3,2018-05-16 10:45:18,48,r/hmmm,0,2018-05-16 14:47:32,0,16,667,0
8jtxg3,2018-05-16 10:45:18,48,r/hmmm,0,2018-05-16 15:58:30,1,1,163,0
8jtxg3,2018-05-16 10:45:18,48,r/hmmm,0,2018-05-16 17:16:39,2,1,23,0
8jtxg3,2018-05-16 10:45:18,48,r/hmmm,0,2018-05-16 17:25:15,3,2,14,0
8jtxg3,2018-05-16 10:45:18,48,r/hmmm,0,2018-05-16 18:03:38,4,0,9,0
8jtxg3,2018-05-16 10:45:18,48,r/hmmm,0,2018-05-16 18:03:13,4,2,6,0
8jtxg3,2018-05-16 10:45:18,48,r/hmmm,0,2018-05-16 18:20:39,5,0,2,0
8jtxg3,2018-05-16 10:45:18,48,r/hmmm,0,2018-05-16 18:19:30,5,0,1,0
8jtxg3,2018-05-16 10:45:18,48,r/hmmm,0,2018-05-16 16:15:35,1,1,24,0
8jtxg3,2018-05-16 10:45:18,48,r/hmmm,0,2018-05-16 16:56:41,2,2,7,0
8jtxg3,2018-05-16 10:45:18,48,r/hmmm,0,2018-05-16 17:02:40,3,1,10,0
8jtxg3,2018-05-16 10:45:18,48,r/hmmm,0,2018-05-16 17:08:33,4,4,6,0
8jtxg3,2018-05-16 10:45:18,48,r/hmmm,0,2018-05-16 17:09:55,5,0,3,0
8jtxg3,2018-05-16 10:45:18,48,r/hmmm,0,2018-05-16 18:22:44,5,0,1,0
8jtxg3,2018-05-16 10:45:18,48,r/hmmm,0,2018-05-16 17:36:23,5,0,0,0
8jtxg3,2018-05-16 10:45:18,48,r/hmmm,0,2018-05-16 17:59:13,5,0,0,0
8jtxg3,2018-05-16 10:45:18,48,r/hmmm,0,2018-05-16 17:07:49,3,0,2,0
8jtxg3,2018-05-16 10:45:18,48,r/hmmm,0,2018-05-16 16:04:59,1,0,19,0
8jtxg3,2018-05-16 10:45:18,48,r/hmmm,0,2018-05-16 15:58:37,1,0,13,0
8jtxg3,2018-05-16 10:45:18,48,r/hmmm,0,2018-05-16 15:23:03,1,1,16,0
8jtxg3,2018-05-16 10:45:18,48,r/hmmm,0,2018-05-16 16:07:27,2,0,8,0
8jtxg3,2018-05-16 10:45:18,48,r/hmmm,0,2018-05-16 16:03:33,1,0,3,0
8jtxg3,2018-05-16 10:45:18,48,r/hmmm,0,2018-05-16 16:08:54,1,0,3,0
8jtxg3,2018-05-16 10:45:18,48,r/hmmm,0,2018-05-16 16:24:25,1,0,3,0
8jtxg3,2018-05-16 10:45:18,48,r/hmmm,0,2018-05-16 16:00:56,1,1,8,0
8jtxg3,2018-05-16 10:45:18,48,r/hmmm,0,2018-05-16 16:05:53,2,1,-6,0
8jtxg3,2018-05-16 10:45:18,48,r/hmmm,0,2018-05-16 16:09:11,3,0,12,0
8jtxg3,2018-05-16 10:45:18,48,r/hmmm,0,2018-05-16 17:02:44,1,0,2,0
8jtxg3,2018-05-16 10:45:18,48,r/hmmm,0,2018-05-16 17:21:25,1,0,1,0
8jtxg3,2018-05-16 10:45:18,48,r/hmmm,0,2018-05-16 17:41:35,1,0,1,0
8jtxg3,2018-05-16 10:45:18,48,r/hmmm,0,2018-05-16 17:55:56,1,0,1,0
8jtxg3,2018-05-16 10:45:18,48,r/hmmm,0,2018-05-16 17:57:06,1,0,1,0
8jtxg3,2018-05-16 10:45:18,48,r/hmmm,0,2018-05-16 18:08:34,1,0,1,0
8jtxg3,2018-05-16 10:45:18,48,r/hmmm,0,2018-05-16 16:58:18,1,0,1,0
8jtxg3,2018-05-16 10:45:18,48,r/hmmm,1,2018-05-16 11:27:42,0,6,1090,0
8jtxg3,2018-05-16 10:45:18,48,r/hmmm,1,2018-05-16 11:32:39,1,2,122,0
8jtxg3,2018-05-16 10:45:18,48,r/hmmm,1,2018-05-16 12:50:16,2,1,55,0
8jtxg3,2018-05-16 10:45:18,48,r/hmmm,1,2018-05-16 12:52:25,3,1,57,0
8jtxg3,2018-05-16 10:45:18,48,r/hmmm,1,2018-05-16 14:47:36,4,1,18,0
8jtxg3,2018-05-16 10:45:18,48,r/hmmm,1,2018-05-16 15:24:08,5,1,13,0
8jtxg3,2018-05-16 10:45:18,48,r/hmmm,1,2018-05-16 15:30:12,6,1,9,0
8jtxg3,2018-05-16 10:45:18,48,r/hmmm,1,2018-05-16 15:34:37,7,1,-2,0
8jtxg3,2018-05-16 10:45:18,48,r/hmmm,1,2018-05-16 15:44:31,8,2,7,0
8jtxg3,2018-05-16 10:45:18,48,r/hmmm,1,2018-05-16 15:56:31,9,0,3,0
8jtxg3,2018-05-16 10:45:18,48,r/hmmm,1,2018-05-16 17:35:44,9,1,1,0
8jtxg3,2018-05-16 10:45:18,48,r/hmmm,1,2018-05-16 15:46:57,2,0,2,0
8jtxg3,2018-05-16 10:45:18,48,r/hmmm,1,2018-05-16 15:04:27,1,0,113,0
8jtxg3,2018-05-16 10:45:18,48,r/hmmm,1,2018-05-16 15:21:18,1,0,8,0
8jtxg3,2018-05-16 10:45:18,48,r/hmmm,1,2018-05-16 15:05:01,1,0,11,0
8jtxg3,2018-05-16 10:45:18,48,r/hmmm,1,2018-05-16 17:01:43,1,0,11,0
8jtxg3,2018-05-16 10:45:18,48,r/hmmm,1,2018-05-16 17:53:18,1,0,2,0
8jtxg3,2018-05-16 10:45:18,48,r/hmmm,2,2018-05-16 12:54:07,0,3,296,0
8jtxg3,2018-05-16 10:45:18,48,r/hmmm,2,2018-05-16 15:58:21,1,3,42,0
8jtxg3,2018-05-16 10:45:18,48,r/hmmm,2,2018-05-16 16:23:47,2,0,15,0
8jtxg3,2018-05-16 10:45:18,48,r/hmmm,2,2018-05-16 16:46:48,2,1,12,0
8jtxg3,2018-05-16 10:45:18,48,r/hmmm,2,2018-05-16 17:53:29,3,0,4,0
8jtxg3,2018-05-16 10:45:18,48,r/hmmm,2,2018-05-16 17:05:40,2,0,4,0
8jtxg3,2018-05-16 10:45:18,48,r/hmmm,2,2018-05-16 16:13:13,1,0,5,0
8jtxg3,2018-05-16 10:45:18,48,r/hmmm,2,2018-05-16 17:12:09,1,0,2,0
8jtxg3,2018-05-16 10:45:18,48,r/hmmm,3,2018-05-16 11:37:00,0,1,110,0
8jtxg3,2018-05-16 10:45:18,48,r/hmmm,3,2018-05-16 16:49:53,1,1,4,0
8jtxg3,2018-05-16 10:45:18,48,r/hmmm,3,2018-05-16 17:24:29,2,0,-2,0
8jtxg3,2018-05-16 10:45:18,48,r/hmmm,4,2018-05-16 12:15:56,0,1,60,0
8jtxg3,2018-05-16 10:45:18,48,r/hmmm,4,2018-05-16 15:36:40,1,1,19,0
8jtxg3,2018-05-16 10:45:18,48,r/hmmm,4,2018-05-16 15:47:51,2,1,5,0
8jtxg3,2018-05-16 10:45:18,48,r/hmmm,4,2018-05-16 16:10:35,3,1,31,0
8jtxg3,2018-05-16 10:45:18,48,r/hmmm,4,2018-05-16 17:35:06,4,0,2,0
8jtxg3,2018-05-16 10:45:18,48,r/hmmm,5,2018-05-16 14:04:06,0,0,10,0
8jtxg3,2018-05-16 10:45:18,48,r/hmmm,6,2018-05-16 14:38:03,0,1,17,0
8jtxg3,2018-05-16 10:45:18,48,r/hmmm,6,2018-05-16 17:47:09,1,0,9,0
8jtxg3,2018-05-16 10:45:18,48,r/hmmm,7,2018-05-16 12:17:13,0,0,17,0
8jtxg3,2018-05-16 10:45:18,48,r/hmmm,8,2018-05-16 13:31:27,0,2,44,0
8jtxg3,2018-05-16 10:45:18,48,r/hmmm,8,2018-05-16 15:19:20,1,1,47,0
8jtxg3,2018-05-16 10:45:18,48,r/hmmm,8,2018-05-16 18:28:58,2,0,1,0
8jtxg3,2018-05-16 10:45:18,48,r/hmmm,8,2018-05-16 16:59:14,1,0,9,0
8jtxg3,2018-05-16 10:45:18,48,r/hmmm,9,2018-05-16 12:39:53,0,0,7,0
8jtxg3,2018-05-16 10:45:18,48,r/hmmm,10,2018-05-16 14:28:18,0,2,7,0
8jtxg3,2018-05-16 10:45:18,48,r/hmmm,10,2018-05-16 14:40:02,1,1,30,0
8jtxg3,2018-05-16 10:45:18,48,r/hmmm,10,2018-05-16 15:54:38,2,0,9,0
8jtxg3,2018-05-16 10:45:18,48,r/hmmm,10,2018-05-16 15:18:46,1,1,4,0
8jtxg3,2018-05-16 10:45:18,48,r/hmmm,10,2018-05-16 16:05:47,2,0,4,0
8jtxg3,2018-05-16 10:45:18,48,r/hmmm,11,2018-05-16 17:05:06,0,0,3,0
8jtxg3,2018-05-16 10:45:18,48,r/hmmm,12,2018-05-16 16:28:50,0,0,2,0
8jtxg3,2018-05-16 10:45:18,48,r/hmmm,13,2018-05-16 15:04:42,0,1,1,0
8jtxg3,2018-05-16 10:45:18,48,r/hmmm,13,2018-05-16 15:47:01,1,0,3,0
8jtxg3,2018-05-16 10:45:18,48,r/hmmm,14,2018-05-16 15:43:27,0,0,1,0
8jtxg3,2018-05-16 10:45:18,48,r/hmmm,15,2018-05-16 16:02:19,0,0,1,0
8jtxg3,2018-05-16 10:45:18,48,r/hmmm,16,2018-05-16 16:05:33,0,0,1,0
8jtxg3,2018-05-16 10:45:18,48,r/hmmm,17,2018-05-16 16:13:22,0,0,1,0
8jtxg3,2018-05-16 10:45:18,48,r/hmmm,18,2018-05-16 16:23:37,0,0,1,0
8jtxg3,2018-05-16 10:45:18,48,r/hmmm,19,2018-05-16 16:26:04,0,0,1,0
8jtxg3,2018-05-16 10:45:18,48,r/hmmm,20,2018-05-16 16:29:25,0,0,1,0
8jtxg3,2018-05-16 10:45:18,48,r/hmmm,21,2018-05-16 16:44:54,0,0,1,0
8jtxg3,2018-05-16 10:45:18,48,r/hmmm,22,2018-05-16 16:45:29,0,0,1,0
8jtxg3,2018-05-16 10:45:18,48,r/hmmm,23,2018-05-16 17:00:51,0,0,1,0
8jtxg3,2018-05-16 10:45:18,48,r/hmmm,24,2018-05-16 17:16:54,0,0,1,0
8jtxg3,2018-05-16 10:45:18,48,r/hmmm,25,2018-05-16 17:31:30,0,0,1,0
8jtxg3,2018-05-16 10:45:18,48,r/hmmm,26,2018-05-16 17:35:45,0,0,1,0
8jtxg3,2018-05-16 10:45:18,48,r/hmmm,27,2018-05-16 18:01:15,0,0,1,0
8jtxg3,2018-05-16 10:45:18,48,r/hmmm,28,2018-05-16 18:20:49,0,0,1,0
8jtxg3,2018-05-16 10:45:18,48,r/hmmm,29,2018-05-16 18:25:13,0,0,1,0
8jtxg3,2018-05-16 10:45:18,48,r/hmmm,30,2018-05-16 16:17:33,0,0,1,0
8jtxg3,2018-05-16 10:45:18,48,r/hmmm,31,2018-05-16 16:54:52,0,0,1,0
8jtxg3,2018-05-16 10:45:18,48,r/hmmm,32,2018-05-16 17:02:16,0,0,1,0
8jtxg3,2018-05-16 10:45:18,48,r/hmmm,33,2018-05-16 15:55:53,0,0,0,0
8jtxg3,2018-05-16 10:45:18,48,r/hmmm,34,2018-05-16 12:47:32,0,1,-2,0
8jtxg3,2018-05-16 10:45:18,48,r/hmmm,34,2018-05-16 12:49:02,1,4,10,0
8jtxg3,2018-05-16 10:45:18,48,r/hmmm,34,2018-05-16 13:38:05,2,0,27,0
8jtxg3,2018-05-16 10:45:18,48,r/hmmm,34,2018-05-16 13:03:53,2,0,24,0
8jtxg3,2018-05-16 10:45:18,48,r/hmmm,34,2018-05-16 13:04:32,2,1,5,0
8jtxg3,2018-05-16 10:45:18,48,r/hmmm,34,2018-05-16 13:17:26,3,0,3,0
8jtxg3,2018-05-16 10:45:18,48,r/hmmm,34,2018-05-16 13:09:54,2,2,-2,0
8jtxg3,2018-05-16 10:45:18,48,r/hmmm,34,2018-05-16 13:55:40,3,0,6,0
8jtxg3,2018-05-16 10:45:18,48,r/hmmm,34,2018-05-16 14:13:03,3,0,1,0
8jtxg3,2018-05-16 10:45:18,48,r/hmmm,35,2018-05-16 15:06:09,0,0,-2,0
8jtto4,2018-05-16 10:22:40,49,r/PrequelMemes,0,2018-05-16 10:58:53,0,2,755,0
8jtto4,2018-05-16 10:22:40,49,r/PrequelMemes,0,2018-05-16 11:05:31,1,3,447,0
8jtto4,2018-05-16 10:22:40,49,r/PrequelMemes,0,2018-05-16 11:14:07,2,1,206,0
8jtto4,2018-05-16 10:22:40,49,r/PrequelMemes,0,2018-05-16 14:45:22,3,1,55,0
8jtto4,2018-05-16 10:22:40,49,r/PrequelMemes,0,2018-05-16 14:55:06,4,1,28,0
8jtto4,2018-05-16 10:22:40,49,r/PrequelMemes,0,2018-05-16 15:29:41,5,0,19,0
8jtto4,2018-05-16 10:22:40,49,r/PrequelMemes,0,2018-05-16 11:15:19,2,0,14,0
8jtto4,2018-05-16 10:22:40,49,r/PrequelMemes,0,2018-05-16 14:51:31,2,1,7,0
8jtto4,2018-05-16 10:22:40,49,r/PrequelMemes,0,2018-05-16 15:02:56,3,2,6,0
8jtto4,2018-05-16 10:22:40,49,r/PrequelMemes,0,2018-05-16 15:05:41,4,0,6,0
8jtto4,2018-05-16 10:22:40,49,r/PrequelMemes,0,2018-05-16 15:21:20,4,0,4,0
8jtto4,2018-05-16 10:22:40,49,r/PrequelMemes,0,2018-05-16 11:17:44,1,1,11,0
8jtto4,2018-05-16 10:22:40,49,r/PrequelMemes,0,2018-05-16 12:46:05,2,0,11,0
8jtto4,2018-05-16 10:22:40,49,r/PrequelMemes,1,2018-05-16 10:56:04,0,21,2537,0
8jtto4,2018-05-16 10:22:40,49,r/PrequelMemes,1,2018-05-16 11:00:23,1,6,1118,0
8jtto4,2018-05-16 10:22:40,49,r/PrequelMemes,1,2018-05-16 13:51:23,2,1,471,0
8jtto4,2018-05-16 10:22:40,49,r/PrequelMemes,1,2018-05-16 14:41:04,3,2,218,0
8jtto4,2018-05-16 10:22:40,49,r/PrequelMemes,1,2018-05-16 14:46:15,4,2,130,0
8jtto4,2018-05-16 10:22:40,49,r/PrequelMemes,1,2018-05-16 14:47:59,5,1,109,0
8jtto4,2018-05-16 10:22:40,49,r/PrequelMemes,1,2018-05-16 14:49:39,6,2,99,0
8jtto4,2018-05-16 10:22:40,49,r/PrequelMemes,1,2018-05-16 14:49:57,7,1,64,0
8jtto4,2018-05-16 10:22:40,49,r/PrequelMemes,1,2018-05-16 14:50:59,8,1,67,0
8jtto4,2018-05-16 10:22:40,49,r/PrequelMemes,1,2018-05-16 15:27:29,9,1,36,0
8jtto4,2018-05-16 10:22:40,49,r/PrequelMemes,1,2018-05-16 16:06:36,7,1,10,0
8jtto4,2018-05-16 10:22:40,49,r/PrequelMemes,1,2018-05-16 17:14:49,8,1,3,0
8jtto4,2018-05-16 10:22:40,49,r/PrequelMemes,1,2018-05-16 18:00:43,9,0,1,0
8jtto4,2018-05-16 10:22:40,49,r/PrequelMemes,1,2018-05-16 15:21:33,5,2,4,0
8jtto4,2018-05-16 10:22:40,49,r/PrequelMemes,1,2018-05-16 15:25:35,6,2,20,0
8jtto4,2018-05-16 10:22:40,49,r/PrequelMemes,1,2018-05-16 16:01:30,7,0,9,0
8jtto4,2018-05-16 10:22:40,49,r/PrequelMemes,1,2018-05-16 16:09:42,7,0,7,0
8jtto4,2018-05-16 10:22:40,49,r/PrequelMemes,1,2018-05-16 15:39:31,6,0,9,0
8jtto4,2018-05-16 10:22:40,49,r/PrequelMemes,1,2018-05-16 15:12:20,4,1,12,0
8jtto4,2018-05-16 10:22:40,49,r/PrequelMemes,1,2018-05-16 15:47:14,5,0,3,0
8jtto4,2018-05-16 10:22:40,49,r/PrequelMemes,1,2018-05-16 11:08:46,2,1,33,0
8jtto4,2018-05-16 10:22:40,49,r/PrequelMemes,1,2018-05-16 11:36:13,3,1,159,0
8jtto4,2018-05-16 10:22:40,49,r/PrequelMemes,1,2018-05-16 11:53:08,4,2,97,0
8jtto4,2018-05-16 10:22:40,49,r/PrequelMemes,1,2018-05-16 14:18:56,5,1,14,0
8jtto4,2018-05-16 10:22:40,49,r/PrequelMemes,1,2018-05-16 14:31:36,6,1,6,0
8jtto4,2018-05-16 10:22:40,49,r/PrequelMemes,1,2018-05-16 14:44:44,7,1,3,0
8jtto4,2018-05-16 10:22:40,49,r/PrequelMemes,1,2018-05-16 15:14:10,8,1,3,0
8jtto4,2018-05-16 10:22:40,49,r/PrequelMemes,1,2018-05-16 15:28:09,9,0,4,0
8jtto4,2018-05-16 10:22:40,49,r/PrequelMemes,1,2018-05-16 16:46:18,5,0,1,0
8jtto4,2018-05-16 10:22:40,49,r/PrequelMemes,1,2018-05-16 14:26:38,2,0,3,0
8jtto4,2018-05-16 10:22:40,49,r/PrequelMemes,1,2018-05-16 15:41:38,2,0,2,0
8jtto4,2018-05-16 10:22:40,49,r/PrequelMemes,1,2018-05-16 15:20:21,2,0,1,0
8jtto4,2018-05-16 10:22:40,49,r/PrequelMemes,1,2018-05-16 17:59:10,2,0,1,0
8jtto4,2018-05-16 10:22:40,49,r/PrequelMemes,1,2018-05-16 11:49:11,1,1,24,0
8jtto4,2018-05-16 10:22:40,49,r/PrequelMemes,1,2018-05-16 12:51:36,2,0,12,0
8jtto4,2018-05-16 10:22:40,49,r/PrequelMemes,1,2018-05-16 11:33:25,1,2,57,0
8jtto4,2018-05-16 10:22:40,49,r/PrequelMemes,1,2018-05-16 12:01:03,2,1,77,0
8jtto4,2018-05-16 10:22:40,49,r/PrequelMemes,1,2018-05-16 12:05:41,3,1,41,0
8jtto4,2018-05-16 10:22:40,49,r/PrequelMemes,1,2018-05-16 13:09:02,4,0,21,0
8jtto4,2018-05-16 10:22:40,49,r/PrequelMemes,1,2018-05-16 14:21:03,2,0,3,0
8jtto4,2018-05-16 10:22:40,49,r/PrequelMemes,1,2018-05-16 12:01:26,1,0,8,0
8jtto4,2018-05-16 10:22:40,49,r/PrequelMemes,1,2018-05-16 14:06:22,1,0,5,0
8jtto4,2018-05-16 10:22:40,49,r/PrequelMemes,1,2018-05-16 12:24:04,1,2,15,0
8jtto4,2018-05-16 10:22:40,49,r/PrequelMemes,1,2018-05-16 12:40:46,2,0,33,0
8jtto4,2018-05-16 10:22:40,49,r/PrequelMemes,1,2018-05-16 13:59:52,2,0,6,0
8jtto4,2018-05-16 10:22:40,49,r/PrequelMemes,1,2018-05-16 10:58:15,1,0,9,0
8jtto4,2018-05-16 10:22:40,49,r/PrequelMemes,1,2018-05-16 12:50:21,1,0,6,0
8jtto4,2018-05-16 10:22:40,49,r/PrequelMemes,1,2018-05-16 13:53:39,1,1,3,0
8jtto4,2018-05-16 10:22:40,49,r/PrequelMemes,1,2018-05-16 15:16:57,2,1,1,0
8jtto4,2018-05-16 10:22:40,49,r/PrequelMemes,1,2018-05-16 15:53:08,3,0,1,0
8jtto4,2018-05-16 10:22:40,49,r/PrequelMemes,1,2018-05-16 14:35:50,1,0,2,0
8jtto4,2018-05-16 10:22:40,49,r/PrequelMemes,1,2018-05-16 14:52:10,1,0,2,0
8jtto4,2018-05-16 10:22:40,49,r/PrequelMemes,1,2018-05-16 15:10:06,1,0,2,0
8jtto4,2018-05-16 10:22:40,49,r/PrequelMemes,1,2018-05-16 12:08:10,1,2,6,0
8jtto4,2018-05-16 10:22:40,49,r/PrequelMemes,1,2018-05-16 13:37:55,2,0,16,0
8jtto4,2018-05-16 10:22:40,49,r/PrequelMemes,1,2018-05-16 15:50:36,2,0,2,0
8jtto4,2018-05-16 10:22:40,49,r/PrequelMemes,1,2018-05-16 16:58:12,1,0,2,0
8jtto4,2018-05-16 10:22:40,49,r/PrequelMemes,1,2018-05-16 15:02:36,1,0,1,0
8jtto4,2018-05-16 10:22:40,49,r/PrequelMemes,1,2018-05-16 15:20:59,1,0,1,0
8jtto4,2018-05-16 10:22:40,49,r/PrequelMemes,1,2018-05-16 16:04:11,1,0,1,0
8jtto4,2018-05-16 10:22:40,49,r/PrequelMemes,1,2018-05-16 16:51:11,1,0,1,0
8jtto4,2018-05-16 10:22:40,49,r/PrequelMemes,1,2018-05-16 17:31:57,1,0,1,0
8jtto4,2018-05-16 10:22:40,49,r/PrequelMemes,1,2018-05-16 17:55:47,1,0,1,0
8jtto4,2018-05-16 10:22:40,49,r/PrequelMemes,1,2018-05-16 18:02:16,1,0,1,0
8jtto4,2018-05-16 10:22:40,49,r/PrequelMemes,2,2018-05-16 12:03:09,0,6,536,0
8jtto4,2018-05-16 10:22:40,49,r/PrequelMemes,2,2018-05-16 12:06:19,1,1,201,0
8jtto4,2018-05-16 10:22:40,49,r/PrequelMemes,2,2018-05-16 14:24:21,2,1,103,0
8jtto4,2018-05-16 10:22:40,49,r/PrequelMemes,2,2018-05-16 15:12:09,3,1,39,0
8jtto4,2018-05-16 10:22:40,49,r/PrequelMemes,2,2018-05-16 15:30:52,4,1,26,0
8jtto4,2018-05-16 10:22:40,49,r/PrequelMemes,2,2018-05-16 17:29:56,5,0,4,0
8jtto4,2018-05-16 10:22:40,49,r/PrequelMemes,2,2018-05-16 15:22:10,1,0,24,0
8jtto4,2018-05-16 10:22:40,49,r/PrequelMemes,2,2018-05-16 16:11:23,1,1,9,0
8jtto4,2018-05-16 10:22:40,49,r/PrequelMemes,2,2018-05-16 16:30:01,2,0,5,0
8jtto4,2018-05-16 10:22:40,49,r/PrequelMemes,2,2018-05-16 16:46:38,1,0,3,0
8jtto4,2018-05-16 10:22:40,49,r/PrequelMemes,2,2018-05-16 17:51:07,1,0,1,0
8jtto4,2018-05-16 10:22:40,49,r/PrequelMemes,2,2018-05-16 18:30:05,1,0,1,0
8jtto4,2018-05-16 10:22:40,49,r/PrequelMemes,3,2018-05-16 11:16:00,0,6,501,0
8jtto4,2018-05-16 10:22:40,49,r/PrequelMemes,3,2018-05-16 12:12:38,1,4,212,0
8jtto4,2018-05-16 10:22:40,49,r/PrequelMemes,3,2018-05-16 12:33:08,2,1,75,0
8jtto4,2018-05-16 10:22:40,49,r/PrequelMemes,3,2018-05-16 14:42:24,3,1,21,0
8jtto4,2018-05-16 10:22:40,49,r/PrequelMemes,3,2018-05-16 17:08:28,4,0,5,0
8jtto4,2018-05-16 10:22:40,49,r/PrequelMemes,3,2018-05-16 14:19:06,2,1,27,0
8jtto4,2018-05-16 10:22:40,49,r/PrequelMemes,3,2018-05-16 15:07:22,3,1,32,0
8jtto4,2018-05-16 10:22:40,49,r/PrequelMemes,3,2018-05-16 15:40:18,4,0,13,0
8jtto4,2018-05-16 10:22:40,49,r/PrequelMemes,3,2018-05-16 13:57:58,2,1,13,0
8jtto4,2018-05-16 10:22:40,49,r/PrequelMemes,3,2018-05-16 14:44:40,3,1,10,0
8jtto4,2018-05-16 10:22:40,49,r/PrequelMemes,3,2018-05-16 15:28:41,4,1,6,0
8jtto4,2018-05-16 10:22:40,49,r/PrequelMemes,3,2018-05-16 15:38:01,5,0,6,0
8jtto4,2018-05-16 10:22:40,49,r/PrequelMemes,3,2018-05-16 14:42:02,2,0,2,0
8jtto4,2018-05-16 10:22:40,49,r/PrequelMemes,3,2018-05-16 12:14:45,1,0,43,0
8jtto4,2018-05-16 10:22:40,49,r/PrequelMemes,3,2018-05-16 13:36:09,1,0,16,0
8jtto4,2018-05-16 10:22:40,49,r/PrequelMemes,3,2018-05-16 14:41:37,1,0,6,0
8jtto4,2018-05-16 10:22:40,49,r/PrequelMemes,3,2018-05-16 15:43:24,1,0,2,0
8jtto4,2018-05-16 10:22:40,49,r/PrequelMemes,3,2018-05-16 16:39:33,1,0,1,0
8jtto4,2018-05-16 10:22:40,49,r/PrequelMemes,4,2018-05-16 11:08:42,0,0,114,0
8jtto4,2018-05-16 10:22:40,49,r/PrequelMemes,5,2018-05-16 11:05:34,0,4,84,0
8jtto4,2018-05-16 10:22:40,49,r/PrequelMemes,5,2018-05-16 13:24:02,1,0,30,0
8jtto4,2018-05-16 10:22:40,49,r/PrequelMemes,5,2018-05-16 15:21:37,1,0,9,0
8jtto4,2018-05-16 10:22:40,49,r/PrequelMemes,5,2018-05-16 15:40:02,1,0,8,0
8jtto4,2018-05-16 10:22:40,49,r/PrequelMemes,5,2018-05-16 16:30:26,1,1,3,0
8jtto4,2018-05-16 10:22:40,49,r/PrequelMemes,5,2018-05-16 17:07:50,2,0,2,0
8jtto4,2018-05-16 10:22:40,49,r/PrequelMemes,6,2018-05-16 12:30:30,0,1,31,0
8jtto4,2018-05-16 10:22:40,49,r/PrequelMemes,6,2018-05-16 14:18:37,1,1,7,0
8jtto4,2018-05-16 10:22:40,49,r/PrequelMemes,6,2018-05-16 14:27:17,2,1,3,0
8jtto4,2018-05-16 10:22:40,49,r/PrequelMemes,6,2018-05-16 14:38:40,3,1,1,0
8jtto4,2018-05-16 10:22:40,49,r/PrequelMemes,6,2018-05-16 14:43:07,4,1,3,0
8jtto4,2018-05-16 10:22:40,49,r/PrequelMemes,6,2018-05-16 14:48:04,5,1,2,0
8jtto4,2018-05-16 10:22:40,49,r/PrequelMemes,6,2018-05-16 14:53:39,6,1,2,0
8jtto4,2018-05-16 10:22:40,49,r/PrequelMemes,6,2018-05-16 17:11:41,7,0,1,0
8jtto4,2018-05-16 10:22:40,49,r/PrequelMemes,7,2018-05-16 13:10:57,0,1,59,0
8jtto4,2018-05-16 10:22:40,49,r/PrequelMemes,7,2018-05-16 13:50:58,1,1,26,0
8jtto4,2018-05-16 10:22:40,49,r/PrequelMemes,7,2018-05-16 13:52:10,2,1,20,0
8jtto4,2018-05-16 10:22:40,49,r/PrequelMemes,7,2018-05-16 14:25:29,3,0,13,0
8jtto4,2018-05-16 10:22:40,49,r/PrequelMemes,8,2018-05-16 11:37:43,0,0,26,0
8jtto4,2018-05-16 10:22:40,49,r/PrequelMemes,9,2018-05-16 12:22:47,0,4,26,0
8jtto4,2018-05-16 10:22:40,49,r/PrequelMemes,9,2018-05-16 14:51:00,1,2,15,0
8jtto4,2018-05-16 10:22:40,49,r/PrequelMemes,9,2018-05-16 15:07:52,2,0,10,0
8jtto4,2018-05-16 10:22:40,49,r/PrequelMemes,9,2018-05-16 15:16:17,2,0,7,0
8jtto4,2018-05-16 10:22:40,49,r/PrequelMemes,9,2018-05-16 15:20:52,1,0,3,0
8jtto4,2018-05-16 10:22:40,49,r/PrequelMemes,9,2018-05-16 15:27:39,1,0,3,0
8jtto4,2018-05-16 10:22:40,49,r/PrequelMemes,9,2018-05-16 16:58:33,1,1,1,0
8jtto4,2018-05-16 10:22:40,49,r/PrequelMemes,9,2018-05-16 18:20:18,2,0,1,0
8jtto4,2018-05-16 10:22:40,49,r/PrequelMemes,10,2018-05-16 12:53:00,0,0,10,0
8jtto4,2018-05-16 10:22:40,49,r/PrequelMemes,11,2018-05-16 13:56:34,0,0,7,0
8jtto4,2018-05-16 10:22:40,49,r/PrequelMemes,12,2018-05-16 11:41:22,0,2,4,0
8jtto4,2018-05-16 10:22:40,49,r/PrequelMemes,12,2018-05-16 17:13:28,1,0,1,0
8jtto4,2018-05-16 10:22:40,49,r/PrequelMemes,12,2018-05-16 13:07:46,1,0,0,0
8jtto4,2018-05-16 10:22:40,49,r/PrequelMemes,13,2018-05-16 13:58:07,0,1,4,0
8jtto4,2018-05-16 10:22:40,49,r/PrequelMemes,13,2018-05-16 14:56:51,1,0,7,0
8jtto4,2018-05-16 10:22:40,49,r/PrequelMemes,14,2018-05-16 15:43:20,0,0,4,0
8jtto4,2018-05-16 10:22:40,49,r/PrequelMemes,15,2018-05-16 11:15:51,0,0,5,0
8jtto4,2018-05-16 10:22:40,49,r/PrequelMemes,16,2018-05-16 12:18:59,0,0,3,0
8jtto4,2018-05-16 10:22:40,49,r/PrequelMemes,17,2018-05-16 12:25:42,0,0,3,0
8jtto4,2018-05-16 10:22:40,49,r/PrequelMemes,18,2018-05-16 12:45:27,0,1,3,0
8jtto4,2018-05-16 10:22:40,49,r/PrequelMemes,18,2018-05-16 13:21:39,1,0,2,0
8jtto4,2018-05-16 10:22:40,49,r/PrequelMemes,19,2018-05-16 14:24:15,0,0,3,0
8jtto4,2018-05-16 10:22:40,49,r/PrequelMemes,20,2018-05-16 15:21:24,0,0,3,0
8jtto4,2018-05-16 10:22:40,49,r/PrequelMemes,21,2018-05-16 15:47:52,0,0,3,0
8jtto4,2018-05-16 10:22:40,49,r/PrequelMemes,22,2018-05-16 15:53:26,0,0,3,0
8jtto4,2018-05-16 10:22:40,49,r/PrequelMemes,23,2018-05-16 16:07:05,0,0,3,0
8jtto4,2018-05-16 10:22:40,49,r/PrequelMemes,24,2018-05-16 16:35:27,0,0,3,0
8jtto4,2018-05-16 10:22:40,49,r/PrequelMemes,25,2018-05-16 16:43:19,0,0,3,0
8jtto4,2018-05-16 10:22:40,49,r/PrequelMemes,26,2018-05-16 14:12:23,0,1,5,0
8jtto4,2018-05-16 10:22:40,49,r/PrequelMemes,26,2018-05-16 14:25:43,1,1,4,0
8jtto4,2018-05-16 10:22:40,49,r/PrequelMemes,26,2018-05-16 14:53:01,2,0,4,0
8jtto4,2018-05-16 10:22:40,49,r/PrequelMemes,27,2018-05-16 12:43:03,0,0,2,0
8jtto4,2018-05-16 10:22:40,49,r/PrequelMemes,28,2018-05-16 13:24:47,0,0,2,0
8jtto4,2018-05-16 10:22:40,49,r/PrequelMemes,29,2018-05-16 14:29:46,0,0,2,0
8jtto4,2018-05-16 10:22:40,49,r/PrequelMemes,30,2018-05-16 14:41:29,0,0,2,0
8jtto4,2018-05-16 10:22:40,49,r/PrequelMemes,31,2018-05-16 14:45:46,0,0,2,0
8jtto4,2018-05-16 10:22:40,49,r/PrequelMemes,32,2018-05-16 16:30:58,0,0,2,0
8jtto4,2018-05-16 10:22:40,49,r/PrequelMemes,33,2018-05-16 16:58:26,0,0,2,0
8jtto4,2018-05-16 10:22:40,49,r/PrequelMemes,34,2018-05-16 17:01:16,0,0,2,0
8jtto4,2018-05-16 10:22:40,49,r/PrequelMemes,35,2018-05-16 17:23:38,0,0,2,0
8jtto4,2018-05-16 10:22:40,49,r/PrequelMemes,36,2018-05-16 17:53:00,0,0,2,0
8jtto4,2018-05-16 10:22:40,49,r/PrequelMemes,37,2018-05-16 13:30:31,0,0,1,0
8jtto4,2018-05-16 10:22:40,49,r/PrequelMemes,38,2018-05-16 13:38:58,0,0,1,0
8jtto4,2018-05-16 10:22:40,49,r/PrequelMemes,39,2018-05-16 13:52:24,0,0,1,0
8jtto4,2018-05-16 10:22:40,49,r/PrequelMemes,40,2018-05-16 14:02:24,0,0,1,0
8jtto4,2018-05-16 10:22:40,49,r/PrequelMemes,41,2018-05-16 14:03:44,0,0,1,0
8jtto4,2018-05-16 10:22:40,49,r/PrequelMemes,42,2018-05-16 14:27:12,0,0,1,0
8jtto4,2018-05-16 10:22:40,49,r/PrequelMemes,43,2018-05-16 14:27:12,0,0,1,0
8jtto4,2018-05-16 10:22:40,49,r/PrequelMemes,44,2018-05-16 14:27:51,0,0,1,0
8jtto4,2018-05-16 10:22:40,49,r/PrequelMemes,45,2018-05-16 14:29:47,0,0,1,0
8jtto4,2018-05-16 10:22:40,49,r/PrequelMemes,46,2018-05-16 14:34:32,0,0,1,0
8jtto4,2018-05-16 10:22:40,49,r/PrequelMemes,47,2018-05-16 14:35:30,0,0,1,0
8jtto4,2018-05-16 10:22:40,49,r/PrequelMemes,48,2018-05-16 14:36:03,0,0,1,0
8jtto4,2018-05-16 10:22:40,49,r/PrequelMemes,49,2018-05-16 14:37:58,0,0,1,0
8jtto4,2018-05-16 10:22:40,49,r/PrequelMemes,50,2018-05-16 14:46:56,0,0,1,0
8jtto4,2018-05-16 10:22:40,49,r/PrequelMemes,51,2018-05-16 14:47:21,0,0,1,0
8jtto4,2018-05-16 10:22:40,49,r/PrequelMemes,52,2018-05-16 14:49:27,0,0,1,0
8jtto4,2018-05-16 10:22:40,49,r/PrequelMemes,53,2018-05-16 14:50:40,0,0,1,0
8jtto4,2018-05-16 10:22:40,49,r/PrequelMemes,54,2018-05-16 14:52:02,0,0,1,0
8jtto4,2018-05-16 10:22:40,49,r/PrequelMemes,55,2018-05-16 14:55:16,0,0,1,0
8jtto4,2018-05-16 10:22:40,49,r/PrequelMemes,56,2018-05-16 14:56:25,0,0,1,0
8jtto4,2018-05-16 10:22:40,49,r/PrequelMemes,57,2018-05-16 14:58:47,0,0,1,0
8jtto4,2018-05-16 10:22:40,49,r/PrequelMemes,58,2018-05-16 15:07:12,0,0,1,0
8jtto4,2018-05-16 10:22:40,49,r/PrequelMemes,59,2018-05-16 15:08:25,0,0,1,0
8jtto4,2018-05-16 10:22:40,49,r/PrequelMemes,60,2018-05-16 15:10:50,0,0,1,0
8jtto4,2018-05-16 10:22:40,49,r/PrequelMemes,61,2018-05-16 15:13:35,0,0,1,0
8jtto4,2018-05-16 10:22:40,49,r/PrequelMemes,62,2018-05-16 15:13:45,0,0,1,0
8jtto4,2018-05-16 10:22:40,49,r/PrequelMemes,63,2018-05-16 15:13:52,0,0,1,0
8jtto4,2018-05-16 10:22:40,49,r/PrequelMemes,64,2018-05-16 15:14:46,0,0,1,0
8jtto4,2018-05-16 10:22:40,49,r/PrequelMemes,65,2018-05-16 15:18:10,0,0,1,0
8jtto4,2018-05-16 10:22:40,49,r/PrequelMemes,66,2018-05-16 15:24:02,0,0,1,0
8jtto4,2018-05-16 10:22:40,49,r/PrequelMemes,67,2018-05-16 15:30:39,0,0,1,0
8jtto4,2018-05-16 10:22:40,49,r/PrequelMemes,68,2018-05-16 15:31:08,0,0,1,0
8jtto4,2018-05-16 10:22:40,49,r/PrequelMemes,69,2018-05-16 15:37:36,0,0,1,0
8jtto4,2018-05-16 10:22:40,49,r/PrequelMemes,70,2018-05-16 15:37:51,0,0,1,0
8jtto4,2018-05-16 10:22:40,49,r/PrequelMemes,71,2018-05-16 15:41:44,0,0,1,0
8jtto4,2018-05-16 10:22:40,49,r/PrequelMemes,72,2018-05-16 15:43:13,0,0,1,0
8jtto4,2018-05-16 10:22:40,49,r/PrequelMemes,73,2018-05-16 15:47:53,0,0,1,0
8jtto4,2018-05-16 10:22:40,49,r/PrequelMemes,74,2018-05-16 15:49:21,0,0,1,0
8jtto4,2018-05-16 10:22:40,49,r/PrequelMemes,75,2018-05-16 15:49:58,0,0,1,0
8jtto4,2018-05-16 10:22:40,49,r/PrequelMemes,76,2018-05-16 15:51:03,0,0,1,0
8jtto4,2018-05-16 10:22:40,49,r/PrequelMemes,77,2018-05-16 15:53:33,0,0,1,0
8jtto4,2018-05-16 10:22:40,49,r/PrequelMemes,78,2018-05-16 15:54:32,0,0,1,0
8jtto4,2018-05-16 10:22:40,49,r/PrequelMemes,79,2018-05-16 15:54:57,0,0,1,0
8jtto4,2018-05-16 10:22:40,49,r/PrequelMemes,80,2018-05-16 15:55:04,0,0,1,0
8jtto4,2018-05-16 10:22:40,49,r/PrequelMemes,81,2018-05-16 16:03:07,0,0,1,0
8jtto4,2018-05-16 10:22:40,49,r/PrequelMemes,82,2018-05-16 16:03:10,0,0,1,0
8jtto4,2018-05-16 10:22:40,49,r/PrequelMemes,83,2018-05-16 16:13:41,0,0,1,0
8jtto4,2018-05-16 10:22:40,49,r/PrequelMemes,84,2018-05-16 16:13:50,0,0,1,0
8jtto4,2018-05-16 10:22:40,49,r/PrequelMemes,85,2018-05-16 16:19:27,0,0,1,0
8jtto4,2018-05-16 10:22:40,49,r/PrequelMemes,86,2018-05-16 16:22:16,0,0,1,0
8jtto4,2018-05-16 10:22:40,49,r/PrequelMemes,87,2018-05-16 16:23:21,0,0,1,0
8jtto4,2018-05-16 10:22:40,49,r/PrequelMemes,88,2018-05-16 16:27:09,0,1,1,0
8jtto4,2018-05-16 10:22:40,49,r/PrequelMemes,88,2018-05-16 16:42:15,1,0,3,0
8jtto4,2018-05-16 10:22:40,49,r/PrequelMemes,89,2018-05-16 16:27:15,0,0,1,0
8jtto4,2018-05-16 10:22:40,49,r/PrequelMemes,90,2018-05-16 16:30:03,0,0,1,0
8jtto4,2018-05-16 10:22:40,49,r/PrequelMemes,91,2018-05-16 16:32:48,0,0,1,0
8jtto4,2018-05-16 10:22:40,49,r/PrequelMemes,92,2018-05-16 16:36:52,0,0,1,0
8jtto4,2018-05-16 10:22:40,49,r/PrequelMemes,93,2018-05-16 16:38:17,0,0,1,0
8jtto4,2018-05-16 10:22:40,49,r/PrequelMemes,94,2018-05-16 16:45:56,0,0,1,0
8jtto4,2018-05-16 10:22:40,49,r/PrequelMemes,95,2018-05-16 16:57:18,0,0,1,0
8jtto4,2018-05-16 10:22:40,49,r/PrequelMemes,96,2018-05-16 17:04:12,0,0,1,0
8jtto4,2018-05-16 10:22:40,49,r/PrequelMemes,97,2018-05-16 17:08:27,0,0,1,0
8jtto4,2018-05-16 10:22:40,49,r/PrequelMemes,98,2018-05-16 17:09:43,0,0,1,0
8jtto4,2018-05-16 10:22:40,49,r/PrequelMemes,99,2018-05-16 17:12:34,0,0,1,0
8jtto4,2018-05-16 10:22:40,49,r/PrequelMemes,100,2018-05-16 17:27:08,0,0,1,0
8jtto4,2018-05-16 10:22:40,49,r/PrequelMemes,101,2018-05-16 17:31:00,0,0,1,0
8jtto4,2018-05-16 10:22:40,49,r/PrequelMemes,102,2018-05-16 17:31:12,0,0,1,0
8jtto4,2018-05-16 10:22:40,49,r/PrequelMemes,103,2018-05-16 17:49:15,0,0,1,0
8jtto4,2018-05-16 10:22:40,49,r/PrequelMemes,104,2018-05-16 17:53:47,0,0,1,0
8jtto4,2018-05-16 10:22:40,49,r/PrequelMemes,105,2018-05-16 17:59:49,0,0,1,0
8jtto4,2018-05-16 10:22:40,49,r/PrequelMemes,106,2018-05-16 18:00:49,0,0,1,0
8jtto4,2018-05-16 10:22:40,49,r/PrequelMemes,107,2018-05-16 18:07:50,0,0,1,0
8jtto4,2018-05-16 10:22:40,49,r/PrequelMemes,108,2018-05-16 18:12:59,0,0,1,0
8jtto4,2018-05-16 10:22:40,49,r/PrequelMemes,109,2018-05-16 18:24:05,0,0,1,0
8jtto4,2018-05-16 10:22:40,49,r/PrequelMemes,110,2018-05-16 12:26:42,0,1,0,0
8jtto4,2018-05-16 10:22:40,49,r/PrequelMemes,110,2018-05-16 12:53:41,1,0,8,0
8ju8rf,2018-05-16 11:44:32,50,r/UpliftingNews,0,2018-05-16 13:55:16,0,18,748,0
8ju8rf,2018-05-16 11:44:32,50,r/UpliftingNews,0,2018-05-16 13:57:48,1,7,482,0
8ju8rf,2018-05-16 11:44:32,50,r/UpliftingNews,0,2018-05-16 14:55:09,2,10,314,0
8ju8rf,2018-05-16 11:44:32,50,r/UpliftingNews,0,2018-05-16 15:20:59,3,2,124,0
8ju8rf,2018-05-16 11:44:32,50,r/UpliftingNews,0,2018-05-16 15:41:02,4,2,81,0
8ju8rf,2018-05-16 11:44:32,50,r/UpliftingNews,0,2018-05-16 16:16:49,5,1,72,0
8ju8rf,2018-05-16 11:44:32,50,r/UpliftingNews,0,2018-05-16 16:21:45,6,1,79,0
8ju8rf,2018-05-16 11:44:32,50,r/UpliftingNews,0,2018-05-16 17:20:28,7,0,1,0
8ju8rf,2018-05-16 11:44:32,50,r/UpliftingNews,0,2018-05-16 16:33:10,5,0,1,0
8ju8rf,2018-05-16 11:44:32,50,r/UpliftingNews,0,2018-05-16 17:56:44,4,0,1,0
8ju8rf,2018-05-16 11:44:32,50,r/UpliftingNews,0,2018-05-16 15:37:40,3,0,49,0
8ju8rf,2018-05-16 11:44:32,50,r/UpliftingNews,0,2018-05-16 16:41:46,3,1,1,0
8ju8rf,2018-05-16 11:44:32,50,r/UpliftingNews,0,2018-05-16 17:07:50,4,0,1,0
8ju8rf,2018-05-16 11:44:32,50,r/UpliftingNews,0,2018-05-16 15:54:41,3,1,13,0
8ju8rf,2018-05-16 11:44:32,50,r/UpliftingNews,0,2018-05-16 17:09:19,4,0,1,0
8ju8rf,2018-05-16 11:44:32,50,r/UpliftingNews,0,2018-05-16 15:54:39,3,0,22,0
8ju8rf,2018-05-16 11:44:32,50,r/UpliftingNews,0,2018-05-16 17:17:20,3,0,1,0
8ju8rf,2018-05-16 11:44:32,50,r/UpliftingNews,0,2018-05-16 16:56:21,3,0,1,0
8ju8rf,2018-05-16 11:44:32,50,r/UpliftingNews,0,2018-05-16 16:56:31,3,1,1,0
8ju8rf,2018-05-16 11:44:32,50,r/UpliftingNews,0,2018-05-16 17:49:39,4,0,1,0
8ju8rf,2018-05-16 11:44:32,50,r/UpliftingNews,0,2018-05-16 17:39:23,3,0,1,0
8ju8rf,2018-05-16 11:44:32,50,r/UpliftingNews,0,2018-05-16 18:09:01,3,0,1,0
8ju8rf,2018-05-16 11:44:32,50,r/UpliftingNews,0,2018-05-16 15:05:54,2,1,26,0
8ju8rf,2018-05-16 11:44:32,50,r/UpliftingNews,0,2018-05-16 15:36:45,3,0,5,0
8ju8rf,2018-05-16 11:44:32,50,r/UpliftingNews,0,2018-05-16 16:04:26,2,0,16,0
8ju8rf,2018-05-16 11:44:32,50,r/UpliftingNews,0,2018-05-16 15:53:15,2,1,11,0
8ju8rf,2018-05-16 11:44:32,50,r/UpliftingNews,0,2018-05-16 16:20:32,3,3,11,0
8ju8rf,2018-05-16 11:44:32,50,r/UpliftingNews,0,2018-05-16 17:04:03,4,0,1,0
8ju8rf,2018-05-16 11:44:32,50,r/UpliftingNews,0,2018-05-16 17:20:59,4,0,1,0
8ju8rf,2018-05-16 11:44:32,50,r/UpliftingNews,0,2018-05-16 17:21:32,4,0,1,0
8ju8rf,2018-05-16 11:44:32,50,r/UpliftingNews,0,2018-05-16 16:59:38,2,1,1,0
8ju8rf,2018-05-16 11:44:32,50,r/UpliftingNews,0,2018-05-16 17:23:02,3,0,1,0
8ju8rf,2018-05-16 11:44:32,50,r/UpliftingNews,0,2018-05-16 14:20:12,2,1,5,0
8ju8rf,2018-05-16 11:44:32,50,r/UpliftingNews,0,2018-05-16 15:14:50,3,0,3,0
8ju8rf,2018-05-16 11:44:32,50,r/UpliftingNews,0,2018-05-16 17:19:41,2,0,1,0
8ju8rf,2018-05-16 11:44:32,50,r/UpliftingNews,0,2018-05-16 13:58:53,1,3,33,0
8ju8rf,2018-05-16 11:44:32,50,r/UpliftingNews,0,2018-05-16 14:12:23,2,2,11,0
8ju8rf,2018-05-16 11:44:32,50,r/UpliftingNews,0,2018-05-16 14:23:46,3,3,16,0
8ju8rf,2018-05-16 11:44:32,50,r/UpliftingNews,0,2018-05-16 14:49:48,4,1,14,0
8ju8rf,2018-05-16 11:44:32,50,r/UpliftingNews,0,2018-05-16 15:41:47,5,0,7,0
8ju8rf,2018-05-16 11:44:32,50,r/UpliftingNews,0,2018-05-16 15:56:57,4,0,6,0
8ju8rf,2018-05-16 11:44:32,50,r/UpliftingNews,0,2018-05-16 15:49:23,4,0,2,0
8ju8rf,2018-05-16 11:44:32,50,r/UpliftingNews,0,2018-05-16 17:25:24,3,0,1,0
8ju8rf,2018-05-16 11:44:32,50,r/UpliftingNews,0,2018-05-16 14:51:29,2,3,11,0
8ju8rf,2018-05-16 11:44:32,50,r/UpliftingNews,0,2018-05-16 14:57:56,3,2,21,0
8ju8rf,2018-05-16 11:44:32,50,r/UpliftingNews,0,2018-05-16 15:01:19,4,0,6,0
8ju8rf,2018-05-16 11:44:32,50,r/UpliftingNews,0,2018-05-16 15:50:12,4,0,2,0
8ju8rf,2018-05-16 11:44:32,50,r/UpliftingNews,0,2018-05-16 15:24:50,3,1,6,0
8ju8rf,2018-05-16 11:44:32,50,r/UpliftingNews,0,2018-05-16 15:26:30,4,0,3,0
8ju8rf,2018-05-16 11:44:32,50,r/UpliftingNews,0,2018-05-16 16:51:46,3,1,1,0
8ju8rf,2018-05-16 11:44:32,50,r/UpliftingNews,0,2018-05-16 17:56:22,4,0,1,0
8ju8rf,2018-05-16 11:44:32,50,r/UpliftingNews,0,2018-05-16 15:47:57,2,0,2,0
8ju8rf,2018-05-16 11:44:32,50,r/UpliftingNews,0,2018-05-16 15:26:51,1,2,20,0
8ju8rf,2018-05-16 11:44:32,50,r/UpliftingNews,0,2018-05-16 15:32:50,2,0,8,0
8ju8rf,2018-05-16 11:44:32,50,r/UpliftingNews,0,2018-05-16 15:46:10,2,1,5,0
8ju8rf,2018-05-16 11:44:32,50,r/UpliftingNews,0,2018-05-16 17:27:10,3,0,1,0
8ju8rf,2018-05-16 11:44:32,50,r/UpliftingNews,0,2018-05-16 16:31:28,1,0,1,0
8ju8rf,2018-05-16 11:44:32,50,r/UpliftingNews,0,2018-05-16 15:58:16,1,1,5,0
8ju8rf,2018-05-16 11:44:32,50,r/UpliftingNews,0,2018-05-16 18:30:10,2,0,1,0
8ju8rf,2018-05-16 11:44:32,50,r/UpliftingNews,0,2018-05-16 16:31:50,1,1,1,0
8ju8rf,2018-05-16 11:44:32,50,r/UpliftingNews,0,2018-05-16 18:30:30,2,0,1,0
8ju8rf,2018-05-16 11:44:32,50,r/UpliftingNews,0,2018-05-16 15:21:57,1,0,1,0
8ju8rf,2018-05-16 11:44:32,50,r/UpliftingNews,0,2018-05-16 16:13:20,1,0,1,0
8ju8rf,2018-05-16 11:44:32,50,r/UpliftingNews,0,2018-05-16 16:16:17,1,0,1,0
8ju8rf,2018-05-16 11:44:32,50,r/UpliftingNews,0,2018-05-16 16:52:05,1,0,1,0
8ju8rf,2018-05-16 11:44:32,50,r/UpliftingNews,0,2018-05-16 16:53:02,1,0,1,0
8ju8rf,2018-05-16 11:44:32,50,r/UpliftingNews,0,2018-05-16 17:21:22,1,0,1,0
8ju8rf,2018-05-16 11:44:32,50,r/UpliftingNews,0,2018-05-16 17:24:44,1,0,1,0
8ju8rf,2018-05-16 11:44:32,50,r/UpliftingNews,0,2018-05-16 17:25:34,1,0,1,0
8ju8rf,2018-05-16 11:44:32,50,r/UpliftingNews,0,2018-05-16 17:29:38,1,0,1,0
8ju8rf,2018-05-16 11:44:32,50,r/UpliftingNews,0,2018-05-16 17:53:03,1,0,1,0
8ju8rf,2018-05-16 11:44:32,50,r/UpliftingNews,0,2018-05-16 18:26:42,1,0,1,0
8ju8rf,2018-05-16 11:44:32,50,r/UpliftingNews,0,2018-05-16 16:08:15,1,1,0,0
8ju8rf,2018-05-16 11:44:32,50,r/UpliftingNews,0,2018-05-16 16:11:54,2,1,2,0
8ju8rf,2018-05-16 11:44:32,50,r/UpliftingNews,0,2018-05-16 16:18:24,3,1,3,0
8ju8rf,2018-05-16 11:44:32,50,r/UpliftingNews,0,2018-05-16 18:13:12,4,0,1,0
8ju8rf,2018-05-16 11:44:32,50,r/UpliftingNews,1,2018-05-16 14:16:11,0,5,177,0
8ju8rf,2018-05-16 11:44:32,50,r/UpliftingNews,1,2018-05-16 14:21:24,1,1,65,0
8ju8rf,2018-05-16 11:44:32,50,r/UpliftingNews,1,2018-05-16 14:58:50,2,2,25,0
8ju8rf,2018-05-16 11:44:32,50,r/UpliftingNews,1,2018-05-16 15:22:09,3,1,22,0
8ju8rf,2018-05-16 11:44:32,50,r/UpliftingNews,1,2018-05-16 16:12:07,4,1,11,0
8ju8rf,2018-05-16 11:44:32,50,r/UpliftingNews,1,2018-05-16 18:26:53,5,0,1,0
8ju8rf,2018-05-16 11:44:32,50,r/UpliftingNews,1,2018-05-16 18:27:31,3,0,1,0
8ju8rf,2018-05-16 11:44:32,50,r/UpliftingNews,1,2018-05-16 15:02:47,1,0,12,0
8ju8rf,2018-05-16 11:44:32,50,r/UpliftingNews,1,2018-05-16 14:28:28,1,0,12,0
8ju8rf,2018-05-16 11:44:32,50,r/UpliftingNews,1,2018-05-16 15:00:16,1,0,6,0
8ju8rf,2018-05-16 11:44:32,50,r/UpliftingNews,1,2018-05-16 18:00:07,1,0,1,0
8ju8rf,2018-05-16 11:44:32,50,r/UpliftingNews,2,2018-05-16 13:08:43,0,13,262,0
8ju8rf,2018-05-16 11:44:32,50,r/UpliftingNews,2,2018-05-16 13:59:03,1,3,105,0
8ju8rf,2018-05-16 11:44:32,50,r/UpliftingNews,2,2018-05-16 14:01:15,2,2,28,0
8ju8rf,2018-05-16 11:44:32,50,r/UpliftingNews,2,2018-05-16 14:08:28,3,1,53,0
8ju8rf,2018-05-16 11:44:32,50,r/UpliftingNews,2,2018-05-16 14:14:57,4,2,12,0
8ju8rf,2018-05-16 11:44:32,50,r/UpliftingNews,2,2018-05-16 14:18:45,5,2,6,0
8ju8rf,2018-05-16 11:44:32,50,r/UpliftingNews,2,2018-05-16 15:45:00,6,0,2,0
8ju8rf,2018-05-16 11:44:32,50,r/UpliftingNews,2,2018-05-16 16:19:00,6,0,2,0
8ju8rf,2018-05-16 11:44:32,50,r/UpliftingNews,2,2018-05-16 16:36:02,5,1,1,0
8ju8rf,2018-05-16 11:44:32,50,r/UpliftingNews,2,2018-05-16 17:55:01,6,0,1,0
8ju8rf,2018-05-16 11:44:32,50,r/UpliftingNews,2,2018-05-16 15:21:38,3,0,3,0
8ju8rf,2018-05-16 11:44:32,50,r/UpliftingNews,2,2018-05-16 15:03:21,2,2,4,0
8ju8rf,2018-05-16 11:44:32,50,r/UpliftingNews,2,2018-05-16 15:22:41,3,0,3,0
8ju8rf,2018-05-16 11:44:32,50,r/UpliftingNews,2,2018-05-16 15:42:46,3,0,2,0
8ju8rf,2018-05-16 11:44:32,50,r/UpliftingNews,2,2018-05-16 16:15:53,2,0,3,0
8ju8rf,2018-05-16 11:44:32,50,r/UpliftingNews,2,2018-05-16 14:17:49,1,5,62,0
8ju8rf,2018-05-16 11:44:32,50,r/UpliftingNews,2,2018-05-16 14:20:36,2,1,9,0
8ju8rf,2018-05-16 11:44:32,50,r/UpliftingNews,2,2018-05-16 14:32:28,3,1,16,0
8ju8rf,2018-05-16 11:44:32,50,r/UpliftingNews,2,2018-05-16 17:45:35,4,0,1,0
8ju8rf,2018-05-16 11:44:32,50,r/UpliftingNews,2,2018-05-16 14:26:51,2,1,16,0
8ju8rf,2018-05-16 11:44:32,50,r/UpliftingNews,2,2018-05-16 16:10:42,3,0,6,0
8ju8rf,2018-05-16 11:44:32,50,r/UpliftingNews,2,2018-05-16 14:57:27,2,1,4,0
8ju8rf,2018-05-16 11:44:32,50,r/UpliftingNews,2,2018-05-16 15:09:34,3,1,5,0
8ju8rf,2018-05-16 11:44:32,50,r/UpliftingNews,2,2018-05-16 15:19:56,4,0,4,0
8ju8rf,2018-05-16 11:44:32,50,r/UpliftingNews,2,2018-05-16 16:00:13,2,0,3,0
8ju8rf,2018-05-16 11:44:32,50,r/UpliftingNews,2,2018-05-16 14:41:15,2,0,-1,0
8ju8rf,2018-05-16 11:44:32,50,r/UpliftingNews,2,2018-05-16 13:10:06,1,1,24,0
8ju8rf,2018-05-16 11:44:32,50,r/UpliftingNews,2,2018-05-16 14:43:43,2,0,5,0
8ju8rf,2018-05-16 11:44:32,50,r/UpliftingNews,2,2018-05-16 14:32:19,1,0,7,0
8ju8rf,2018-05-16 11:44:32,50,r/UpliftingNews,2,2018-05-16 14:50:32,1,0,4,0
8ju8rf,2018-05-16 11:44:32,50,r/UpliftingNews,2,2018-05-16 15:27:44,1,0,2,0
8ju8rf,2018-05-16 11:44:32,50,r/UpliftingNews,2,2018-05-16 14:19:51,1,2,1,0
8ju8rf,2018-05-16 11:44:32,50,r/UpliftingNews,2,2018-05-16 14:22:21,2,0,3,0
8ju8rf,2018-05-16 11:44:32,50,r/UpliftingNews,2,2018-05-16 14:28:20,2,0,1,0
8ju8rf,2018-05-16 11:44:32,50,r/UpliftingNews,2,2018-05-16 14:21:58,1,0,1,0
8ju8rf,2018-05-16 11:44:32,50,r/UpliftingNews,2,2018-05-16 14:46:59,1,0,1,0
8ju8rf,2018-05-16 11:44:32,50,r/UpliftingNews,2,2018-05-16 14:52:55,1,0,1,0
8ju8rf,2018-05-16 11:44:32,50,r/UpliftingNews,2,2018-05-16 15:57:47,1,0,1,0
8ju8rf,2018-05-16 11:44:32,50,r/UpliftingNews,2,2018-05-16 16:53:58,1,0,1,0
8ju8rf,2018-05-16 11:44:32,50,r/UpliftingNews,2,2018-05-16 17:51:11,1,0,1,0
8ju8rf,2018-05-16 11:44:32,50,r/UpliftingNews,3,2018-05-16 13:47:12,0,14,313,0
8ju8rf,2018-05-16 11:44:32,50,r/UpliftingNews,3,2018-05-16 14:16:27,1,1,144,0
8ju8rf,2018-05-16 11:44:32,50,r/UpliftingNews,3,2018-05-16 14:54:16,2,2,59,0
8ju8rf,2018-05-16 11:44:32,50,r/UpliftingNews,3,2018-05-16 16:53:17,3,0,1,0
8ju8rf,2018-05-16 11:44:32,50,r/UpliftingNews,3,2018-05-16 16:35:50,3,1,1,0
8ju8rf,2018-05-16 11:44:32,50,r/UpliftingNews,3,2018-05-16 17:13:22,4,1,1,0
8ju8rf,2018-05-16 11:44:32,50,r/UpliftingNews,3,2018-05-16 18:29:14,5,0,1,0
8ju8rf,2018-05-16 11:44:32,50,r/UpliftingNews,3,2018-05-16 14:37:19,1,1,36,0
8ju8rf,2018-05-16 11:44:32,50,r/UpliftingNews,3,2018-05-16 14:53:44,2,1,30,0
8ju8rf,2018-05-16 11:44:32,50,r/UpliftingNews,3,2018-05-16 15:11:31,3,0,13,0
8ju8rf,2018-05-16 11:44:32,50,r/UpliftingNews,3,2018-05-16 14:48:25,1,0,19,0
8ju8rf,2018-05-16 11:44:32,50,r/UpliftingNews,3,2018-05-16 14:48:36,1,0,14,0
8ju8rf,2018-05-16 11:44:32,50,r/UpliftingNews,3,2018-05-16 14:58:56,1,1,5,0
8ju8rf,2018-05-16 11:44:32,50,r/UpliftingNews,3,2018-05-16 15:35:16,2,0,4,0
8ju8rf,2018-05-16 11:44:32,50,r/UpliftingNews,3,2018-05-16 15:42:46,1,0,5,0
8ju8rf,2018-05-16 11:44:32,50,r/UpliftingNews,3,2018-05-16 16:21:46,1,0,4,0
8ju8rf,2018-05-16 11:44:32,50,r/UpliftingNews,3,2018-05-16 14:42:24,1,1,3,0
8ju8rf,2018-05-16 11:44:32,50,r/UpliftingNews,3,2018-05-16 17:30:01,2,0,1,0
8ju8rf,2018-05-16 11:44:32,50,r/UpliftingNews,3,2018-05-16 15:53:54,1,2,3,0
8ju8rf,2018-05-16 11:44:32,50,r/UpliftingNews,3,2018-05-16 16:06:06,2,0,4,0
8ju8rf,2018-05-16 11:44:32,50,r/UpliftingNews,3,2018-05-16 17:26:02,2,0,1,0
8ju8rf,2018-05-16 11:44:32,50,r/UpliftingNews,3,2018-05-16 14:49:42,1,0,4,0
8ju8rf,2018-05-16 11:44:32,50,r/UpliftingNews,3,2018-05-16 17:01:06,1,0,1,0
8ju8rf,2018-05-16 11:44:32,50,r/UpliftingNews,3,2018-05-16 17:36:17,1,0,1,0
8ju8rf,2018-05-16 11:44:32,50,r/UpliftingNews,3,2018-05-16 17:41:28,1,0,1,0
8ju8rf,2018-05-16 11:44:32,50,r/UpliftingNews,3,2018-05-16 17:58:28,1,0,1,0
8ju8rf,2018-05-16 11:44:32,50,r/UpliftingNews,4,2018-05-16 14:49:59,0,4,105,0
8ju8rf,2018-05-16 11:44:32,50,r/UpliftingNews,4,2018-05-16 15:28:44,1,3,28,0
8ju8rf,2018-05-16 11:44:32,50,r/UpliftingNews,4,2018-05-16 15:39:31,2,2,31,0
8ju8rf,2018-05-16 11:44:32,50,r/UpliftingNews,4,2018-05-16 16:26:45,3,2,9,0
8ju8rf,2018-05-16 11:44:32,50,r/UpliftingNews,4,2018-05-16 16:53:48,4,1,1,0
8ju8rf,2018-05-16 11:44:32,50,r/UpliftingNews,4,2018-05-16 17:13:33,5,1,1,0
8ju8rf,2018-05-16 11:44:32,50,r/UpliftingNews,4,2018-05-16 17:32:56,6,0,1,0
8ju8rf,2018-05-16 11:44:32,50,r/UpliftingNews,4,2018-05-16 16:42:23,4,1,1,0
8ju8rf,2018-05-16 11:44:32,50,r/UpliftingNews,4,2018-05-16 16:49:55,5,0,1,0
8ju8rf,2018-05-16 11:44:32,50,r/UpliftingNews,4,2018-05-16 17:55:28,3,0,1,0
8ju8rf,2018-05-16 11:44:32,50,r/UpliftingNews,4,2018-05-16 15:56:48,2,1,16,0
8ju8rf,2018-05-16 11:44:32,50,r/UpliftingNews,4,2018-05-16 16:01:39,3,1,7,0
8ju8rf,2018-05-16 11:44:32,50,r/UpliftingNews,4,2018-05-16 16:03:50,4,0,5,0
8ju8rf,2018-05-16 11:44:32,50,r/UpliftingNews,4,2018-05-16 17:00:33,2,0,1,0
8ju8rf,2018-05-16 11:44:32,50,r/UpliftingNews,4,2018-05-16 15:46:05,1,1,7,0
8ju8rf,2018-05-16 11:44:32,50,r/UpliftingNews,4,2018-05-16 15:59:55,2,1,9,0
8ju8rf,2018-05-16 11:44:32,50,r/UpliftingNews,4,2018-05-16 16:22:59,3,0,4,0
8ju8rf,2018-05-16 11:44:32,50,r/UpliftingNews,4,2018-05-16 16:24:22,1,1,6,0
8ju8rf,2018-05-16 11:44:32,50,r/UpliftingNews,4,2018-05-16 16:25:18,2,1,2,0
8ju8rf,2018-05-16 11:44:32,50,r/UpliftingNews,4,2018-05-16 16:26:15,3,1,3,0
8ju8rf,2018-05-16 11:44:32,50,r/UpliftingNews,4,2018-05-16 16:41:01,4,0,1,0
8ju8rf,2018-05-16 11:44:32,50,r/UpliftingNews,4,2018-05-16 17:44:02,1,0,1,0
8ju8rf,2018-05-16 11:44:32,50,r/UpliftingNews,5,2018-05-16 15:16:34,0,3,65,0
8ju8rf,2018-05-16 11:44:32,50,r/UpliftingNews,5,2018-05-16 16:46:38,1,0,1,0
8ju8rf,2018-05-16 11:44:32,50,r/UpliftingNews,5,2018-05-16 17:32:15,1,0,1,0
8ju8rf,2018-05-16 11:44:32,50,r/UpliftingNews,5,2018-05-16 18:18:31,1,0,1,0
8ju8rf,2018-05-16 11:44:32,50,r/UpliftingNews,6,2018-05-16 14:04:40,0,2,47,0
8ju8rf,2018-05-16 11:44:32,50,r/UpliftingNews,6,2018-05-16 14:11:28,1,1,27,0
8ju8rf,2018-05-16 11:44:32,50,r/UpliftingNews,6,2018-05-16 15:00:06,2,0,17,0
8ju8rf,2018-05-16 11:44:32,50,r/UpliftingNews,6,2018-05-16 14:47:48,1,1,-5,0
8ju8rf,2018-05-16 11:44:32,50,r/UpliftingNews,6,2018-05-16 16:57:51,2,0,1,0
8ju8rf,2018-05-16 11:44:32,50,r/UpliftingNews,7,2018-05-16 14:45:29,0,1,29,0
8ju8rf,2018-05-16 11:44:32,50,r/UpliftingNews,7,2018-05-16 15:01:28,1,0,6,0
8ju8rf,2018-05-16 11:44:32,50,r/UpliftingNews,8,2018-05-16 15:35:40,0,1,16,0
8ju8rf,2018-05-16 11:44:32,50,r/UpliftingNews,8,2018-05-16 16:43:48,1,0,1,0
8ju8rf,2018-05-16 11:44:32,50,r/UpliftingNews,9,2018-05-16 14:09:11,0,0,9,0
8ju8rf,2018-05-16 11:44:32,50,r/UpliftingNews,10,2018-05-16 14:59:01,0,0,8,0
8ju8rf,2018-05-16 11:44:32,50,r/UpliftingNews,11,2018-05-16 15:22:03,0,0,7,0
8ju8rf,2018-05-16 11:44:32,50,r/UpliftingNews,12,2018-05-16 14:54:19,0,1,6,0
8ju8rf,2018-05-16 11:44:32,50,r/UpliftingNews,12,2018-05-16 16:51:06,1,0,1,0
8ju8rf,2018-05-16 11:44:32,50,r/UpliftingNews,13,2018-05-16 15:13:36,0,1,4,0
8ju8rf,2018-05-16 11:44:32,50,r/UpliftingNews,13,2018-05-16 17:29:26,1,0,1,0
8ju8rf,2018-05-16 11:44:32,50,r/UpliftingNews,14,2018-05-16 15:36:14,0,2,6,0
8ju8rf,2018-05-16 11:44:32,50,r/UpliftingNews,14,2018-05-16 15:59:40,1,1,2,0
8ju8rf,2018-05-16 11:44:32,50,r/UpliftingNews,14,2018-05-16 16:05:01,2,0,3,0
8ju8rf,2018-05-16 11:44:32,50,r/UpliftingNews,14,2018-05-16 17:26:50,1,1,1,0
8ju8rf,2018-05-16 11:44:32,50,r/UpliftingNews,14,2018-05-16 18:07:30,2,0,1,0
8ju8rf,2018-05-16 11:44:32,50,r/UpliftingNews,15,2018-05-16 16:18:05,0,1,4,0
8ju8rf,2018-05-16 11:44:32,50,r/UpliftingNews,15,2018-05-16 16:27:15,1,0,2,0
8ju8rf,2018-05-16 11:44:32,50,r/UpliftingNews,16,2018-05-16 14:13:36,0,0,3,0
8ju8rf,2018-05-16 11:44:32,50,r/UpliftingNews,17,2018-05-16 14:52:45,0,0,3,0
8ju8rf,2018-05-16 11:44:32,50,r/UpliftingNews,18,2018-05-16 15:11:29,0,0,3,0
8ju8rf,2018-05-16 11:44:32,50,r/UpliftingNews,19,2018-05-16 15:15:17,0,0,3,0
8ju8rf,2018-05-16 11:44:32,50,r/UpliftingNews,20,2018-05-16 15:34:40,0,0,3,0
8ju8rf,2018-05-16 11:44:32,50,r/UpliftingNews,21,2018-05-16 15:41:17,0,0,3,0
8ju8rf,2018-05-16 11:44:32,50,r/UpliftingNews,22,2018-05-16 16:08:59,0,0,3,0
8ju8rf,2018-05-16 11:44:32,50,r/UpliftingNews,23,2018-05-16 14:39:50,0,0,2,0
8ju8rf,2018-05-16 11:44:32,50,r/UpliftingNews,24,2018-05-16 15:24:02,0,0,2,0
8ju8rf,2018-05-16 11:44:32,50,r/UpliftingNews,25,2018-05-16 15:38:57,0,1,2,0
8ju8rf,2018-05-16 11:44:32,50,r/UpliftingNews,25,2018-05-16 16:02:28,1,1,1,0
8ju8rf,2018-05-16 11:44:32,50,r/UpliftingNews,25,2018-05-16 16:40:18,2,1,1,0
8ju8rf,2018-05-16 11:44:32,50,r/UpliftingNews,25,2018-05-16 17:55:26,3,0,1,0
8ju8rf,2018-05-16 11:44:32,50,r/UpliftingNews,26,2018-05-16 15:40:05,0,0,2,0
8ju8rf,2018-05-16 11:44:32,50,r/UpliftingNews,27,2018-05-16 16:20:27,0,0,2,0
8ju8rf,2018-05-16 11:44:32,50,r/UpliftingNews,28,2018-05-16 17:16:46,0,0,1,0
8ju8rf,2018-05-16 11:44:32,50,r/UpliftingNews,29,2018-05-16 14:33:04,0,4,0,0
8ju8rf,2018-05-16 11:44:32,50,r/UpliftingNews,29,2018-05-16 14:39:42,1,0,6,0
8ju8rf,2018-05-16 11:44:32,50,r/UpliftingNews,29,2018-05-16 15:13:07,1,1,5,0
8ju8rf,2018-05-16 11:44:32,50,r/UpliftingNews,29,2018-05-16 15:16:59,2,1,0,0
8ju8rf,2018-05-16 11:44:32,50,r/UpliftingNews,29,2018-05-16 15:17:47,3,0,3,0
8ju8rf,2018-05-16 11:44:32,50,r/UpliftingNews,29,2018-05-16 17:27:53,1,0,1,0
8ju8rf,2018-05-16 11:44:32,50,r/UpliftingNews,29,2018-05-16 18:02:07,1,0,1,0
8ju8rf,2018-05-16 11:44:32,50,r/UpliftingNews,30,2018-05-16 14:47:40,0,0,1,0
8ju8rf,2018-05-16 11:44:32,50,r/UpliftingNews,31,2018-05-16 15:02:07,0,0,1,0
8ju8rf,2018-05-16 11:44:32,50,r/UpliftingNews,32,2018-05-16 15:09:11,0,0,1,0
8ju8rf,2018-05-16 11:44:32,50,r/UpliftingNews,33,2018-05-16 15:20:55,0,0,1,0
8ju8rf,2018-05-16 11:44:32,50,r/UpliftingNews,34,2018-05-16 15:23:31,0,0,1,0
8ju8rf,2018-05-16 11:44:32,50,r/UpliftingNews,35,2018-05-16 15:35:40,0,0,1,0
8ju8rf,2018-05-16 11:44:32,50,r/UpliftingNews,36,2018-05-16 15:45:00,0,0,1,0
8ju8rf,2018-05-16 11:44:32,50,r/UpliftingNews,37,2018-05-16 15:48:43,0,0,1,0
8ju8rf,2018-05-16 11:44:32,50,r/UpliftingNews,38,2018-05-16 15:51:48,0,0,1,0
8ju8rf,2018-05-16 11:44:32,50,r/UpliftingNews,39,2018-05-16 15:53:07,0,0,1,0
8ju8rf,2018-05-16 11:44:32,50,r/UpliftingNews,40,2018-05-16 15:57:42,0,0,1,0
8ju8rf,2018-05-16 11:44:32,50,r/UpliftingNews,41,2018-05-16 15:58:25,0,0,1,0
8ju8rf,2018-05-16 11:44:32,50,r/UpliftingNews,42,2018-05-16 16:07:14,0,1,1,0
8ju8rf,2018-05-16 11:44:32,50,r/UpliftingNews,42,2018-05-16 16:43:50,1,1,1,0
8ju8rf,2018-05-16 11:44:32,50,r/UpliftingNews,42,2018-05-16 16:48:42,2,0,1,0
8ju8rf,2018-05-16 11:44:32,50,r/UpliftingNews,43,2018-05-16 16:13:53,0,0,1,0
8ju8rf,2018-05-16 11:44:32,50,r/UpliftingNews,44,2018-05-16 16:14:12,0,0,1,0
8ju8rf,2018-05-16 11:44:32,50,r/UpliftingNews,45,2018-05-16 16:18:11,0,1,1,0
8ju8rf,2018-05-16 11:44:32,50,r/UpliftingNews,45,2018-05-16 16:26:29,1,0,1,0
8ju8rf,2018-05-16 11:44:32,50,r/UpliftingNews,46,2018-05-16 16:18:17,0,0,1,0
8ju8rf,2018-05-16 11:44:32,50,r/UpliftingNews,47,2018-05-16 16:22:18,0,0,1,0
8ju8rf,2018-05-16 11:44:32,50,r/UpliftingNews,48,2018-05-16 16:28:29,0,0,1,0
8ju8rf,2018-05-16 11:44:32,50,r/UpliftingNews,49,2018-05-16 16:31:11,0,0,1,0
8ju8rf,2018-05-16 11:44:32,50,r/UpliftingNews,50,2018-05-16 16:34:13,0,0,1,0
8ju8rf,2018-05-16 11:44:32,50,r/UpliftingNews,51,2018-05-16 16:37:39,0,0,1,0
8ju8rf,2018-05-16 11:44:32,50,r/UpliftingNews,52,2018-05-16 16:38:55,0,0,1,0
8ju8rf,2018-05-16 11:44:32,50,r/UpliftingNews,53,2018-05-16 16:40:09,0,0,1,0
8ju8rf,2018-05-16 11:44:32,50,r/UpliftingNews,54,2018-05-16 16:40:45,0,0,1,0
8ju8rf,2018-05-16 11:44:32,50,r/UpliftingNews,55,2018-05-16 16:42:15,0,0,1,0
8ju8rf,2018-05-16 11:44:32,50,r/UpliftingNews,56,2018-05-16 16:42:43,0,0,1,0
8ju8rf,2018-05-16 11:44:32,50,r/UpliftingNews,57,2018-05-16 16:53:19,0,0,1,0
8ju8rf,2018-05-16 11:44:32,50,r/UpliftingNews,58,2018-05-16 16:56:11,0,0,1,0
8ju8rf,2018-05-16 11:44:32,50,r/UpliftingNews,59,2018-05-16 17:01:10,0,0,1,0
8ju8rf,2018-05-16 11:44:32,50,r/UpliftingNews,60,2018-05-16 17:01:47,0,1,1,0
8ju8rf,2018-05-16 11:44:32,50,r/UpliftingNews,60,2018-05-16 17:04:39,1,0,1,0
8ju8rf,2018-05-16 11:44:32,50,r/UpliftingNews,61,2018-05-16 17:02:12,0,0,1,0
8ju8rf,2018-05-16 11:44:32,50,r/UpliftingNews,62,2018-05-16 17:02:50,0,0,1,0
8ju8rf,2018-05-16 11:44:32,50,r/UpliftingNews,63,2018-05-16 17:04:51,0,0,1,0
8ju8rf,2018-05-16 11:44:32,50,r/UpliftingNews,64,2018-05-16 17:07:07,0,0,1,0
8ju8rf,2018-05-16 11:44:32,50,r/UpliftingNews,65,2018-05-16 17:10:49,0,0,1,0
8ju8rf,2018-05-16 11:44:32,50,r/UpliftingNews,66,2018-05-16 17:14:43,0,0,1,0
8ju8rf,2018-05-16 11:44:32,50,r/UpliftingNews,67,2018-05-16 17:19:18,0,0,1,0
8ju8rf,2018-05-16 11:44:32,50,r/UpliftingNews,68,2018-05-16 17:19:53,0,0,1,0
8ju8rf,2018-05-16 11:44:32,50,r/UpliftingNews,69,2018-05-16 17:20:56,0,0,1,0
8ju8rf,2018-05-16 11:44:32,50,r/UpliftingNews,70,2018-05-16 17:26:58,0,0,1,0
8ju8rf,2018-05-16 11:44:32,50,r/UpliftingNews,71,2018-05-16 17:27:28,0,0,1,0
8ju8rf,2018-05-16 11:44:32,50,r/UpliftingNews,72,2018-05-16 17:27:45,0,0,1,0
8ju8rf,2018-05-16 11:44:32,50,r/UpliftingNews,73,2018-05-16 17:31:34,0,0,1,0
8ju8rf,2018-05-16 11:44:32,50,r/UpliftingNews,74,2018-05-16 17:39:09,0,0,1,0
8ju8rf,2018-05-16 11:44:32,50,r/UpliftingNews,75,2018-05-16 17:39:24,0,0,1,0
8ju8rf,2018-05-16 11:44:32,50,r/UpliftingNews,76,2018-05-16 17:39:31,0,0,1,0
8ju8rf,2018-05-16 11:44:32,50,r/UpliftingNews,77,2018-05-16 17:49:36,0,0,1,0
8ju8rf,2018-05-16 11:44:32,50,r/UpliftingNews,78,2018-05-16 17:50:02,0,0,1,0
8ju8rf,2018-05-16 11:44:32,50,r/UpliftingNews,79,2018-05-16 17:50:10,0,0,1,0
8ju8rf,2018-05-16 11:44:32,50,r/UpliftingNews,80,2018-05-16 17:51:13,0,0,1,0
8ju8rf,2018-05-16 11:44:32,50,r/UpliftingNews,81,2018-05-16 17:53:53,0,0,1,0
8ju8rf,2018-05-16 11:44:32,50,r/UpliftingNews,82,2018-05-16 17:59:10,0,0,1,0
8ju8rf,2018-05-16 11:44:32,50,r/UpliftingNews,83,2018-05-16 18:03:52,0,0,1,0
8ju8rf,2018-05-16 11:44:32,50,r/UpliftingNews,84,2018-05-16 18:05:08,0,0,1,0
8ju8rf,2018-05-16 11:44:32,50,r/UpliftingNews,85,2018-05-16 18:06:08,0,0,1,0
8ju8rf,2018-05-16 11:44:32,50,r/UpliftingNews,86,2018-05-16 18:14:35,0,0,1,0
8ju8rf,2018-05-16 11:44:32,50,r/UpliftingNews,87,2018-05-16 18:15:14,0,0,1,0
8ju8rf,2018-05-16 11:44:32,50,r/UpliftingNews,88,2018-05-16 18:15:26,0,0,1,0
8ju8rf,2018-05-16 11:44:32,50,r/UpliftingNews,89,2018-05-16 18:16:57,0,0,1,0
8ju8rf,2018-05-16 11:44:32,50,r/UpliftingNews,90,2018-05-16 18:17:31,0,0,1,0
8ju8rf,2018-05-16 11:44:32,50,r/UpliftingNews,91,2018-05-16 18:25:31,0,0,1,0
8ju8rf,2018-05-16 11:44:32,50,r/UpliftingNews,92,2018-05-16 18:28:24,0,0,1,0
8ju8rf,2018-05-16 11:44:32,50,r/UpliftingNews,93,2018-05-16 15:50:33,0,1,-1,0
8ju8rf,2018-05-16 11:44:32,50,r/UpliftingNews,93,2018-05-16 18:17:45,1,0,1,0
8juf10,2018-05-16 12:12:52,51,r/HumansBeingBros,0,2018-05-16 14:58:21,0,6,788,0
8juf10,2018-05-16 12:12:52,51,r/HumansBeingBros,0,2018-05-16 15:33:50,1,3,425,0
8juf10,2018-05-16 12:12:52,51,r/HumansBeingBros,0,2018-05-16 16:40:34,2,4,140,0
8juf10,2018-05-16 12:12:52,51,r/HumansBeingBros,0,2018-05-16 17:00:53,3,1,135,0
8juf10,2018-05-16 12:12:52,51,r/HumansBeingBros,0,2018-05-16 17:27:20,4,1,32,0
8juf10,2018-05-16 12:12:52,51,r/HumansBeingBros,0,2018-05-16 17:41:16,5,1,6,0
8juf10,2018-05-16 12:12:52,51,r/HumansBeingBros,0,2018-05-16 17:42:45,6,0,2,0
8juf10,2018-05-16 12:12:52,51,r/HumansBeingBros,0,2018-05-16 17:20:34,3,1,8,0
8juf10,2018-05-16 12:12:52,51,r/HumansBeingBros,0,2018-05-16 18:03:46,4,1,5,0
8juf10,2018-05-16 12:12:52,51,r/HumansBeingBros,0,2018-05-16 18:18:38,5,1,3,0
8juf10,2018-05-16 12:12:52,51,r/HumansBeingBros,0,2018-05-16 18:30:46,6,0,1,0
8juf10,2018-05-16 12:12:52,51,r/HumansBeingBros,0,2018-05-16 17:07:16,3,0,4,0
8juf10,2018-05-16 12:12:52,51,r/HumansBeingBros,0,2018-05-16 18:17:40,3,0,0,0
8juf10,2018-05-16 12:12:52,51,r/HumansBeingBros,0,2018-05-16 16:57:41,2,0,23,0
8juf10,2018-05-16 12:12:52,51,r/HumansBeingBros,0,2018-05-16 17:36:52,2,0,2,0
8juf10,2018-05-16 12:12:52,51,r/HumansBeingBros,0,2018-05-16 15:38:36,1,2,54,0
8juf10,2018-05-16 12:12:52,51,r/HumansBeingBros,0,2018-05-16 16:00:31,2,0,25,0
8juf10,2018-05-16 12:12:52,51,r/HumansBeingBros,0,2018-05-16 16:35:31,2,0,5,0
8juf10,2018-05-16 12:12:52,51,r/HumansBeingBros,0,2018-05-16 15:56:09,1,2,10,0
8juf10,2018-05-16 12:12:52,51,r/HumansBeingBros,0,2018-05-16 16:56:42,2,0,5,0
8juf10,2018-05-16 12:12:52,51,r/HumansBeingBros,0,2018-05-16 17:37:23,2,0,2,0
8juf10,2018-05-16 12:12:52,51,r/HumansBeingBros,0,2018-05-16 15:31:32,1,0,7,0
8juf10,2018-05-16 12:12:52,51,r/HumansBeingBros,0,2018-05-16 16:13:09,1,1,3,0
8juf10,2018-05-16 12:12:52,51,r/HumansBeingBros,0,2018-05-16 17:24:46,2,0,3,0
8juf10,2018-05-16 12:12:52,51,r/HumansBeingBros,0,2018-05-16 17:27:12,1,0,0,0
8juf10,2018-05-16 12:12:52,51,r/HumansBeingBros,1,2018-05-16 12:41:43,0,22,1901,0
8juf10,2018-05-16 12:12:52,51,r/HumansBeingBros,1,2018-05-16 13:18:04,1,14,760,0
8juf10,2018-05-16 12:12:52,51,r/HumansBeingBros,1,2018-05-16 13:31:45,2,1,222,0
8juf10,2018-05-16 12:12:52,51,r/HumansBeingBros,1,2018-05-16 13:36:14,3,1,33,0
8juf10,2018-05-16 12:12:52,51,r/HumansBeingBros,1,2018-05-16 13:42:53,4,1,20,0
8juf10,2018-05-16 12:12:52,51,r/HumansBeingBros,1,2018-05-16 13:48:02,5,1,14,0
8juf10,2018-05-16 12:12:52,51,r/HumansBeingBros,1,2018-05-16 13:54:18,6,0,12,0
8juf10,2018-05-16 12:12:52,51,r/HumansBeingBros,1,2018-05-16 13:38:56,2,1,21,0
8juf10,2018-05-16 12:12:52,51,r/HumansBeingBros,1,2018-05-16 13:40:50,3,0,11,0
8juf10,2018-05-16 12:12:52,51,r/HumansBeingBros,1,2018-05-16 16:25:52,2,0,6,0
8juf10,2018-05-16 12:12:52,51,r/HumansBeingBros,1,2018-05-16 15:27:29,2,0,4,0
8juf10,2018-05-16 12:12:52,51,r/HumansBeingBros,1,2018-05-16 15:32:05,2,0,2,0
8juf10,2018-05-16 12:12:52,51,r/HumansBeingBros,1,2018-05-16 16:09:09,2,0,1,0
8juf10,2018-05-16 12:12:52,51,r/HumansBeingBros,1,2018-05-16 16:25:17,2,0,1,0
8juf10,2018-05-16 12:12:52,51,r/HumansBeingBros,1,2018-05-16 17:37:29,2,0,2,0
8juf10,2018-05-16 12:12:52,51,r/HumansBeingBros,1,2018-05-16 17:44:38,2,0,2,0
8juf10,2018-05-16 12:12:52,51,r/HumansBeingBros,1,2018-05-16 17:45:15,2,0,2,0
8juf10,2018-05-16 12:12:52,51,r/HumansBeingBros,1,2018-05-16 17:46:46,2,0,2,0
8juf10,2018-05-16 12:12:52,51,r/HumansBeingBros,1,2018-05-16 17:48:17,2,0,2,0
8juf10,2018-05-16 12:12:52,51,r/HumansBeingBros,1,2018-05-16 18:06:18,2,0,1,0
8juf10,2018-05-16 12:12:52,51,r/HumansBeingBros,1,2018-05-16 17:19:31,2,0,0,0
8juf10,2018-05-16 12:12:52,51,r/HumansBeingBros,1,2018-05-16 15:04:20,1,2,49,0
8juf10,2018-05-16 12:12:52,51,r/HumansBeingBros,1,2018-05-16 17:06:08,2,0,12,0
8juf10,2018-05-16 12:12:52,51,r/HumansBeingBros,1,2018-05-16 16:14:30,2,1,10,0
8juf10,2018-05-16 12:12:52,51,r/HumansBeingBros,1,2018-05-16 16:55:55,3,0,-10,0
8juf10,2018-05-16 12:12:52,51,r/HumansBeingBros,1,2018-05-16 16:32:19,1,1,14,0
8juf10,2018-05-16 12:12:52,51,r/HumansBeingBros,1,2018-05-16 17:12:39,2,0,4,0
8juf10,2018-05-16 12:12:52,51,r/HumansBeingBros,1,2018-05-16 17:13:59,1,0,8,0
8juf10,2018-05-16 12:12:52,51,r/HumansBeingBros,1,2018-05-16 15:51:23,1,1,14,0
8juf10,2018-05-16 12:12:52,51,r/HumansBeingBros,1,2018-05-16 16:07:25,2,1,10,0
8juf10,2018-05-16 12:12:52,51,r/HumansBeingBros,1,2018-05-16 16:37:28,3,3,21,0
8juf10,2018-05-16 12:12:52,51,r/HumansBeingBros,1,2018-05-16 17:53:29,4,0,5,0
8juf10,2018-05-16 12:12:52,51,r/HumansBeingBros,1,2018-05-16 18:21:56,4,0,2,0
8juf10,2018-05-16 12:12:52,51,r/HumansBeingBros,1,2018-05-16 17:51:30,4,0,1,0
8juf10,2018-05-16 12:12:52,51,r/HumansBeingBros,1,2018-05-16 16:00:49,1,4,41,0
8juf10,2018-05-16 12:12:52,51,r/HumansBeingBros,1,2018-05-16 16:18:51,2,0,7,0
8juf10,2018-05-16 12:12:52,51,r/HumansBeingBros,1,2018-05-16 17:42:29,2,1,4,0
8juf10,2018-05-16 12:12:52,51,r/HumansBeingBros,1,2018-05-16 17:49:26,3,0,-1,0
8juf10,2018-05-16 12:12:52,51,r/HumansBeingBros,1,2018-05-16 16:56:55,2,1,4,0
8juf10,2018-05-16 12:12:52,51,r/HumansBeingBros,1,2018-05-16 17:15:24,3,0,3,0
8juf10,2018-05-16 12:12:52,51,r/HumansBeingBros,1,2018-05-16 16:50:02,2,1,3,0
8juf10,2018-05-16 12:12:52,51,r/HumansBeingBros,1,2018-05-16 17:11:49,3,0,7,0
8juf10,2018-05-16 12:12:52,51,r/HumansBeingBros,1,2018-05-16 16:29:46,1,0,5,0
8juf10,2018-05-16 12:12:52,51,r/HumansBeingBros,1,2018-05-16 16:06:05,1,1,9,0
8juf10,2018-05-16 12:12:52,51,r/HumansBeingBros,1,2018-05-16 17:01:46,2,0,4,0
8juf10,2018-05-16 12:12:52,51,r/HumansBeingBros,1,2018-05-16 16:48:39,1,0,7,0
8juf10,2018-05-16 12:12:52,51,r/HumansBeingBros,1,2018-05-16 16:40:28,1,0,4,0
8juf10,2018-05-16 12:12:52,51,r/HumansBeingBros,1,2018-05-16 17:02:34,1,0,5,0
8juf10,2018-05-16 12:12:52,51,r/HumansBeingBros,1,2018-05-16 16:31:42,1,0,2,0
8juf10,2018-05-16 12:12:52,51,r/HumansBeingBros,1,2018-05-16 16:43:07,1,2,2,0
8juf10,2018-05-16 12:12:52,51,r/HumansBeingBros,1,2018-05-16 17:55:47,2,0,1,0
8juf10,2018-05-16 12:12:52,51,r/HumansBeingBros,1,2018-05-16 18:25:49,2,0,1,0
8juf10,2018-05-16 12:12:52,51,r/HumansBeingBros,1,2018-05-16 16:51:51,1,0,2,0
8juf10,2018-05-16 12:12:52,51,r/HumansBeingBros,1,2018-05-16 17:59:29,1,0,2,0
8juf10,2018-05-16 12:12:52,51,r/HumansBeingBros,1,2018-05-16 16:00:35,1,0,3,0
8juf10,2018-05-16 12:12:52,51,r/HumansBeingBros,1,2018-05-16 16:44:56,1,0,1,0
8juf10,2018-05-16 12:12:52,51,r/HumansBeingBros,1,2018-05-16 17:53:01,1,0,1,0
8juf10,2018-05-16 12:12:52,51,r/HumansBeingBros,1,2018-05-16 18:17:01,1,0,1,0
8juf10,2018-05-16 12:12:52,51,r/HumansBeingBros,1,2018-05-16 18:29:01,1,0,1,0
8juf10,2018-05-16 12:12:52,51,r/HumansBeingBros,1,2018-05-16 16:42:08,1,1,-1,0
8juf10,2018-05-16 12:12:52,51,r/HumansBeingBros,1,2018-05-16 16:55:26,2,0,6,0
8juf10,2018-05-16 12:12:52,51,r/HumansBeingBros,1,2018-05-16 16:13:09,1,0,-2,0
8juf10,2018-05-16 12:12:52,51,r/HumansBeingBros,2,2018-05-16 15:38:08,0,1,326,0
8juf10,2018-05-16 12:12:52,51,r/HumansBeingBros,2,2018-05-16 15:56:31,1,5,155,0
8juf10,2018-05-16 12:12:52,51,r/HumansBeingBros,2,2018-05-16 16:09:24,2,2,84,0
8juf10,2018-05-16 12:12:52,51,r/HumansBeingBros,2,2018-05-16 16:57:56,3,0,24,0
8juf10,2018-05-16 12:12:52,51,r/HumansBeingBros,2,2018-05-16 17:00:12,3,0,2,0
8juf10,2018-05-16 12:12:52,51,r/HumansBeingBros,2,2018-05-16 16:12:02,2,1,9,0
8juf10,2018-05-16 12:12:52,51,r/HumansBeingBros,2,2018-05-16 18:02:53,3,0,1,0
8juf10,2018-05-16 12:12:52,51,r/HumansBeingBros,2,2018-05-16 16:26:35,2,1,3,0
8juf10,2018-05-16 12:12:52,51,r/HumansBeingBros,2,2018-05-16 18:13:44,3,0,2,0
8juf10,2018-05-16 12:12:52,51,r/HumansBeingBros,2,2018-05-16 17:41:56,2,0,3,0
8juf10,2018-05-16 12:12:52,51,r/HumansBeingBros,2,2018-05-16 16:59:39,2,1,2,0
8juf10,2018-05-16 12:12:52,51,r/HumansBeingBros,2,2018-05-16 17:24:43,3,0,1,0
8juf10,2018-05-16 12:12:52,51,r/HumansBeingBros,3,2018-05-16 15:37:46,0,1,125,0
8juf10,2018-05-16 12:12:52,51,r/HumansBeingBros,3,2018-05-16 15:52:14,1,1,20,0
8juf10,2018-05-16 12:12:52,51,r/HumansBeingBros,3,2018-05-16 16:09:16,2,0,12,0
8juf10,2018-05-16 12:12:52,51,r/HumansBeingBros,4,2018-05-16 12:56:29,0,6,195,0
8juf10,2018-05-16 12:12:52,51,r/HumansBeingBros,4,2018-05-16 15:46:48,1,0,49,0
8juf10,2018-05-16 12:12:52,51,r/HumansBeingBros,4,2018-05-16 13:17:09,1,1,90,0
8juf10,2018-05-16 12:12:52,51,r/HumansBeingBros,4,2018-05-16 15:23:32,2,3,84,0
8juf10,2018-05-16 12:12:52,51,r/HumansBeingBros,4,2018-05-16 15:41:41,3,1,42,0
8juf10,2018-05-16 12:12:52,51,r/HumansBeingBros,4,2018-05-16 15:59:12,4,0,9,0
8juf10,2018-05-16 12:12:52,51,r/HumansBeingBros,4,2018-05-16 17:41:22,3,0,1,0
8juf10,2018-05-16 12:12:52,51,r/HumansBeingBros,4,2018-05-16 18:03:26,3,0,1,0
8juf10,2018-05-16 12:12:52,51,r/HumansBeingBros,4,2018-05-16 15:37:47,1,2,5,0
8juf10,2018-05-16 12:12:52,51,r/HumansBeingBros,4,2018-05-16 16:08:13,2,1,23,0
8juf10,2018-05-16 12:12:52,51,r/HumansBeingBros,4,2018-05-16 16:20:05,3,0,4,0
8juf10,2018-05-16 12:12:52,51,r/HumansBeingBros,4,2018-05-16 17:11:32,2,0,2,0
8juf10,2018-05-16 12:12:52,51,r/HumansBeingBros,4,2018-05-16 17:14:55,1,0,3,0
8juf10,2018-05-16 12:12:52,51,r/HumansBeingBros,4,2018-05-16 13:13:37,1,0,2,0
8juf10,2018-05-16 12:12:52,51,r/HumansBeingBros,4,2018-05-16 17:13:57,1,0,1,0
8juf10,2018-05-16 12:12:52,51,r/HumansBeingBros,5,2018-05-16 15:17:13,0,2,64,0
8juf10,2018-05-16 12:12:52,51,r/HumansBeingBros,5,2018-05-16 16:02:00,1,0,26,0
8juf10,2018-05-16 12:12:52,51,r/HumansBeingBros,5,2018-05-16 16:11:30,1,0,9,0
8juf10,2018-05-16 12:12:52,51,r/HumansBeingBros,6,2018-05-16 12:40:29,0,0,28,0
8juf10,2018-05-16 12:12:52,51,r/HumansBeingBros,7,2018-05-16 15:53:17,0,1,10,0
8juf10,2018-05-16 12:12:52,51,r/HumansBeingBros,7,2018-05-16 18:00:14,1,0,2,0
8juf10,2018-05-16 12:12:52,51,r/HumansBeingBros,8,2018-05-16 15:43:53,0,0,9,0
8juf10,2018-05-16 12:12:52,51,r/HumansBeingBros,9,2018-05-16 16:02:24,0,0,17,0
8juf10,2018-05-16 12:12:52,51,r/HumansBeingBros,10,2018-05-16 17:06:10,0,1,5,0
8juf10,2018-05-16 12:12:52,51,r/HumansBeingBros,10,2018-05-16 17:12:42,1,0,1,0
8juf10,2018-05-16 12:12:52,51,r/HumansBeingBros,11,2018-05-16 15:53:16,0,0,8,0
8juf10,2018-05-16 12:12:52,51,r/HumansBeingBros,12,2018-05-16 15:25:11,0,1,8,0
8juf10,2018-05-16 12:12:52,51,r/HumansBeingBros,12,2018-05-16 16:08:13,1,3,7,0
8juf10,2018-05-16 12:12:52,51,r/HumansBeingBros,12,2018-05-16 17:08:43,2,0,5,0
8juf10,2018-05-16 12:12:52,51,r/HumansBeingBros,12,2018-05-16 16:15:08,2,0,4,0
8juf10,2018-05-16 12:12:52,51,r/HumansBeingBros,12,2018-05-16 16:36:04,2,0,0,0
8juf10,2018-05-16 12:12:52,51,r/HumansBeingBros,13,2018-05-16 15:54:47,0,1,15,0
8juf10,2018-05-16 12:12:52,51,r/HumansBeingBros,13,2018-05-16 16:08:40,1,1,26,0
8juf10,2018-05-16 12:12:52,51,r/HumansBeingBros,13,2018-05-16 18:02:22,2,0,0,0
8juf10,2018-05-16 12:12:52,51,r/HumansBeingBros,14,2018-05-16 17:05:59,0,0,3,0
8juf10,2018-05-16 12:12:52,51,r/HumansBeingBros,15,2018-05-16 17:21:13,0,0,3,0
8juf10,2018-05-16 12:12:52,51,r/HumansBeingBros,16,2018-05-16 15:53:51,0,1,16,0
8juf10,2018-05-16 12:12:52,51,r/HumansBeingBros,16,2018-05-16 16:20:26,1,2,2,0
8juf10,2018-05-16 12:12:52,51,r/HumansBeingBros,16,2018-05-16 17:11:25,2,0,3,0
8juf10,2018-05-16 12:12:52,51,r/HumansBeingBros,16,2018-05-16 17:56:26,2,0,0,0
8juf10,2018-05-16 12:12:52,51,r/HumansBeingBros,17,2018-05-16 17:42:29,0,1,5,0
8juf10,2018-05-16 12:12:52,51,r/HumansBeingBros,17,2018-05-16 17:52:31,1,0,0,0
8juf10,2018-05-16 12:12:52,51,r/HumansBeingBros,18,2018-05-16 16:54:59,0,2,8,0
8juf10,2018-05-16 12:12:52,51,r/HumansBeingBros,18,2018-05-16 17:40:27,1,0,3,0
8juf10,2018-05-16 12:12:52,51,r/HumansBeingBros,18,2018-05-16 17:17:05,1,2,4,0
8juf10,2018-05-16 12:12:52,51,r/HumansBeingBros,18,2018-05-16 17:28:27,2,0,2,0
8juf10,2018-05-16 12:12:52,51,r/HumansBeingBros,18,2018-05-16 17:25:37,2,0,1,0
8juf10,2018-05-16 12:12:52,51,r/HumansBeingBros,19,2018-05-16 15:46:31,0,0,4,0
8juf10,2018-05-16 12:12:52,51,r/HumansBeingBros,20,2018-05-16 16:04:43,0,0,4,0
8juf10,2018-05-16 12:12:52,51,r/HumansBeingBros,21,2018-05-16 16:57:49,0,0,4,0
8juf10,2018-05-16 12:12:52,51,r/HumansBeingBros,22,2018-05-16 16:03:15,0,0,2,0
8juf10,2018-05-16 12:12:52,51,r/HumansBeingBros,23,2018-05-16 16:53:26,0,0,2,0
8juf10,2018-05-16 12:12:52,51,r/HumansBeingBros,24,2018-05-16 16:56:31,0,0,2,0
8juf10,2018-05-16 12:12:52,51,r/HumansBeingBros,25,2018-05-16 17:15:43,0,0,2,0
8juf10,2018-05-16 12:12:52,51,r/HumansBeingBros,26,2018-05-16 17:25:27,0,0,2,0
8juf10,2018-05-16 12:12:52,51,r/HumansBeingBros,27,2018-05-16 17:32:02,0,0,2,0
8juf10,2018-05-16 12:12:52,51,r/HumansBeingBros,28,2018-05-16 17:37:00,0,0,2,0
8juf10,2018-05-16 12:12:52,51,r/HumansBeingBros,29,2018-05-16 17:40:50,0,0,2,0
8juf10,2018-05-16 12:12:52,51,r/HumansBeingBros,30,2018-05-16 17:40:58,0,0,2,0
8juf10,2018-05-16 12:12:52,51,r/HumansBeingBros,31,2018-05-16 17:43:27,0,0,2,0
8juf10,2018-05-16 12:12:52,51,r/HumansBeingBros,32,2018-05-16 17:44:55,0,0,3,0
8juf10,2018-05-16 12:12:52,51,r/HumansBeingBros,33,2018-05-16 17:46:31,0,0,2,0
8juf10,2018-05-16 12:12:52,51,r/HumansBeingBros,34,2018-05-16 17:49:25,0,0,2,0
8juf10,2018-05-16 12:12:52,51,r/HumansBeingBros,35,2018-05-16 18:04:04,0,0,2,0
8juf10,2018-05-16 12:12:52,51,r/HumansBeingBros,36,2018-05-16 16:01:24,0,0,6,0
8juf10,2018-05-16 12:12:52,51,r/HumansBeingBros,37,2018-05-16 16:00:45,0,0,3,0
8juf10,2018-05-16 12:12:52,51,r/HumansBeingBros,38,2018-05-16 17:29:40,0,0,3,0
8juf10,2018-05-16 12:12:52,51,r/HumansBeingBros,39,2018-05-16 13:29:16,0,0,1,0
8juf10,2018-05-16 12:12:52,51,r/HumansBeingBros,40,2018-05-16 16:45:05,0,0,2,0
8juf10,2018-05-16 12:12:52,51,r/HumansBeingBros,41,2018-05-16 12:21:50,0,0,0,0
8juf10,2018-05-16 12:12:52,51,r/HumansBeingBros,42,2018-05-16 16:31:36,0,0,2,0
8juf10,2018-05-16 12:12:52,51,r/HumansBeingBros,43,2018-05-16 16:51:22,0,0,2,0
8juf10,2018-05-16 12:12:52,51,r/HumansBeingBros,44,2018-05-16 15:25:25,0,0,0,0
8juf10,2018-05-16 12:12:52,51,r/HumansBeingBros,45,2018-05-16 15:44:02,0,2,-5,0
8juf10,2018-05-16 12:12:52,51,r/HumansBeingBros,45,2018-05-16 17:21:52,1,0,9,0
8juf10,2018-05-16 12:12:52,51,r/HumansBeingBros,45,2018-05-16 17:37:06,1,2,1,0
8juf10,2018-05-16 12:12:52,51,r/HumansBeingBros,45,2018-05-16 17:43:55,2,1,2,0
8juf10,2018-05-16 12:12:52,51,r/HumansBeingBros,45,2018-05-16 17:59:53,3,0,3,0
8juf10,2018-05-16 12:12:52,51,r/HumansBeingBros,45,2018-05-16 18:05:31,2,1,1,0
8juf10,2018-05-16 12:12:52,51,r/HumansBeingBros,45,2018-05-16 18:24:13,3,0,1,0
8juf10,2018-05-16 12:12:52,51,r/HumansBeingBros,46,2018-05-16 17:14:38,0,0,1,0
8juf10,2018-05-16 12:12:52,51,r/HumansBeingBros,47,2018-05-16 17:52:45,0,0,1,0
8juf10,2018-05-16 12:12:52,51,r/HumansBeingBros,48,2018-05-16 17:59:36,0,0,1,0
8juf10,2018-05-16 12:12:52,51,r/HumansBeingBros,49,2018-05-16 17:59:45,0,0,1,0
8juf10,2018-05-16 12:12:52,51,r/HumansBeingBros,50,2018-05-16 18:04:29,0,0,1,0
8juf10,2018-05-16 12:12:52,51,r/HumansBeingBros,51,2018-05-16 18:17:45,0,1,1,0
8juf10,2018-05-16 12:12:52,51,r/HumansBeingBros,51,2018-05-16 18:30:30,1,0,1,0
8juf10,2018-05-16 12:12:52,51,r/HumansBeingBros,52,2018-05-16 18:19:25,0,0,1,0
8juf10,2018-05-16 12:12:52,51,r/HumansBeingBros,53,2018-05-16 18:24:28,0,0,1,0
8juf10,2018-05-16 12:12:52,51,r/HumansBeingBros,54,2018-05-16 18:25:11,0,0,1,0
8juf10,2018-05-16 12:12:52,51,r/HumansBeingBros,55,2018-05-16 18:26:48,0,0,1,0
8juf10,2018-05-16 12:12:52,51,r/HumansBeingBros,56,2018-05-16 17:26:53,0,0,1,0
8juf10,2018-05-16 12:12:52,51,r/HumansBeingBros,57,2018-05-16 16:46:53,0,1,-1,0
8juf10,2018-05-16 12:12:52,51,r/HumansBeingBros,57,2018-05-16 17:16:47,1,1,-6,0
8juf10,2018-05-16 12:12:52,51,r/HumansBeingBros,57,2018-05-16 17:42:48,2,0,2,0
8juf10,2018-05-16 12:12:52,51,r/HumansBeingBros,58,2018-05-16 17:32:15,0,1,0,0
8juf10,2018-05-16 12:12:52,51,r/HumansBeingBros,58,2018-05-16 17:56:35,1,0,2,0
8juf10,2018-05-16 12:12:52,51,r/HumansBeingBros,59,2018-05-16 17:00:56,0,0,1,0
8juf10,2018-05-16 12:12:52,51,r/HumansBeingBros,60,2018-05-16 17:13:25,0,0,1,0
8juf10,2018-05-16 12:12:52,51,r/HumansBeingBros,61,2018-05-16 16:01:57,0,3,-10,0
8juf10,2018-05-16 12:12:52,51,r/HumansBeingBros,61,2018-05-16 16:24:04,1,1,16,0
8juf10,2018-05-16 12:12:52,51,r/HumansBeingBros,61,2018-05-16 16:40:48,2,0,-13,0
8juf10,2018-05-16 12:12:52,51,r/HumansBeingBros,61,2018-05-16 16:47:12,1,1,7,0
8juf10,2018-05-16 12:12:52,51,r/HumansBeingBros,61,2018-05-16 17:44:57,2,2,-3,0
8juf10,2018-05-16 12:12:52,51,r/HumansBeingBros,61,2018-05-16 17:57:19,3,1,3,0
8juf10,2018-05-16 12:12:52,51,r/HumansBeingBros,61,2018-05-16 18:14:09,4,0,0,0
8juf10,2018-05-16 12:12:52,51,r/HumansBeingBros,61,2018-05-16 18:15:26,3,1,2,0
8juf10,2018-05-16 12:12:52,51,r/HumansBeingBros,61,2018-05-16 18:31:05,4,0,1,0
8juf10,2018-05-16 12:12:52,51,r/HumansBeingBros,61,2018-05-16 16:31:51,1,1,0,0
8juf10,2018-05-16 12:12:52,51,r/HumansBeingBros,61,2018-05-16 16:43:28,2,1,-5,0
8juf10,2018-05-16 12:12:52,51,r/HumansBeingBros,61,2018-05-16 18:18:04,3,0,1,0
8juf10,2018-05-16 12:12:52,51,r/HumansBeingBros,62,2018-05-16 16:48:13,0,0,1,0
8juf10,2018-05-16 12:12:52,51,r/HumansBeingBros,63,2018-05-16 16:18:16,0,0,-2,0
8juf10,2018-05-16 12:12:52,51,r/HumansBeingBros,64,2018-05-16 17:17:59,0,0,1,0
8juf10,2018-05-16 12:12:52,51,r/HumansBeingBros,65,2018-05-16 17:41:24,0,0,0,0
8juf10,2018-05-16 12:12:52,51,r/HumansBeingBros,66,2018-05-16 16:33:19,0,0,-2,0
8juf10,2018-05-16 12:12:52,51,r/HumansBeingBros,67,2018-05-16 12:45:28,0,0,-4,0
8juf10,2018-05-16 12:12:52,51,r/HumansBeingBros,68,2018-05-16 15:12:22,0,4,-25,0
8juf10,2018-05-16 12:12:52,51,r/HumansBeingBros,68,2018-05-16 15:29:54,1,0,13,0
8juf10,2018-05-16 12:12:52,51,r/HumansBeingBros,68,2018-05-16 15:30:14,1,0,6,0
8juf10,2018-05-16 12:12:52,51,r/HumansBeingBros,68,2018-05-16 16:25:50,1,0,2,0
8juf10,2018-05-16 12:12:52,51,r/HumansBeingBros,68,2018-05-16 15:18:32,1,1,-7,0
8juf10,2018-05-16 12:12:52,51,r/HumansBeingBros,68,2018-05-16 15:27:55,2,1,4,0
8juf10,2018-05-16 12:12:52,51,r/HumansBeingBros,68,2018-05-16 15:34:26,3,1,-6,0
8juf10,2018-05-16 12:12:52,51,r/HumansBeingBros,68,2018-05-16 15:42:32,4,1,2,0
8juf10,2018-05-16 12:12:52,51,r/HumansBeingBros,68,2018-05-16 16:08:05,5,1,-5,0
8juf10,2018-05-16 12:12:52,51,r/HumansBeingBros,68,2018-05-16 16:49:46,6,0,6,0
8juf10,2018-05-16 12:12:52,51,r/HumansBeingBros,69,2018-05-16 16:37:14,0,0,-4,0
8juf10,2018-05-16 12:12:52,51,r/HumansBeingBros,70,2018-05-16 15:28:57,0,1,-11,0
8juf10,2018-05-16 12:12:52,51,r/HumansBeingBros,70,2018-05-16 17:14:46,1,0,2,0
8juf10,2018-05-16 12:12:52,51,r/HumansBeingBros,71,2018-05-16 15:38:40,0,1,-11,0
8juf10,2018-05-16 12:12:52,51,r/HumansBeingBros,71,2018-05-16 15:46:18,1,1,8,0
8juf10,2018-05-16 12:12:52,51,r/HumansBeingBros,71,2018-05-16 16:03:05,2,0,-8,0
8juf10,2018-05-16 12:12:52,51,r/HumansBeingBros,72,2018-05-16 15:56:04,0,0,-13,0
8juf10,2018-05-16 12:12:52,51,r/HumansBeingBros,73,2018-05-16 17:36:42,0,0,-3,0
8juf10,2018-05-16 12:12:52,51,r/HumansBeingBros,74,2018-05-16 15:38:10,0,0,-8,0
8juf10,2018-05-16 12:12:52,51,r/HumansBeingBros,75,2018-05-16 17:06:52,0,0,0,0
8juf10,2018-05-16 12:12:52,51,r/HumansBeingBros,76,2018-05-16 17:38:50,0,0,0,0
8juf10,2018-05-16 12:12:52,51,r/HumansBeingBros,77,2018-05-16 18:14:15,0,0,0,0
8juf10,2018-05-16 12:12:52,51,r/HumansBeingBros,78,2018-05-16 17:10:29,0,0,-3,0
8juf10,2018-05-16 12:12:52,51,r/HumansBeingBros,79,2018-05-16 17:54:16,0,0,-6,0
8juf10,2018-05-16 12:12:52,51,r/HumansBeingBros,80,2018-05-16 16:19:36,0,0,-6,0
8jv269,2018-05-16 13:50:55,52,r/dogswithjobs,0,2018-05-16 15:10:16,0,4,308,0
8jv269,2018-05-16 13:50:55,52,r/dogswithjobs,0,2018-05-16 15:38:54,1,0,77,0
8jv269,2018-05-16 13:50:55,52,r/dogswithjobs,0,2018-05-16 17:26:57,1,1,19,0
8jv269,2018-05-16 13:50:55,52,r/dogswithjobs,0,2018-05-16 18:01:16,2,0,2,0
8jv269,2018-05-16 13:50:55,52,r/dogswithjobs,0,2018-05-16 18:24:31,1,0,1,0
8jv269,2018-05-16 13:50:55,52,r/dogswithjobs,0,2018-05-16 17:54:56,1,0,1,0
8jv269,2018-05-16 13:50:55,52,r/dogswithjobs,1,2018-05-16 15:54:13,0,1,238,0
8jv269,2018-05-16 13:50:55,52,r/dogswithjobs,1,2018-05-16 18:01:36,1,0,13,0
8jv269,2018-05-16 13:50:55,52,r/dogswithjobs,2,2018-05-16 14:20:07,0,0,181,0
8jv269,2018-05-16 13:50:55,52,r/dogswithjobs,3,2018-05-16 15:33:47,0,0,56,0
8jv269,2018-05-16 13:50:55,52,r/dogswithjobs,4,2018-05-16 14:40:36,0,2,157,0
8jv269,2018-05-16 13:50:55,52,r/dogswithjobs,4,2018-05-16 15:21:07,1,1,150,0
8jv269,2018-05-16 13:50:55,52,r/dogswithjobs,4,2018-05-16 17:28:07,2,0,19,0
8jv269,2018-05-16 13:50:55,52,r/dogswithjobs,4,2018-05-16 18:29:36,1,0,1,0
8jv269,2018-05-16 13:50:55,52,r/dogswithjobs,5,2018-05-16 15:20:31,0,3,58,0
8jv269,2018-05-16 13:50:55,52,r/dogswithjobs,5,2018-05-16 16:18:36,1,1,26,0
8jv269,2018-05-16 13:50:55,52,r/dogswithjobs,5,2018-05-16 16:28:09,2,2,30,0
8jv269,2018-05-16 13:50:55,52,r/dogswithjobs,5,2018-05-16 16:54:44,3,0,11,0
8jv269,2018-05-16 13:50:55,52,r/dogswithjobs,5,2018-05-16 18:05:29,3,1,6,0
8jv269,2018-05-16 13:50:55,52,r/dogswithjobs,5,2018-05-16 18:21:37,4,1,1,0
8jv269,2018-05-16 13:50:55,52,r/dogswithjobs,5,2018-05-16 18:23:34,5,0,2,0
8jv269,2018-05-16 13:50:55,52,r/dogswithjobs,5,2018-05-16 17:35:07,1,0,7,0
8jv269,2018-05-16 13:50:55,52,r/dogswithjobs,5,2018-05-16 17:50:50,1,0,1,0
8jv269,2018-05-16 13:50:55,52,r/dogswithjobs,6,2018-05-16 17:04:26,0,1,23,0
8jv269,2018-05-16 13:50:55,52,r/dogswithjobs,6,2018-05-16 18:29:43,1,0,1,0
8jv269,2018-05-16 13:50:55,52,r/dogswithjobs,7,2018-05-16 15:55:28,0,0,18,0
8jv269,2018-05-16 13:50:55,52,r/dogswithjobs,8,2018-05-16 15:35:02,0,0,28,0
8jv269,2018-05-16 13:50:55,52,r/dogswithjobs,9,2018-05-16 15:40:06,0,0,7,0
8jv269,2018-05-16 13:50:55,52,r/dogswithjobs,10,2018-05-16 16:21:44,0,0,7,0
8jv269,2018-05-16 13:50:55,52,r/dogswithjobs,11,2018-05-16 16:41:43,0,0,4,0
8jv269,2018-05-16 13:50:55,52,r/dogswithjobs,12,2018-05-16 16:20:45,0,0,7,0
8jv269,2018-05-16 13:50:55,52,r/dogswithjobs,13,2018-05-16 17:54:44,0,0,2,0
8jv269,2018-05-16 13:50:55,52,r/dogswithjobs,14,2018-05-16 17:58:41,0,0,1,0
8jv269,2018-05-16 13:50:55,52,r/dogswithjobs,15,2018-05-16 18:04:26,0,0,1,0
8jv269,2018-05-16 13:50:55,52,r/dogswithjobs,16,2018-05-16 18:14:54,0,0,1,0
8jv269,2018-05-16 13:50:55,52,r/dogswithjobs,17,2018-05-16 18:23:50,0,0,1,0
8jv269,2018-05-16 13:50:55,52,r/dogswithjobs,18,2018-05-16 18:24:23,0,0,1,0
8jv269,2018-05-16 13:50:55,52,r/dogswithjobs,19,2018-05-16 18:24:29,0,0,1,0
8ju62s,2018-05-16 11:32:00,53,r/natureismetal,0,2018-05-16 13:18:17,0,6,224,0
8ju62s,2018-05-16 11:32:00,53,r/natureismetal,0,2018-05-16 14:07:53,1,1,87,0
8ju62s,2018-05-16 11:32:00,53,r/natureismetal,0,2018-05-16 14:47:58,2,0,24,0
8ju62s,2018-05-16 11:32:00,53,r/natureismetal,0,2018-05-16 15:27:41,1,3,37,0
8ju62s,2018-05-16 11:32:00,53,r/natureismetal,0,2018-05-16 15:28:30,2,0,10,0
8ju62s,2018-05-16 11:32:00,53,r/natureismetal,0,2018-05-16 17:40:21,2,0,1,0
8ju62s,2018-05-16 11:32:00,53,r/natureismetal,0,2018-05-16 16:58:01,2,1,0,0
8ju62s,2018-05-16 11:32:00,53,r/natureismetal,0,2018-05-16 17:25:31,3,1,1,0
8ju62s,2018-05-16 11:32:00,53,r/natureismetal,0,2018-05-16 17:29:34,4,0,1,0
8ju62s,2018-05-16 11:32:00,53,r/natureismetal,0,2018-05-16 15:35:31,1,1,38,0
8ju62s,2018-05-16 11:32:00,53,r/natureismetal,0,2018-05-16 15:36:23,2,2,14,0
8ju62s,2018-05-16 11:32:00,53,r/natureismetal,0,2018-05-16 15:41:09,3,1,48,0
8ju62s,2018-05-16 11:32:00,53,r/natureismetal,0,2018-05-16 15:43:56,4,1,14,0
8ju62s,2018-05-16 11:32:00,53,r/natureismetal,0,2018-05-16 17:29:38,5,0,7,0
8ju62s,2018-05-16 11:32:00,53,r/natureismetal,0,2018-05-16 15:52:56,3,0,14,0
8ju62s,2018-05-16 11:32:00,53,r/natureismetal,0,2018-05-16 16:11:02,1,1,8,0
8ju62s,2018-05-16 11:32:00,53,r/natureismetal,0,2018-05-16 18:18:28,2,0,1,0
8ju62s,2018-05-16 11:32:00,53,r/natureismetal,0,2018-05-16 15:29:17,1,1,11,0
8ju62s,2018-05-16 11:32:00,53,r/natureismetal,0,2018-05-16 15:31:52,2,0,3,0
8ju62s,2018-05-16 11:32:00,53,r/natureismetal,0,2018-05-16 16:30:21,1,0,3,0
8ju62s,2018-05-16 11:32:00,53,r/natureismetal,1,2018-05-16 11:52:24,0,22,946,0
8ju62s,2018-05-16 11:32:00,53,r/natureismetal,1,2018-05-16 12:03:45,1,8,948,0
8ju62s,2018-05-16 11:32:00,53,r/natureismetal,1,2018-05-16 14:45:48,2,7,396,0
8ju62s,2018-05-16 11:32:00,53,r/natureismetal,1,2018-05-16 15:21:12,3,5,126,0
8ju62s,2018-05-16 11:32:00,53,r/natureismetal,1,2018-05-16 15:31:54,4,4,413,0
8ju62s,2018-05-16 11:32:00,53,r/natureismetal,1,2018-05-16 16:15:00,5,0,22,0
8ju62s,2018-05-16 11:32:00,53,r/natureismetal,1,2018-05-16 15:42:41,5,0,66,0
8ju62s,2018-05-16 11:32:00,53,r/natureismetal,1,2018-05-16 15:47:51,5,0,25,0
8ju62s,2018-05-16 11:32:00,53,r/natureismetal,1,2018-05-16 15:42:05,5,3,-19,0
8ju62s,2018-05-16 11:32:00,53,r/natureismetal,1,2018-05-16 15:51:46,6,0,25,0
8ju62s,2018-05-16 11:32:00,53,r/natureismetal,1,2018-05-16 15:55:26,6,0,12,0
8ju62s,2018-05-16 11:32:00,53,r/natureismetal,1,2018-05-16 18:12:08,6,0,1,0
8ju62s,2018-05-16 11:32:00,53,r/natureismetal,1,2018-05-16 16:13:21,4,2,42,0
8ju62s,2018-05-16 11:32:00,53,r/natureismetal,1,2018-05-16 17:19:51,5,1,11,0
8ju62s,2018-05-16 11:32:00,53,r/natureismetal,1,2018-05-16 18:17:01,6,1,-1,0
8ju62s,2018-05-16 11:32:00,53,r/natureismetal,1,2018-05-16 18:24:02,7,0,1,0
8ju62s,2018-05-16 11:32:00,53,r/natureismetal,1,2018-05-16 18:29:27,5,0,1,0
8ju62s,2018-05-16 11:32:00,53,r/natureismetal,1,2018-05-16 17:09:52,4,0,23,0
8ju62s,2018-05-16 11:32:00,53,r/natureismetal,1,2018-05-16 15:24:29,4,2,11,0
8ju62s,2018-05-16 11:32:00,53,r/natureismetal,1,2018-05-16 15:34:39,5,0,17,0
8ju62s,2018-05-16 11:32:00,53,r/natureismetal,1,2018-05-16 17:00:12,5,0,2,0
8ju62s,2018-05-16 11:32:00,53,r/natureismetal,1,2018-05-16 18:28:35,4,0,1,0
8ju62s,2018-05-16 11:32:00,53,r/natureismetal,1,2018-05-16 15:33:53,3,2,27,0
8ju62s,2018-05-16 11:32:00,53,r/natureismetal,1,2018-05-16 16:57:15,4,1,33,0
8ju62s,2018-05-16 11:32:00,53,r/natureismetal,1,2018-05-16 17:13:29,5,0,3,0
8ju62s,2018-05-16 11:32:00,53,r/natureismetal,1,2018-05-16 16:58:22,4,0,4,0
8ju62s,2018-05-16 11:32:00,53,r/natureismetal,1,2018-05-16 17:05:35,3,0,3,0
8ju62s,2018-05-16 11:32:00,53,r/natureismetal,1,2018-05-16 16:43:19,3,0,1,0
8ju62s,2018-05-16 11:32:00,53,r/natureismetal,1,2018-05-16 16:53:33,3,0,1,0
8ju62s,2018-05-16 11:32:00,53,r/natureismetal,1,2018-05-16 17:37:29,3,0,1,0
8ju62s,2018-05-16 11:32:00,53,r/natureismetal,1,2018-05-16 18:21:50,3,0,1,0
8ju62s,2018-05-16 11:32:00,53,r/natureismetal,1,2018-05-16 15:43:52,2,0,23,0
8ju62s,2018-05-16 11:32:00,53,r/natureismetal,1,2018-05-16 15:40:36,2,2,49,0
8ju62s,2018-05-16 11:32:00,53,r/natureismetal,1,2018-05-16 15:51:26,3,1,55,0
8ju62s,2018-05-16 11:32:00,53,r/natureismetal,1,2018-05-16 15:56:45,4,4,78,0
8ju62s,2018-05-16 11:32:00,53,r/natureismetal,1,2018-05-16 15:59:02,5,1,20,0
8ju62s,2018-05-16 11:32:00,53,r/natureismetal,1,2018-05-16 16:05:31,6,0,4,0
8ju62s,2018-05-16 11:32:00,53,r/natureismetal,1,2018-05-16 17:18:58,5,0,1,0
8ju62s,2018-05-16 11:32:00,53,r/natureismetal,1,2018-05-16 17:39:32,5,0,1,0
8ju62s,2018-05-16 11:32:00,53,r/natureismetal,1,2018-05-16 18:26:29,5,0,1,0
8ju62s,2018-05-16 11:32:00,53,r/natureismetal,1,2018-05-16 17:31:59,3,2,2,0
8ju62s,2018-05-16 11:32:00,53,r/natureismetal,1,2018-05-16 17:39:38,4,1,1,0
8ju62s,2018-05-16 11:32:00,53,r/natureismetal,1,2018-05-16 18:18:17,5,0,1,0
8ju62s,2018-05-16 11:32:00,53,r/natureismetal,1,2018-05-16 18:19:02,4,0,1,0
8ju62s,2018-05-16 11:32:00,53,r/natureismetal,1,2018-05-16 16:17:20,2,2,12,0
8ju62s,2018-05-16 11:32:00,53,r/natureismetal,1,2018-05-16 16:48:37,3,1,6,0
8ju62s,2018-05-16 11:32:00,53,r/natureismetal,1,2018-05-16 17:19:51,4,0,1,0
8ju62s,2018-05-16 11:32:00,53,r/natureismetal,1,2018-05-16 18:11:55,3,0,1,0
8ju62s,2018-05-16 11:32:00,53,r/natureismetal,1,2018-05-16 15:20:07,2,0,5,0
8ju62s,2018-05-16 11:32:00,53,r/natureismetal,1,2018-05-16 17:09:42,2,0,1,0
8ju62s,2018-05-16 11:32:00,53,r/natureismetal,1,2018-05-16 18:23:05,2,0,1,0
8ju62s,2018-05-16 11:32:00,53,r/natureismetal,1,2018-05-16 13:46:07,2,10,-74,0
8ju62s,2018-05-16 11:32:00,53,r/natureismetal,1,2018-05-16 13:50:02,3,0,83,0
8ju62s,2018-05-16 11:32:00,53,r/natureismetal,1,2018-05-16 13:59:08,3,2,34,0
8ju62s,2018-05-16 11:32:00,53,r/natureismetal,1,2018-05-16 14:01:45,4,3,24,0
8ju62s,2018-05-16 11:32:00,53,r/natureismetal,1,2018-05-16 14:06:54,5,0,30,0
8ju62s,2018-05-16 11:32:00,53,r/natureismetal,1,2018-05-16 14:11:56,5,0,12,0
8ju62s,2018-05-16 11:32:00,53,r/natureismetal,1,2018-05-16 14:48:10,5,0,2,0
8ju62s,2018-05-16 11:32:00,53,r/natureismetal,1,2018-05-16 14:52:03,4,2,1,0
8ju62s,2018-05-16 11:32:00,53,r/natureismetal,1,2018-05-16 15:20:08,5,0,1,0
8ju62s,2018-05-16 11:32:00,53,r/natureismetal,1,2018-05-16 15:20:42,5,0,1,0
8ju62s,2018-05-16 11:32:00,53,r/natureismetal,1,2018-05-16 13:47:07,3,1,32,0
8ju62s,2018-05-16 11:32:00,53,r/natureismetal,1,2018-05-16 13:48:19,4,1,-18,0
8ju62s,2018-05-16 11:32:00,53,r/natureismetal,1,2018-05-16 14:09:22,5,0,26,0
8ju62s,2018-05-16 11:32:00,53,r/natureismetal,1,2018-05-16 14:03:07,3,0,5,0
8ju62s,2018-05-16 11:32:00,53,r/natureismetal,1,2018-05-16 14:00:41,3,0,5,0
8ju62s,2018-05-16 11:32:00,53,r/natureismetal,1,2018-05-16 14:38:43,3,0,3,0
8ju62s,2018-05-16 11:32:00,53,r/natureismetal,1,2018-05-16 14:06:14,3,0,2,0
8ju62s,2018-05-16 11:32:00,53,r/natureismetal,1,2018-05-16 14:08:02,3,0,2,0
8ju62s,2018-05-16 11:32:00,53,r/natureismetal,1,2018-05-16 14:08:03,3,1,1,0
8ju62s,2018-05-16 11:32:00,53,r/natureismetal,1,2018-05-16 14:11:06,4,2,1,0
8ju62s,2018-05-16 11:32:00,53,r/natureismetal,1,2018-05-16 14:32:23,5,1,2,0
8ju62s,2018-05-16 11:32:00,53,r/natureismetal,1,2018-05-16 15:24:48,6,0,1,0
8ju62s,2018-05-16 11:32:00,53,r/natureismetal,1,2018-05-16 14:17:41,5,1,0,0
8ju62s,2018-05-16 11:32:00,53,r/natureismetal,1,2018-05-16 15:06:52,6,0,2,0
8ju62s,2018-05-16 11:32:00,53,r/natureismetal,1,2018-05-16 14:33:24,3,1,-3,0
8ju62s,2018-05-16 11:32:00,53,r/natureismetal,1,2018-05-16 14:34:13,4,0,1,0
8ju62s,2018-05-16 11:32:00,53,r/natureismetal,1,2018-05-16 12:15:00,1,2,91,0
8ju62s,2018-05-16 11:32:00,53,r/natureismetal,1,2018-05-16 17:39:46,2,0,1,0
8ju62s,2018-05-16 11:32:00,53,r/natureismetal,1,2018-05-16 18:26:22,2,0,1,0
8ju62s,2018-05-16 11:32:00,53,r/natureismetal,1,2018-05-16 14:27:13,1,1,54,0
8ju62s,2018-05-16 11:32:00,53,r/natureismetal,1,2018-05-16 14:31:53,2,2,16,0
8ju62s,2018-05-16 11:32:00,53,r/natureismetal,1,2018-05-16 14:41:35,3,2,33,0
8ju62s,2018-05-16 11:32:00,53,r/natureismetal,1,2018-05-16 14:48:05,4,2,18,0
8ju62s,2018-05-16 11:32:00,53,r/natureismetal,1,2018-05-16 15:14:41,5,0,1,0
8ju62s,2018-05-16 11:32:00,53,r/natureismetal,1,2018-05-16 15:18:03,5,0,1,0
8ju62s,2018-05-16 11:32:00,53,r/natureismetal,1,2018-05-16 16:57:01,4,0,1,0
8ju62s,2018-05-16 11:32:00,53,r/natureismetal,1,2018-05-16 14:52:13,3,2,5,0
8ju62s,2018-05-16 11:32:00,53,r/natureismetal,1,2018-05-16 15:21:12,4,1,14,0
8ju62s,2018-05-16 11:32:00,53,r/natureismetal,1,2018-05-16 15:26:25,5,0,2,0
8ju62s,2018-05-16 11:32:00,53,r/natureismetal,1,2018-05-16 15:15:53,4,0,1,0
8ju62s,2018-05-16 11:32:00,53,r/natureismetal,1,2018-05-16 15:29:10,1,1,12,0
8ju62s,2018-05-16 11:32:00,53,r/natureismetal,1,2018-05-16 15:35:21,2,0,6,0
8ju62s,2018-05-16 11:32:00,53,r/natureismetal,1,2018-05-16 16:19:09,1,0,4,0
8ju62s,2018-05-16 11:32:00,53,r/natureismetal,1,2018-05-16 15:10:21,1,0,8,0
8ju62s,2018-05-16 11:32:00,53,r/natureismetal,1,2018-05-16 15:08:02,1,0,4,0
8ju62s,2018-05-16 11:32:00,53,r/natureismetal,1,2018-05-16 15:51:58,1,0,3,0
8ju62s,2018-05-16 11:32:00,53,r/natureismetal,1,2018-05-16 15:11:13,1,0,3,0
8ju62s,2018-05-16 11:32:00,53,r/natureismetal,1,2018-05-16 16:23:32,1,0,2,0
8ju62s,2018-05-16 11:32:00,53,r/natureismetal,1,2018-05-16 15:25:23,1,2,7,0
8ju62s,2018-05-16 11:32:00,53,r/natureismetal,1,2018-05-16 16:41:01,2,0,2,0
8ju62s,2018-05-16 11:32:00,53,r/natureismetal,1,2018-05-16 17:37:27,2,0,1,0
8ju62s,2018-05-16 11:32:00,53,r/natureismetal,1,2018-05-16 14:49:51,1,0,4,0
8ju62s,2018-05-16 11:32:00,53,r/natureismetal,1,2018-05-16 14:45:39,1,1,4,0
8ju62s,2018-05-16 11:32:00,53,r/natureismetal,1,2018-05-16 14:54:22,2,1,63,0
8ju62s,2018-05-16 11:32:00,53,r/natureismetal,1,2018-05-16 17:04:45,3,0,2,0
8ju62s,2018-05-16 11:32:00,53,r/natureismetal,1,2018-05-16 16:08:55,1,0,1,0
8ju62s,2018-05-16 11:32:00,53,r/natureismetal,1,2018-05-16 16:58:50,1,0,1,0
8ju62s,2018-05-16 11:32:00,53,r/natureismetal,1,2018-05-16 16:59:56,1,0,1,0
8ju62s,2018-05-16 11:32:00,53,r/natureismetal,1,2018-05-16 17:15:56,1,0,1,0
8ju62s,2018-05-16 11:32:00,53,r/natureismetal,1,2018-05-16 17:20:12,1,0,1,0
8ju62s,2018-05-16 11:32:00,53,r/natureismetal,1,2018-05-16 18:23:29,1,0,1,0
8ju62s,2018-05-16 11:32:00,53,r/natureismetal,1,2018-05-16 14:31:34,1,0,-1,0
8ju62s,2018-05-16 11:32:00,53,r/natureismetal,1,2018-05-16 15:54:42,1,0,0,0
8ju62s,2018-05-16 11:32:00,53,r/natureismetal,1,2018-05-16 14:16:18,1,2,-12,0
8ju62s,2018-05-16 11:32:00,53,r/natureismetal,1,2018-05-16 14:23:22,2,1,14,0
8ju62s,2018-05-16 11:32:00,53,r/natureismetal,1,2018-05-16 14:24:46,3,1,4,0
8ju62s,2018-05-16 11:32:00,53,r/natureismetal,1,2018-05-16 14:26:36,4,2,-11,0
8ju62s,2018-05-16 11:32:00,53,r/natureismetal,1,2018-05-16 15:37:41,5,0,2,0
8ju62s,2018-05-16 11:32:00,53,r/natureismetal,1,2018-05-16 15:46:49,5,0,2,0
8ju62s,2018-05-16 11:32:00,53,r/natureismetal,1,2018-05-16 14:38:58,2,0,4,0
8ju62s,2018-05-16 11:32:00,53,r/natureismetal,2,2018-05-16 12:59:42,0,4,243,0
8ju62s,2018-05-16 11:32:00,53,r/natureismetal,2,2018-05-16 13:55:36,1,7,54,0
8ju62s,2018-05-16 11:32:00,53,r/natureismetal,2,2018-05-16 14:06:38,2,3,132,0
8ju62s,2018-05-16 11:32:00,53,r/natureismetal,2,2018-05-16 15:25:25,3,1,31,0
8ju62s,2018-05-16 11:32:00,53,r/natureismetal,2,2018-05-16 16:26:39,4,0,1,0
8ju62s,2018-05-16 11:32:00,53,r/natureismetal,2,2018-05-16 17:30:12,3,0,3,0
8ju62s,2018-05-16 11:32:00,53,r/natureismetal,2,2018-05-16 18:29:53,3,0,1,0
8ju62s,2018-05-16 11:32:00,53,r/natureismetal,2,2018-05-16 14:30:35,2,3,23,0
8ju62s,2018-05-16 11:32:00,53,r/natureismetal,2,2018-05-16 17:15:13,3,1,21,0
8ju62s,2018-05-16 11:32:00,53,r/natureismetal,2,2018-05-16 17:33:40,4,1,2,0
8ju62s,2018-05-16 11:32:00,53,r/natureismetal,2,2018-05-16 18:03:15,5,0,1,0
8ju62s,2018-05-16 11:32:00,53,r/natureismetal,2,2018-05-16 15:13:15,3,0,14,0
8ju62s,2018-05-16 11:32:00,53,r/natureismetal,2,2018-05-16 17:09:28,3,0,0,0
8ju62s,2018-05-16 11:32:00,53,r/natureismetal,2,2018-05-16 14:20:46,2,1,9,0
8ju62s,2018-05-16 11:32:00,53,r/natureismetal,2,2018-05-16 14:29:16,3,0,4,0
8ju62s,2018-05-16 11:32:00,53,r/natureismetal,2,2018-05-16 15:56:57,2,0,5,0
8ju62s,2018-05-16 11:32:00,53,r/natureismetal,2,2018-05-16 16:15:41,2,0,2,0
8ju62s,2018-05-16 11:32:00,53,r/natureismetal,2,2018-05-16 16:41:11,2,0,2,0
8ju62s,2018-05-16 11:32:00,53,r/natureismetal,2,2018-05-16 14:17:36,2,0,0,0
8ju62s,2018-05-16 11:32:00,53,r/natureismetal,2,2018-05-16 17:19:53,1,0,1,0
8ju62s,2018-05-16 11:32:00,53,r/natureismetal,2,2018-05-16 18:23:59,1,0,1,0
8ju62s,2018-05-16 11:32:00,53,r/natureismetal,2,2018-05-16 18:27:27,1,1,1,0
8ju62s,2018-05-16 11:32:00,53,r/natureismetal,2,2018-05-16 18:29:54,2,0,1,0
8ju62s,2018-05-16 11:32:00,53,r/natureismetal,3,2018-05-16 12:13:25,0,5,333,0
8ju62s,2018-05-16 11:32:00,53,r/natureismetal,3,2018-05-16 13:23:16,1,4,161,0
8ju62s,2018-05-16 11:32:00,53,r/natureismetal,3,2018-05-16 14:11:03,2,1,41,0
8ju62s,2018-05-16 11:32:00,53,r/natureismetal,3,2018-05-16 14:12:24,3,1,21,0
8ju62s,2018-05-16 11:32:00,53,r/natureismetal,3,2018-05-16 14:44:04,4,0,3,0
8ju62s,2018-05-16 11:32:00,53,r/natureismetal,3,2018-05-16 14:22:27,2,0,3,0
8ju62s,2018-05-16 11:32:00,53,r/natureismetal,3,2018-05-16 14:19:24,2,0,5,0
8ju62s,2018-05-16 11:32:00,53,r/natureismetal,3,2018-05-16 17:20:56,2,0,2,0
8ju62s,2018-05-16 11:32:00,53,r/natureismetal,3,2018-05-16 14:57:23,1,0,5,0
8ju62s,2018-05-16 11:32:00,53,r/natureismetal,3,2018-05-16 14:48:12,1,2,10,0
8ju62s,2018-05-16 11:32:00,53,r/natureismetal,3,2018-05-16 17:32:11,2,0,2,0
8ju62s,2018-05-16 11:32:00,53,r/natureismetal,3,2018-05-16 18:06:07,2,0,1,0
8ju62s,2018-05-16 11:32:00,53,r/natureismetal,3,2018-05-16 17:00:39,1,0,1,0
8ju62s,2018-05-16 11:32:00,53,r/natureismetal,3,2018-05-16 17:36:33,1,0,1,0
8ju62s,2018-05-16 11:32:00,53,r/natureismetal,4,2018-05-16 13:07:40,0,6,762,0
8ju62s,2018-05-16 11:32:00,53,r/natureismetal,4,2018-05-16 14:09:05,1,9,165,0
8ju62s,2018-05-16 11:32:00,53,r/natureismetal,4,2018-05-16 14:27:20,2,3,177,0
8ju62s,2018-05-16 11:32:00,53,r/natureismetal,4,2018-05-16 14:34:49,3,1,48,0
8ju62s,2018-05-16 11:32:00,53,r/natureismetal,4,2018-05-16 17:18:29,4,0,2,0
8ju62s,2018-05-16 11:32:00,53,r/natureismetal,4,2018-05-16 16:08:03,3,2,17,0
8ju62s,2018-05-16 11:32:00,53,r/natureismetal,4,2018-05-16 16:32:23,4,0,1,0
8ju62s,2018-05-16 11:32:00,53,r/natureismetal,4,2018-05-16 17:40:36,4,0,1,0
8ju62s,2018-05-16 11:32:00,53,r/natureismetal,4,2018-05-16 16:30:10,3,0,6,0
8ju62s,2018-05-16 11:32:00,53,r/natureismetal,4,2018-05-16 14:50:43,2,1,45,0
8ju62s,2018-05-16 11:32:00,53,r/natureismetal,4,2018-05-16 16:39:44,3,0,22,0
8ju62s,2018-05-16 11:32:00,53,r/natureismetal,4,2018-05-16 15:35:04,2,1,15,0
8ju62s,2018-05-16 11:32:00,53,r/natureismetal,4,2018-05-16 17:22:35,3,0,1,0
8ju62s,2018-05-16 11:32:00,53,r/natureismetal,4,2018-05-16 14:29:03,2,0,14,0
8ju62s,2018-05-16 11:32:00,53,r/natureismetal,4,2018-05-16 14:35:14,2,1,8,0
8ju62s,2018-05-16 11:32:00,53,r/natureismetal,4,2018-05-16 15:43:28,3,0,9,0
8ju62s,2018-05-16 11:32:00,53,r/natureismetal,4,2018-05-16 14:35:54,2,0,3,0
8ju62s,2018-05-16 11:32:00,53,r/natureismetal,4,2018-05-16 14:33:28,2,1,4,0
8ju62s,2018-05-16 11:32:00,53,r/natureismetal,4,2018-05-16 14:33:49,3,1,3,0
8ju62s,2018-05-16 11:32:00,53,r/natureismetal,4,2018-05-16 15:37:05,4,1,4,0
8ju62s,2018-05-16 11:32:00,53,r/natureismetal,4,2018-05-16 15:38:43,5,1,6,0
8ju62s,2018-05-16 11:32:00,53,r/natureismetal,4,2018-05-16 16:20:52,6,1,1,0
8ju62s,2018-05-16 11:32:00,53,r/natureismetal,4,2018-05-16 16:23:29,7,1,1,0
8ju62s,2018-05-16 11:32:00,53,r/natureismetal,4,2018-05-16 16:36:48,8,0,3,0
8ju62s,2018-05-16 11:32:00,53,r/natureismetal,4,2018-05-16 16:26:50,2,1,1,0
8ju62s,2018-05-16 11:32:00,53,r/natureismetal,4,2018-05-16 16:28:45,3,1,0,0
8ju62s,2018-05-16 11:32:00,53,r/natureismetal,4,2018-05-16 16:41:40,4,1,2,0
8ju62s,2018-05-16 11:32:00,53,r/natureismetal,4,2018-05-16 16:44:42,5,1,1,0
8ju62s,2018-05-16 11:32:00,53,r/natureismetal,4,2018-05-16 16:51:30,6,1,0,0
8ju62s,2018-05-16 11:32:00,53,r/natureismetal,4,2018-05-16 16:53:20,7,0,0,0
8ju62s,2018-05-16 11:32:00,53,r/natureismetal,4,2018-05-16 17:54:43,2,0,1,0
8ju62s,2018-05-16 11:32:00,53,r/natureismetal,4,2018-05-16 16:54:40,1,0,1,0
8ju62s,2018-05-16 11:32:00,53,r/natureismetal,4,2018-05-16 17:00:24,1,0,1,0
8ju62s,2018-05-16 11:32:00,53,r/natureismetal,4,2018-05-16 17:58:38,1,0,1,0
8ju62s,2018-05-16 11:32:00,53,r/natureismetal,4,2018-05-16 18:00:22,1,0,1,0
8ju62s,2018-05-16 11:32:00,53,r/natureismetal,4,2018-05-16 16:25:45,1,3,1,0
8ju62s,2018-05-16 11:32:00,53,r/natureismetal,4,2018-05-16 17:01:50,2,0,1,0
8ju62s,2018-05-16 11:32:00,53,r/natureismetal,4,2018-05-16 18:02:35,2,0,1,0
8ju62s,2018-05-16 11:32:00,53,r/natureismetal,4,2018-05-16 18:02:38,2,0,1,0
8ju62s,2018-05-16 11:32:00,53,r/natureismetal,5,2018-05-16 13:50:23,0,1,91,0
8ju62s,2018-05-16 11:32:00,53,r/natureismetal,5,2018-05-16 14:13:19,1,0,47,0
8ju62s,2018-05-16 11:32:00,53,r/natureismetal,6,2018-05-16 14:21:18,0,1,66,0
8ju62s,2018-05-16 11:32:00,53,r/natureismetal,6,2018-05-16 17:11:34,1,0,8,0
8ju62s,2018-05-16 11:32:00,53,r/natureismetal,7,2018-05-16 11:32:47,0,5,2118,0
8ju62s,2018-05-16 11:32:00,53,r/natureismetal,7,2018-05-16 14:16:07,1,2,779,0
8ju62s,2018-05-16 11:32:00,53,r/natureismetal,7,2018-05-16 14:49:22,2,3,171,0
8ju62s,2018-05-16 11:32:00,53,r/natureismetal,7,2018-05-16 14:54:08,3,8,233,0
8ju62s,2018-05-16 11:32:00,53,r/natureismetal,7,2018-05-16 15:23:28,4,5,198,0
8ju62s,2018-05-16 11:32:00,53,r/natureismetal,7,2018-05-16 15:25:53,5,3,47,0
8ju62s,2018-05-16 11:32:00,53,r/natureismetal,7,2018-05-16 15:30:11,6,1,11,0
8ju62s,2018-05-16 11:32:00,53,r/natureismetal,7,2018-05-16 17:06:47,7,2,2,0
8ju62s,2018-05-16 11:32:00,53,r/natureismetal,7,2018-05-16 18:30:11,8,0,1,0
8ju62s,2018-05-16 11:32:00,53,r/natureismetal,7,2018-05-16 17:17:55,8,3,-11,0
8ju62s,2018-05-16 11:32:00,53,r/natureismetal,7,2018-05-16 17:39:27,9,0,4,0
8ju62s,2018-05-16 11:32:00,53,r/natureismetal,7,2018-05-16 17:55:28,9,1,4,0
8ju62s,2018-05-16 11:32:00,53,r/natureismetal,7,2018-05-16 17:27:24,9,1,9,0
8ju62s,2018-05-16 11:32:00,53,r/natureismetal,7,2018-05-16 16:55:53,6,0,1,0
8ju62s,2018-05-16 11:32:00,53,r/natureismetal,7,2018-05-16 17:37:49,6,0,1,0
8ju62s,2018-05-16 11:32:00,53,r/natureismetal,7,2018-05-16 15:54:28,5,2,17,0
8ju62s,2018-05-16 11:32:00,53,r/natureismetal,7,2018-05-16 16:11:41,6,0,10,0
8ju62s,2018-05-16 11:32:00,53,r/natureismetal,7,2018-05-16 15:55:29,6,0,2,0
8ju62s,2018-05-16 11:32:00,53,r/natureismetal,7,2018-05-16 16:24:16,5,0,1,0
8ju62s,2018-05-16 11:32:00,53,r/natureismetal,7,2018-05-16 17:01:17,5,0,1,0
8ju62s,2018-05-16 11:32:00,53,r/natureismetal,7,2018-05-16 17:12:30,5,0,1,0
8ju62s,2018-05-16 11:32:00,53,r/natureismetal,7,2018-05-16 15:27:35,4,0,15,0
8ju62s,2018-05-16 11:32:00,53,r/natureismetal,7,2018-05-16 15:22:13,4,1,18,0
8ju62s,2018-05-16 11:32:00,53,r/natureismetal,7,2018-05-16 16:59:44,5,1,1,0
8ju62s,2018-05-16 11:32:00,53,r/natureismetal,7,2018-05-16 17:36:39,6,1,2,0
8ju62s,2018-05-16 11:32:00,53,r/natureismetal,7,2018-05-16 18:29:11,7,0,2,0
8ju62s,2018-05-16 11:32:00,53,r/natureismetal,7,2018-05-16 15:14:54,4,0,22,0
8ju62s,2018-05-16 11:32:00,53,r/natureismetal,7,2018-05-16 15:35:27,4,2,6,0
8ju62s,2018-05-16 11:32:00,53,r/natureismetal,7,2018-05-16 17:06:17,5,1,2,0
8ju62s,2018-05-16 11:32:00,53,r/natureismetal,7,2018-05-16 17:28:21,6,1,1,0
8ju62s,2018-05-16 11:32:00,53,r/natureismetal,7,2018-05-16 17:36:20,7,0,0,0
8ju62s,2018-05-16 11:32:00,53,r/natureismetal,7,2018-05-16 17:41:39,5,0,1,0
8ju62s,2018-05-16 11:32:00,53,r/natureismetal,7,2018-05-16 17:19:46,4,0,1,0
8ju62s,2018-05-16 11:32:00,53,r/natureismetal,7,2018-05-16 17:32:33,4,1,1,0
8ju62s,2018-05-16 11:32:00,53,r/natureismetal,7,2018-05-16 17:35:52,5,0,1,0
8ju62s,2018-05-16 11:32:00,53,r/natureismetal,7,2018-05-16 15:41:52,4,0,0,0
8ju62s,2018-05-16 11:32:00,53,r/natureismetal,7,2018-05-16 15:06:58,3,1,20,0
8ju62s,2018-05-16 11:32:00,53,r/natureismetal,7,2018-05-16 15:19:36,4,2,0,0
8ju62s,2018-05-16 11:32:00,53,r/natureismetal,7,2018-05-16 15:21:57,5,0,2,0
8ju62s,2018-05-16 11:32:00,53,r/natureismetal,7,2018-05-16 15:47:19,5,0,1,0
8ju62s,2018-05-16 11:32:00,53,r/natureismetal,7,2018-05-16 15:27:51,3,0,2,0
8ju62s,2018-05-16 11:32:00,53,r/natureismetal,7,2018-05-16 18:11:01,2,0,1,0
8ju62s,2018-05-16 11:32:00,53,r/natureismetal,7,2018-05-16 14:46:16,1,2,92,0
8ju62s,2018-05-16 11:32:00,53,r/natureismetal,7,2018-05-16 14:47:08,2,1,63,0
8ju62s,2018-05-16 11:32:00,53,r/natureismetal,7,2018-05-16 14:49:32,3,3,41,0
8ju62s,2018-05-16 11:32:00,53,r/natureismetal,7,2018-05-16 14:50:10,4,0,21,0
8ju62s,2018-05-16 11:32:00,53,r/natureismetal,7,2018-05-16 15:12:35,4,1,5,0
8ju62s,2018-05-16 11:32:00,53,r/natureismetal,7,2018-05-16 16:01:18,5,1,2,0
8ju62s,2018-05-16 11:32:00,53,r/natureismetal,7,2018-05-16 17:08:32,6,0,2,0
8ju62s,2018-05-16 11:32:00,53,r/natureismetal,7,2018-05-16 16:29:10,4,1,1,0
8ju62s,2018-05-16 11:32:00,53,r/natureismetal,7,2018-05-16 17:31:24,5,0,1,0
8ju62s,2018-05-16 11:32:00,53,r/natureismetal,7,2018-05-16 16:57:57,2,1,2,0
8ju62s,2018-05-16 11:32:00,53,r/natureismetal,7,2018-05-16 18:16:58,3,0,1,0
8ju62s,2018-05-16 11:32:00,53,r/natureismetal,7,2018-05-16 15:07:30,1,4,37,0
8ju62s,2018-05-16 11:32:00,53,r/natureismetal,7,2018-05-16 15:59:42,2,1,37,0
8ju62s,2018-05-16 11:32:00,53,r/natureismetal,7,2018-05-16 16:52:25,3,1,13,0
8ju62s,2018-05-16 11:32:00,53,r/natureismetal,7,2018-05-16 16:59:32,4,0,3,0
8ju62s,2018-05-16 11:32:00,53,r/natureismetal,7,2018-05-16 15:15:14,2,0,12,0
8ju62s,2018-05-16 11:32:00,53,r/natureismetal,7,2018-05-16 15:31:25,2,1,2,0
8ju62s,2018-05-16 11:32:00,53,r/natureismetal,7,2018-05-16 15:55:43,3,0,2,0
8ju62s,2018-05-16 11:32:00,53,r/natureismetal,7,2018-05-16 16:36:57,2,0,1,0
8ju62s,2018-05-16 11:32:00,53,r/natureismetal,7,2018-05-16 17:24:40,1,0,1,0
8ju62s,2018-05-16 11:32:00,53,r/natureismetal,7,2018-05-16 16:50:28,1,0,1,0
8ju62s,2018-05-16 11:32:00,53,r/natureismetal,8,2018-05-16 11:34:05,0,2,46,0
8ju62s,2018-05-16 11:32:00,53,r/natureismetal,8,2018-05-16 14:30:53,1,1,9,0
8ju62s,2018-05-16 11:32:00,53,r/natureismetal,8,2018-05-16 16:51:41,2,0,1,0
8ju62s,2018-05-16 11:32:00,53,r/natureismetal,8,2018-05-16 16:58:00,1,0,1,0
8ju62s,2018-05-16 11:32:00,53,r/natureismetal,9,2018-05-16 14:03:44,0,0,32,0
8ju62s,2018-05-16 11:32:00,53,r/natureismetal,10,2018-05-16 14:27:54,0,0,12,0
8ju62s,2018-05-16 11:32:00,53,r/natureismetal,11,2018-05-16 14:23:25,0,1,10,0
8ju62s,2018-05-16 11:32:00,53,r/natureismetal,11,2018-05-16 16:03:22,1,0,14,0
8ju62s,2018-05-16 11:32:00,53,r/natureismetal,12,2018-05-16 12:57:04,0,0,10,0
8ju62s,2018-05-16 11:32:00,53,r/natureismetal,13,2018-05-16 14:21:08,0,0,5,0
8ju62s,2018-05-16 11:32:00,53,r/natureismetal,14,2018-05-16 15:37:49,0,0,6,0
8ju62s,2018-05-16 11:32:00,53,r/natureismetal,15,2018-05-16 13:17:14,0,3,19,0
8ju62s,2018-05-16 11:32:00,53,r/natureismetal,15,2018-05-16 13:30:28,1,1,51,0
8ju62s,2018-05-16 11:32:00,53,r/natureismetal,15,2018-05-16 14:11:41,2,0,17,0
8ju62s,2018-05-16 11:32:00,53,r/natureismetal,15,2018-05-16 13:41:05,1,0,19,0
8ju62s,2018-05-16 11:32:00,53,r/natureismetal,15,2018-05-16 13:28:27,1,0,-2,0
8ju62s,2018-05-16 11:32:00,53,r/natureismetal,16,2018-05-16 14:41:11,0,0,6,0
8ju62s,2018-05-16 11:32:00,53,r/natureismetal,17,2018-05-16 15:36:42,0,0,3,0
8ju62s,2018-05-16 11:32:00,53,r/natureismetal,18,2018-05-16 15:49:53,0,0,3,0
8ju62s,2018-05-16 11:32:00,53,r/natureismetal,19,2018-05-16 15:43:22,0,0,3,0
8ju62s,2018-05-16 11:32:00,53,r/natureismetal,20,2018-05-16 13:57:21,0,0,5,0
8ju62s,2018-05-16 11:32:00,53,r/natureismetal,21,2018-05-16 14:32:23,0,0,2,0
8ju62s,2018-05-16 11:32:00,53,r/natureismetal,22,2018-05-16 15:04:12,0,0,2,0
8ju62s,2018-05-16 11:32:00,53,r/natureismetal,23,2018-05-16 15:07:04,0,0,2,0
8ju62s,2018-05-16 11:32:00,53,r/natureismetal,24,2018-05-16 15:08:20,0,0,2,0
8ju62s,2018-05-16 11:32:00,53,r/natureismetal,25,2018-05-16 15:22:13,0,0,2,0
8ju62s,2018-05-16 11:32:00,53,r/natureismetal,26,2018-05-16 15:37:36,0,0,2,0
8ju62s,2018-05-16 11:32:00,53,r/natureismetal,27,2018-05-16 15:54:49,0,1,2,0
8ju62s,2018-05-16 11:32:00,53,r/natureismetal,27,2018-05-16 17:16:08,1,0,1,0
8ju62s,2018-05-16 11:32:00,53,r/natureismetal,28,2018-05-16 17:14:13,0,1,2,0
8ju62s,2018-05-16 11:32:00,53,r/natureismetal,28,2018-05-16 17:47:12,1,0,1,0
8ju62s,2018-05-16 11:32:00,53,r/natureismetal,29,2018-05-16 18:17:29,0,1,2,0
8ju62s,2018-05-16 11:32:00,53,r/natureismetal,29,2018-05-16 18:24:44,1,0,1,0
8ju62s,2018-05-16 11:32:00,53,r/natureismetal,30,2018-05-16 13:48:41,0,0,5,0
8ju62s,2018-05-16 11:32:00,53,r/natureismetal,31,2018-05-16 14:12:04,0,0,4,0
8ju62s,2018-05-16 11:32:00,53,r/natureismetal,32,2018-05-16 15:08:22,0,0,3,0
8ju62s,2018-05-16 11:32:00,53,r/natureismetal,33,2018-05-16 14:12:24,0,0,1,0
8ju62s,2018-05-16 11:32:00,53,r/natureismetal,34,2018-05-16 14:40:21,0,0,1,0
8ju62s,2018-05-16 11:32:00,53,r/natureismetal,35,2018-05-16 14:03:13,0,0,1,0
8ju62s,2018-05-16 11:32:00,53,r/natureismetal,36,2018-05-16 14:09:39,0,0,1,0
8ju62s,2018-05-16 11:32:00,53,r/natureismetal,37,2018-05-16 14:18:49,0,0,1,0
8ju62s,2018-05-16 11:32:00,53,r/natureismetal,38,2018-05-16 14:23:23,0,0,1,0
8ju62s,2018-05-16 11:32:00,53,r/natureismetal,39,2018-05-16 14:32:06,0,0,1,0
8ju62s,2018-05-16 11:32:00,53,r/natureismetal,40,2018-05-16 15:06:46,0,0,1,0
8ju62s,2018-05-16 11:32:00,53,r/natureismetal,41,2018-05-16 15:08:11,0,0,1,0
8ju62s,2018-05-16 11:32:00,53,r/natureismetal,42,2018-05-16 15:09:25,0,0,1,0
8ju62s,2018-05-16 11:32:00,53,r/natureismetal,43,2018-05-16 15:16:13,0,0,1,0
8ju62s,2018-05-16 11:32:00,53,r/natureismetal,44,2018-05-16 15:21:31,0,0,1,0
8ju62s,2018-05-16 11:32:00,53,r/natureismetal,45,2018-05-16 15:21:33,0,0,1,0
8ju62s,2018-05-16 11:32:00,53,r/natureismetal,46,2018-05-16 15:22:42,0,0,1,0
8ju62s,2018-05-16 11:32:00,53,r/natureismetal,47,2018-05-16 15:22:47,0,0,1,0
8ju62s,2018-05-16 11:32:00,53,r/natureismetal,48,2018-05-16 15:35:43,0,0,1,0
8ju62s,2018-05-16 11:32:00,53,r/natureismetal,49,2018-05-16 15:44:00,0,0,1,0
8ju62s,2018-05-16 11:32:00,53,r/natureismetal,50,2018-05-16 15:49:25,0,0,1,0
8ju62s,2018-05-16 11:32:00,53,r/natureismetal,51,2018-05-16 15:51:32,0,0,1,0
8ju62s,2018-05-16 11:32:00,53,r/natureismetal,52,2018-05-16 15:51:33,0,0,1,0
8ju62s,2018-05-16 11:32:00,53,r/natureismetal,53,2018-05-16 15:55:15,0,0,1,0
8ju62s,2018-05-16 11:32:00,53,r/natureismetal,54,2018-05-16 15:56:43,0,0,1,0
8ju62s,2018-05-16 11:32:00,53,r/natureismetal,55,2018-05-16 15:56:59,0,0,1,0
8ju62s,2018-05-16 11:32:00,53,r/natureismetal,56,2018-05-16 15:58:22,0,0,1,0
8ju62s,2018-05-16 11:32:00,53,r/natureismetal,57,2018-05-16 16:04:22,0,0,1,0
8ju62s,2018-05-16 11:32:00,53,r/natureismetal,58,2018-05-16 16:07:18,0,0,1,0
8ju62s,2018-05-16 11:32:00,53,r/natureismetal,59,2018-05-16 16:07:48,0,0,1,0
8ju62s,2018-05-16 11:32:00,53,r/natureismetal,60,2018-05-16 16:09:37,0,0,1,0
8ju62s,2018-05-16 11:32:00,53,r/natureismetal,61,2018-05-16 16:09:51,0,0,1,0
8ju62s,2018-05-16 11:32:00,53,r/natureismetal,62,2018-05-16 16:11:02,0,0,1,0
8ju62s,2018-05-16 11:32:00,53,r/natureismetal,63,2018-05-16 16:13:34,0,0,1,0
8ju62s,2018-05-16 11:32:00,53,r/natureismetal,64,2018-05-16 16:15:21,0,0,1,0
8ju62s,2018-05-16 11:32:00,53,r/natureismetal,65,2018-05-16 16:15:43,0,0,1,0
8ju62s,2018-05-16 11:32:00,53,r/natureismetal,66,2018-05-16 16:16:31,0,0,1,0
8ju62s,2018-05-16 11:32:00,53,r/natureismetal,67,2018-05-16 16:18:13,0,0,1,0
8ju62s,2018-05-16 11:32:00,53,r/natureismetal,68,2018-05-16 16:20:52,0,0,1,0
8ju62s,2018-05-16 11:32:00,53,r/natureismetal,69,2018-05-16 16:26:37,0,0,1,0
8ju62s,2018-05-16 11:32:00,53,r/natureismetal,70,2018-05-16 16:27:59,0,0,1,0
8ju62s,2018-05-16 11:32:00,53,r/natureismetal,71,2018-05-16 16:28:01,0,0,1,0
8ju62s,2018-05-16 11:32:00,53,r/natureismetal,72,2018-05-16 16:30:57,0,0,1,0
8ju62s,2018-05-16 11:32:00,53,r/natureismetal,73,2018-05-16 16:31:53,0,0,1,0
8ju62s,2018-05-16 11:32:00,53,r/natureismetal,74,2018-05-16 16:32:04,0,0,1,0
8ju62s,2018-05-16 11:32:00,53,r/natureismetal,75,2018-05-16 16:36:18,0,0,1,0
8ju62s,2018-05-16 11:32:00,53,r/natureismetal,76,2018-05-16 16:38:35,0,0,1,0
8ju62s,2018-05-16 11:32:00,53,r/natureismetal,77,2018-05-16 16:43:45,0,0,1,0
8ju62s,2018-05-16 11:32:00,53,r/natureismetal,78,2018-05-16 16:45:51,0,0,1,0
8ju62s,2018-05-16 11:32:00,53,r/natureismetal,79,2018-05-16 16:46:07,0,0,1,0
8ju62s,2018-05-16 11:32:00,53,r/natureismetal,80,2018-05-16 16:52:42,0,0,1,0
8ju62s,2018-05-16 11:32:00,53,r/natureismetal,81,2018-05-16 16:55:07,0,0,1,0
8ju62s,2018-05-16 11:32:00,53,r/natureismetal,82,2018-05-16 16:56:15,0,0,1,0
8ju62s,2018-05-16 11:32:00,53,r/natureismetal,83,2018-05-16 16:57:01,0,0,1,0
8ju62s,2018-05-16 11:32:00,53,r/natureismetal,84,2018-05-16 16:57:15,0,0,1,0
8ju62s,2018-05-16 11:32:00,53,r/natureismetal,85,2018-05-16 17:02:00,0,0,1,0
8ju62s,2018-05-16 11:32:00,53,r/natureismetal,86,2018-05-16 17:03:21,0,0,1,0
8ju62s,2018-05-16 11:32:00,53,r/natureismetal,87,2018-05-16 17:05:15,0,0,1,0
8ju62s,2018-05-16 11:32:00,53,r/natureismetal,88,2018-05-16 17:05:46,0,0,1,0
8ju62s,2018-05-16 11:32:00,53,r/natureismetal,89,2018-05-16 17:06:18,0,0,1,0
8ju62s,2018-05-16 11:32:00,53,r/natureismetal,90,2018-05-16 17:10:36,0,0,1,0
8ju62s,2018-05-16 11:32:00,53,r/natureismetal,91,2018-05-16 17:12:48,0,0,1,0
8ju62s,2018-05-16 11:32:00,53,r/natureismetal,92,2018-05-16 17:14:11,0,0,1,0
8ju62s,2018-05-16 11:32:00,53,r/natureismetal,93,2018-05-16 17:14:34,0,0,1,0
8ju62s,2018-05-16 11:32:00,53,r/natureismetal,94,2018-05-16 17:17:27,0,0,1,0
8ju62s,2018-05-16 11:32:00,53,r/natureismetal,95,2018-05-16 17:19:36,0,0,1,0
8ju62s,2018-05-16 11:32:00,53,r/natureismetal,96,2018-05-16 17:24:35,0,0,1,0
8ju62s,2018-05-16 11:32:00,53,r/natureismetal,97,2018-05-16 17:26:43,0,0,1,0
8ju62s,2018-05-16 11:32:00,53,r/natureismetal,98,2018-05-16 17:33:16,0,0,1,0
8ju62s,2018-05-16 11:32:00,53,r/natureismetal,99,2018-05-16 17:34:17,0,0,1,0
8ju62s,2018-05-16 11:32:00,53,r/natureismetal,100,2018-05-16 17:34:59,0,0,1,0
8ju62s,2018-05-16 11:32:00,53,r/natureismetal,101,2018-05-16 17:34:59,0,0,1,0
8ju62s,2018-05-16 11:32:00,53,r/natureismetal,102,2018-05-16 17:38:55,0,0,1,0
8ju62s,2018-05-16 11:32:00,53,r/natureismetal,103,2018-05-16 17:40:00,0,0,1,0
8ju62s,2018-05-16 11:32:00,53,r/natureismetal,104,2018-05-16 17:42:33,0,0,1,0
8ju62s,2018-05-16 11:32:00,53,r/natureismetal,105,2018-05-16 17:43:00,0,0,1,0
8ju62s,2018-05-16 11:32:00,53,r/natureismetal,106,2018-05-16 17:43:43,0,0,1,0
8ju62s,2018-05-16 11:32:00,53,r/natureismetal,107,2018-05-16 17:49:15,0,0,1,0
8ju62s,2018-05-16 11:32:00,53,r/natureismetal,108,2018-05-16 17:51:07,0,0,1,0
8ju62s,2018-05-16 11:32:00,53,r/natureismetal,109,2018-05-16 17:51:47,0,0,1,0
8ju62s,2018-05-16 11:32:00,53,r/natureismetal,110,2018-05-16 17:54:59,0,0,1,0
8ju62s,2018-05-16 11:32:00,53,r/natureismetal,111,2018-05-16 17:56:09,0,0,1,0
8ju62s,2018-05-16 11:32:00,53,r/natureismetal,112,2018-05-16 17:57:01,0,0,1,0
8ju62s,2018-05-16 11:32:00,53,r/natureismetal,113,2018-05-16 17:57:25,0,0,1,0
8ju62s,2018-05-16 11:32:00,53,r/natureismetal,114,2018-05-16 17:57:45,0,0,1,0
8ju62s,2018-05-16 11:32:00,53,r/natureismetal,115,2018-05-16 17:59:09,0,0,1,0
8ju62s,2018-05-16 11:32:00,53,r/natureismetal,116,2018-05-16 18:01:11,0,0,1,0
8ju62s,2018-05-16 11:32:00,53,r/natureismetal,117,2018-05-16 18:03:09,0,0,1,0
8ju62s,2018-05-16 11:32:00,53,r/natureismetal,118,2018-05-16 18:09:49,0,1,1,0
8ju62s,2018-05-16 11:32:00,53,r/natureismetal,118,2018-05-16 18:12:30,1,1,1,0
8ju62s,2018-05-16 11:32:00,53,r/natureismetal,118,2018-05-16 18:19:57,2,0,1,0
8ju62s,2018-05-16 11:32:00,53,r/natureismetal,119,2018-05-16 18:10:53,0,0,1,0
8ju62s,2018-05-16 11:32:00,53,r/natureismetal,120,2018-05-16 18:13:56,0,0,1,0
8ju62s,2018-05-16 11:32:00,53,r/natureismetal,121,2018-05-16 18:16:56,0,0,1,0
8ju62s,2018-05-16 11:32:00,53,r/natureismetal,122,2018-05-16 18:17:46,0,0,1,0
8ju62s,2018-05-16 11:32:00,53,r/natureismetal,123,2018-05-16 18:21:45,0,0,1,0
8ju62s,2018-05-16 11:32:00,53,r/natureismetal,124,2018-05-16 18:25:17,0,0,1,0
8ju62s,2018-05-16 11:32:00,53,r/natureismetal,125,2018-05-16 12:47:11,0,0,2,0
8ju62s,2018-05-16 11:32:00,53,r/natureismetal,126,2018-05-16 14:30:22,0,0,1,0
8ju62s,2018-05-16 11:32:00,53,r/natureismetal,127,2018-05-16 14:37:29,0,0,1,0
8ju62s,2018-05-16 11:32:00,53,r/natureismetal,128,2018-05-16 14:40:42,0,0,1,0
8ju62s,2018-05-16 11:32:00,53,r/natureismetal,129,2018-05-16 14:34:12,0,0,1,0
8ju62s,2018-05-16 11:32:00,53,r/natureismetal,130,2018-05-16 14:49:15,0,0,1,0
8ju62s,2018-05-16 11:32:00,53,r/natureismetal,131,2018-05-16 15:05:12,0,0,1,0
8ju62s,2018-05-16 11:32:00,53,r/natureismetal,132,2018-05-16 15:05:27,0,0,0,0
8ju62s,2018-05-16 11:32:00,53,r/natureismetal,133,2018-05-16 14:04:50,0,0,0,0
8ju62s,2018-05-16 11:32:00,53,r/natureismetal,134,2018-05-16 14:05:49,0,0,0,0
8ju62s,2018-05-16 11:32:00,53,r/natureismetal,135,2018-05-16 14:17:38,0,0,0,0
8ju62s,2018-05-16 11:32:00,53,r/natureismetal,136,2018-05-16 14:18:36,0,0,0,0
8ju62s,2018-05-16 11:32:00,53,r/natureismetal,137,2018-05-16 14:27:29,0,0,0,0
8ju62s,2018-05-16 11:32:00,53,r/natureismetal,138,2018-05-16 14:33:11,0,0,0,0
8ju62s,2018-05-16 11:32:00,53,r/natureismetal,139,2018-05-16 14:44:34,0,0,0,0
8ju62s,2018-05-16 11:32:00,53,r/natureismetal,140,2018-05-16 14:47:10,0,0,0,0
8ju62s,2018-05-16 11:32:00,53,r/natureismetal,141,2018-05-16 15:14:03,0,0,0,0
8ju62s,2018-05-16 11:32:00,53,r/natureismetal,142,2018-05-16 15:28:31,0,0,0,0
8ju62s,2018-05-16 11:32:00,53,r/natureismetal,143,2018-05-16 14:40:14,0,0,-1,0
8ju62s,2018-05-16 11:32:00,53,r/natureismetal,144,2018-05-16 13:46:56,0,5,-14,0
8ju62s,2018-05-16 11:32:00,53,r/natureismetal,144,2018-05-16 13:54:53,1,0,8,0
8ju62s,2018-05-16 11:32:00,53,r/natureismetal,144,2018-05-16 14:15:16,1,0,2,0
8ju62s,2018-05-16 11:32:00,53,r/natureismetal,144,2018-05-16 15:00:14,1,0,2,0
8ju62s,2018-05-16 11:32:00,53,r/natureismetal,144,2018-05-16 14:02:57,1,1,1,0
8ju62s,2018-05-16 11:32:00,53,r/natureismetal,144,2018-05-16 14:15:07,2,1,2,0
8ju62s,2018-05-16 11:32:00,53,r/natureismetal,144,2018-05-16 14:34:45,3,1,6,0
8ju62s,2018-05-16 11:32:00,53,r/natureismetal,144,2018-05-16 15:24:29,4,0,2,0
8ju62s,2018-05-16 11:32:00,53,r/natureismetal,144,2018-05-16 13:54:06,1,2,-9,0
8ju62s,2018-05-16 11:32:00,53,r/natureismetal,144,2018-05-16 14:25:47,2,1,2,0
8ju62s,2018-05-16 11:32:00,53,r/natureismetal,144,2018-05-16 14:49:06,3,0,2,0
8ju62s,2018-05-16 11:32:00,53,r/natureismetal,144,2018-05-16 14:09:32,2,0,4,0
8ju62s,2018-05-16 11:32:00,53,r/natureismetal,145,2018-05-16 14:30:30,0,0,-1,0
8ju62s,2018-05-16 11:32:00,53,r/natureismetal,146,2018-05-16 15:17:30,0,0,-1,0
8ju62s,2018-05-16 11:32:00,53,r/natureismetal,147,2018-05-16 15:22:48,0,0,-1,0
8ju62s,2018-05-16 11:32:00,53,r/natureismetal,148,2018-05-16 14:51:45,0,0,0,0
8ju62s,2018-05-16 11:32:00,53,r/natureismetal,149,2018-05-16 16:37:43,0,1,0,0
8ju62s,2018-05-16 11:32:00,53,r/natureismetal,149,2018-05-16 17:33:08,1,0,0,0
8ju62s,2018-05-16 11:32:00,53,r/natureismetal,150,2018-05-16 15:35:06,0,0,-3,0
8ju62s,2018-05-16 11:32:00,53,r/natureismetal,151,2018-05-16 15:42:29,0,0,-2,0
8ju62s,2018-05-16 11:32:00,53,r/natureismetal,152,2018-05-16 15:00:19,0,0,-3,0
8ju62s,2018-05-16 11:32:00,53,r/natureismetal,153,2018-05-16 15:04:00,0,0,-1,0
8ju62s,2018-05-16 11:32:00,53,r/natureismetal,154,2018-05-16 15:36:18,0,0,-1,0
8ju62s,2018-05-16 11:32:00,53,r/natureismetal,155,2018-05-16 15:55:18,0,1,-1,0
8ju62s,2018-05-16 11:32:00,53,r/natureismetal,155,2018-05-16 18:16:08,1,0,1,0
8ju62s,2018-05-16 11:32:00,53,r/natureismetal,156,2018-05-16 16:23:55,0,0,-1,0
8ju62s,2018-05-16 11:32:00,53,r/natureismetal,157,2018-05-16 14:30:37,0,0,-2,0
8ju62s,2018-05-16 11:32:00,53,r/natureismetal,158,2018-05-16 15:07:10,0,0,-2,0
8ju62s,2018-05-16 11:32:00,53,r/natureismetal,159,2018-05-16 16:42:42,0,0,-7,0
8jtr3p,2018-05-16 10:08:06,54,r/space,0,2018-05-16 13:45:58,0,1,1,0
8jtr3p,2018-05-16 10:08:06,54,r/space,1,2018-05-16 11:49:25,0,9,794,0
8jtr3p,2018-05-16 10:08:06,54,r/space,1,2018-05-16 14:08:34,1,4,232,0
8jtr3p,2018-05-16 10:08:06,54,r/space,1,2018-05-16 15:16:39,2,3,1,0
8jtr3p,2018-05-16 10:08:06,54,r/space,1,2018-05-16 15:27:25,3,0,1,0
8jtr3p,2018-05-16 10:08:06,54,r/space,1,2018-05-16 15:55:14,3,0,1,0
8jtr3p,2018-05-16 10:08:06,54,r/space,1,2018-05-16 16:40:17,3,0,1,0
8jtr3p,2018-05-16 10:08:06,54,r/space,1,2018-05-16 15:26:45,2,0,1,0
8jtr3p,2018-05-16 10:08:06,54,r/space,1,2018-05-16 16:37:24,2,0,1,0
8jtr3p,2018-05-16 10:08:06,54,r/space,1,2018-05-16 14:21:50,2,2,-4,0
8jtr3p,2018-05-16 10:08:06,54,r/space,1,2018-05-16 14:29:03,3,0,9,0
8jtr3p,2018-05-16 10:08:06,54,r/space,1,2018-05-16 15:23:07,3,1,1,0
8jtr3p,2018-05-16 10:08:06,54,r/space,1,2018-05-16 15:34:22,4,0,1,0
8jtr3p,2018-05-16 10:08:06,54,r/space,1,2018-05-16 12:40:49,1,1,59,0
8jtr3p,2018-05-16 10:08:06,54,r/space,1,2018-05-16 14:20:05,2,0,26,0
8jtr3p,2018-05-16 10:08:06,54,r/space,1,2018-05-16 15:06:26,1,3,1,0
8jtr3p,2018-05-16 10:08:06,54,r/space,1,2018-05-16 15:40:54,2,5,1,0
8jtr3p,2018-05-16 10:08:06,54,r/space,1,2018-05-16 16:41:43,3,1,1,0
8jtr3p,2018-05-16 10:08:06,54,r/space,1,2018-05-16 17:31:36,4,0,1,0
8jtr3p,2018-05-16 10:08:06,54,r/space,1,2018-05-16 16:59:49,3,0,1,0
8jtr3p,2018-05-16 10:08:06,54,r/space,1,2018-05-16 16:23:59,3,0,1,0
8jtr3p,2018-05-16 10:08:06,54,r/space,1,2018-05-16 16:24:47,3,0,1,0
8jtr3p,2018-05-16 10:08:06,54,r/space,1,2018-05-16 16:30:35,3,0,1,0
8jtr3p,2018-05-16 10:08:06,54,r/space,1,2018-05-16 15:51:17,2,0,1,0
8jtr3p,2018-05-16 10:08:06,54,r/space,1,2018-05-16 15:39:27,2,2,1,0
8jtr3p,2018-05-16 10:08:06,54,r/space,1,2018-05-16 16:01:13,3,1,1,0
8jtr3p,2018-05-16 10:08:06,54,r/space,1,2018-05-16 16:39:47,4,1,1,0
8jtr3p,2018-05-16 10:08:06,54,r/space,1,2018-05-16 17:47:55,5,0,1,0
8jtr3p,2018-05-16 10:08:06,54,r/space,1,2018-05-16 16:01:42,3,2,1,0
8jtr3p,2018-05-16 10:08:06,54,r/space,1,2018-05-16 16:05:09,4,0,1,0
8jtr3p,2018-05-16 10:08:06,54,r/space,1,2018-05-16 16:05:35,4,0,1,0
8jtr3p,2018-05-16 10:08:06,54,r/space,1,2018-05-16 13:49:15,1,5,49,0
8jtr3p,2018-05-16 10:08:06,54,r/space,1,2018-05-16 14:27:54,2,2,9,0
8jtr3p,2018-05-16 10:08:06,54,r/space,1,2018-05-16 15:38:35,3,0,1,0
8jtr3p,2018-05-16 10:08:06,54,r/space,1,2018-05-16 14:30:31,3,1,1,0
8jtr3p,2018-05-16 10:08:06,54,r/space,1,2018-05-16 14:33:21,4,0,1,0
8jtr3p,2018-05-16 10:08:06,54,r/space,1,2018-05-16 15:02:24,2,0,1,0
8jtr3p,2018-05-16 10:08:06,54,r/space,1,2018-05-16 13:58:00,2,0,1,0
8jtr3p,2018-05-16 10:08:06,54,r/space,1,2018-05-16 15:28:53,2,0,1,0
8jtr3p,2018-05-16 10:08:06,54,r/space,1,2018-05-16 14:45:26,2,0,1,0
8jtr3p,2018-05-16 10:08:06,54,r/space,1,2018-05-16 13:41:42,1,1,15,0
8jtr3p,2018-05-16 10:08:06,54,r/space,1,2018-05-16 13:56:42,2,0,25,0
8jtr3p,2018-05-16 10:08:06,54,r/space,1,2018-05-16 14:24:46,1,1,5,0
8jtr3p,2018-05-16 10:08:06,54,r/space,1,2018-05-16 16:02:37,2,0,1,0
8jtr3p,2018-05-16 10:08:06,54,r/space,1,2018-05-16 15:52:21,1,0,1,0
8jtr3p,2018-05-16 10:08:06,54,r/space,1,2018-05-16 18:13:24,1,0,1,0
8jtr3p,2018-05-16 10:08:06,54,r/space,1,2018-05-16 18:22:35,1,0,1,0
8jtr3p,2018-05-16 10:08:06,54,r/space,2,2018-05-16 12:48:44,0,3,133,0
8jtr3p,2018-05-16 10:08:06,54,r/space,2,2018-05-16 13:48:54,1,1,74,0
8jtr3p,2018-05-16 10:08:06,54,r/space,2,2018-05-16 15:29:32,2,1,1,0
8jtr3p,2018-05-16 10:08:06,54,r/space,2,2018-05-16 16:16:57,3,0,1,0
8jtr3p,2018-05-16 10:08:06,54,r/space,2,2018-05-16 13:15:42,1,1,26,0
8jtr3p,2018-05-16 10:08:06,54,r/space,2,2018-05-16 14:12:43,2,1,1,0
8jtr3p,2018-05-16 10:08:06,54,r/space,2,2018-05-16 14:21:36,3,1,3,0
8jtr3p,2018-05-16 10:08:06,54,r/space,2,2018-05-16 14:33:22,4,1,1,0
8jtr3p,2018-05-16 10:08:06,54,r/space,2,2018-05-16 16:09:05,5,2,1,0
8jtr3p,2018-05-16 10:08:06,54,r/space,2,2018-05-16 16:11:01,6,0,1,0
8jtr3p,2018-05-16 10:08:06,54,r/space,2,2018-05-16 16:10:56,6,1,1,0
8jtr3p,2018-05-16 10:08:06,54,r/space,2,2018-05-16 16:29:06,7,0,1,0
8jtr3p,2018-05-16 10:08:06,54,r/space,2,2018-05-16 16:29:06,1,0,1,0
8jtr3p,2018-05-16 10:08:06,54,r/space,3,2018-05-16 11:38:47,0,8,1165,0
8jtr3p,2018-05-16 10:08:06,54,r/space,3,2018-05-16 11:46:48,1,11,921,0
8jtr3p,2018-05-16 10:08:06,54,r/space,3,2018-05-16 11:58:27,2,6,266,0
8jtr3p,2018-05-16 10:08:06,54,r/space,3,2018-05-16 12:48:13,3,2,70,0
8jtr3p,2018-05-16 10:08:06,54,r/space,3,2018-05-16 13:56:52,4,1,41,0
8jtr3p,2018-05-16 10:08:06,54,r/space,3,2018-05-16 14:00:54,5,0,1,0
8jtr3p,2018-05-16 10:08:06,54,r/space,3,2018-05-16 16:14:59,4,0,1,0
8jtr3p,2018-05-16 10:08:06,54,r/space,3,2018-05-16 13:17:46,3,12,15,0
8jtr3p,2018-05-16 10:08:06,54,r/space,3,2018-05-16 13:22:22,4,1,44,0
8jtr3p,2018-05-16 10:08:06,54,r/space,3,2018-05-16 13:23:05,5,5,9,0
8jtr3p,2018-05-16 10:08:06,54,r/space,3,2018-05-16 13:38:36,6,4,30,0
8jtr3p,2018-05-16 10:08:06,54,r/space,3,2018-05-16 15:08:31,7,1,1,0
8jtr3p,2018-05-16 10:08:06,54,r/space,3,2018-05-16 15:31:54,8,1,1,0
8jtr3p,2018-05-16 10:08:06,54,r/space,3,2018-05-16 16:16:34,9,0,1,0
8jtr3p,2018-05-16 10:08:06,54,r/space,3,2018-05-16 16:18:08,7,1,1,0
8jtr3p,2018-05-16 10:08:06,54,r/space,3,2018-05-16 17:05:56,8,0,1,0
8jtr3p,2018-05-16 10:08:06,54,r/space,3,2018-05-16 16:44:15,7,0,1,0
8jtr3p,2018-05-16 10:08:06,54,r/space,3,2018-05-16 14:41:00,7,0,1,0
8jtr3p,2018-05-16 10:08:06,54,r/space,3,2018-05-16 13:35:33,6,0,9,0
8jtr3p,2018-05-16 10:08:06,54,r/space,3,2018-05-16 13:47:04,6,2,7,0
8jtr3p,2018-05-16 10:08:06,54,r/space,3,2018-05-16 14:58:43,7,1,1,0
8jtr3p,2018-05-16 10:08:06,54,r/space,3,2018-05-16 16:54:13,8,0,1,0
8jtr3p,2018-05-16 10:08:06,54,r/space,3,2018-05-16 15:22:33,7,1,1,0
8jtr3p,2018-05-16 10:08:06,54,r/space,3,2018-05-16 15:35:28,8,0,1,0
8jtr3p,2018-05-16 10:08:06,54,r/space,3,2018-05-16 15:21:47,6,0,1,0
8jtr3p,2018-05-16 10:08:06,54,r/space,3,2018-05-16 15:03:11,6,0,1,0
8jtr3p,2018-05-16 10:08:06,54,r/space,3,2018-05-16 13:30:23,4,0,6,0
8jtr3p,2018-05-16 10:08:06,54,r/space,3,2018-05-16 13:47:05,4,0,6,0
8jtr3p,2018-05-16 10:08:06,54,r/space,3,2018-05-16 15:10:38,4,0,1,0
8jtr3p,2018-05-16 10:08:06,54,r/space,3,2018-05-16 13:41:26,4,0,3,0
8jtr3p,2018-05-16 10:08:06,54,r/space,3,2018-05-16 13:44:59,4,0,3,0
8jtr3p,2018-05-16 10:08:06,54,r/space,3,2018-05-16 14:00:33,4,0,2,0
8jtr3p,2018-05-16 10:08:06,54,r/space,3,2018-05-16 14:24:12,4,0,2,0
8jtr3p,2018-05-16 10:08:06,54,r/space,3,2018-05-16 15:12:38,4,0,1,0
8jtr3p,2018-05-16 10:08:06,54,r/space,3,2018-05-16 16:20:03,4,0,1,0
8jtr3p,2018-05-16 10:08:06,54,r/space,3,2018-05-16 17:59:14,4,0,1,0
8jtr3p,2018-05-16 10:08:06,54,r/space,3,2018-05-16 13:31:59,4,4,0,0
8jtr3p,2018-05-16 10:08:06,54,r/space,3,2018-05-16 13:50:49,5,0,6,0
8jtr3p,2018-05-16 10:08:06,54,r/space,3,2018-05-16 13:50:57,5,2,3,0
8jtr3p,2018-05-16 10:08:06,54,r/space,3,2018-05-16 15:40:36,6,1,1,0
8jtr3p,2018-05-16 10:08:06,54,r/space,3,2018-05-16 15:40:45,7,0,1,0
8jtr3p,2018-05-16 10:08:06,54,r/space,3,2018-05-16 14:11:12,6,1,0,0
8jtr3p,2018-05-16 10:08:06,54,r/space,3,2018-05-16 14:28:08,7,1,1,0
8jtr3p,2018-05-16 10:08:06,54,r/space,3,2018-05-16 14:40:24,8,0,1,0
8jtr3p,2018-05-16 10:08:06,54,r/space,3,2018-05-16 14:00:03,5,0,2,0
8jtr3p,2018-05-16 10:08:06,54,r/space,3,2018-05-16 14:10:07,5,0,1,0
8jtr3p,2018-05-16 10:08:06,54,r/space,3,2018-05-16 14:29:01,3,0,2,0
8jtr3p,2018-05-16 10:08:06,54,r/space,3,2018-05-16 13:51:35,3,0,3,0
8jtr3p,2018-05-16 10:08:06,54,r/space,3,2018-05-16 13:27:36,3,1,2,0
8jtr3p,2018-05-16 10:08:06,54,r/space,3,2018-05-16 13:34:00,4,3,4,0
8jtr3p,2018-05-16 10:08:06,54,r/space,3,2018-05-16 13:40:11,5,1,4,0
8jtr3p,2018-05-16 10:08:06,54,r/space,3,2018-05-16 13:43:29,6,0,3,0
8jtr3p,2018-05-16 10:08:06,54,r/space,3,2018-05-16 13:39:19,5,1,3,0
8jtr3p,2018-05-16 10:08:06,54,r/space,3,2018-05-16 13:41:39,6,0,2,0
8jtr3p,2018-05-16 10:08:06,54,r/space,3,2018-05-16 14:09:31,5,0,3,0
8jtr3p,2018-05-16 10:08:06,54,r/space,3,2018-05-16 14:15:25,3,0,1,0
8jtr3p,2018-05-16 10:08:06,54,r/space,3,2018-05-16 13:12:22,2,1,31,0
8jtr3p,2018-05-16 10:08:06,54,r/space,3,2018-05-16 16:30:58,3,0,1,0
8jtr3p,2018-05-16 10:08:06,54,r/space,3,2018-05-16 12:52:58,2,1,49,0
8jtr3p,2018-05-16 10:08:06,54,r/space,3,2018-05-16 12:56:04,3,3,33,0
8jtr3p,2018-05-16 10:08:06,54,r/space,3,2018-05-16 13:08:08,4,3,8,0
8jtr3p,2018-05-16 10:08:06,54,r/space,3,2018-05-16 13:10:21,5,1,16,0
8jtr3p,2018-05-16 10:08:06,54,r/space,3,2018-05-16 13:16:12,6,4,5,0
8jtr3p,2018-05-16 10:08:06,54,r/space,3,2018-05-16 13:20:13,7,1,12,0
8jtr3p,2018-05-16 10:08:06,54,r/space,3,2018-05-16 14:22:47,8,2,20,0
8jtr3p,2018-05-16 10:08:06,54,r/space,3,2018-05-16 15:34:56,9,1,1,0
8jtr3p,2018-05-16 10:08:06,54,r/space,3,2018-05-16 15:22:54,9,1,1,0
8jtr3p,2018-05-16 10:08:06,54,r/space,3,2018-05-16 13:22:30,7,0,9,0
8jtr3p,2018-05-16 10:08:06,54,r/space,3,2018-05-16 13:21:57,7,1,1,0
8jtr3p,2018-05-16 10:08:06,54,r/space,3,2018-05-16 13:39:52,8,2,3,0
8jtr3p,2018-05-16 10:08:06,54,r/space,3,2018-05-16 15:22:13,9,0,1,0
8jtr3p,2018-05-16 10:08:06,54,r/space,3,2018-05-16 13:17:34,7,0,0,0
8jtr3p,2018-05-16 10:08:06,54,r/space,3,2018-05-16 13:19:43,5,0,5,0
8jtr3p,2018-05-16 10:08:06,54,r/space,3,2018-05-16 13:23:08,5,1,4,0
8jtr3p,2018-05-16 10:08:06,54,r/space,3,2018-05-16 14:11:00,6,0,3,0
8jtr3p,2018-05-16 10:08:06,54,r/space,3,2018-05-16 14:06:47,4,0,5,0
8jtr3p,2018-05-16 10:08:06,54,r/space,3,2018-05-16 13:28:51,4,2,3,0
8jtr3p,2018-05-16 10:08:06,54,r/space,3,2018-05-16 14:22:28,5,1,8,0
8jtr3p,2018-05-16 10:08:06,54,r/space,3,2018-05-16 15:53:10,6,1,1,0
8jtr3p,2018-05-16 10:08:06,54,r/space,3,2018-05-16 16:26:47,7,0,1,0
8jtr3p,2018-05-16 10:08:06,54,r/space,3,2018-05-16 13:57:09,5,1,5,0
8jtr3p,2018-05-16 10:08:06,54,r/space,3,2018-05-16 14:07:58,6,1,6,0
8jtr3p,2018-05-16 10:08:06,54,r/space,3,2018-05-16 15:51:16,7,0,1,0
8jtr3p,2018-05-16 10:08:06,54,r/space,3,2018-05-16 13:09:27,2,1,9,0
8jtr3p,2018-05-16 10:08:06,54,r/space,3,2018-05-16 14:18:39,3,0,7,0
8jtr3p,2018-05-16 10:08:06,54,r/space,3,2018-05-16 12:46:54,2,4,66,0
8jtr3p,2018-05-16 10:08:06,54,r/space,3,2018-05-16 13:28:52,3,2,59,0
8jtr3p,2018-05-16 10:08:06,54,r/space,3,2018-05-16 13:42:42,4,2,21,0
8jtr3p,2018-05-16 10:08:06,54,r/space,3,2018-05-16 14:17:20,5,0,2,0
8jtr3p,2018-05-16 10:08:06,54,r/space,3,2018-05-16 17:19:32,5,0,1,0
8jtr3p,2018-05-16 10:08:06,54,r/space,3,2018-05-16 15:09:34,4,1,1,0
8jtr3p,2018-05-16 10:08:06,54,r/space,3,2018-05-16 16:16:52,5,0,1,0
8jtr3p,2018-05-16 10:08:06,54,r/space,3,2018-05-16 12:59:57,3,2,26,0
8jtr3p,2018-05-16 10:08:06,54,r/space,3,2018-05-16 13:03:24,4,1,26,0
8jtr3p,2018-05-16 10:08:06,54,r/space,3,2018-05-16 13:10:34,5,1,12,0
8jtr3p,2018-05-16 10:08:06,54,r/space,3,2018-05-16 16:06:20,6,0,1,0
8jtr3p,2018-05-16 10:08:06,54,r/space,3,2018-05-16 13:52:33,4,0,13,0
8jtr3p,2018-05-16 10:08:06,54,r/space,3,2018-05-16 14:11:25,3,2,3,0
8jtr3p,2018-05-16 10:08:06,54,r/space,3,2018-05-16 14:37:00,4,3,1,0
8jtr3p,2018-05-16 10:08:06,54,r/space,3,2018-05-16 15:03:10,5,0,1,0
8jtr3p,2018-05-16 10:08:06,54,r/space,3,2018-05-16 15:45:03,5,0,1,0
8jtr3p,2018-05-16 10:08:06,54,r/space,3,2018-05-16 18:00:12,5,0,1,0
8jtr3p,2018-05-16 10:08:06,54,r/space,3,2018-05-16 14:34:01,4,0,1,0
8jtr3p,2018-05-16 10:08:06,54,r/space,3,2018-05-16 14:44:44,3,1,1,0
8jtr3p,2018-05-16 10:08:06,54,r/space,3,2018-05-16 15:42:06,4,1,1,0
8jtr3p,2018-05-16 10:08:06,54,r/space,3,2018-05-16 14:16:54,2,0,4,0
8jtr3p,2018-05-16 10:08:06,54,r/space,3,2018-05-16 14:10:29,2,0,2,0
8jtr3p,2018-05-16 10:08:06,54,r/space,3,2018-05-16 14:27:49,2,0,2,0
8jtr3p,2018-05-16 10:08:06,54,r/space,3,2018-05-16 14:40:49,2,0,1,0
8jtr3p,2018-05-16 10:08:06,54,r/space,3,2018-05-16 15:34:26,2,0,1,0
8jtr3p,2018-05-16 10:08:06,54,r/space,3,2018-05-16 12:45:53,1,1,40,0
8jtr3p,2018-05-16 10:08:06,54,r/space,3,2018-05-16 14:01:32,2,1,32,0
8jtr3p,2018-05-16 10:08:06,54,r/space,3,2018-05-16 15:00:50,3,0,1,0
8jtr3p,2018-05-16 10:08:06,54,r/space,3,2018-05-16 11:47:11,1,3,19,0
8jtr3p,2018-05-16 10:08:06,54,r/space,3,2018-05-16 11:49:19,2,4,23,0
8jtr3p,2018-05-16 10:08:06,54,r/space,3,2018-05-16 11:54:12,3,2,15,0
8jtr3p,2018-05-16 10:08:06,54,r/space,3,2018-05-16 11:58:08,4,2,8,0
8jtr3p,2018-05-16 10:08:06,54,r/space,3,2018-05-16 13:32:54,5,0,2,0
8jtr3p,2018-05-16 10:08:06,54,r/space,3,2018-05-16 17:05:16,5,0,1,0
8jtr3p,2018-05-16 10:08:06,54,r/space,3,2018-05-16 12:18:58,4,1,5,0
8jtr3p,2018-05-16 10:08:06,54,r/space,3,2018-05-16 12:21:25,5,0,1,0
8jtr3p,2018-05-16 10:08:06,54,r/space,3,2018-05-16 12:52:55,3,1,3,0
8jtr3p,2018-05-16 10:08:06,54,r/space,3,2018-05-16 13:03:48,4,0,3,0
8jtr3p,2018-05-16 10:08:06,54,r/space,3,2018-05-16 13:09:53,3,0,1,0
8jtr3p,2018-05-16 10:08:06,54,r/space,3,2018-05-16 13:31:32,3,1,1,0
8jtr3p,2018-05-16 10:08:06,54,r/space,3,2018-05-16 13:45:02,4,2,4,0
8jtr3p,2018-05-16 10:08:06,54,r/space,3,2018-05-16 14:20:45,5,0,1,0
8jtr3p,2018-05-16 10:08:06,54,r/space,3,2018-05-16 16:06:25,5,1,1,0
8jtr3p,2018-05-16 10:08:06,54,r/space,3,2018-05-16 16:41:20,6,0,1,0
8jtr3p,2018-05-16 10:08:06,54,r/space,3,2018-05-16 11:54:13,2,0,3,0
8jtr3p,2018-05-16 10:08:06,54,r/space,3,2018-05-16 13:36:08,2,0,2,0
8jtr3p,2018-05-16 10:08:06,54,r/space,3,2018-05-16 13:04:44,1,0,4,0
8jtr3p,2018-05-16 10:08:06,54,r/space,3,2018-05-16 17:23:17,1,0,1,0
8jtr3p,2018-05-16 10:08:06,54,r/space,3,2018-05-16 13:24:11,1,0,1,0
8jtr3p,2018-05-16 10:08:06,54,r/space,3,2018-05-16 13:04:54,1,3,-29,0
8jtr3p,2018-05-16 10:08:06,54,r/space,3,2018-05-16 13:25:50,2,1,9,0
8jtr3p,2018-05-16 10:08:06,54,r/space,3,2018-05-16 13:17:16,2,1,6,0
8jtr3p,2018-05-16 10:08:06,54,r/space,4,2018-05-16 12:04:48,0,2,144,0
8jtr3p,2018-05-16 10:08:06,54,r/space,4,2018-05-16 12:29:32,1,6,59,0
8jtr3p,2018-05-16 10:08:06,54,r/space,4,2018-05-16 12:42:21,2,2,49,0
8jtr3p,2018-05-16 10:08:06,54,r/space,4,2018-05-16 13:54:33,3,2,9,0
8jtr3p,2018-05-16 10:08:06,54,r/space,4,2018-05-16 14:15:50,4,1,19,0
8jtr3p,2018-05-16 10:08:06,54,r/space,4,2018-05-16 15:18:37,5,2,1,0
8jtr3p,2018-05-16 10:08:06,54,r/space,4,2018-05-16 15:29:06,6,0,1,0
8jtr3p,2018-05-16 10:08:06,54,r/space,4,2018-05-16 15:25:42,6,0,1,0
8jtr3p,2018-05-16 10:08:06,54,r/space,4,2018-05-16 15:16:30,4,2,1,0
8jtr3p,2018-05-16 10:08:06,54,r/space,4,2018-05-16 15:32:57,5,0,1,0
8jtr3p,2018-05-16 10:08:06,54,r/space,4,2018-05-16 15:36:02,5,1,1,0
8jtr3p,2018-05-16 10:08:06,54,r/space,4,2018-05-16 16:18:57,6,0,1,0
8jtr3p,2018-05-16 10:08:06,54,r/space,4,2018-05-16 14:20:01,3,2,7,0
8jtr3p,2018-05-16 10:08:06,54,r/space,4,2018-05-16 15:16:38,4,1,1,0
8jtr3p,2018-05-16 10:08:06,54,r/space,4,2018-05-16 17:24:17,5,0,1,0
8jtr3p,2018-05-16 10:08:06,54,r/space,4,2018-05-16 16:48:26,4,1,1,0
8jtr3p,2018-05-16 10:08:06,54,r/space,4,2018-05-16 17:37:51,5,0,1,0
8jtr3p,2018-05-16 10:08:06,54,r/space,4,2018-05-16 13:46:30,2,1,9,0
8jtr3p,2018-05-16 10:08:06,54,r/space,4,2018-05-16 14:14:43,3,1,3,0
8jtr3p,2018-05-16 10:08:06,54,r/space,4,2018-05-16 14:20:10,4,1,6,0
8jtr3p,2018-05-16 10:08:06,54,r/space,4,2018-05-16 14:23:20,5,2,2,0
8jtr3p,2018-05-16 10:08:06,54,r/space,4,2018-05-16 14:27:35,6,1,5,0
8jtr3p,2018-05-16 10:08:06,54,r/space,4,2018-05-16 14:31:43,7,2,1,0
8jtr3p,2018-05-16 10:08:06,54,r/space,4,2018-05-16 14:36:04,8,0,1,0
8jtr3p,2018-05-16 10:08:06,54,r/space,4,2018-05-16 14:59:21,8,0,1,0
8jtr3p,2018-05-16 10:08:06,54,r/space,4,2018-05-16 16:05:34,6,1,1,0
8jtr3p,2018-05-16 10:08:06,54,r/space,4,2018-05-16 17:25:25,7,0,1,0
8jtr3p,2018-05-16 10:08:06,54,r/space,4,2018-05-16 12:51:14,2,4,16,0
8jtr3p,2018-05-16 10:08:06,54,r/space,4,2018-05-16 13:08:27,3,3,39,0
8jtr3p,2018-05-16 10:08:06,54,r/space,4,2018-05-16 13:16:39,4,1,14,0
8jtr3p,2018-05-16 10:08:06,54,r/space,4,2018-05-16 13:53:42,5,2,21,0
8jtr3p,2018-05-16 10:08:06,54,r/space,4,2018-05-16 14:17:12,6,1,2,0
8jtr3p,2018-05-16 10:08:06,54,r/space,4,2018-05-16 16:23:14,7,0,1,0
8jtr3p,2018-05-16 10:08:06,54,r/space,4,2018-05-16 15:19:43,6,2,1,0
8jtr3p,2018-05-16 10:08:06,54,r/space,4,2018-05-16 15:37:12,7,0,1,0
8jtr3p,2018-05-16 10:08:06,54,r/space,4,2018-05-16 15:57:17,7,0,1,0
8jtr3p,2018-05-16 10:08:06,54,r/space,4,2018-05-16 13:54:16,4,0,10,0
8jtr3p,2018-05-16 10:08:06,54,r/space,4,2018-05-16 14:31:03,4,0,5,0
8jtr3p,2018-05-16 10:08:06,54,r/space,4,2018-05-16 13:47:54,3,1,12,0
8jtr3p,2018-05-16 10:08:06,54,r/space,4,2018-05-16 15:21:07,4,0,1,0
8jtr3p,2018-05-16 10:08:06,54,r/space,4,2018-05-16 15:18:55,3,0,1,0
8jtr3p,2018-05-16 10:08:06,54,r/space,4,2018-05-16 14:44:30,3,0,1,0
8jtr3p,2018-05-16 10:08:06,54,r/space,4,2018-05-16 13:23:21,2,1,3,0
8jtr3p,2018-05-16 10:08:06,54,r/space,4,2018-05-16 13:48:31,3,0,2,0
8jtr3p,2018-05-16 10:08:06,54,r/space,4,2018-05-16 12:48:47,2,1,1,0
8jtr3p,2018-05-16 10:08:06,54,r/space,4,2018-05-16 12:49:48,3,1,0,0
8jtr3p,2018-05-16 10:08:06,54,r/space,4,2018-05-16 13:01:30,4,0,2,0
8jtr3p,2018-05-16 10:08:06,54,r/space,4,2018-05-16 12:48:54,2,1,1,0
8jtr3p,2018-05-16 10:08:06,54,r/space,4,2018-05-16 13:03:31,3,2,6,0
8jtr3p,2018-05-16 10:08:06,54,r/space,4,2018-05-16 13:48:06,4,0,4,0
8jtr3p,2018-05-16 10:08:06,54,r/space,4,2018-05-16 13:15:19,4,0,0,0
8jtr3p,2018-05-16 10:08:06,54,r/space,4,2018-05-16 16:25:10,1,1,1,0
8jtr3p,2018-05-16 10:08:06,54,r/space,4,2018-05-16 17:36:25,2,0,1,0
8jtr3p,2018-05-16 10:08:06,54,r/space,5,2018-05-16 11:37:31,0,5,461,0
8jtr3p,2018-05-16 10:08:06,54,r/space,5,2018-05-16 11:40:27,1,6,259,0
8jtr3p,2018-05-16 10:08:06,54,r/space,5,2018-05-16 11:50:04,2,3,111,0
8jtr3p,2018-05-16 10:08:06,54,r/space,5,2018-05-16 12:59:50,3,1,76,0
8jtr3p,2018-05-16 10:08:06,54,r/space,5,2018-05-16 13:08:46,4,1,47,0
8jtr3p,2018-05-16 10:08:06,54,r/space,5,2018-05-16 13:22:02,5,0,7,0
8jtr3p,2018-05-16 10:08:06,54,r/space,5,2018-05-16 16:56:27,3,0,1,0
8jtr3p,2018-05-16 10:08:06,54,r/space,5,2018-05-16 17:11:20,3,0,1,0
8jtr3p,2018-05-16 10:08:06,54,r/space,5,2018-05-16 12:52:12,2,0,26,0
8jtr3p,2018-05-16 10:08:06,54,r/space,5,2018-05-16 12:14:08,2,2,11,0
8jtr3p,2018-05-16 10:08:06,54,r/space,5,2018-05-16 16:09:20,3,0,1,0
8jtr3p,2018-05-16 10:08:06,54,r/space,5,2018-05-16 16:21:55,3,0,1,0
8jtr3p,2018-05-16 10:08:06,54,r/space,5,2018-05-16 13:00:40,2,2,5,0
8jtr3p,2018-05-16 10:08:06,54,r/space,5,2018-05-16 13:09:25,3,2,18,0
8jtr3p,2018-05-16 10:08:06,54,r/space,5,2018-05-16 14:03:14,4,1,10,0
8jtr3p,2018-05-16 10:08:06,54,r/space,5,2018-05-16 16:16:11,5,0,1,0
8jtr3p,2018-05-16 10:08:06,54,r/space,5,2018-05-16 14:26:49,4,0,1,0
8jtr3p,2018-05-16 10:08:06,54,r/space,5,2018-05-16 13:02:09,3,1,2,0
8jtr3p,2018-05-16 10:08:06,54,r/space,5,2018-05-16 14:46:48,4,1,1,0
8jtr3p,2018-05-16 10:08:06,54,r/space,5,2018-05-16 15:17:24,5,0,1,0
8jtr3p,2018-05-16 10:08:06,54,r/space,5,2018-05-16 13:23:41,2,0,3,0
8jtr3p,2018-05-16 10:08:06,54,r/space,5,2018-05-16 12:53:17,2,1,4,0
8jtr3p,2018-05-16 10:08:06,54,r/space,5,2018-05-16 13:26:34,3,0,7,0
8jtr3p,2018-05-16 10:08:06,54,r/space,5,2018-05-16 11:45:01,1,1,81,0
8jtr3p,2018-05-16 10:08:06,54,r/space,5,2018-05-16 11:46:30,2,0,17,0
8jtr3p,2018-05-16 10:08:06,54,r/space,5,2018-05-16 11:42:37,1,2,47,0
8jtr3p,2018-05-16 10:08:06,54,r/space,5,2018-05-16 12:13:01,2,4,20,0
8jtr3p,2018-05-16 10:08:06,54,r/space,5,2018-05-16 12:25:48,3,0,48,0
8jtr3p,2018-05-16 10:08:06,54,r/space,5,2018-05-16 13:03:42,3,0,34,0
8jtr3p,2018-05-16 10:08:06,54,r/space,5,2018-05-16 12:56:48,3,0,5,0
8jtr3p,2018-05-16 10:08:06,54,r/space,5,2018-05-16 16:34:08,3,0,1,0
8jtr3p,2018-05-16 10:08:06,54,r/space,5,2018-05-16 12:53:29,2,1,12,0
8jtr3p,2018-05-16 10:08:06,54,r/space,5,2018-05-16 13:33:04,3,0,15,0
8jtr3p,2018-05-16 10:08:06,54,r/space,5,2018-05-16 12:05:39,1,0,8,0
8jtr3p,2018-05-16 10:08:06,54,r/space,6,2018-05-16 13:03:41,0,9,26,0
8jtr3p,2018-05-16 10:08:06,54,r/space,6,2018-05-16 13:17:34,1,2,55,0
8jtr3p,2018-05-16 10:08:06,54,r/space,6,2018-05-16 13:33:33,2,1,38,0
8jtr3p,2018-05-16 10:08:06,54,r/space,6,2018-05-16 14:57:10,3,1,1,0
8jtr3p,2018-05-16 10:08:06,54,r/space,6,2018-05-16 15:46:47,4,1,1,0
8jtr3p,2018-05-16 10:08:06,54,r/space,6,2018-05-16 15:47:03,5,1,1,0
8jtr3p,2018-05-16 10:08:06,54,r/space,6,2018-05-16 15:49:10,6,0,1,0
8jtr3p,2018-05-16 10:08:06,54,r/space,6,2018-05-16 14:01:57,2,2,28,0
8jtr3p,2018-05-16 10:08:06,54,r/space,6,2018-05-16 14:33:48,3,0,1,0
8jtr3p,2018-05-16 10:08:06,54,r/space,6,2018-05-16 15:39:33,3,0,1,0
8jtr3p,2018-05-16 10:08:06,54,r/space,6,2018-05-16 13:29:48,1,1,13,0
8jtr3p,2018-05-16 10:08:06,54,r/space,6,2018-05-16 15:31:50,2,1,1,0
8jtr3p,2018-05-16 10:08:06,54,r/space,6,2018-05-16 16:16:20,3,1,1,0
8jtr3p,2018-05-16 10:08:06,54,r/space,6,2018-05-16 17:27:48,4,1,1,0
8jtr3p,2018-05-16 10:08:06,54,r/space,6,2018-05-16 17:38:40,5,1,1,0
8jtr3p,2018-05-16 10:08:06,54,r/space,6,2018-05-16 17:43:59,6,0,1,0
8jtr3p,2018-05-16 10:08:06,54,r/space,6,2018-05-16 13:38:10,1,0,6,0
8jtr3p,2018-05-16 10:08:06,54,r/space,6,2018-05-16 15:49:53,1,0,1,0
8jtr3p,2018-05-16 10:08:06,54,r/space,6,2018-05-16 13:23:03,1,0,4,0
8jtr3p,2018-05-16 10:08:06,54,r/space,6,2018-05-16 13:20:18,1,0,5,0
8jtr3p,2018-05-16 10:08:06,54,r/space,6,2018-05-16 13:22:34,1,0,2,0
8jtr3p,2018-05-16 10:08:06,54,r/space,6,2018-05-16 14:04:40,1,0,1,0
8jtr3p,2018-05-16 10:08:06,54,r/space,6,2018-05-16 14:41:07,1,0,1,0
8jtr3p,2018-05-16 10:08:06,54,r/space,7,2018-05-16 14:44:13,0,0,1,0
8jtr3p,2018-05-16 10:08:06,54,r/space,8,2018-05-16 12:31:55,0,2,12,0
8jtr3p,2018-05-16 10:08:06,54,r/space,8,2018-05-16 13:13:06,1,2,27,0
8jtr3p,2018-05-16 10:08:06,54,r/space,8,2018-05-16 13:22:44,2,2,9,0
8jtr3p,2018-05-16 10:08:06,54,r/space,8,2018-05-16 14:00:43,3,2,17,0
8jtr3p,2018-05-16 10:08:06,54,r/space,8,2018-05-16 14:47:14,4,1,1,0
8jtr3p,2018-05-16 10:08:06,54,r/space,8,2018-05-16 14:59:26,5,0,1,0
8jtr3p,2018-05-16 10:08:06,54,r/space,8,2018-05-16 14:23:19,4,0,3,0
8jtr3p,2018-05-16 10:08:06,54,r/space,8,2018-05-16 14:34:10,3,0,1,0
8jtr3p,2018-05-16 10:08:06,54,r/space,8,2018-05-16 13:31:33,2,2,3,0
8jtr3p,2018-05-16 10:08:06,54,r/space,8,2018-05-16 14:37:26,3,0,1,0
8jtr3p,2018-05-16 10:08:06,54,r/space,8,2018-05-16 14:36:56,3,0,1,0
8jtr3p,2018-05-16 10:08:06,54,r/space,8,2018-05-16 13:18:22,1,3,4,0
8jtr3p,2018-05-16 10:08:06,54,r/space,8,2018-05-16 13:31:53,2,0,5,0
8jtr3p,2018-05-16 10:08:06,54,r/space,8,2018-05-16 13:35:25,2,1,3,0
8jtr3p,2018-05-16 10:08:06,54,r/space,8,2018-05-16 15:38:51,3,0,1,0
8jtr3p,2018-05-16 10:08:06,54,r/space,8,2018-05-16 13:59:14,2,0,3,0
8jtr3p,2018-05-16 10:08:06,54,r/space,9,2018-05-16 12:22:25,0,2,23,0
8jtr3p,2018-05-16 10:08:06,54,r/space,9,2018-05-16 13:36:36,1,0,9,0
8jtr3p,2018-05-16 10:08:06,54,r/space,9,2018-05-16 13:43:07,1,1,2,0
8jtr3p,2018-05-16 10:08:06,54,r/space,9,2018-05-16 13:49:16,2,0,5,0
8jtr3p,2018-05-16 10:08:06,54,r/space,10,2018-05-16 12:53:20,0,0,8,0
8jtr3p,2018-05-16 10:08:06,54,r/space,11,2018-05-16 11:36:23,0,0,71,0
8jtr3p,2018-05-16 10:08:06,54,r/space,12,2018-05-16 12:28:38,0,5,44,0
8jtr3p,2018-05-16 10:08:06,54,r/space,12,2018-05-16 12:43:18,1,3,47,0
8jtr3p,2018-05-16 10:08:06,54,r/space,12,2018-05-16 13:02:24,2,3,31,0
8jtr3p,2018-05-16 10:08:06,54,r/space,12,2018-05-16 13:13:08,3,2,19,0
8jtr3p,2018-05-16 10:08:06,54,r/space,12,2018-05-16 13:30:18,4,0,7,0
8jtr3p,2018-05-16 10:08:06,54,r/space,12,2018-05-16 13:31:36,4,1,6,0
8jtr3p,2018-05-16 10:08:06,54,r/space,12,2018-05-16 13:38:37,5,0,4,0
8jtr3p,2018-05-16 10:08:06,54,r/space,12,2018-05-16 13:20:51,3,1,6,0
8jtr3p,2018-05-16 10:08:06,54,r/space,12,2018-05-16 13:33:33,4,0,5,0
8jtr3p,2018-05-16 10:08:06,54,r/space,12,2018-05-16 16:16:26,3,1,1,0
8jtr3p,2018-05-16 10:08:06,54,r/space,12,2018-05-16 16:36:21,4,1,1,0
8jtr3p,2018-05-16 10:08:06,54,r/space,12,2018-05-16 17:06:50,5,0,1,0
8jtr3p,2018-05-16 10:08:06,54,r/space,12,2018-05-16 15:01:18,2,0,1,0
8jtr3p,2018-05-16 10:08:06,54,r/space,12,2018-05-16 15:22:07,2,0,1,0
8jtr3p,2018-05-16 10:08:06,54,r/space,12,2018-05-16 12:46:49,1,0,12,0
8jtr3p,2018-05-16 10:08:06,54,r/space,12,2018-05-16 12:48:03,1,0,6,0
8jtr3p,2018-05-16 10:08:06,54,r/space,12,2018-05-16 13:30:01,1,2,5,0
8jtr3p,2018-05-16 10:08:06,54,r/space,12,2018-05-16 13:35:39,2,1,2,0
8jtr3p,2018-05-16 10:08:06,54,r/space,12,2018-05-16 13:58:09,3,0,2,0
8jtr3p,2018-05-16 10:08:06,54,r/space,12,2018-05-16 14:05:58,2,0,1,0
8jtr3p,2018-05-16 10:08:06,54,r/space,12,2018-05-16 12:33:37,1,0,1,0
8jtr3p,2018-05-16 10:08:06,54,r/space,13,2018-05-16 11:59:41,0,0,9,0
8jtr3p,2018-05-16 10:08:06,54,r/space,14,2018-05-16 14:18:25,0,0,3,0
8jtr3p,2018-05-16 10:08:06,54,r/space,15,2018-05-16 14:28:57,0,0,4,0
8jtr3p,2018-05-16 10:08:06,54,r/space,16,2018-05-16 15:53:49,0,0,1,0
8jtr3p,2018-05-16 10:08:06,54,r/space,17,2018-05-16 11:45:58,0,1,28,0
8jtr3p,2018-05-16 10:08:06,54,r/space,17,2018-05-16 12:33:22,1,2,13,0
8jtr3p,2018-05-16 10:08:06,54,r/space,17,2018-05-16 12:47:23,2,2,10,0
8jtr3p,2018-05-16 10:08:06,54,r/space,17,2018-05-16 12:52:33,3,1,9,0
8jtr3p,2018-05-16 10:08:06,54,r/space,17,2018-05-16 12:59:59,4,1,2,0
8jtr3p,2018-05-16 10:08:06,54,r/space,17,2018-05-16 13:17:00,5,1,5,0
8jtr3p,2018-05-16 10:08:06,54,r/space,17,2018-05-16 13:41:21,6,1,2,0
8jtr3p,2018-05-16 10:08:06,54,r/space,17,2018-05-16 14:50:24,7,1,1,0
8jtr3p,2018-05-16 10:08:06,54,r/space,17,2018-05-16 16:41:03,8,0,1,0
8jtr3p,2018-05-16 10:08:06,54,r/space,17,2018-05-16 14:44:15,3,0,1,0
8jtr3p,2018-05-16 10:08:06,54,r/space,17,2018-05-16 14:51:26,2,0,1,0
8jtr3p,2018-05-16 10:08:06,54,r/space,18,2018-05-16 14:18:55,0,0,3,0
8jtr3p,2018-05-16 10:08:06,54,r/space,19,2018-05-16 15:23:28,0,0,1,0
8jtr3p,2018-05-16 10:08:06,54,r/space,20,2018-05-16 13:04:25,0,0,6,0
8jtr3p,2018-05-16 10:08:06,54,r/space,21,2018-05-16 13:11:07,0,0,2,0
8jtr3p,2018-05-16 10:08:06,54,r/space,22,2018-05-16 13:42:00,0,0,2,0
8jtr3p,2018-05-16 10:08:06,54,r/space,23,2018-05-16 13:51:14,0,0,2,0
8jtr3p,2018-05-16 10:08:06,54,r/space,24,2018-05-16 14:05:20,0,0,2,0
8jtr3p,2018-05-16 10:08:06,54,r/space,25,2018-05-16 14:09:00,0,0,2,0
8jtr3p,2018-05-16 10:08:06,54,r/space,26,2018-05-16 15:19:20,0,2,1,0
8jtr3p,2018-05-16 10:08:06,54,r/space,26,2018-05-16 15:25:07,1,0,1,0
8jtr3p,2018-05-16 10:08:06,54,r/space,26,2018-05-16 15:56:18,1,0,1,0
8jtr3p,2018-05-16 10:08:06,54,r/space,27,2018-05-16 15:36:12,0,1,1,0
8jtr3p,2018-05-16 10:08:06,54,r/space,27,2018-05-16 17:36:02,1,1,1,0
8jtr3p,2018-05-16 10:08:06,54,r/space,27,2018-05-16 17:45:52,2,0,1,0
8jtr3p,2018-05-16 10:08:06,54,r/space,28,2018-05-16 16:12:53,0,0,1,0
8jtr3p,2018-05-16 10:08:06,54,r/space,29,2018-05-16 16:58:36,0,0,1,0
8jtr3p,2018-05-16 10:08:06,54,r/space,30,2018-05-16 17:21:46,0,0,1,0
8jtr3p,2018-05-16 10:08:06,54,r/space,31,2018-05-16 11:36:26,0,0,4,0
8jtr3p,2018-05-16 10:08:06,54,r/space,32,2018-05-16 13:16:40,0,0,2,0
8jtr3p,2018-05-16 10:08:06,54,r/space,33,2018-05-16 13:52:51,0,1,2,0
8jtr3p,2018-05-16 10:08:06,54,r/space,33,2018-05-16 14:22:36,1,2,1,0
8jtr3p,2018-05-16 10:08:06,54,r/space,33,2018-05-16 15:54:28,2,0,1,0
8jtr3p,2018-05-16 10:08:06,54,r/space,33,2018-05-16 17:41:15,2,0,1,0
8jtr3p,2018-05-16 10:08:06,54,r/space,34,2018-05-16 12:41:34,0,0,1,0
8jtr3p,2018-05-16 10:08:06,54,r/space,35,2018-05-16 13:04:46,0,0,1,0
8jtr3p,2018-05-16 10:08:06,54,r/space,36,2018-05-16 14:33:12,0,2,1,0
8jtr3p,2018-05-16 10:08:06,54,r/space,36,2018-05-16 15:32:48,1,0,1,0
8jtr3p,2018-05-16 10:08:06,54,r/space,36,2018-05-16 14:39:55,1,0,1,0
8jtr3p,2018-05-16 10:08:06,54,r/space,37,2018-05-16 15:41:24,0,1,1,0
8jtr3p,2018-05-16 10:08:06,54,r/space,37,2018-05-16 15:52:51,1,0,1,0
8jtr3p,2018-05-16 10:08:06,54,r/space,38,2018-05-16 17:00:36,0,0,1,0
8jtr3p,2018-05-16 10:08:06,54,r/space,39,2018-05-16 17:20:03,0,2,1,0
8jtr3p,2018-05-16 10:08:06,54,r/space,39,2018-05-16 17:50:47,1,0,1,0
8jtr3p,2018-05-16 10:08:06,54,r/space,39,2018-05-16 17:34:25,1,0,1,0
8jtr3p,2018-05-16 10:08:06,54,r/space,40,2018-05-16 17:41:17,0,0,1,0
8jtr3p,2018-05-16 10:08:06,54,r/space,41,2018-05-16 11:50:09,0,1,-6,0
8jtr3p,2018-05-16 10:08:06,54,r/space,41,2018-05-16 11:58:17,1,1,19,0
8jtr3p,2018-05-16 10:08:06,54,r/space,41,2018-05-16 12:10:28,2,2,7,0
8jtr3p,2018-05-16 10:08:06,54,r/space,41,2018-05-16 12:13:22,3,1,7,0
8jtr3p,2018-05-16 10:08:06,54,r/space,41,2018-05-16 12:18:08,4,1,10,0
8jtr3p,2018-05-16 10:08:06,54,r/space,41,2018-05-16 12:21:49,5,1,2,0
8jtr3p,2018-05-16 10:08:06,54,r/space,41,2018-05-16 12:24:27,6,1,3,0
8jtr3p,2018-05-16 10:08:06,54,r/space,41,2018-05-16 13:04:49,7,0,3,0
8jtr3p,2018-05-16 10:08:06,54,r/space,41,2018-05-16 12:12:03,3,1,-1,0
8jtr3p,2018-05-16 10:08:06,54,r/space,41,2018-05-16 12:17:31,4,1,3,0
8jtr3p,2018-05-16 10:08:06,54,r/space,41,2018-05-16 12:18:58,5,1,-4,0
8jtr3p,2018-05-16 10:08:06,54,r/space,41,2018-05-16 12:22:53,6,0,6,0
8jtr3p,2018-05-16 10:08:06,54,r/space,42,2018-05-16 11:40:53,0,4,-14,0
8jtr3p,2018-05-16 10:08:06,54,r/space,42,2018-05-16 11:50:54,1,1,11,0
8jtr3p,2018-05-16 10:08:06,54,r/space,42,2018-05-16 12:27:30,2,1,6,0
8jtr3p,2018-05-16 10:08:06,54,r/space,42,2018-05-16 12:43:15,3,1,2,0
8jtr3p,2018-05-16 10:08:06,54,r/space,42,2018-05-16 13:10:54,4,0,1,0
8jtr3p,2018-05-16 10:08:06,54,r/space,42,2018-05-16 11:47:24,1,0,24,0
8jtr3p,2018-05-16 10:08:06,54,r/space,42,2018-05-16 12:32:34,1,0,6,0
8jtr3p,2018-05-16 10:08:06,54,r/space,42,2018-05-16 13:09:43,1,0,5,0
8jtr3p,2018-05-16 10:08:06,54,r/space,43,2018-05-16 11:44:17,0,2,-5,0
8jtr3p,2018-05-16 10:08:06,54,r/space,43,2018-05-16 11:53:19,1,0,5,0
8jtr3p,2018-05-16 10:08:06,54,r/space,43,2018-05-16 11:51:41,1,0,1,0
8jux7e,2018-05-16 13:31:06,55,r/KenM,0,2018-05-16 14:19:57,0,3,550,0
8jux7e,2018-05-16 13:31:06,55,r/KenM,0,2018-05-16 15:22:17,1,2,86,0
8jux7e,2018-05-16 13:31:06,55,r/KenM,0,2018-05-16 17:11:38,2,0,10,0
8jux7e,2018-05-16 13:31:06,55,r/KenM,0,2018-05-16 15:24:13,2,1,13,0
8jux7e,2018-05-16 13:31:06,55,r/KenM,0,2018-05-16 15:36:07,3,0,13,0
8jux7e,2018-05-16 13:31:06,55,r/KenM,0,2018-05-16 16:59:40,1,0,1,0
8jux7e,2018-05-16 13:31:06,55,r/KenM,0,2018-05-16 16:12:41,1,0,0,0
8jux7e,2018-05-16 13:31:06,55,r/KenM,1,2018-05-16 14:22:00,0,6,245,0
8jux7e,2018-05-16 13:31:06,55,r/KenM,1,2018-05-16 14:35:58,1,3,97,0
8jux7e,2018-05-16 13:31:06,55,r/KenM,1,2018-05-16 14:37:49,2,0,20,0
8jux7e,2018-05-16 13:31:06,55,r/KenM,1,2018-05-16 15:17:27,2,2,9,0
8jux7e,2018-05-16 13:31:06,55,r/KenM,1,2018-05-16 15:47:47,3,1,3,0
8jux7e,2018-05-16 13:31:06,55,r/KenM,1,2018-05-16 15:51:52,4,1,4,0
8jux7e,2018-05-16 13:31:06,55,r/KenM,1,2018-05-16 15:53:44,5,1,3,0
8jux7e,2018-05-16 13:31:06,55,r/KenM,1,2018-05-16 18:07:06,6,1,2,0
8jux7e,2018-05-16 13:31:06,55,r/KenM,1,2018-05-16 18:08:23,7,0,1,0
8jux7e,2018-05-16 13:31:06,55,r/KenM,1,2018-05-16 16:56:57,3,1,3,0
8jux7e,2018-05-16 13:31:06,55,r/KenM,1,2018-05-16 17:14:47,4,0,3,0
8jux7e,2018-05-16 13:31:06,55,r/KenM,1,2018-05-16 15:33:26,2,0,1,0
8jux7e,2018-05-16 13:31:06,55,r/KenM,1,2018-05-16 14:26:49,1,0,14,0
8jux7e,2018-05-16 13:31:06,55,r/KenM,1,2018-05-16 16:04:13,1,1,9,0
8jux7e,2018-05-16 13:31:06,55,r/KenM,1,2018-05-16 16:09:39,2,0,2,0
8jux7e,2018-05-16 13:31:06,55,r/KenM,1,2018-05-16 16:12:33,1,1,4,0
8jux7e,2018-05-16 13:31:06,55,r/KenM,1,2018-05-16 16:50:50,2,0,2,0
8jux7e,2018-05-16 13:31:06,55,r/KenM,1,2018-05-16 17:55:00,1,1,3,0
8jux7e,2018-05-16 13:31:06,55,r/KenM,1,2018-05-16 18:16:52,2,0,1,0
8jux7e,2018-05-16 13:31:06,55,r/KenM,1,2018-05-16 18:07:41,1,1,2,0
8jux7e,2018-05-16 13:31:06,55,r/KenM,1,2018-05-16 18:16:08,2,0,2,0
8jux7e,2018-05-16 13:31:06,55,r/KenM,2,2018-05-16 14:15:31,0,5,105,0
8jux7e,2018-05-16 13:31:06,55,r/KenM,2,2018-05-16 14:24:29,1,2,43,0
8jux7e,2018-05-16 13:31:06,55,r/KenM,2,2018-05-16 14:47:37,2,2,18,0
8jux7e,2018-05-16 13:31:06,55,r/KenM,2,2018-05-16 14:54:11,3,0,8,0
8jux7e,2018-05-16 13:31:06,55,r/KenM,2,2018-05-16 14:55:16,3,1,1,0
8jux7e,2018-05-16 13:31:06,55,r/KenM,2,2018-05-16 16:59:22,4,0,1,0
8jux7e,2018-05-16 13:31:06,55,r/KenM,2,2018-05-16 15:50:58,2,0,1,0
8jux7e,2018-05-16 13:31:06,55,r/KenM,2,2018-05-16 14:16:15,1,0,6,0
8jux7e,2018-05-16 13:31:06,55,r/KenM,2,2018-05-16 14:25:36,1,2,5,0
8jux7e,2018-05-16 13:31:06,55,r/KenM,2,2018-05-16 15:34:31,2,0,2,0
8jux7e,2018-05-16 13:31:06,55,r/KenM,2,2018-05-16 17:26:42,2,0,2,0
8jux7e,2018-05-16 13:31:06,55,r/KenM,2,2018-05-16 16:27:00,1,2,3,0
8jux7e,2018-05-16 13:31:06,55,r/KenM,2,2018-05-16 16:32:43,2,0,5,0
8jux7e,2018-05-16 13:31:06,55,r/KenM,2,2018-05-16 17:15:59,2,1,1,0
8jux7e,2018-05-16 13:31:06,55,r/KenM,2,2018-05-16 18:08:30,3,0,1,0
8jux7e,2018-05-16 13:31:06,55,r/KenM,2,2018-05-16 16:28:02,1,0,2,0
8jux7e,2018-05-16 13:31:06,55,r/KenM,3,2018-05-16 13:58:20,0,2,126,0
8jux7e,2018-05-16 13:31:06,55,r/KenM,3,2018-05-16 14:26:50,1,1,88,0
8jux7e,2018-05-16 13:31:06,55,r/KenM,3,2018-05-16 14:37:55,2,1,40,0
8jux7e,2018-05-16 13:31:06,55,r/KenM,3,2018-05-16 14:51:34,3,1,13,0
8jux7e,2018-05-16 13:31:06,55,r/KenM,3,2018-05-16 14:56:02,4,3,17,0
8jux7e,2018-05-16 13:31:06,55,r/KenM,3,2018-05-16 14:56:58,5,0,7,0
8jux7e,2018-05-16 13:31:06,55,r/KenM,3,2018-05-16 15:18:48,5,2,2,0
8jux7e,2018-05-16 13:31:06,55,r/KenM,3,2018-05-16 15:23:13,6,1,3,0
8jux7e,2018-05-16 13:31:06,55,r/KenM,3,2018-05-16 15:26:05,7,0,9,0
8jux7e,2018-05-16 13:31:06,55,r/KenM,3,2018-05-16 15:34:59,6,1,3,0
8jux7e,2018-05-16 13:31:06,55,r/KenM,3,2018-05-16 15:38:15,7,1,3,0
8jux7e,2018-05-16 13:31:06,55,r/KenM,3,2018-05-16 15:39:17,8,0,2,0
8jux7e,2018-05-16 13:31:06,55,r/KenM,3,2018-05-16 15:25:26,5,0,1,0
8jux7e,2018-05-16 13:31:06,55,r/KenM,3,2018-05-16 15:16:21,1,0,2,0
8jux7e,2018-05-16 13:31:06,55,r/KenM,4,2018-05-16 14:15:38,0,2,46,0
8jux7e,2018-05-16 13:31:06,55,r/KenM,4,2018-05-16 14:31:36,1,2,46,0
8jux7e,2018-05-16 13:31:06,55,r/KenM,4,2018-05-16 14:32:55,2,1,21,0
8jux7e,2018-05-16 13:31:06,55,r/KenM,4,2018-05-16 15:36:03,3,0,3,0
8jux7e,2018-05-16 13:31:06,55,r/KenM,4,2018-05-16 17:13:51,2,0,3,0
8jux7e,2018-05-16 13:31:06,55,r/KenM,4,2018-05-16 15:28:43,1,0,3,0
8jux7e,2018-05-16 13:31:06,55,r/KenM,5,2018-05-16 13:52:52,0,2,44,0
8jux7e,2018-05-16 13:31:06,55,r/KenM,5,2018-05-16 13:58:37,1,1,20,0
8jux7e,2018-05-16 13:31:06,55,r/KenM,5,2018-05-16 13:59:30,2,1,26,0
8jux7e,2018-05-16 13:31:06,55,r/KenM,5,2018-05-16 14:10:24,3,1,17,0
8jux7e,2018-05-16 13:31:06,55,r/KenM,5,2018-05-16 14:11:36,4,1,9,0
8jux7e,2018-05-16 13:31:06,55,r/KenM,5,2018-05-16 14:20:29,5,1,4,0
8jux7e,2018-05-16 13:31:06,55,r/KenM,5,2018-05-16 14:22:18,6,0,6,0
8jux7e,2018-05-16 13:31:06,55,r/KenM,5,2018-05-16 14:28:56,1,0,2,0
8jux7e,2018-05-16 13:31:06,55,r/KenM,6,2018-05-16 14:32:57,0,1,8,0
8jux7e,2018-05-16 13:31:06,55,r/KenM,6,2018-05-16 15:37:19,1,0,1,0
8jux7e,2018-05-16 13:31:06,55,r/KenM,7,2018-05-16 14:07:36,0,2,14,0
8jux7e,2018-05-16 13:31:06,55,r/KenM,7,2018-05-16 14:25:47,1,2,9,0
8jux7e,2018-05-16 13:31:06,55,r/KenM,7,2018-05-16 14:30:26,2,1,5,0
8jux7e,2018-05-16 13:31:06,55,r/KenM,7,2018-05-16 14:31:42,3,0,11,0
8jux7e,2018-05-16 13:31:06,55,r/KenM,7,2018-05-16 14:32:26,2,1,4,0
8jux7e,2018-05-16 13:31:06,55,r/KenM,7,2018-05-16 14:33:40,3,0,3,0
8jux7e,2018-05-16 13:31:06,55,r/KenM,7,2018-05-16 14:36:45,1,0,1,0
8jux7e,2018-05-16 13:31:06,55,r/KenM,8,2018-05-16 14:56:26,0,1,4,0
8jux7e,2018-05-16 13:31:06,55,r/KenM,8,2018-05-16 15:09:27,1,0,2,0
8jux7e,2018-05-16 13:31:06,55,r/KenM,9,2018-05-16 15:00:42,0,1,2,0
8jux7e,2018-05-16 13:31:06,55,r/KenM,9,2018-05-16 18:24:53,1,0,1,0
8jux7e,2018-05-16 13:31:06,55,r/KenM,10,2018-05-16 17:54:39,0,1,2,0
8jux7e,2018-05-16 13:31:06,55,r/KenM,10,2018-05-16 18:23:43,1,0,1,0
8jux7e,2018-05-16 13:31:06,55,r/KenM,11,2018-05-16 14:34:11,0,2,6,0
8jux7e,2018-05-16 13:31:06,55,r/KenM,11,2018-05-16 16:25:46,1,0,2,0
8jux7e,2018-05-16 13:31:06,55,r/KenM,11,2018-05-16 17:14:52,1,1,0,0
8jux7e,2018-05-16 13:31:06,55,r/KenM,11,2018-05-16 17:31:01,2,0,4,0
8jux7e,2018-05-16 13:31:06,55,r/KenM,12,2018-05-16 15:13:09,0,0,1,0
8jux7e,2018-05-16 13:31:06,55,r/KenM,13,2018-05-16 15:55:10,0,0,1,0
8jux7e,2018-05-16 13:31:06,55,r/KenM,14,2018-05-16 16:32:55,0,0,1,0
8jux7e,2018-05-16 13:31:06,55,r/KenM,15,2018-05-16 17:28:23,0,0,1,0
8jux7e,2018-05-16 13:31:06,55,r/KenM,16,2018-05-16 17:42:03,0,0,1,0
8jux7e,2018-05-16 13:31:06,55,r/KenM,17,2018-05-16 17:42:43,0,0,1,0
8jux7e,2018-05-16 13:31:06,55,r/KenM,18,2018-05-16 17:46:26,0,0,1,0
8jux7e,2018-05-16 13:31:06,55,r/KenM,19,2018-05-16 17:50:00,0,0,1,0
8jux7e,2018-05-16 13:31:06,55,r/KenM,20,2018-05-16 18:15:05,0,0,1,0
8jux7e,2018-05-16 13:31:06,55,r/KenM,21,2018-05-16 18:26:13,0,0,1,0
8jux7e,2018-05-16 13:31:06,55,r/KenM,22,2018-05-16 14:19:41,0,0,1,0
8jux7e,2018-05-16 13:31:06,55,r/KenM,23,2018-05-16 14:34:17,0,0,1,0
8jux7e,2018-05-16 13:31:06,55,r/KenM,24,2018-05-16 14:41:20,0,0,1,0
8jux7e,2018-05-16 13:31:06,55,r/KenM,25,2018-05-16 14:46:33,0,0,1,0
8jux7e,2018-05-16 13:31:06,55,r/KenM,26,2018-05-16 15:55:04,0,1,0,0
8jux7e,2018-05-16 13:31:06,55,r/KenM,26,2018-05-16 17:39:00,1,0,2,0
8jux7e,2018-05-16 13:31:06,55,r/KenM,27,2018-05-16 14:29:19,0,2,-12,0
8jux7e,2018-05-16 13:31:06,55,r/KenM,27,2018-05-16 14:57:57,1,0,14,0
8jux7e,2018-05-16 13:31:06,55,r/KenM,27,2018-05-16 15:33:14,1,0,1,0
8jtmvs,2018-05-16 09:43:18,56,r/OSHA,0,2018-05-16 11:58:33,0,8,2328,0
8jtmvs,2018-05-16 09:43:18,56,r/OSHA,0,2018-05-16 13:45:49,1,3,337,0
8jtmvs,2018-05-16 09:43:18,56,r/OSHA,0,2018-05-16 15:24:12,2,2,102,0
8jtmvs,2018-05-16 09:43:18,56,r/OSHA,0,2018-05-16 15:39:31,3,1,122,0
8jtmvs,2018-05-16 09:43:18,56,r/OSHA,0,2018-05-16 16:14:14,4,1,49,0
8jtmvs,2018-05-16 09:43:18,56,r/OSHA,0,2018-05-16 17:04:42,5,1,13,0
8jtmvs,2018-05-16 09:43:18,56,r/OSHA,0,2018-05-16 17:49:40,6,0,4,0
8jtmvs,2018-05-16 09:43:18,56,r/OSHA,0,2018-05-16 15:56:01,3,0,19,0
8jtmvs,2018-05-16 09:43:18,56,r/OSHA,0,2018-05-16 15:54:55,2,1,2,0
8jtmvs,2018-05-16 09:43:18,56,r/OSHA,0,2018-05-16 17:24:11,3,0,1,0
8jtmvs,2018-05-16 09:43:18,56,r/OSHA,0,2018-05-16 18:29:18,2,0,1,0
8jtmvs,2018-05-16 09:43:18,56,r/OSHA,0,2018-05-16 12:12:31,1,5,1093,0
8jtmvs,2018-05-16 09:43:18,56,r/OSHA,0,2018-05-16 13:29:05,2,4,215,0
8jtmvs,2018-05-16 09:43:18,56,r/OSHA,0,2018-05-16 13:32:37,3,2,201,0
8jtmvs,2018-05-16 09:43:18,56,r/OSHA,0,2018-05-16 14:35:21,4,5,134,0
8jtmvs,2018-05-16 09:43:18,56,r/OSHA,0,2018-05-16 14:36:13,5,2,87,0
8jtmvs,2018-05-16 09:43:18,56,r/OSHA,0,2018-05-16 14:46:41,6,3,13,0
8jtmvs,2018-05-16 09:43:18,56,r/OSHA,0,2018-05-16 14:55:29,7,2,38,0
8jtmvs,2018-05-16 09:43:18,56,r/OSHA,0,2018-05-16 15:03:55,8,1,29,0
8jtmvs,2018-05-16 09:43:18,56,r/OSHA,0,2018-05-16 16:17:58,9,1,6,0
8jtmvs,2018-05-16 09:43:18,56,r/OSHA,0,2018-05-16 14:58:23,8,0,3,0
8jtmvs,2018-05-16 09:43:18,56,r/OSHA,0,2018-05-16 14:48:01,7,1,47,0
8jtmvs,2018-05-16 09:43:18,56,r/OSHA,0,2018-05-16 15:12:57,8,1,9,0
8jtmvs,2018-05-16 09:43:18,56,r/OSHA,0,2018-05-16 15:59:54,9,0,6,0
8jtmvs,2018-05-16 09:43:18,56,r/OSHA,0,2018-05-16 14:54:58,7,0,6,0
8jtmvs,2018-05-16 09:43:18,56,r/OSHA,0,2018-05-16 17:07:38,6,0,1,0
8jtmvs,2018-05-16 09:43:18,56,r/OSHA,0,2018-05-16 15:33:32,5,1,4,0
8jtmvs,2018-05-16 09:43:18,56,r/OSHA,0,2018-05-16 15:50:50,6,1,3,0
8jtmvs,2018-05-16 09:43:18,56,r/OSHA,0,2018-05-16 16:02:27,7,2,6,0
8jtmvs,2018-05-16 09:43:18,56,r/OSHA,0,2018-05-16 16:39:26,8,1,2,0
8jtmvs,2018-05-16 09:43:18,56,r/OSHA,0,2018-05-16 17:19:15,9,0,1,0
8jtmvs,2018-05-16 09:43:18,56,r/OSHA,0,2018-05-16 17:42:19,8,0,2,0
8jtmvs,2018-05-16 09:43:18,56,r/OSHA,0,2018-05-16 15:15:29,5,0,1,0
8jtmvs,2018-05-16 09:43:18,56,r/OSHA,0,2018-05-16 15:45:42,5,0,1,0
8jtmvs,2018-05-16 09:43:18,56,r/OSHA,0,2018-05-16 17:47:40,5,0,1,0
8jtmvs,2018-05-16 09:43:18,56,r/OSHA,0,2018-05-16 16:54:39,4,0,1,0
8jtmvs,2018-05-16 09:43:18,56,r/OSHA,0,2018-05-16 15:27:54,3,0,3,0
8jtmvs,2018-05-16 09:43:18,56,r/OSHA,0,2018-05-16 15:44:06,3,0,1,0
8jtmvs,2018-05-16 09:43:18,56,r/OSHA,0,2018-05-16 16:55:15,3,0,1,0
8jtmvs,2018-05-16 09:43:18,56,r/OSHA,0,2018-05-16 15:26:02,2,3,10,0
8jtmvs,2018-05-16 09:43:18,56,r/OSHA,0,2018-05-16 16:14:02,3,0,5,0
8jtmvs,2018-05-16 09:43:18,56,r/OSHA,0,2018-05-16 17:35:20,3,0,1,0
8jtmvs,2018-05-16 09:43:18,56,r/OSHA,0,2018-05-16 16:15:53,3,0,1,0
8jtmvs,2018-05-16 09:43:18,56,r/OSHA,0,2018-05-16 16:47:45,2,0,6,0
8jtmvs,2018-05-16 09:43:18,56,r/OSHA,0,2018-05-16 14:40:14,2,1,14,0
8jtmvs,2018-05-16 09:43:18,56,r/OSHA,0,2018-05-16 15:33:17,3,1,8,0
8jtmvs,2018-05-16 09:43:18,56,r/OSHA,0,2018-05-16 15:40:10,4,1,6,0
8jtmvs,2018-05-16 09:43:18,56,r/OSHA,0,2018-05-16 18:04:40,5,0,1,0
8jtmvs,2018-05-16 09:43:18,56,r/OSHA,0,2018-05-16 17:41:25,2,0,1,0
8jtmvs,2018-05-16 09:43:18,56,r/OSHA,0,2018-05-16 13:24:05,1,3,28,0
8jtmvs,2018-05-16 09:43:18,56,r/OSHA,0,2018-05-16 13:35:27,2,3,91,0
8jtmvs,2018-05-16 09:43:18,56,r/OSHA,0,2018-05-16 13:41:57,3,2,200,0
8jtmvs,2018-05-16 09:43:18,56,r/OSHA,0,2018-05-16 13:51:38,4,1,157,0
8jtmvs,2018-05-16 09:43:18,56,r/OSHA,0,2018-05-16 14:25:29,5,1,31,0
8jtmvs,2018-05-16 09:43:18,56,r/OSHA,0,2018-05-16 17:15:52,6,1,8,0
8jtmvs,2018-05-16 09:43:18,56,r/OSHA,0,2018-05-16 17:33:06,7,0,3,0
8jtmvs,2018-05-16 09:43:18,56,r/OSHA,0,2018-05-16 13:52:11,4,1,55,0
8jtmvs,2018-05-16 09:43:18,56,r/OSHA,0,2018-05-16 13:55:05,5,2,38,0
8jtmvs,2018-05-16 09:43:18,56,r/OSHA,0,2018-05-16 14:03:23,6,1,14,0
8jtmvs,2018-05-16 09:43:18,56,r/OSHA,0,2018-05-16 17:19:09,7,0,2,0
8jtmvs,2018-05-16 09:43:18,56,r/OSHA,0,2018-05-16 16:15:39,6,0,5,0
8jtmvs,2018-05-16 09:43:18,56,r/OSHA,0,2018-05-16 14:19:55,3,3,67,0
8jtmvs,2018-05-16 09:43:18,56,r/OSHA,0,2018-05-16 15:49:27,4,1,19,0
8jtmvs,2018-05-16 09:43:18,56,r/OSHA,0,2018-05-16 16:25:01,5,1,15,0
8jtmvs,2018-05-16 09:43:18,56,r/OSHA,0,2018-05-16 17:17:46,6,1,5,0
8jtmvs,2018-05-16 09:43:18,56,r/OSHA,0,2018-05-16 17:26:49,7,0,2,0
8jtmvs,2018-05-16 09:43:18,56,r/OSHA,0,2018-05-16 15:00:43,4,0,6,0
8jtmvs,2018-05-16 09:43:18,56,r/OSHA,0,2018-05-16 15:35:35,4,0,3,0
8jtmvs,2018-05-16 09:43:18,56,r/OSHA,0,2018-05-16 13:57:54,3,1,26,0
8jtmvs,2018-05-16 09:43:18,56,r/OSHA,0,2018-05-16 14:34:52,4,0,8,0
8jtmvs,2018-05-16 09:43:18,56,r/OSHA,0,2018-05-16 13:28:27,2,0,2,0
8jtmvs,2018-05-16 09:43:18,56,r/OSHA,0,2018-05-16 18:26:24,2,0,1,0
8jtmvs,2018-05-16 09:43:18,56,r/OSHA,0,2018-05-16 14:25:49,1,0,8,0
8jtmvs,2018-05-16 09:43:18,56,r/OSHA,0,2018-05-16 15:14:55,1,0,1,0
8jtmvs,2018-05-16 09:43:18,56,r/OSHA,0,2018-05-16 15:43:47,1,0,1,0
8jtmvs,2018-05-16 09:43:18,56,r/OSHA,0,2018-05-16 15:51:34,1,0,1,0
8jtmvs,2018-05-16 09:43:18,56,r/OSHA,0,2018-05-16 16:39:03,1,0,1,0
8jtmvs,2018-05-16 09:43:18,56,r/OSHA,1,2018-05-16 11:08:25,0,9,1427,0
8jtmvs,2018-05-16 09:43:18,56,r/OSHA,1,2018-05-16 12:41:18,1,6,234,0
8jtmvs,2018-05-16 09:43:18,56,r/OSHA,1,2018-05-16 13:59:30,2,0,66,0
8jtmvs,2018-05-16 09:43:18,56,r/OSHA,1,2018-05-16 13:47:47,2,0,46,0
8jtmvs,2018-05-16 09:43:18,56,r/OSHA,1,2018-05-16 14:08:51,2,0,21,0
8jtmvs,2018-05-16 09:43:18,56,r/OSHA,1,2018-05-16 16:31:18,2,0,4,0
8jtmvs,2018-05-16 09:43:18,56,r/OSHA,1,2018-05-16 14:12:44,2,1,5,0
8jtmvs,2018-05-16 09:43:18,56,r/OSHA,1,2018-05-16 16:53:22,3,1,1,0
8jtmvs,2018-05-16 09:43:18,56,r/OSHA,1,2018-05-16 17:08:37,4,0,1,0
8jtmvs,2018-05-16 09:43:18,56,r/OSHA,1,2018-05-16 13:52:32,2,0,3,0
8jtmvs,2018-05-16 09:43:18,56,r/OSHA,1,2018-05-16 12:05:55,1,7,512,0
8jtmvs,2018-05-16 09:43:18,56,r/OSHA,1,2018-05-16 13:41:19,2,2,123,0
8jtmvs,2018-05-16 09:43:18,56,r/OSHA,1,2018-05-16 13:55:41,3,1,74,0
8jtmvs,2018-05-16 09:43:18,56,r/OSHA,1,2018-05-16 14:13:00,4,3,41,0
8jtmvs,2018-05-16 09:43:18,56,r/OSHA,1,2018-05-16 14:27:58,5,1,23,0
8jtmvs,2018-05-16 09:43:18,56,r/OSHA,1,2018-05-16 15:19:01,6,1,18,0
8jtmvs,2018-05-16 09:43:18,56,r/OSHA,1,2018-05-16 15:49:48,7,1,9,0
8jtmvs,2018-05-16 09:43:18,56,r/OSHA,1,2018-05-16 17:42:17,8,0,1,0
8jtmvs,2018-05-16 09:43:18,56,r/OSHA,1,2018-05-16 14:35:16,5,0,5,0
8jtmvs,2018-05-16 09:43:18,56,r/OSHA,1,2018-05-16 15:20:36,5,0,1,0
8jtmvs,2018-05-16 09:43:18,56,r/OSHA,1,2018-05-16 14:48:05,3,0,12,0
8jtmvs,2018-05-16 09:43:18,56,r/OSHA,1,2018-05-16 13:10:20,2,0,76,0
8jtmvs,2018-05-16 09:43:18,56,r/OSHA,1,2018-05-16 13:34:19,2,0,33,0
8jtmvs,2018-05-16 09:43:18,56,r/OSHA,1,2018-05-16 13:17:28,2,0,34,0
8jtmvs,2018-05-16 09:43:18,56,r/OSHA,1,2018-05-16 13:47:03,2,1,18,0
8jtmvs,2018-05-16 09:43:18,56,r/OSHA,1,2018-05-16 14:02:26,3,2,16,0
8jtmvs,2018-05-16 09:43:18,56,r/OSHA,1,2018-05-16 14:04:05,4,2,13,0
8jtmvs,2018-05-16 09:43:18,56,r/OSHA,1,2018-05-16 14:10:07,5,0,11,0
8jtmvs,2018-05-16 09:43:18,56,r/OSHA,1,2018-05-16 14:11:33,5,0,-3,0
8jtmvs,2018-05-16 09:43:18,56,r/OSHA,1,2018-05-16 14:04:28,4,0,-1,0
8jtmvs,2018-05-16 09:43:18,56,r/OSHA,1,2018-05-16 13:54:02,2,0,7,0
8jtmvs,2018-05-16 09:43:18,56,r/OSHA,1,2018-05-16 13:31:03,2,6,-134,0
8jtmvs,2018-05-16 09:43:18,56,r/OSHA,1,2018-05-16 13:32:44,3,1,52,0
8jtmvs,2018-05-16 09:43:18,56,r/OSHA,1,2018-05-16 13:56:19,4,2,23,0
8jtmvs,2018-05-16 09:43:18,56,r/OSHA,1,2018-05-16 15:45:56,5,0,2,0
8jtmvs,2018-05-16 09:43:18,56,r/OSHA,1,2018-05-16 14:37:44,5,1,1,0
8jtmvs,2018-05-16 09:43:18,56,r/OSHA,1,2018-05-16 15:03:51,6,0,3,0
8jtmvs,2018-05-16 09:43:18,56,r/OSHA,1,2018-05-16 13:39:27,3,2,19,0
8jtmvs,2018-05-16 09:43:18,56,r/OSHA,1,2018-05-16 13:53:11,4,0,19,0
8jtmvs,2018-05-16 09:43:18,56,r/OSHA,1,2018-05-16 17:52:56,4,0,1,0
8jtmvs,2018-05-16 09:43:18,56,r/OSHA,1,2018-05-16 13:39:15,3,0,6,0
8jtmvs,2018-05-16 09:43:18,56,r/OSHA,1,2018-05-16 16:11:41,3,1,2,0
8jtmvs,2018-05-16 09:43:18,56,r/OSHA,1,2018-05-16 17:58:53,4,0,0,0
8jtmvs,2018-05-16 09:43:18,56,r/OSHA,1,2018-05-16 13:59:23,3,1,-3,0
8jtmvs,2018-05-16 09:43:18,56,r/OSHA,1,2018-05-16 14:34:37,4,0,3,0
8jtmvs,2018-05-16 09:43:18,56,r/OSHA,1,2018-05-16 13:40:16,3,1,-10,0
8jtmvs,2018-05-16 09:43:18,56,r/OSHA,1,2018-05-16 13:55:27,4,0,4,0
8jtmvs,2018-05-16 09:43:18,56,r/OSHA,1,2018-05-16 12:43:27,1,0,26,0
8jtmvs,2018-05-16 09:43:18,56,r/OSHA,1,2018-05-16 11:33:54,1,0,35,0
8jtmvs,2018-05-16 09:43:18,56,r/OSHA,1,2018-05-16 14:21:42,1,0,9,0
8jtmvs,2018-05-16 09:43:18,56,r/OSHA,1,2018-05-16 13:39:45,1,0,16,0
8jtmvs,2018-05-16 09:43:18,56,r/OSHA,1,2018-05-16 14:12:57,1,0,3,0
8jtmvs,2018-05-16 09:43:18,56,r/OSHA,1,2018-05-16 14:44:53,1,0,1,0
8jtmvs,2018-05-16 09:43:18,56,r/OSHA,1,2018-05-16 13:41:38,1,0,1,0
8jtmvs,2018-05-16 09:43:18,56,r/OSHA,2,2018-05-16 12:27:22,0,11,522,0
8jtmvs,2018-05-16 09:43:18,56,r/OSHA,2,2018-05-16 12:56:12,1,1,568,0
8jtmvs,2018-05-16 09:43:18,56,r/OSHA,2,2018-05-16 13:09:32,2,2,131,0
8jtmvs,2018-05-16 09:43:18,56,r/OSHA,2,2018-05-16 13:29:32,3,2,318,0
8jtmvs,2018-05-16 09:43:18,56,r/OSHA,2,2018-05-16 13:30:20,4,1,100,0
8jtmvs,2018-05-16 09:43:18,56,r/OSHA,2,2018-05-16 14:40:23,5,2,26,0
8jtmvs,2018-05-16 09:43:18,56,r/OSHA,2,2018-05-16 14:43:29,6,1,8,0
8jtmvs,2018-05-16 09:43:18,56,r/OSHA,2,2018-05-16 17:07:05,7,0,2,0
8jtmvs,2018-05-16 09:43:18,56,r/OSHA,2,2018-05-16 16:14:01,6,2,2,0
8jtmvs,2018-05-16 09:43:18,56,r/OSHA,2,2018-05-16 16:30:14,7,1,2,0
8jtmvs,2018-05-16 09:43:18,56,r/OSHA,2,2018-05-16 16:33:53,8,0,2,0
8jtmvs,2018-05-16 09:43:18,56,r/OSHA,2,2018-05-16 16:25:24,7,0,2,0
8jtmvs,2018-05-16 09:43:18,56,r/OSHA,2,2018-05-16 14:42:05,4,1,17,0
8jtmvs,2018-05-16 09:43:18,56,r/OSHA,2,2018-05-16 14:52:39,5,0,11,0
8jtmvs,2018-05-16 09:43:18,56,r/OSHA,2,2018-05-16 13:34:47,3,0,9,0
8jtmvs,2018-05-16 09:43:18,56,r/OSHA,2,2018-05-16 12:33:32,1,1,24,0
8jtmvs,2018-05-16 09:43:18,56,r/OSHA,2,2018-05-16 12:55:42,2,1,87,0
8jtmvs,2018-05-16 09:43:18,56,r/OSHA,2,2018-05-16 17:22:29,3,0,1,0
8jtmvs,2018-05-16 09:43:18,56,r/OSHA,2,2018-05-16 12:53:24,1,2,51,0
8jtmvs,2018-05-16 09:43:18,56,r/OSHA,2,2018-05-16 12:59:32,2,1,51,0
8jtmvs,2018-05-16 09:43:18,56,r/OSHA,2,2018-05-16 13:27:00,3,2,36,0
8jtmvs,2018-05-16 09:43:18,56,r/OSHA,2,2018-05-16 14:11:04,4,0,18,0
8jtmvs,2018-05-16 09:43:18,56,r/OSHA,2,2018-05-16 13:35:52,4,1,25,0
8jtmvs,2018-05-16 09:43:18,56,r/OSHA,2,2018-05-16 14:23:27,5,0,24,0
8jtmvs,2018-05-16 09:43:18,56,r/OSHA,2,2018-05-16 17:06:08,2,0,1,0
8jtmvs,2018-05-16 09:43:18,56,r/OSHA,2,2018-05-16 13:42:41,1,0,9,0
8jtmvs,2018-05-16 09:43:18,56,r/OSHA,2,2018-05-16 14:18:30,1,0,2,0
8jtmvs,2018-05-16 09:43:18,56,r/OSHA,2,2018-05-16 14:30:46,1,0,2,0
8jtmvs,2018-05-16 09:43:18,56,r/OSHA,2,2018-05-16 14:49:45,1,0,2,0
8jtmvs,2018-05-16 09:43:18,56,r/OSHA,2,2018-05-16 13:22:03,1,1,2,0
8jtmvs,2018-05-16 09:43:18,56,r/OSHA,2,2018-05-16 13:28:46,2,0,21,0
8jtmvs,2018-05-16 09:43:18,56,r/OSHA,2,2018-05-16 15:24:16,1,0,1,0
8jtmvs,2018-05-16 09:43:18,56,r/OSHA,2,2018-05-16 16:46:10,1,0,1,0
8jtmvs,2018-05-16 09:43:18,56,r/OSHA,2,2018-05-16 17:59:35,1,0,1,0
8jtmvs,2018-05-16 09:43:18,56,r/OSHA,3,2018-05-16 11:29:42,0,2,172,0
8jtmvs,2018-05-16 09:43:18,56,r/OSHA,3,2018-05-16 13:01:40,1,0,30,0
8jtmvs,2018-05-16 09:43:18,56,r/OSHA,3,2018-05-16 15:48:36,1,0,5,0
8jtmvs,2018-05-16 09:43:18,56,r/OSHA,4,2018-05-16 12:20:46,0,2,59,0
8jtmvs,2018-05-16 09:43:18,56,r/OSHA,4,2018-05-16 12:23:51,1,0,45,0
8jtmvs,2018-05-16 09:43:18,56,r/OSHA,4,2018-05-16 14:57:42,1,0,1,0
8jtmvs,2018-05-16 09:43:18,56,r/OSHA,5,2018-05-16 10:18:44,0,4,237,0
8jtmvs,2018-05-16 09:43:18,56,r/OSHA,5,2018-05-16 12:00:25,1,2,70,0
8jtmvs,2018-05-16 09:43:18,56,r/OSHA,5,2018-05-16 14:21:49,2,0,9,0
8jtmvs,2018-05-16 09:43:18,56,r/OSHA,5,2018-05-16 15:07:42,2,0,1,0
8jtmvs,2018-05-16 09:43:18,56,r/OSHA,5,2018-05-16 12:00:26,1,4,208,0
8jtmvs,2018-05-16 09:43:18,56,r/OSHA,5,2018-05-16 12:49:36,2,1,165,0
8jtmvs,2018-05-16 09:43:18,56,r/OSHA,5,2018-05-16 12:59:52,3,1,35,0
8jtmvs,2018-05-16 09:43:18,56,r/OSHA,5,2018-05-16 13:09:50,4,1,23,0
8jtmvs,2018-05-16 09:43:18,56,r/OSHA,5,2018-05-16 13:11:49,5,0,17,0
8jtmvs,2018-05-16 09:43:18,56,r/OSHA,5,2018-05-16 12:38:38,2,2,3,0
8jtmvs,2018-05-16 09:43:18,56,r/OSHA,5,2018-05-16 13:31:47,3,1,9,0
8jtmvs,2018-05-16 09:43:18,56,r/OSHA,5,2018-05-16 13:59:45,4,1,1,0
8jtmvs,2018-05-16 09:43:18,56,r/OSHA,5,2018-05-16 15:53:57,5,0,1,0
8jtmvs,2018-05-16 09:43:18,56,r/OSHA,5,2018-05-16 12:50:51,3,0,6,0
8jtmvs,2018-05-16 09:43:18,56,r/OSHA,5,2018-05-16 14:01:54,2,0,1,0
8jtmvs,2018-05-16 09:43:18,56,r/OSHA,5,2018-05-16 15:15:28,2,0,1,0
8jtmvs,2018-05-16 09:43:18,56,r/OSHA,5,2018-05-16 12:50:10,1,0,13,0
8jtmvs,2018-05-16 09:43:18,56,r/OSHA,5,2018-05-16 12:30:17,1,0,4,0
8jtmvs,2018-05-16 09:43:18,56,r/OSHA,6,2018-05-16 11:53:51,0,0,28,0
8jtmvs,2018-05-16 09:43:18,56,r/OSHA,7,2018-05-16 12:28:49,0,1,19,0
8jtmvs,2018-05-16 09:43:18,56,r/OSHA,7,2018-05-16 13:29:37,1,0,11,0
8jtmvs,2018-05-16 09:43:18,56,r/OSHA,8,2018-05-16 09:57:45,0,1,104,0
8jtmvs,2018-05-16 09:43:18,56,r/OSHA,8,2018-05-16 13:17:42,1,1,27,0
8jtmvs,2018-05-16 09:43:18,56,r/OSHA,8,2018-05-16 16:35:37,2,0,0,0
8jtmvs,2018-05-16 09:43:18,56,r/OSHA,9,2018-05-16 12:02:06,0,2,25,0
8jtmvs,2018-05-16 09:43:18,56,r/OSHA,9,2018-05-16 12:54:16,1,1,17,0
8jtmvs,2018-05-16 09:43:18,56,r/OSHA,9,2018-05-16 13:21:18,2,1,22,0
8jtmvs,2018-05-16 09:43:18,56,r/OSHA,9,2018-05-16 13:47:03,3,1,6,0
8jtmvs,2018-05-16 09:43:18,56,r/OSHA,9,2018-05-16 13:49:28,4,1,1,0
8jtmvs,2018-05-16 09:43:18,56,r/OSHA,9,2018-05-16 13:50:07,5,1,1,0
8jtmvs,2018-05-16 09:43:18,56,r/OSHA,9,2018-05-16 13:50:42,6,0,2,0
8jtmvs,2018-05-16 09:43:18,56,r/OSHA,9,2018-05-16 14:07:23,1,0,3,0
8jtmvs,2018-05-16 09:43:18,56,r/OSHA,10,2018-05-16 12:38:46,0,1,9,0
8jtmvs,2018-05-16 09:43:18,56,r/OSHA,10,2018-05-16 15:39:12,1,1,3,0
8jtmvs,2018-05-16 09:43:18,56,r/OSHA,10,2018-05-16 15:51:04,2,0,1,0
8jtmvs,2018-05-16 09:43:18,56,r/OSHA,11,2018-05-16 13:30:23,0,1,9,0
8jtmvs,2018-05-16 09:43:18,56,r/OSHA,11,2018-05-16 16:48:33,1,0,1,0
8jtmvs,2018-05-16 09:43:18,56,r/OSHA,12,2018-05-16 09:55:00,0,0,19,0
8jtmvs,2018-05-16 09:43:18,56,r/OSHA,13,2018-05-16 11:58:10,0,0,14,0
8jtmvs,2018-05-16 09:43:18,56,r/OSHA,14,2018-05-16 13:01:14,0,0,4,0
8jtmvs,2018-05-16 09:43:18,56,r/OSHA,15,2018-05-16 13:25:42,0,0,4,0
8jtmvs,2018-05-16 09:43:18,56,r/OSHA,16,2018-05-16 13:16:05,0,3,10,0
8jtmvs,2018-05-16 09:43:18,56,r/OSHA,16,2018-05-16 13:18:44,1,1,9,0
8jtmvs,2018-05-16 09:43:18,56,r/OSHA,16,2018-05-16 13:31:02,2,1,6,0
8jtmvs,2018-05-16 09:43:18,56,r/OSHA,16,2018-05-16 13:37:00,3,1,9,0
8jtmvs,2018-05-16 09:43:18,56,r/OSHA,16,2018-05-16 15:05:31,4,1,5,0
8jtmvs,2018-05-16 09:43:18,56,r/OSHA,16,2018-05-16 15:25:22,5,0,16,0
8jtmvs,2018-05-16 09:43:18,56,r/OSHA,16,2018-05-16 13:48:08,1,0,4,0
8jtmvs,2018-05-16 09:43:18,56,r/OSHA,16,2018-05-16 14:17:28,1,1,3,0
8jtmvs,2018-05-16 09:43:18,56,r/OSHA,16,2018-05-16 17:25:38,2,0,1,0
8jtmvs,2018-05-16 09:43:18,56,r/OSHA,17,2018-05-16 11:48:54,0,0,7,0
8jtmvs,2018-05-16 09:43:18,56,r/OSHA,18,2018-05-16 13:10:09,0,1,3,0
8jtmvs,2018-05-16 09:43:18,56,r/OSHA,18,2018-05-16 14:23:15,1,0,1,0
8jtmvs,2018-05-16 09:43:18,56,r/OSHA,19,2018-05-16 13:18:42,0,2,3,0
8jtmvs,2018-05-16 09:43:18,56,r/OSHA,19,2018-05-16 14:51:47,1,0,1,0
8jtmvs,2018-05-16 09:43:18,56,r/OSHA,19,2018-05-16 17:26:46,1,0,1,0
8jtmvs,2018-05-16 09:43:18,56,r/OSHA,20,2018-05-16 13:31:22,0,0,3,0
8jtmvs,2018-05-16 09:43:18,56,r/OSHA,21,2018-05-16 13:40:33,0,0,3,0
8jtmvs,2018-05-16 09:43:18,56,r/OSHA,22,2018-05-16 15:53:53,0,0,3,0
8jtmvs,2018-05-16 09:43:18,56,r/OSHA,23,2018-05-16 12:33:05,0,2,2,0
8jtmvs,2018-05-16 09:43:18,56,r/OSHA,23,2018-05-16 13:50:02,1,0,3,0
8jtmvs,2018-05-16 09:43:18,56,r/OSHA,23,2018-05-16 15:17:49,1,0,1,0
8jtmvs,2018-05-16 09:43:18,56,r/OSHA,24,2018-05-16 12:45:24,0,1,2,0
8jtmvs,2018-05-16 09:43:18,56,r/OSHA,24,2018-05-16 12:51:26,1,0,3,0
8jtmvs,2018-05-16 09:43:18,56,r/OSHA,25,2018-05-16 13:07:11,0,1,2,0
8jtmvs,2018-05-16 09:43:18,56,r/OSHA,25,2018-05-16 13:08:02,1,1,3,0
8jtmvs,2018-05-16 09:43:18,56,r/OSHA,25,2018-05-16 13:09:27,2,1,2,0
8jtmvs,2018-05-16 09:43:18,56,r/OSHA,25,2018-05-16 13:14:00,3,1,3,0
8jtmvs,2018-05-16 09:43:18,56,r/OSHA,25,2018-05-16 13:18:50,4,0,3,0
8jtmvs,2018-05-16 09:43:18,56,r/OSHA,26,2018-05-16 13:07:18,0,0,2,0
8jtmvs,2018-05-16 09:43:18,56,r/OSHA,27,2018-05-16 13:22:05,0,0,2,0
8jtmvs,2018-05-16 09:43:18,56,r/OSHA,28,2018-05-16 13:43:58,0,0,2,0
8jtmvs,2018-05-16 09:43:18,56,r/OSHA,29,2018-05-16 14:01:11,0,0,2,0
8jtmvs,2018-05-16 09:43:18,56,r/OSHA,30,2018-05-16 14:10:21,0,0,2,0
8jtmvs,2018-05-16 09:43:18,56,r/OSHA,31,2018-05-16 14:17:54,0,0,2,0
8jtmvs,2018-05-16 09:43:18,56,r/OSHA,32,2018-05-16 14:28:36,0,0,2,0
8jtmvs,2018-05-16 09:43:18,56,r/OSHA,33,2018-05-16 14:33:26,0,0,2,0
8jtmvs,2018-05-16 09:43:18,56,r/OSHA,34,2018-05-16 14:42:42,0,0,2,0
8jtmvs,2018-05-16 09:43:18,56,r/OSHA,35,2018-05-16 15:25:43,0,0,2,0
8jtmvs,2018-05-16 09:43:18,56,r/OSHA,36,2018-05-16 15:37:50,0,0,2,0
8jtmvs,2018-05-16 09:43:18,56,r/OSHA,37,2018-05-16 13:42:27,0,1,2,0
8jtmvs,2018-05-16 09:43:18,56,r/OSHA,37,2018-05-16 13:44:08,1,1,9,0
8jtmvs,2018-05-16 09:43:18,56,r/OSHA,37,2018-05-16 13:45:16,2,1,3,0
8jtmvs,2018-05-16 09:43:18,56,r/OSHA,37,2018-05-16 13:49:36,3,1,5,0
8jtmvs,2018-05-16 09:43:18,56,r/OSHA,37,2018-05-16 13:52:39,4,3,6,0
8jtmvs,2018-05-16 09:43:18,56,r/OSHA,37,2018-05-16 15:32:35,5,0,6,0
8jtmvs,2018-05-16 09:43:18,56,r/OSHA,37,2018-05-16 13:55:27,5,0,4,0
8jtmvs,2018-05-16 09:43:18,56,r/OSHA,37,2018-05-16 15:58:17,5,0,1,0
8jtmvs,2018-05-16 09:43:18,56,r/OSHA,38,2018-05-16 12:23:54,0,0,2,0
8jtmvs,2018-05-16 09:43:18,56,r/OSHA,39,2018-05-16 12:35:55,0,1,2,0
8jtmvs,2018-05-16 09:43:18,56,r/OSHA,39,2018-05-16 12:51:51,1,0,2,0
8jtmvs,2018-05-16 09:43:18,56,r/OSHA,40,2018-05-16 13:07:44,0,1,2,0
8jtmvs,2018-05-16 09:43:18,56,r/OSHA,40,2018-05-16 13:11:43,1,2,2,0
8jtmvs,2018-05-16 09:43:18,56,r/OSHA,40,2018-05-16 15:39:15,2,0,1,0
8jtmvs,2018-05-16 09:43:18,56,r/OSHA,40,2018-05-16 16:57:27,2,0,1,0
8jtmvs,2018-05-16 09:43:18,56,r/OSHA,41,2018-05-16 13:23:12,0,0,2,0
8jtmvs,2018-05-16 09:43:18,56,r/OSHA,42,2018-05-16 13:34:30,0,0,2,0
8jtmvs,2018-05-16 09:43:18,56,r/OSHA,43,2018-05-16 13:39:02,0,1,2,0
8jtmvs,2018-05-16 09:43:18,56,r/OSHA,43,2018-05-16 13:41:17,1,0,3,0
8jtmvs,2018-05-16 09:43:18,56,r/OSHA,44,2018-05-16 13:05:22,0,1,2,0
8jtmvs,2018-05-16 09:43:18,56,r/OSHA,44,2018-05-16 15:16:19,1,0,1,0
8jtmvs,2018-05-16 09:43:18,56,r/OSHA,45,2018-05-16 12:50:42,0,0,1,0
8jtmvs,2018-05-16 09:43:18,56,r/OSHA,46,2018-05-16 12:52:28,0,0,1,0
8jtmvs,2018-05-16 09:43:18,56,r/OSHA,47,2018-05-16 12:56:51,0,0,1,0
8jtmvs,2018-05-16 09:43:18,56,r/OSHA,48,2018-05-16 12:58:28,0,0,1,0
8jtmvs,2018-05-16 09:43:18,56,r/OSHA,49,2018-05-16 13:07:08,0,0,1,0
8jtmvs,2018-05-16 09:43:18,56,r/OSHA,50,2018-05-16 13:13:49,0,0,1,0
8jtmvs,2018-05-16 09:43:18,56,r/OSHA,51,2018-05-16 13:17:15,0,0,1,0
8jtmvs,2018-05-16 09:43:18,56,r/OSHA,52,2018-05-16 13:17:24,0,0,1,0
8jtmvs,2018-05-16 09:43:18,56,r/OSHA,53,2018-05-16 13:19:24,0,0,1,0
8jtmvs,2018-05-16 09:43:18,56,r/OSHA,54,2018-05-16 13:27:36,0,0,1,0
8jtmvs,2018-05-16 09:43:18,56,r/OSHA,55,2018-05-16 13:35:53,0,0,1,0
8jtmvs,2018-05-16 09:43:18,56,r/OSHA,56,2018-05-16 13:45:01,0,1,1,0
8jtmvs,2018-05-16 09:43:18,56,r/OSHA,56,2018-05-16 13:49:01,1,0,1,0
8jtmvs,2018-05-16 09:43:18,56,r/OSHA,57,2018-05-16 13:45:09,0,0,1,0
8jtmvs,2018-05-16 09:43:18,56,r/OSHA,58,2018-05-16 13:49:34,0,0,1,0
8jtmvs,2018-05-16 09:43:18,56,r/OSHA,59,2018-05-16 13:51:16,0,0,1,0
8jtmvs,2018-05-16 09:43:18,56,r/OSHA,60,2018-05-16 13:54:14,0,0,1,0
8jtmvs,2018-05-16 09:43:18,56,r/OSHA,61,2018-05-16 13:55:23,0,0,1,0
8jtmvs,2018-05-16 09:43:18,56,r/OSHA,62,2018-05-16 13:57:45,0,0,1,0
8jtmvs,2018-05-16 09:43:18,56,r/OSHA,63,2018-05-16 14:04:46,0,0,1,0
8jtmvs,2018-05-16 09:43:18,56,r/OSHA,64,2018-05-16 14:06:45,0,0,1,0
8jtmvs,2018-05-16 09:43:18,56,r/OSHA,65,2018-05-16 14:08:48,0,0,1,0
8jtmvs,2018-05-16 09:43:18,56,r/OSHA,66,2018-05-16 14:10:27,0,0,1,0
8jtmvs,2018-05-16 09:43:18,56,r/OSHA,67,2018-05-16 14:12:53,0,0,1,0
8jtmvs,2018-05-16 09:43:18,56,r/OSHA,68,2018-05-16 14:14:08,0,0,1,0
8jtmvs,2018-05-16 09:43:18,56,r/OSHA,69,2018-05-16 14:14:52,0,0,1,0
8jtmvs,2018-05-16 09:43:18,56,r/OSHA,70,2018-05-16 14:15:54,0,1,1,0
8jtmvs,2018-05-16 09:43:18,56,r/OSHA,70,2018-05-16 14:19:23,1,0,1,0
8jtmvs,2018-05-16 09:43:18,56,r/OSHA,71,2018-05-16 14:15:56,0,1,1,0
8jtmvs,2018-05-16 09:43:18,56,r/OSHA,71,2018-05-16 14:19:41,1,0,3,0
8jtmvs,2018-05-16 09:43:18,56,r/OSHA,72,2018-05-16 14:20:32,0,0,1,0
8jtmvs,2018-05-16 09:43:18,56,r/OSHA,73,2018-05-16 14:24:01,0,0,1,0
8jtmvs,2018-05-16 09:43:18,56,r/OSHA,74,2018-05-16 14:24:33,0,0,1,0
8jtmvs,2018-05-16 09:43:18,56,r/OSHA,75,2018-05-16 14:28:19,0,0,1,0
8jtmvs,2018-05-16 09:43:18,56,r/OSHA,76,2018-05-16 14:30:54,0,0,1,0
8jtmvs,2018-05-16 09:43:18,56,r/OSHA,77,2018-05-16 14:31:31,0,0,1,0
8jtmvs,2018-05-16 09:43:18,56,r/OSHA,78,2018-05-16 14:34:29,0,0,1,0
8jtmvs,2018-05-16 09:43:18,56,r/OSHA,79,2018-05-16 14:47:48,0,0,1,0
8jtmvs,2018-05-16 09:43:18,56,r/OSHA,80,2018-05-16 14:54:59,0,0,1,0
8jtmvs,2018-05-16 09:43:18,56,r/OSHA,81,2018-05-16 14:57:13,0,0,1,0
8jtmvs,2018-05-16 09:43:18,56,r/OSHA,82,2018-05-16 14:58:45,0,0,1,0
8jtmvs,2018-05-16 09:43:18,56,r/OSHA,83,2018-05-16 15:00:19,0,0,1,0
8jtmvs,2018-05-16 09:43:18,56,r/OSHA,84,2018-05-16 15:02:50,0,0,1,0
8jtmvs,2018-05-16 09:43:18,56,r/OSHA,85,2018-05-16 15:06:17,0,0,1,0
8jtmvs,2018-05-16 09:43:18,56,r/OSHA,86,2018-05-16 15:09:11,0,0,1,0
8jtmvs,2018-05-16 09:43:18,56,r/OSHA,87,2018-05-16 15:14:43,0,0,1,0
8jtmvs,2018-05-16 09:43:18,56,r/OSHA,88,2018-05-16 15:14:46,0,0,1,0
8jtmvs,2018-05-16 09:43:18,56,r/OSHA,89,2018-05-16 15:14:56,0,0,1,0
8jtmvs,2018-05-16 09:43:18,56,r/OSHA,90,2018-05-16 15:16:56,0,0,1,0
8jtmvs,2018-05-16 09:43:18,56,r/OSHA,91,2018-05-16 15:20:14,0,0,1,0
8jtmvs,2018-05-16 09:43:18,56,r/OSHA,92,2018-05-16 15:20:22,0,0,1,0
8jtmvs,2018-05-16 09:43:18,56,r/OSHA,93,2018-05-16 15:21:49,0,0,1,0
8jtmvs,2018-05-16 09:43:18,56,r/OSHA,94,2018-05-16 15:24:22,0,0,1,0
8jtmvs,2018-05-16 09:43:18,56,r/OSHA,95,2018-05-16 15:25:46,0,0,1,0
8jtmvs,2018-05-16 09:43:18,56,r/OSHA,96,2018-05-16 15:27:18,0,0,1,0
8jtmvs,2018-05-16 09:43:18,56,r/OSHA,97,2018-05-16 15:35:35,0,0,1,0
8jtmvs,2018-05-16 09:43:18,56,r/OSHA,98,2018-05-16 15:37:32,0,0,1,0
8jtmvs,2018-05-16 09:43:18,56,r/OSHA,99,2018-05-16 15:47:42,0,0,1,0
8jtmvs,2018-05-16 09:43:18,56,r/OSHA,100,2018-05-16 15:52:15,0,0,1,0
8jtmvs,2018-05-16 09:43:18,56,r/OSHA,101,2018-05-16 15:55:55,0,0,1,0
8jtmvs,2018-05-16 09:43:18,56,r/OSHA,102,2018-05-16 15:56:15,0,0,1,0
8jtmvs,2018-05-16 09:43:18,56,r/OSHA,103,2018-05-16 15:56:25,0,0,1,0
8jtmvs,2018-05-16 09:43:18,56,r/OSHA,104,2018-05-16 16:03:32,0,0,1,0
8jtmvs,2018-05-16 09:43:18,56,r/OSHA,105,2018-05-16 16:06:57,0,0,1,0
8jtmvs,2018-05-16 09:43:18,56,r/OSHA,106,2018-05-16 16:09:39,0,0,1,0
8jtmvs,2018-05-16 09:43:18,56,r/OSHA,107,2018-05-16 16:11:00,0,0,1,0
8jtmvs,2018-05-16 09:43:18,56,r/OSHA,108,2018-05-16 16:11:42,0,0,1,0
8jtmvs,2018-05-16 09:43:18,56,r/OSHA,109,2018-05-16 16:13:49,0,0,1,0
8jtmvs,2018-05-16 09:43:18,56,r/OSHA,110,2018-05-16 16:15:26,0,0,1,0
8jtmvs,2018-05-16 09:43:18,56,r/OSHA,111,2018-05-16 16:19:59,0,0,1,0
8jtmvs,2018-05-16 09:43:18,56,r/OSHA,112,2018-05-16 16:22:08,0,0,1,0
8jtmvs,2018-05-16 09:43:18,56,r/OSHA,113,2018-05-16 16:29:59,0,0,1,0
8jtmvs,2018-05-16 09:43:18,56,r/OSHA,114,2018-05-16 16:43:53,0,0,1,0
8jtmvs,2018-05-16 09:43:18,56,r/OSHA,115,2018-05-16 16:47:15,0,0,1,0
8jtmvs,2018-05-16 09:43:18,56,r/OSHA,116,2018-05-16 16:50:41,0,0,1,0
8jtmvs,2018-05-16 09:43:18,56,r/OSHA,117,2018-05-16 17:02:35,0,0,1,0
8jtmvs,2018-05-16 09:43:18,56,r/OSHA,118,2018-05-16 17:27:59,0,0,1,0
8jtmvs,2018-05-16 09:43:18,56,r/OSHA,119,2018-05-16 17:34:11,0,0,1,0
8jtmvs,2018-05-16 09:43:18,56,r/OSHA,120,2018-05-16 17:36:00,0,0,1,0
8jtmvs,2018-05-16 09:43:18,56,r/OSHA,121,2018-05-16 17:36:05,0,0,1,0
8jtmvs,2018-05-16 09:43:18,56,r/OSHA,122,2018-05-16 17:36:55,0,0,1,0
8jtmvs,2018-05-16 09:43:18,56,r/OSHA,123,2018-05-16 17:42:11,0,0,1,0
8jtmvs,2018-05-16 09:43:18,56,r/OSHA,124,2018-05-16 17:50:35,0,0,1,0
8jtmvs,2018-05-16 09:43:18,56,r/OSHA,125,2018-05-16 17:51:30,0,0,1,0
8jtmvs,2018-05-16 09:43:18,56,r/OSHA,126,2018-05-16 18:00:58,0,0,1,0
8jtmvs,2018-05-16 09:43:18,56,r/OSHA,127,2018-05-16 18:11:41,0,0,1,0
8jtmvs,2018-05-16 09:43:18,56,r/OSHA,128,2018-05-16 18:13:17,0,0,1,0
8jtmvs,2018-05-16 09:43:18,56,r/OSHA,129,2018-05-16 18:19:14,0,0,1,0
8jtmvs,2018-05-16 09:43:18,56,r/OSHA,130,2018-05-16 13:25:01,0,1,-1,0
8jtmvs,2018-05-16 09:43:18,56,r/OSHA,130,2018-05-16 13:33:36,1,0,10,0
8jtmvs,2018-05-16 09:43:18,56,r/OSHA,131,2018-05-16 12:55:41,0,0,1,0
8jtmvs,2018-05-16 09:43:18,56,r/OSHA,132,2018-05-16 13:03:05,0,1,1,0
8jtmvs,2018-05-16 09:43:18,56,r/OSHA,132,2018-05-16 13:05:41,1,1,-1,0
8jtmvs,2018-05-16 09:43:18,56,r/OSHA,132,2018-05-16 13:12:09,2,0,5,0
8jtmvs,2018-05-16 09:43:18,56,r/OSHA,133,2018-05-16 15:46:35,0,0,1,0
8jtmvs,2018-05-16 09:43:18,56,r/OSHA,134,2018-05-16 15:39:52,0,0,0,0
8jtmvs,2018-05-16 09:43:18,56,r/OSHA,135,2018-05-16 15:29:00,0,0,-1,0
8jtovm,2018-05-16 09:55:31,57,r/funny,0,2018-05-16 10:26:57,0,4,449,0
8jtovm,2018-05-16 09:55:31,57,r/funny,0,2018-05-16 14:30:02,1,2,222,0
8jtovm,2018-05-16 09:55:31,57,r/funny,0,2018-05-16 15:22:35,2,2,10,0
8jtovm,2018-05-16 09:55:31,57,r/funny,0,2018-05-16 16:01:00,3,1,10,0
8jtovm,2018-05-16 09:55:31,57,r/funny,0,2018-05-16 16:24:02,4,1,3,0
8jtovm,2018-05-16 09:55:31,57,r/funny,0,2018-05-16 18:15:01,5,0,1,0
8jtovm,2018-05-16 09:55:31,57,r/funny,0,2018-05-16 17:43:34,3,0,2,0
8jtovm,2018-05-16 09:55:31,57,r/funny,0,2018-05-16 17:03:33,2,0,4,0
8jtovm,2018-05-16 09:55:31,57,r/funny,0,2018-05-16 16:44:57,1,0,5,0
8jtovm,2018-05-16 09:55:31,57,r/funny,0,2018-05-16 17:11:27,1,0,1,0
8jtovm,2018-05-16 09:55:31,57,r/funny,0,2018-05-16 17:26:33,1,0,1,0
8jtovm,2018-05-16 09:55:31,57,r/funny,1,2018-05-16 13:13:24,0,9,514,0
8jtovm,2018-05-16 09:55:31,57,r/funny,1,2018-05-16 14:46:27,1,1,110,0
8jtovm,2018-05-16 09:55:31,57,r/funny,1,2018-05-16 14:52:17,2,0,21,0
8jtovm,2018-05-16 09:55:31,57,r/funny,1,2018-05-16 14:36:44,1,1,52,0
8jtovm,2018-05-16 09:55:31,57,r/funny,1,2018-05-16 16:09:06,2,2,6,0
8jtovm,2018-05-16 09:55:31,57,r/funny,1,2018-05-16 17:15:16,3,0,5,0
8jtovm,2018-05-16 09:55:31,57,r/funny,1,2018-05-16 17:16:10,3,0,2,0
8jtovm,2018-05-16 09:55:31,57,r/funny,1,2018-05-16 14:27:16,1,0,8,0
8jtovm,2018-05-16 09:55:31,57,r/funny,1,2018-05-16 15:08:45,1,1,7,0
8jtovm,2018-05-16 09:55:31,57,r/funny,1,2018-05-16 16:22:53,2,0,1,0
8jtovm,2018-05-16 09:55:31,57,r/funny,1,2018-05-16 17:06:05,1,0,6,0
8jtovm,2018-05-16 09:55:31,57,r/funny,1,2018-05-16 14:04:35,1,0,5,0
8jtovm,2018-05-16 09:55:31,57,r/funny,1,2018-05-16 17:28:01,1,0,1,0
8jtovm,2018-05-16 09:55:31,57,r/funny,1,2018-05-16 18:16:18,1,1,1,0
8jtovm,2018-05-16 09:55:31,57,r/funny,1,2018-05-16 18:25:11,2,0,1,0
8jtovm,2018-05-16 09:55:31,57,r/funny,1,2018-05-16 15:23:02,1,1,1,0
8jtovm,2018-05-16 09:55:31,57,r/funny,1,2018-05-16 16:14:42,2,0,3,0
8jtovm,2018-05-16 09:55:31,57,r/funny,2,2018-05-16 13:27:48,0,1,64,0
8jtovm,2018-05-16 09:55:31,57,r/funny,2,2018-05-16 13:32:20,1,1,23,0
8jtovm,2018-05-16 09:55:31,57,r/funny,2,2018-05-16 13:38:26,2,1,26,0
8jtovm,2018-05-16 09:55:31,57,r/funny,2,2018-05-16 14:43:53,3,2,12,0
8jtovm,2018-05-16 09:55:31,57,r/funny,2,2018-05-16 15:00:30,4,1,8,0
8jtovm,2018-05-16 09:55:31,57,r/funny,2,2018-05-16 15:07:02,5,0,10,0
8jtovm,2018-05-16 09:55:31,57,r/funny,2,2018-05-16 15:16:03,4,0,0,0
8jtovm,2018-05-16 09:55:31,57,r/funny,3,2018-05-16 13:12:04,0,0,29,0
8jtovm,2018-05-16 09:55:31,57,r/funny,4,2018-05-16 10:45:09,0,0,46,0
8jtovm,2018-05-16 09:55:31,57,r/funny,5,2018-05-16 10:22:24,0,1,14,0
8jtovm,2018-05-16 09:55:31,57,r/funny,5,2018-05-16 17:11:50,1,0,1,0
8jtovm,2018-05-16 09:55:31,57,r/funny,6,2018-05-16 13:20:54,0,1,26,0
8jtovm,2018-05-16 09:55:31,57,r/funny,6,2018-05-16 17:27:10,1,0,2,0
8jtovm,2018-05-16 09:55:31,57,r/funny,7,2018-05-16 14:18:19,0,2,11,0
8jtovm,2018-05-16 09:55:31,57,r/funny,7,2018-05-16 15:19:18,1,0,4,0
8jtovm,2018-05-16 09:55:31,57,r/funny,7,2018-05-16 14:44:56,1,0,2,0
8jtovm,2018-05-16 09:55:31,57,r/funny,8,2018-05-16 10:53:52,0,2,46,0
8jtovm,2018-05-16 09:55:31,57,r/funny,8,2018-05-16 14:27:47,1,0,32,0
8jtovm,2018-05-16 09:55:31,57,r/funny,8,2018-05-16 13:53:17,1,1,9,0
8jtovm,2018-05-16 09:55:31,57,r/funny,8,2018-05-16 14:00:23,2,1,2,0
8jtovm,2018-05-16 09:55:31,57,r/funny,8,2018-05-16 16:02:00,3,0,3,0
8jtovm,2018-05-16 09:55:31,57,r/funny,9,2018-05-16 11:15:12,0,0,9,0
8jtovm,2018-05-16 09:55:31,57,r/funny,10,2018-05-16 12:59:36,0,0,8,0
8jtovm,2018-05-16 09:55:31,57,r/funny,11,2018-05-16 10:42:30,0,0,8,0
8jtovm,2018-05-16 09:55:31,57,r/funny,12,2018-05-16 15:29:21,0,1,5,0
8jtovm,2018-05-16 09:55:31,57,r/funny,12,2018-05-16 16:54:10,1,0,1,0
8jtovm,2018-05-16 09:55:31,57,r/funny,13,2018-05-16 15:08:51,0,0,3,0
8jtovm,2018-05-16 09:55:31,57,r/funny,14,2018-05-16 15:21:53,0,3,3,0
8jtovm,2018-05-16 09:55:31,57,r/funny,14,2018-05-16 17:08:54,1,0,4,0
8jtovm,2018-05-16 09:55:31,57,r/funny,14,2018-05-16 15:24:16,1,0,2,0
8jtovm,2018-05-16 09:55:31,57,r/funny,14,2018-05-16 16:04:07,1,1,1,0
8jtovm,2018-05-16 09:55:31,57,r/funny,14,2018-05-16 16:07:23,2,1,6,0
8jtovm,2018-05-16 09:55:31,57,r/funny,14,2018-05-16 17:18:19,3,0,3,0
8jtovm,2018-05-16 09:55:31,57,r/funny,15,2018-05-16 11:05:25,0,1,2,0
8jtovm,2018-05-16 09:55:31,57,r/funny,15,2018-05-16 17:12:48,1,0,1,0
8jtovm,2018-05-16 09:55:31,57,r/funny,16,2018-05-16 13:14:21,0,0,2,0
8jtovm,2018-05-16 09:55:31,57,r/funny,17,2018-05-16 14:23:29,0,0,2,0
8jtovm,2018-05-16 09:55:31,57,r/funny,18,2018-05-16 15:31:19,0,0,2,0
8jtovm,2018-05-16 09:55:31,57,r/funny,19,2018-05-16 15:42:45,0,0,2,0
8jtovm,2018-05-16 09:55:31,57,r/funny,20,2018-05-16 15:43:28,0,1,2,0
8jtovm,2018-05-16 09:55:31,57,r/funny,20,2018-05-16 18:30:39,1,0,1,0
8jtovm,2018-05-16 09:55:31,57,r/funny,21,2018-05-16 15:51:08,0,0,2,0
8jtovm,2018-05-16 09:55:31,57,r/funny,22,2018-05-16 15:51:26,0,0,2,0
8jtovm,2018-05-16 09:55:31,57,r/funny,23,2018-05-16 16:13:15,0,0,2,0
8jtovm,2018-05-16 09:55:31,57,r/funny,24,2018-05-16 16:40:15,0,0,2,0
8jtovm,2018-05-16 09:55:31,57,r/funny,25,2018-05-16 10:05:25,0,1,2,0
8jtovm,2018-05-16 09:55:31,57,r/funny,25,2018-05-16 12:17:29,1,1,3,0
8jtovm,2018-05-16 09:55:31,57,r/funny,25,2018-05-16 18:29:03,2,0,1,0
8jtovm,2018-05-16 09:55:31,57,r/funny,26,2018-05-16 13:30:27,0,0,1,0
8jtovm,2018-05-16 09:55:31,57,r/funny,27,2018-05-16 14:15:40,0,1,1,0
8jtovm,2018-05-16 09:55:31,57,r/funny,27,2018-05-16 14:17:09,1,0,3,0
8jtovm,2018-05-16 09:55:31,57,r/funny,28,2018-05-16 14:26:40,0,0,1,0
8jtovm,2018-05-16 09:55:31,57,r/funny,29,2018-05-16 14:33:57,0,0,1,0
8jtovm,2018-05-16 09:55:31,57,r/funny,30,2018-05-16 14:50:04,0,1,1,0
8jtovm,2018-05-16 09:55:31,57,r/funny,30,2018-05-16 15:18:43,1,0,2,0
8jtovm,2018-05-16 09:55:31,57,r/funny,31,2018-05-16 14:59:01,0,0,1,0
8jtovm,2018-05-16 09:55:31,57,r/funny,32,2018-05-16 15:08:53,0,0,1,0
8jtovm,2018-05-16 09:55:31,57,r/funny,33,2018-05-16 15:15:43,0,0,1,0
8jtovm,2018-05-16 09:55:31,57,r/funny,34,2018-05-16 15:37:54,0,0,1,0
8jtovm,2018-05-16 09:55:31,57,r/funny,35,2018-05-16 15:49:54,0,0,1,0
8jtovm,2018-05-16 09:55:31,57,r/funny,36,2018-05-16 16:00:53,0,0,1,0
8jtovm,2018-05-16 09:55:31,57,r/funny,37,2018-05-16 16:05:46,0,0,1,0
8jtovm,2018-05-16 09:55:31,57,r/funny,38,2018-05-16 16:13:56,0,0,1,0
8jtovm,2018-05-16 09:55:31,57,r/funny,39,2018-05-16 16:25:02,0,0,1,0
8jtovm,2018-05-16 09:55:31,57,r/funny,40,2018-05-16 16:38:37,0,0,1,0
8jtovm,2018-05-16 09:55:31,57,r/funny,41,2018-05-16 16:49:51,0,0,1,0
8jtovm,2018-05-16 09:55:31,57,r/funny,42,2018-05-16 16:53:00,0,0,1,0
8jtovm,2018-05-16 09:55:31,57,r/funny,43,2018-05-16 16:55:24,0,0,1,0
8jtovm,2018-05-16 09:55:31,57,r/funny,44,2018-05-16 16:55:50,0,0,1,0
8jtovm,2018-05-16 09:55:31,57,r/funny,45,2018-05-16 17:11:22,0,0,1,0
8jtovm,2018-05-16 09:55:31,57,r/funny,46,2018-05-16 17:21:09,0,0,1,0
8jtovm,2018-05-16 09:55:31,57,r/funny,47,2018-05-16 17:24:07,0,0,1,0
8jtovm,2018-05-16 09:55:31,57,r/funny,48,2018-05-16 17:35:25,0,0,1,0
8jtovm,2018-05-16 09:55:31,57,r/funny,49,2018-05-16 17:41:43,0,0,1,0
8jtovm,2018-05-16 09:55:31,57,r/funny,50,2018-05-16 18:04:36,0,0,1,0
8jtovm,2018-05-16 09:55:31,57,r/funny,51,2018-05-16 18:06:30,0,0,1,0
8jtovm,2018-05-16 09:55:31,57,r/funny,52,2018-05-16 18:17:11,0,1,1,0
8jtovm,2018-05-16 09:55:31,57,r/funny,52,2018-05-16 18:24:12,1,1,2,0
8jtovm,2018-05-16 09:55:31,57,r/funny,52,2018-05-16 18:24:40,2,0,1,0
8jtovm,2018-05-16 09:55:31,57,r/funny,53,2018-05-16 18:24:09,0,0,1,0
8jtovm,2018-05-16 09:55:31,57,r/funny,54,2018-05-16 18:30:52,0,0,1,0
8jtovm,2018-05-16 09:55:31,57,r/funny,55,2018-05-16 12:20:27,0,1,-2,0
8jtovm,2018-05-16 09:55:31,57,r/funny,55,2018-05-16 13:49:46,1,2,6,0
8jtovm,2018-05-16 09:55:31,57,r/funny,55,2018-05-16 14:30:18,2,1,4,0
8jtovm,2018-05-16 09:55:31,57,r/funny,55,2018-05-16 16:20:51,3,0,1,0
8jtovm,2018-05-16 09:55:31,57,r/funny,55,2018-05-16 14:05:24,2,0,4,0
8jtovm,2018-05-16 09:55:31,57,r/funny,56,2018-05-16 15:14:32,0,0,1,0
8jtovm,2018-05-16 09:55:31,57,r/funny,57,2018-05-16 13:18:32,0,0,0,0
8jtovm,2018-05-16 09:55:31,57,r/funny,58,2018-05-16 16:38:23,0,0,0,0
8jtovm,2018-05-16 09:55:31,57,r/funny,59,2018-05-16 14:10:35,0,0,-6,0
8jtvjv,2018-05-16 10:33:45,58,r/LateStageCapitalism,0,2018-05-16 10:33:45,0,1,1,0
8jtvjv,2018-05-16 10:33:45,58,r/LateStageCapitalism,1,2018-05-16 13:07:46,0,20,1992,0
8jtvjv,2018-05-16 10:33:45,58,r/LateStageCapitalism,1,2018-05-16 13:24:28,1,7,358,0
8jtvjv,2018-05-16 10:33:45,58,r/LateStageCapitalism,1,2018-05-16 14:16:17,2,4,447,0
8jtvjv,2018-05-16 10:33:45,58,r/LateStageCapitalism,1,2018-05-16 14:55:28,3,6,421,0
8jtvjv,2018-05-16 10:33:45,58,r/LateStageCapitalism,1,2018-05-16 15:09:34,4,2,173,0
8jtvjv,2018-05-16 10:33:45,58,r/LateStageCapitalism,1,2018-05-16 15:12:26,5,1,127,0
8jtvjv,2018-05-16 10:33:45,58,r/LateStageCapitalism,1,2018-05-16 15:25:01,6,3,-57,0
8jtvjv,2018-05-16 10:33:45,58,r/LateStageCapitalism,1,2018-05-16 15:36:25,7,0,52,0
8jtvjv,2018-05-16 10:33:45,58,r/LateStageCapitalism,1,2018-05-16 15:47:37,7,3,35,0
8jtvjv,2018-05-16 10:33:45,58,r/LateStageCapitalism,1,2018-05-16 16:00:34,8,0,14,0
8jtvjv,2018-05-16 10:33:45,58,r/LateStageCapitalism,1,2018-05-16 16:32:52,8,1,1,0
8jtvjv,2018-05-16 10:33:45,58,r/LateStageCapitalism,1,2018-05-16 16:32:52,9,0,2,0
8jtvjv,2018-05-16 10:33:45,58,r/LateStageCapitalism,1,2018-05-16 15:58:48,8,4,-6,0
8jtvjv,2018-05-16 10:33:45,58,r/LateStageCapitalism,1,2018-05-16 16:37:35,9,1,8,0
8jtvjv,2018-05-16 10:33:45,58,r/LateStageCapitalism,1,2018-05-16 16:51:04,9,0,4,0
8jtvjv,2018-05-16 10:33:45,58,r/LateStageCapitalism,1,2018-05-16 17:33:41,9,0,3,0
8jtvjv,2018-05-16 10:33:45,58,r/LateStageCapitalism,1,2018-05-16 16:34:08,9,0,0,0
8jtvjv,2018-05-16 10:33:45,58,r/LateStageCapitalism,1,2018-05-16 15:36:11,7,0,26,0
8jtvjv,2018-05-16 10:33:45,58,r/LateStageCapitalism,1,2018-05-16 16:43:48,5,2,10,0
8jtvjv,2018-05-16 10:33:45,58,r/LateStageCapitalism,1,2018-05-16 17:46:04,6,1,6,0
8jtvjv,2018-05-16 10:33:45,58,r/LateStageCapitalism,1,2018-05-16 17:52:08,7,0,1,0
8jtvjv,2018-05-16 10:33:45,58,r/LateStageCapitalism,1,2018-05-16 18:27:51,6,0,1,0
8jtvjv,2018-05-16 10:33:45,58,r/LateStageCapitalism,1,2018-05-16 16:28:25,4,0,14,0
8jtvjv,2018-05-16 10:33:45,58,r/LateStageCapitalism,1,2018-05-16 16:54:17,4,0,3,0
8jtvjv,2018-05-16 10:33:45,58,r/LateStageCapitalism,1,2018-05-16 17:08:53,4,1,1,0
8jtvjv,2018-05-16 10:33:45,58,r/LateStageCapitalism,1,2018-05-16 17:08:53,5,0,1,0
8jtvjv,2018-05-16 10:33:45,58,r/LateStageCapitalism,1,2018-05-16 17:19:39,4,1,1,0
8jtvjv,2018-05-16 10:33:45,58,r/LateStageCapitalism,1,2018-05-16 17:19:39,5,0,1,0
8jtvjv,2018-05-16 10:33:45,58,r/LateStageCapitalism,1,2018-05-16 17:25:47,4,2,0,0
8jtvjv,2018-05-16 10:33:45,58,r/LateStageCapitalism,1,2018-05-16 17:53:41,5,0,2,0
8jtvjv,2018-05-16 10:33:45,58,r/LateStageCapitalism,1,2018-05-16 17:53:23,5,0,1,0
8jtvjv,2018-05-16 10:33:45,58,r/LateStageCapitalism,1,2018-05-16 14:54:28,3,0,28,0
8jtvjv,2018-05-16 10:33:45,58,r/LateStageCapitalism,1,2018-05-16 14:57:29,3,1,1,0
8jtvjv,2018-05-16 10:33:45,58,r/LateStageCapitalism,1,2018-05-16 14:57:30,4,0,3,0
8jtvjv,2018-05-16 10:33:45,58,r/LateStageCapitalism,1,2018-05-16 15:01:49,3,3,-7,0
8jtvjv,2018-05-16 10:33:45,58,r/LateStageCapitalism,1,2018-05-16 15:06:40,4,1,22,0
8jtvjv,2018-05-16 10:33:45,58,r/LateStageCapitalism,1,2018-05-16 15:12:27,5,0,10,0
8jtvjv,2018-05-16 10:33:45,58,r/LateStageCapitalism,1,2018-05-16 15:20:47,4,1,14,0
8jtvjv,2018-05-16 10:33:45,58,r/LateStageCapitalism,1,2018-05-16 16:22:19,5,1,6,0
8jtvjv,2018-05-16 10:33:45,58,r/LateStageCapitalism,1,2018-05-16 16:44:17,6,0,3,0
8jtvjv,2018-05-16 10:33:45,58,r/LateStageCapitalism,1,2018-05-16 16:35:45,4,0,1,0
8jtvjv,2018-05-16 10:33:45,58,r/LateStageCapitalism,1,2018-05-16 14:21:13,2,1,20,0
8jtvjv,2018-05-16 10:33:45,58,r/LateStageCapitalism,1,2018-05-16 15:30:04,3,2,-2,0
8jtvjv,2018-05-16 10:33:45,58,r/LateStageCapitalism,1,2018-05-16 16:36:24,4,0,7,0
8jtvjv,2018-05-16 10:33:45,58,r/LateStageCapitalism,1,2018-05-16 18:03:54,4,0,1,0
8jtvjv,2018-05-16 10:33:45,58,r/LateStageCapitalism,1,2018-05-16 13:39:54,2,4,72,0
8jtvjv,2018-05-16 10:33:45,58,r/LateStageCapitalism,1,2018-05-16 14:54:43,3,1,14,0
8jtvjv,2018-05-16 10:33:45,58,r/LateStageCapitalism,1,2018-05-16 15:04:02,4,1,2,0
8jtvjv,2018-05-16 10:33:45,58,r/LateStageCapitalism,1,2018-05-16 15:56:59,5,1,1,0
8jtvjv,2018-05-16 10:33:45,58,r/LateStageCapitalism,1,2018-05-16 17:27:14,6,1,1,0
8jtvjv,2018-05-16 10:33:45,58,r/LateStageCapitalism,1,2018-05-16 17:48:49,7,0,1,0
8jtvjv,2018-05-16 10:33:45,58,r/LateStageCapitalism,1,2018-05-16 14:29:36,3,2,43,0
8jtvjv,2018-05-16 10:33:45,58,r/LateStageCapitalism,1,2018-05-16 14:42:24,4,4,19,0
8jtvjv,2018-05-16 10:33:45,58,r/LateStageCapitalism,1,2018-05-16 14:51:03,5,0,18,0
8jtvjv,2018-05-16 10:33:45,58,r/LateStageCapitalism,1,2018-05-16 14:50:42,5,0,26,0
8jtvjv,2018-05-16 10:33:45,58,r/LateStageCapitalism,1,2018-05-16 15:39:26,5,0,11,0
8jtvjv,2018-05-16 10:33:45,58,r/LateStageCapitalism,1,2018-05-16 14:48:15,5,0,8,0
8jtvjv,2018-05-16 10:33:45,58,r/LateStageCapitalism,1,2018-05-16 15:42:22,4,0,1,0
8jtvjv,2018-05-16 10:33:45,58,r/LateStageCapitalism,1,2018-05-16 16:19:12,3,0,2,0
8jtvjv,2018-05-16 10:33:45,58,r/LateStageCapitalism,1,2018-05-16 18:30:23,3,0,1,0
8jtvjv,2018-05-16 10:33:45,58,r/LateStageCapitalism,1,2018-05-16 14:54:23,2,0,3,0
8jtvjv,2018-05-16 10:33:45,58,r/LateStageCapitalism,1,2018-05-16 15:32:10,2,0,2,0
8jtvjv,2018-05-16 10:33:45,58,r/LateStageCapitalism,1,2018-05-16 16:37:34,2,1,1,0
8jtvjv,2018-05-16 10:33:45,58,r/LateStageCapitalism,1,2018-05-16 17:34:16,3,0,2,0
8jtvjv,2018-05-16 10:33:45,58,r/LateStageCapitalism,1,2018-05-16 17:45:42,2,0,0,0
8jtvjv,2018-05-16 10:33:45,58,r/LateStageCapitalism,1,2018-05-16 13:33:44,1,3,102,0
8jtvjv,2018-05-16 10:33:45,58,r/LateStageCapitalism,1,2018-05-16 13:41:45,2,1,46,0
8jtvjv,2018-05-16 10:33:45,58,r/LateStageCapitalism,1,2018-05-16 13:53:41,3,1,2,0
8jtvjv,2018-05-16 10:33:45,58,r/LateStageCapitalism,1,2018-05-16 13:53:42,4,0,1,0
8jtvjv,2018-05-16 10:33:45,58,r/LateStageCapitalism,1,2018-05-16 14:07:57,2,1,40,0
8jtvjv,2018-05-16 10:33:45,58,r/LateStageCapitalism,1,2018-05-16 14:32:41,3,1,36,0
8jtvjv,2018-05-16 10:33:45,58,r/LateStageCapitalism,1,2018-05-16 17:57:01,4,0,2,0
8jtvjv,2018-05-16 10:33:45,58,r/LateStageCapitalism,1,2018-05-16 18:08:02,2,0,1,0
8jtvjv,2018-05-16 10:33:45,58,r/LateStageCapitalism,1,2018-05-16 14:06:52,1,1,20,0
8jtvjv,2018-05-16 10:33:45,58,r/LateStageCapitalism,1,2018-05-16 15:24:44,2,1,2,0
8jtvjv,2018-05-16 10:33:45,58,r/LateStageCapitalism,1,2018-05-16 15:46:45,3,0,7,0
8jtvjv,2018-05-16 10:33:45,58,r/LateStageCapitalism,1,2018-05-16 13:44:30,1,0,15,0
8jtvjv,2018-05-16 10:33:45,58,r/LateStageCapitalism,1,2018-05-16 17:40:49,1,0,2,0
8jtvjv,2018-05-16 10:33:45,58,r/LateStageCapitalism,1,2018-05-16 16:07:32,1,0,1,0
8jtvjv,2018-05-16 10:33:45,58,r/LateStageCapitalism,1,2018-05-16 16:12:08,1,0,1,0
8jtvjv,2018-05-16 10:33:45,58,r/LateStageCapitalism,1,2018-05-16 16:14:20,1,0,1,0
8jtvjv,2018-05-16 10:33:45,58,r/LateStageCapitalism,1,2018-05-16 16:23:51,1,0,1,0
8jtvjv,2018-05-16 10:33:45,58,r/LateStageCapitalism,1,2018-05-16 16:34:04,1,0,1,0
8jtvjv,2018-05-16 10:33:45,58,r/LateStageCapitalism,1,2018-05-16 16:46:39,1,0,1,0
8jtvjv,2018-05-16 10:33:45,58,r/LateStageCapitalism,1,2018-05-16 16:53:59,1,0,1,0
8jtvjv,2018-05-16 10:33:45,58,r/LateStageCapitalism,1,2018-05-16 17:12:27,1,0,1,0
8jtvjv,2018-05-16 10:33:45,58,r/LateStageCapitalism,1,2018-05-16 17:36:36,1,0,1,0
8jtvjv,2018-05-16 10:33:45,58,r/LateStageCapitalism,1,2018-05-16 18:16:11,1,0,1,0
8jtvjv,2018-05-16 10:33:45,58,r/LateStageCapitalism,1,2018-05-16 15:44:26,1,0,1,0
8jtvjv,2018-05-16 10:33:45,58,r/LateStageCapitalism,1,2018-05-16 16:14:52,1,0,1,0
8jtvjv,2018-05-16 10:33:45,58,r/LateStageCapitalism,1,2018-05-16 16:29:12,1,0,1,0
8jtvjv,2018-05-16 10:33:45,58,r/LateStageCapitalism,1,2018-05-16 15:27:58,1,0,0,0
8jtvjv,2018-05-16 10:33:45,58,r/LateStageCapitalism,1,2018-05-16 14:28:19,1,3,-10,0
8jtvjv,2018-05-16 10:33:45,58,r/LateStageCapitalism,1,2018-05-16 14:56:05,2,1,6,0
8jtvjv,2018-05-16 10:33:45,58,r/LateStageCapitalism,1,2018-05-16 15:21:08,3,2,5,0
8jtvjv,2018-05-16 10:33:45,58,r/LateStageCapitalism,1,2018-05-16 16:00:39,4,0,4,0
8jtvjv,2018-05-16 10:33:45,58,r/LateStageCapitalism,1,2018-05-16 16:16:12,4,0,3,0
8jtvjv,2018-05-16 10:33:45,58,r/LateStageCapitalism,1,2018-05-16 15:09:09,2,1,1,0
8jtvjv,2018-05-16 10:33:45,58,r/LateStageCapitalism,1,2018-05-16 16:22:04,3,1,3,0
8jtvjv,2018-05-16 10:33:45,58,r/LateStageCapitalism,1,2018-05-16 17:27:26,4,2,1,0
8jtvjv,2018-05-16 10:33:45,58,r/LateStageCapitalism,1,2018-05-16 17:31:27,5,0,1,0
8jtvjv,2018-05-16 10:33:45,58,r/LateStageCapitalism,1,2018-05-16 17:52:48,5,0,1,0
8jtvjv,2018-05-16 10:33:45,58,r/LateStageCapitalism,1,2018-05-16 15:13:12,2,0,-1,0
8jtvjv,2018-05-16 10:33:45,58,r/LateStageCapitalism,2,2018-05-16 12:20:33,0,3,750,0
8jtvjv,2018-05-16 10:33:45,58,r/LateStageCapitalism,2,2018-05-16 13:30:42,1,1,80,0
8jtvjv,2018-05-16 10:33:45,58,r/LateStageCapitalism,2,2018-05-16 15:07:41,2,1,30,0
8jtvjv,2018-05-16 10:33:45,58,r/LateStageCapitalism,2,2018-05-16 17:25:29,3,0,6,0
8jtvjv,2018-05-16 10:33:45,58,r/LateStageCapitalism,2,2018-05-16 15:27:32,1,0,5,0
8jtvjv,2018-05-16 10:33:45,58,r/LateStageCapitalism,2,2018-05-16 17:12:49,1,1,3,0
8jtvjv,2018-05-16 10:33:45,58,r/LateStageCapitalism,2,2018-05-16 17:38:16,2,0,8,0
8jtvjv,2018-05-16 10:33:45,58,r/LateStageCapitalism,3,2018-05-16 13:32:34,0,3,283,0
8jtvjv,2018-05-16 10:33:45,58,r/LateStageCapitalism,3,2018-05-16 14:17:48,1,6,156,0
8jtvjv,2018-05-16 10:33:45,58,r/LateStageCapitalism,3,2018-05-16 14:57:45,2,2,121,0
8jtvjv,2018-05-16 10:33:45,58,r/LateStageCapitalism,3,2018-05-16 15:15:15,3,2,39,0
8jtvjv,2018-05-16 10:33:45,58,r/LateStageCapitalism,3,2018-05-16 15:23:38,4,2,25,0
8jtvjv,2018-05-16 10:33:45,58,r/LateStageCapitalism,3,2018-05-16 15:29:22,5,1,55,0
8jtvjv,2018-05-16 10:33:45,58,r/LateStageCapitalism,3,2018-05-16 16:20:50,6,0,24,0
8jtvjv,2018-05-16 10:33:45,58,r/LateStageCapitalism,3,2018-05-16 15:37:55,5,1,-1,0
8jtvjv,2018-05-16 10:33:45,58,r/LateStageCapitalism,3,2018-05-16 15:37:55,6,0,2,0
8jtvjv,2018-05-16 10:33:45,58,r/LateStageCapitalism,3,2018-05-16 15:56:39,4,0,16,0
8jtvjv,2018-05-16 10:33:45,58,r/LateStageCapitalism,3,2018-05-16 17:13:47,3,0,2,0
8jtvjv,2018-05-16 10:33:45,58,r/LateStageCapitalism,3,2018-05-16 15:00:46,2,1,20,0
8jtvjv,2018-05-16 10:33:45,58,r/LateStageCapitalism,3,2018-05-16 15:05:21,3,2,28,0
8jtvjv,2018-05-16 10:33:45,58,r/LateStageCapitalism,3,2018-05-16 15:30:13,4,0,11,0
8jtvjv,2018-05-16 10:33:45,58,r/LateStageCapitalism,3,2018-05-16 16:26:30,4,0,1,0
8jtvjv,2018-05-16 10:33:45,58,r/LateStageCapitalism,3,2018-05-16 15:43:14,2,0,8,0
8jtvjv,2018-05-16 10:33:45,58,r/LateStageCapitalism,3,2018-05-16 15:45:45,2,0,7,0
8jtvjv,2018-05-16 10:33:45,58,r/LateStageCapitalism,3,2018-05-16 17:54:51,2,0,2,0
8jtvjv,2018-05-16 10:33:45,58,r/LateStageCapitalism,3,2018-05-16 14:59:43,2,0,2,0
8jtvjv,2018-05-16 10:33:45,58,r/LateStageCapitalism,3,2018-05-16 14:49:10,1,0,46,0
8jtvjv,2018-05-16 10:33:45,58,r/LateStageCapitalism,3,2018-05-16 14:52:46,1,0,3,0
8jtvjv,2018-05-16 10:33:45,58,r/LateStageCapitalism,4,2018-05-16 13:50:26,0,1,189,0
8jtvjv,2018-05-16 10:33:45,58,r/LateStageCapitalism,4,2018-05-16 14:22:53,1,0,41,0
8jtvjv,2018-05-16 10:33:45,58,r/LateStageCapitalism,5,2018-05-16 11:40:48,0,4,274,0
8jtvjv,2018-05-16 10:33:45,58,r/LateStageCapitalism,5,2018-05-16 12:32:43,1,2,89,0
8jtvjv,2018-05-16 10:33:45,58,r/LateStageCapitalism,5,2018-05-16 12:36:17,2,2,40,0
8jtvjv,2018-05-16 10:33:45,58,r/LateStageCapitalism,5,2018-05-16 12:41:09,3,4,56,0
8jtvjv,2018-05-16 10:33:45,58,r/LateStageCapitalism,5,2018-05-16 13:07:49,4,0,34,0
8jtvjv,2018-05-16 10:33:45,58,r/LateStageCapitalism,5,2018-05-16 13:27:23,4,1,24,0
8jtvjv,2018-05-16 10:33:45,58,r/LateStageCapitalism,5,2018-05-16 14:42:11,5,1,6,0
8jtvjv,2018-05-16 10:33:45,58,r/LateStageCapitalism,5,2018-05-16 14:52:25,6,1,6,0
8jtvjv,2018-05-16 10:33:45,58,r/LateStageCapitalism,5,2018-05-16 15:06:12,7,0,2,0
8jtvjv,2018-05-16 10:33:45,58,r/LateStageCapitalism,5,2018-05-16 14:07:07,4,0,5,0
8jtvjv,2018-05-16 10:33:45,58,r/LateStageCapitalism,5,2018-05-16 14:44:05,4,1,2,0
8jtvjv,2018-05-16 10:33:45,58,r/LateStageCapitalism,5,2018-05-16 14:49:46,5,0,2,0
8jtvjv,2018-05-16 10:33:45,58,r/LateStageCapitalism,5,2018-05-16 13:24:00,3,3,13,0
8jtvjv,2018-05-16 10:33:45,58,r/LateStageCapitalism,5,2018-05-16 13:24:49,4,0,4,0
8jtvjv,2018-05-16 10:33:45,58,r/LateStageCapitalism,5,2018-05-16 16:24:49,4,1,1,0
8jtvjv,2018-05-16 10:33:45,58,r/LateStageCapitalism,5,2018-05-16 17:23:13,5,1,4,0
8jtvjv,2018-05-16 10:33:45,58,r/LateStageCapitalism,5,2018-05-16 17:44:17,6,0,1,0
8jtvjv,2018-05-16 10:33:45,58,r/LateStageCapitalism,5,2018-05-16 14:39:17,4,0,1,0
8jtvjv,2018-05-16 10:33:45,58,r/LateStageCapitalism,5,2018-05-16 13:13:25,2,0,0,0
8jtvjv,2018-05-16 10:33:45,58,r/LateStageCapitalism,5,2018-05-16 17:03:49,1,0,1,0
8jtvjv,2018-05-16 10:33:45,58,r/LateStageCapitalism,5,2018-05-16 14:45:24,1,0,-1,0
8jtvjv,2018-05-16 10:33:45,58,r/LateStageCapitalism,5,2018-05-16 14:57:26,1,0,0,0
8jtvjv,2018-05-16 10:33:45,58,r/LateStageCapitalism,6,2018-05-16 13:06:40,0,2,100,0
8jtvjv,2018-05-16 10:33:45,58,r/LateStageCapitalism,6,2018-05-16 13:18:56,1,2,56,0
8jtvjv,2018-05-16 10:33:45,58,r/LateStageCapitalism,6,2018-05-16 14:57:34,2,0,11,0
8jtvjv,2018-05-16 10:33:45,58,r/LateStageCapitalism,6,2018-05-16 15:33:33,2,0,0,0
8jtvjv,2018-05-16 10:33:45,58,r/LateStageCapitalism,6,2018-05-16 13:20:58,1,2,-8,0
8jtvjv,2018-05-16 10:33:45,58,r/LateStageCapitalism,6,2018-05-16 13:24:25,2,2,80,0
8jtvjv,2018-05-16 10:33:45,58,r/LateStageCapitalism,6,2018-05-16 14:12:19,3,0,15,0
8jtvjv,2018-05-16 10:33:45,58,r/LateStageCapitalism,6,2018-05-16 13:41:25,3,2,5,0
8jtvjv,2018-05-16 10:33:45,58,r/LateStageCapitalism,6,2018-05-16 14:02:57,4,1,10,0
8jtvjv,2018-05-16 10:33:45,58,r/LateStageCapitalism,6,2018-05-16 14:18:00,5,0,2,0
8jtvjv,2018-05-16 10:33:45,58,r/LateStageCapitalism,6,2018-05-16 14:11:17,4,1,2,0
8jtvjv,2018-05-16 10:33:45,58,r/LateStageCapitalism,6,2018-05-16 14:18:50,5,0,1,0
8jtvjv,2018-05-16 10:33:45,58,r/LateStageCapitalism,6,2018-05-16 13:24:34,2,1,7,0
8jtvjv,2018-05-16 10:33:45,58,r/LateStageCapitalism,6,2018-05-16 14:01:47,3,1,11,0
8jtvjv,2018-05-16 10:33:45,58,r/LateStageCapitalism,6,2018-05-16 14:05:46,4,1,3,0
8jtvjv,2018-05-16 10:33:45,58,r/LateStageCapitalism,6,2018-05-16 14:18:24,5,1,1,0
8jtvjv,2018-05-16 10:33:45,58,r/LateStageCapitalism,6,2018-05-16 14:33:24,6,0,11,0
8jtvjv,2018-05-16 10:33:45,58,r/LateStageCapitalism,7,2018-05-16 14:33:33,0,2,35,0
8jtvjv,2018-05-16 10:33:45,58,r/LateStageCapitalism,7,2018-05-16 16:48:37,1,1,5,0
8jtvjv,2018-05-16 10:33:45,58,r/LateStageCapitalism,7,2018-05-16 17:47:55,2,0,4,0
8jtvjv,2018-05-16 10:33:45,58,r/LateStageCapitalism,7,2018-05-16 17:58:47,1,1,3,0
8jtvjv,2018-05-16 10:33:45,58,r/LateStageCapitalism,7,2018-05-16 18:01:42,2,0,2,0
8jtvjv,2018-05-16 10:33:45,58,r/LateStageCapitalism,8,2018-05-16 13:09:07,0,1,67,0
8jtvjv,2018-05-16 10:33:45,58,r/LateStageCapitalism,8,2018-05-16 14:16:21,1,0,8,0
8jtvjv,2018-05-16 10:33:45,58,r/LateStageCapitalism,9,2018-05-16 13:58:16,0,1,39,0
8jtvjv,2018-05-16 10:33:45,58,r/LateStageCapitalism,9,2018-05-16 14:27:34,1,4,4,0
8jtvjv,2018-05-16 10:33:45,58,r/LateStageCapitalism,9,2018-05-16 14:45:42,2,0,20,0
8jtvjv,2018-05-16 10:33:45,58,r/LateStageCapitalism,9,2018-05-16 15:00:37,2,0,11,0
8jtvjv,2018-05-16 10:33:45,58,r/LateStageCapitalism,9,2018-05-16 14:36:36,2,0,1,0
8jtvjv,2018-05-16 10:33:45,58,r/LateStageCapitalism,9,2018-05-16 15:45:25,2,0,0,0
8jtvjv,2018-05-16 10:33:45,58,r/LateStageCapitalism,10,2018-05-16 13:06:28,0,3,153,0
8jtvjv,2018-05-16 10:33:45,58,r/LateStageCapitalism,10,2018-05-16 13:25:16,1,2,77,0
8jtvjv,2018-05-16 10:33:45,58,r/LateStageCapitalism,10,2018-05-16 14:50:39,2,0,22,0
8jtvjv,2018-05-16 10:33:45,58,r/LateStageCapitalism,10,2018-05-16 15:38:16,2,1,1,0
8jtvjv,2018-05-16 10:33:45,58,r/LateStageCapitalism,10,2018-05-16 17:07:31,3,0,2,0
8jtvjv,2018-05-16 10:33:45,58,r/LateStageCapitalism,10,2018-05-16 14:27:48,1,0,11,0
8jtvjv,2018-05-16 10:33:45,58,r/LateStageCapitalism,10,2018-05-16 14:28:58,1,2,-2,0
8jtvjv,2018-05-16 10:33:45,58,r/LateStageCapitalism,10,2018-05-16 14:39:44,2,3,23,0
8jtvjv,2018-05-16 10:33:45,58,r/LateStageCapitalism,10,2018-05-16 15:36:25,3,1,6,0
8jtvjv,2018-05-16 10:33:45,58,r/LateStageCapitalism,10,2018-05-16 17:31:46,4,0,2,0
8jtvjv,2018-05-16 10:33:45,58,r/LateStageCapitalism,10,2018-05-16 16:34:48,3,1,1,0
8jtvjv,2018-05-16 10:33:45,58,r/LateStageCapitalism,10,2018-05-16 16:34:48,4,0,1,0
8jtvjv,2018-05-16 10:33:45,58,r/LateStageCapitalism,10,2018-05-16 15:27:00,3,1,-6,0
8jtvjv,2018-05-16 10:33:45,58,r/LateStageCapitalism,10,2018-05-16 15:46:10,4,1,4,0
8jtvjv,2018-05-16 10:33:45,58,r/LateStageCapitalism,10,2018-05-16 16:51:12,5,0,0,0
8jtvjv,2018-05-16 10:33:45,58,r/LateStageCapitalism,10,2018-05-16 15:41:22,2,0,1,0
8jtvjv,2018-05-16 10:33:45,58,r/LateStageCapitalism,11,2018-05-16 13:13:33,0,0,39,0
8jtvjv,2018-05-16 10:33:45,58,r/LateStageCapitalism,12,2018-05-16 14:51:44,0,1,10,0
8jtvjv,2018-05-16 10:33:45,58,r/LateStageCapitalism,12,2018-05-16 14:59:50,1,1,5,0
8jtvjv,2018-05-16 10:33:45,58,r/LateStageCapitalism,12,2018-05-16 15:17:44,2,2,2,0
8jtvjv,2018-05-16 10:33:45,58,r/LateStageCapitalism,12,2018-05-16 15:42:40,3,1,3,0
8jtvjv,2018-05-16 10:33:45,58,r/LateStageCapitalism,12,2018-05-16 17:31:01,4,0,3,0
8jtvjv,2018-05-16 10:33:45,58,r/LateStageCapitalism,12,2018-05-16 16:56:56,3,1,0,0
8jtvjv,2018-05-16 10:33:45,58,r/LateStageCapitalism,12,2018-05-16 17:26:21,4,2,2,0
8jtvjv,2018-05-16 10:33:45,58,r/LateStageCapitalism,12,2018-05-16 17:40:40,5,1,1,0
8jtvjv,2018-05-16 10:33:45,58,r/LateStageCapitalism,12,2018-05-16 17:53:09,6,1,1,0
8jtvjv,2018-05-16 10:33:45,58,r/LateStageCapitalism,12,2018-05-16 18:18:00,7,0,1,0
8jtvjv,2018-05-16 10:33:45,58,r/LateStageCapitalism,12,2018-05-16 18:25:01,5,0,1,0
8jtvjv,2018-05-16 10:33:45,58,r/LateStageCapitalism,13,2018-05-16 15:28:18,0,1,10,0
8jtvjv,2018-05-16 10:33:45,58,r/LateStageCapitalism,13,2018-05-16 17:59:34,1,0,3,0
8jtvjv,2018-05-16 10:33:45,58,r/LateStageCapitalism,14,2018-05-16 14:43:55,0,1,5,0
8jtvjv,2018-05-16 10:33:45,58,r/LateStageCapitalism,14,2018-05-16 14:48:50,1,1,13,0
8jtvjv,2018-05-16 10:33:45,58,r/LateStageCapitalism,14,2018-05-16 14:57:00,2,1,5,0
8jtvjv,2018-05-16 10:33:45,58,r/LateStageCapitalism,14,2018-05-16 17:00:19,3,0,4,0
8jtvjv,2018-05-16 10:33:45,58,r/LateStageCapitalism,15,2018-05-16 15:35:25,0,0,4,0
8jtvjv,2018-05-16 10:33:45,58,r/LateStageCapitalism,16,2018-05-16 14:15:23,0,0,4,0
8jtvjv,2018-05-16 10:33:45,58,r/LateStageCapitalism,17,2018-05-16 15:09:18,0,1,3,0
8jtvjv,2018-05-16 10:33:45,58,r/LateStageCapitalism,17,2018-05-16 16:14:08,1,0,-1,0
8jtvjv,2018-05-16 10:33:45,58,r/LateStageCapitalism,18,2018-05-16 15:09:54,0,0,3,0
8jtvjv,2018-05-16 10:33:45,58,r/LateStageCapitalism,19,2018-05-16 14:02:35,0,1,2,0
8jtvjv,2018-05-16 10:33:45,58,r/LateStageCapitalism,19,2018-05-16 14:31:14,1,1,5,0
8jtvjv,2018-05-16 10:33:45,58,r/LateStageCapitalism,19,2018-05-16 15:35:41,2,1,-2,0
8jtvjv,2018-05-16 10:33:45,58,r/LateStageCapitalism,19,2018-05-16 17:50:57,3,0,4,0
8jtvjv,2018-05-16 10:33:45,58,r/LateStageCapitalism,20,2018-05-16 14:42:09,0,0,2,0
8jtvjv,2018-05-16 10:33:45,58,r/LateStageCapitalism,21,2018-05-16 16:42:59,0,0,2,0
8jtvjv,2018-05-16 10:33:45,58,r/LateStageCapitalism,22,2018-05-16 16:56:11,0,0,2,0
8jtvjv,2018-05-16 10:33:45,58,r/LateStageCapitalism,23,2018-05-16 15:32:13,0,0,2,0
8jtvjv,2018-05-16 10:33:45,58,r/LateStageCapitalism,24,2018-05-16 14:19:33,0,0,2,0
8jtvjv,2018-05-16 10:33:45,58,r/LateStageCapitalism,25,2018-05-16 15:58:41,0,1,0,0
8jtvjv,2018-05-16 10:33:45,58,r/LateStageCapitalism,25,2018-05-16 15:58:41,1,0,0,0
8jtvjv,2018-05-16 10:33:45,58,r/LateStageCapitalism,26,2018-05-16 16:24:09,0,1,1,0
8jtvjv,2018-05-16 10:33:45,58,r/LateStageCapitalism,26,2018-05-16 16:33:06,1,0,1,0
8jtvjv,2018-05-16 10:33:45,58,r/LateStageCapitalism,27,2018-05-16 16:25:36,0,0,1,0
8jtvjv,2018-05-16 10:33:45,58,r/LateStageCapitalism,28,2018-05-16 16:29:42,0,0,1,0
8jtvjv,2018-05-16 10:33:45,58,r/LateStageCapitalism,29,2018-05-16 17:02:26,0,0,1,0
8jtvjv,2018-05-16 10:33:45,58,r/LateStageCapitalism,30,2018-05-16 17:03:48,0,0,1,0
8jtvjv,2018-05-16 10:33:45,58,r/LateStageCapitalism,31,2018-05-16 17:18:53,0,0,1,0
8jtvjv,2018-05-16 10:33:45,58,r/LateStageCapitalism,32,2018-05-16 17:34:10,0,0,0,0
8jtvjv,2018-05-16 10:33:45,58,r/LateStageCapitalism,33,2018-05-16 17:36:27,0,0,2,0
8jtvjv,2018-05-16 10:33:45,58,r/LateStageCapitalism,34,2018-05-16 18:05:04,0,1,1,0
8jtvjv,2018-05-16 10:33:45,58,r/LateStageCapitalism,34,2018-05-16 18:05:04,1,0,1,0
8jtvjv,2018-05-16 10:33:45,58,r/LateStageCapitalism,35,2018-05-16 18:20:02,0,0,1,0
8jtvjv,2018-05-16 10:33:45,58,r/LateStageCapitalism,36,2018-05-16 13:40:03,0,1,0,0
8jtvjv,2018-05-16 10:33:45,58,r/LateStageCapitalism,36,2018-05-16 14:37:33,1,0,12,0
8jtvjv,2018-05-16 10:33:45,58,r/LateStageCapitalism,37,2018-05-16 14:50:59,0,0,1,0
8jtvjv,2018-05-16 10:33:45,58,r/LateStageCapitalism,38,2018-05-16 15:06:00,0,0,1,0
8jtvjv,2018-05-16 10:33:45,58,r/LateStageCapitalism,39,2018-05-16 15:17:40,0,0,1,0
8jtvjv,2018-05-16 10:33:45,58,r/LateStageCapitalism,40,2018-05-16 15:23:32,0,0,1,0
8jtvjv,2018-05-16 10:33:45,58,r/LateStageCapitalism,41,2018-05-16 15:45:11,0,0,-1,0
8jtvjv,2018-05-16 10:33:45,58,r/LateStageCapitalism,42,2018-05-16 15:07:59,0,1,-6,0
8jtvjv,2018-05-16 10:33:45,58,r/LateStageCapitalism,42,2018-05-16 15:12:47,1,1,-5,0
8jtvjv,2018-05-16 10:33:45,58,r/LateStageCapitalism,42,2018-05-16 18:23:26,2,1,0,0
8jtvjv,2018-05-16 10:33:45,58,r/LateStageCapitalism,42,2018-05-16 18:29:45,3,0,1,0
8jtvjv,2018-05-16 10:33:45,58,r/LateStageCapitalism,43,2018-05-16 15:06:12,0,1,-1,0
8jtvjv,2018-05-16 10:33:45,58,r/LateStageCapitalism,43,2018-05-16 18:25:33,1,0,1,0
8jtvjv,2018-05-16 10:33:45,58,r/LateStageCapitalism,44,2018-05-16 15:37:48,0,0,-1,0
8jtvjv,2018-05-16 10:33:45,58,r/LateStageCapitalism,45,2018-05-16 15:45:45,0,0,-1,0
8jtvjv,2018-05-16 10:33:45,58,r/LateStageCapitalism,46,2018-05-16 15:07:23,0,0,0,0
8jtvjv,2018-05-16 10:33:45,58,r/LateStageCapitalism,47,2018-05-16 16:13:13,0,1,0,0
8jtvjv,2018-05-16 10:33:45,58,r/LateStageCapitalism,47,2018-05-16 18:30:24,1,0,1,0
8jtvjv,2018-05-16 10:33:45,58,r/LateStageCapitalism,48,2018-05-16 12:45:55,0,4,-13,0
8jtvjv,2018-05-16 10:33:45,58,r/LateStageCapitalism,48,2018-05-16 13:23:08,1,0,23,0
8jtvjv,2018-05-16 10:33:45,58,r/LateStageCapitalism,48,2018-05-16 12:48:44,1,1,12,0
8jtvjv,2018-05-16 10:33:45,58,r/LateStageCapitalism,48,2018-05-16 13:01:04,2,1,-5,0
8jtvjv,2018-05-16 10:33:45,58,r/LateStageCapitalism,48,2018-05-16 13:11:59,3,1,14,0
8jtvjv,2018-05-16 10:33:45,58,r/LateStageCapitalism,48,2018-05-16 13:44:47,4,1,2,0
8jtvjv,2018-05-16 10:33:45,58,r/LateStageCapitalism,48,2018-05-16 16:51:38,5,0,1,0
8jtvjv,2018-05-16 10:33:45,58,r/LateStageCapitalism,48,2018-05-16 13:02:29,1,0,9,0
8jtvjv,2018-05-16 10:33:45,58,r/LateStageCapitalism,48,2018-05-16 13:02:34,1,0,2,0
8jtvjv,2018-05-16 10:33:45,58,r/LateStageCapitalism,49,2018-05-16 15:30:57,0,0,-5,0
8jtvjv,2018-05-16 10:33:45,58,r/LateStageCapitalism,50,2018-05-16 13:41:55,0,2,-9,0
8jtvjv,2018-05-16 10:33:45,58,r/LateStageCapitalism,50,2018-05-16 14:42:07,1,0,4,0
8jtvjv,2018-05-16 10:33:45,58,r/LateStageCapitalism,50,2018-05-16 14:39:04,1,0,2,0
8ju78c,2018-05-16 11:37:14,59,r/PerfectTiming,0,2018-05-16 12:40:24,0,3,380,0
8ju78c,2018-05-16 11:37:14,59,r/PerfectTiming,0,2018-05-16 13:20:54,1,3,101,0
8ju78c,2018-05-16 11:37:14,59,r/PerfectTiming,0,2018-05-16 14:20:23,2,1,36,0
8ju78c,2018-05-16 11:37:14,59,r/PerfectTiming,0,2018-05-16 15:11:59,3,0,8,0
8ju78c,2018-05-16 11:37:14,59,r/PerfectTiming,0,2018-05-16 16:19:29,2,0,2,0
8ju78c,2018-05-16 11:37:14,59,r/PerfectTiming,0,2018-05-16 16:52:37,2,0,2,0
8ju78c,2018-05-16 11:37:14,59,r/PerfectTiming,0,2018-05-16 16:10:34,1,1,3,0
8ju78c,2018-05-16 11:37:14,59,r/PerfectTiming,0,2018-05-16 16:28:57,2,0,1,0
8ju78c,2018-05-16 11:37:14,59,r/PerfectTiming,0,2018-05-16 13:35:54,1,0,1,0
8ju78c,2018-05-16 11:37:14,59,r/PerfectTiming,1,2018-05-16 14:29:37,0,2,56,0
8ju78c,2018-05-16 11:37:14,59,r/PerfectTiming,1,2018-05-16 14:52:26,1,1,14,0
8ju78c,2018-05-16 11:37:14,59,r/PerfectTiming,1,2018-05-16 18:15:11,2,0,2,0
8ju78c,2018-05-16 11:37:14,59,r/PerfectTiming,1,2018-05-16 14:55:55,1,1,5,0
8ju78c,2018-05-16 11:37:14,59,r/PerfectTiming,1,2018-05-16 14:58:26,2,2,6,0
8ju78c,2018-05-16 11:37:14,59,r/PerfectTiming,1,2018-05-16 15:23:21,3,0,9,0
8ju78c,2018-05-16 11:37:14,59,r/PerfectTiming,1,2018-05-16 15:24:03,3,0,6,0
8ju78c,2018-05-16 11:37:14,59,r/PerfectTiming,2,2018-05-16 12:47:21,0,2,87,0
8ju78c,2018-05-16 11:37:14,59,r/PerfectTiming,2,2018-05-16 14:40:06,1,0,2,0
8ju78c,2018-05-16 11:37:14,59,r/PerfectTiming,2,2018-05-16 17:02:03,1,0,1,0
8ju78c,2018-05-16 11:37:14,59,r/PerfectTiming,3,2018-05-16 12:26:45,0,2,27,0
8ju78c,2018-05-16 11:37:14,59,r/PerfectTiming,3,2018-05-16 13:31:32,1,1,5,0
8ju78c,2018-05-16 11:37:14,59,r/PerfectTiming,3,2018-05-16 15:18:22,2,1,5,0
8ju78c,2018-05-16 11:37:14,59,r/PerfectTiming,3,2018-05-16 17:32:56,3,1,2,0
8ju78c,2018-05-16 11:37:14,59,r/PerfectTiming,3,2018-05-16 17:39:52,4,0,2,0
8ju78c,2018-05-16 11:37:14,59,r/PerfectTiming,3,2018-05-16 17:05:16,1,0,1,0
8ju78c,2018-05-16 11:37:14,59,r/PerfectTiming,4,2018-05-16 12:22:30,0,1,22,0
8ju78c,2018-05-16 11:37:14,59,r/PerfectTiming,4,2018-05-16 12:28:40,1,1,-14,0
8ju78c,2018-05-16 11:37:14,59,r/PerfectTiming,4,2018-05-16 12:36:10,2,1,9,0
8ju78c,2018-05-16 11:37:14,59,r/PerfectTiming,4,2018-05-16 14:14:24,3,1,-1,0
8ju78c,2018-05-16 11:37:14,59,r/PerfectTiming,4,2018-05-16 14:24:01,4,1,2,0
8ju78c,2018-05-16 11:37:14,59,r/PerfectTiming,4,2018-05-16 14:28:17,5,2,2,0
8ju78c,2018-05-16 11:37:14,59,r/PerfectTiming,4,2018-05-16 14:36:24,6,0,1,0
8ju78c,2018-05-16 11:37:14,59,r/PerfectTiming,4,2018-05-16 14:36:42,6,0,1,0
8ju78c,2018-05-16 11:37:14,59,r/PerfectTiming,5,2018-05-16 11:54:43,0,0,44,0
8ju78c,2018-05-16 11:37:14,59,r/PerfectTiming,6,2018-05-16 12:40:36,0,0,15,0
8ju78c,2018-05-16 11:37:14,59,r/PerfectTiming,7,2018-05-16 13:20:44,0,0,13,0
8ju78c,2018-05-16 11:37:14,59,r/PerfectTiming,8,2018-05-16 13:23:04,0,0,7,0
8ju78c,2018-05-16 11:37:14,59,r/PerfectTiming,9,2018-05-16 13:39:11,0,0,6,0
8ju78c,2018-05-16 11:37:14,59,r/PerfectTiming,10,2018-05-16 12:43:11,0,1,5,0
8ju78c,2018-05-16 11:37:14,59,r/PerfectTiming,10,2018-05-16 16:21:30,1,0,2,0
8ju78c,2018-05-16 11:37:14,59,r/PerfectTiming,11,2018-05-16 14:19:18,0,0,3,0
8ju78c,2018-05-16 11:37:14,59,r/PerfectTiming,12,2018-05-16 12:27:34,0,0,2,0
8ju78c,2018-05-16 11:37:14,59,r/PerfectTiming,13,2018-05-16 13:16:34,0,0,2,0
8ju78c,2018-05-16 11:37:14,59,r/PerfectTiming,14,2018-05-16 13:33:16,0,1,2,0
8ju78c,2018-05-16 11:37:14,59,r/PerfectTiming,14,2018-05-16 14:10:22,1,0,1,0
8ju78c,2018-05-16 11:37:14,59,r/PerfectTiming,15,2018-05-16 14:32:53,0,0,2,0
8ju78c,2018-05-16 11:37:14,59,r/PerfectTiming,16,2018-05-16 15:08:46,0,0,2,0
8ju78c,2018-05-16 11:37:14,59,r/PerfectTiming,17,2018-05-16 13:01:39,0,0,1,0
8ju78c,2018-05-16 11:37:14,59,r/PerfectTiming,18,2018-05-16 13:21:58,0,0,1,0
8ju78c,2018-05-16 11:37:14,59,r/PerfectTiming,19,2018-05-16 13:25:06,0,0,1,0
8ju78c,2018-05-16 11:37:14,59,r/PerfectTiming,20,2018-05-16 13:37:25,0,0,1,0
8ju78c,2018-05-16 11:37:14,59,r/PerfectTiming,21,2018-05-16 14:06:50,0,0,1,0
8ju78c,2018-05-16 11:37:14,59,r/PerfectTiming,22,2018-05-16 14:11:53,0,0,1,0
8ju78c,2018-05-16 11:37:14,59,r/PerfectTiming,23,2018-05-16 14:11:54,0,0,1,0
8ju78c,2018-05-16 11:37:14,59,r/PerfectTiming,24,2018-05-16 14:13:02,0,0,1,0
8ju78c,2018-05-16 11:37:14,59,r/PerfectTiming,25,2018-05-16 14:18:25,0,0,1,0
8ju78c,2018-05-16 11:37:14,59,r/PerfectTiming,26,2018-05-16 14:20:11,0,0,1,0
8ju78c,2018-05-16 11:37:14,59,r/PerfectTiming,27,2018-05-16 14:24:43,0,0,1,0
8ju78c,2018-05-16 11:37:14,59,r/PerfectTiming,28,2018-05-16 14:34:16,0,0,1,0
8ju78c,2018-05-16 11:37:14,59,r/PerfectTiming,29,2018-05-16 14:37:14,0,0,1,0
8ju78c,2018-05-16 11:37:14,59,r/PerfectTiming,30,2018-05-16 14:37:31,0,0,1,0
8ju78c,2018-05-16 11:37:14,59,r/PerfectTiming,31,2018-05-16 14:44:01,0,0,1,0
8ju78c,2018-05-16 11:37:14,59,r/PerfectTiming,32,2018-05-16 15:42:30,0,0,1,0
8ju78c,2018-05-16 11:37:14,59,r/PerfectTiming,33,2018-05-16 15:56:06,0,0,1,0
8ju78c,2018-05-16 11:37:14,59,r/PerfectTiming,34,2018-05-16 16:44:04,0,0,1,0
8ju78c,2018-05-16 11:37:14,59,r/PerfectTiming,35,2018-05-16 17:34:00,0,0,1,0
8ju78c,2018-05-16 11:37:14,59,r/PerfectTiming,36,2018-05-16 17:38:11,0,0,1,0
8ju78c,2018-05-16 11:37:14,59,r/PerfectTiming,37,2018-05-16 17:45:55,0,0,1,0
8ju78c,2018-05-16 11:37:14,59,r/PerfectTiming,38,2018-05-16 18:01:29,0,0,1,0
8ju78c,2018-05-16 11:37:14,59,r/PerfectTiming,39,2018-05-16 18:08:16,0,0,1,0
8ju78c,2018-05-16 11:37:14,59,r/PerfectTiming,40,2018-05-16 13:23:41,0,0,1,0
8jtzqc,2018-05-16 10:58:40,60,r/DunderMifflin,0,2018-05-16 12:50:38,0,5,348,0
8jtzqc,2018-05-16 10:58:40,60,r/DunderMifflin,0,2018-05-16 13:25:42,1,2,200,0
8jtzqc,2018-05-16 10:58:40,60,r/DunderMifflin,0,2018-05-16 14:10:37,2,3,106,0
8jtzqc,2018-05-16 10:58:40,60,r/DunderMifflin,0,2018-05-16 14:28:33,3,1,47,0
8jtzqc,2018-05-16 10:58:40,60,r/DunderMifflin,0,2018-05-16 16:20:00,4,0,15,0
8jtzqc,2018-05-16 10:58:40,60,r/DunderMifflin,0,2018-05-16 16:17:03,3,0,5,0
8jtzqc,2018-05-16 10:58:40,60,r/DunderMifflin,0,2018-05-16 15:57:13,3,0,1,0
8jtzqc,2018-05-16 10:58:40,60,r/DunderMifflin,0,2018-05-16 15:21:49,2,0,4,0
8jtzqc,2018-05-16 10:58:40,60,r/DunderMifflin,0,2018-05-16 14:22:12,1,0,8,0
8jtzqc,2018-05-16 10:58:40,60,r/DunderMifflin,0,2018-05-16 18:02:04,1,0,3,0
8jtzqc,2018-05-16 10:58:40,60,r/DunderMifflin,0,2018-05-16 18:13:31,1,0,1,0
8jtzqc,2018-05-16 10:58:40,60,r/DunderMifflin,0,2018-05-16 16:21:59,1,0,1,0
8jtzqc,2018-05-16 10:58:40,60,r/DunderMifflin,1,2018-05-16 14:24:23,0,2,255,0
8jtzqc,2018-05-16 10:58:40,60,r/DunderMifflin,1,2018-05-16 14:56:04,1,0,95,0
8jtzqc,2018-05-16 10:58:40,60,r/DunderMifflin,1,2018-05-16 18:21:49,1,0,2,0
8jtzqc,2018-05-16 10:58:40,60,r/DunderMifflin,2,2018-05-16 14:03:45,0,1,113,0
8jtzqc,2018-05-16 10:58:40,60,r/DunderMifflin,2,2018-05-16 14:49:05,1,3,58,0
8jtzqc,2018-05-16 10:58:40,60,r/DunderMifflin,2,2018-05-16 15:12:58,2,1,20,0
8jtzqc,2018-05-16 10:58:40,60,r/DunderMifflin,2,2018-05-16 15:39:06,3,2,34,0
8jtzqc,2018-05-16 10:58:40,60,r/DunderMifflin,2,2018-05-16 15:51:15,4,0,8,0
8jtzqc,2018-05-16 10:58:40,60,r/DunderMifflin,2,2018-05-16 15:46:23,4,0,-3,0
8jtzqc,2018-05-16 10:58:40,60,r/DunderMifflin,2,2018-05-16 15:35:17,2,1,2,0
8jtzqc,2018-05-16 10:58:40,60,r/DunderMifflin,2,2018-05-16 15:49:22,3,1,3,0
8jtzqc,2018-05-16 10:58:40,60,r/DunderMifflin,2,2018-05-16 17:34:42,4,0,2,0
8jtzqc,2018-05-16 10:58:40,60,r/DunderMifflin,2,2018-05-16 18:02:39,2,0,1,0
8jtzqc,2018-05-16 10:58:40,60,r/DunderMifflin,3,2018-05-16 14:24:35,0,1,25,0
8jtzqc,2018-05-16 10:58:40,60,r/DunderMifflin,3,2018-05-16 15:49:49,1,0,6,0
8jtzqc,2018-05-16 10:58:40,60,r/DunderMifflin,4,2018-05-16 15:15:50,0,2,52,0
8jtzqc,2018-05-16 10:58:40,60,r/DunderMifflin,4,2018-05-16 16:20:59,1,2,11,0
8jtzqc,2018-05-16 10:58:40,60,r/DunderMifflin,4,2018-05-16 16:39:57,2,0,6,0
8jtzqc,2018-05-16 10:58:40,60,r/DunderMifflin,4,2018-05-16 17:45:28,2,0,4,0
8jtzqc,2018-05-16 10:58:40,60,r/DunderMifflin,4,2018-05-16 15:48:58,1,1,2,0
8jtzqc,2018-05-16 10:58:40,60,r/DunderMifflin,4,2018-05-16 15:54:28,2,0,2,0
8jtzqc,2018-05-16 10:58:40,60,r/DunderMifflin,5,2018-05-16 15:30:16,0,0,15,0
8jtzqc,2018-05-16 10:58:40,60,r/DunderMifflin,6,2018-05-16 15:45:57,0,0,14,0
8jtzqc,2018-05-16 10:58:40,60,r/DunderMifflin,7,2018-05-16 15:26:06,0,0,10,0
8jtzqc,2018-05-16 10:58:40,60,r/DunderMifflin,8,2018-05-16 16:19:47,0,2,25,0
8jtzqc,2018-05-16 10:58:40,60,r/DunderMifflin,8,2018-05-16 16:41:34,1,1,15,0
8jtzqc,2018-05-16 10:58:40,60,r/DunderMifflin,8,2018-05-16 16:41:46,2,0,3,0
8jtzqc,2018-05-16 10:58:40,60,r/DunderMifflin,8,2018-05-16 17:18:01,1,1,7,0
8jtzqc,2018-05-16 10:58:40,60,r/DunderMifflin,8,2018-05-16 17:30:16,2,0,1,0
8jtzqc,2018-05-16 10:58:40,60,r/DunderMifflin,9,2018-05-16 16:42:25,0,0,5,0
8jtzqc,2018-05-16 10:58:40,60,r/DunderMifflin,10,2018-05-16 16:01:25,0,1,3,0
8jtzqc,2018-05-16 10:58:40,60,r/DunderMifflin,10,2018-05-16 17:13:42,1,0,1,0
8jtzqc,2018-05-16 10:58:40,60,r/DunderMifflin,11,2018-05-16 16:19:11,0,1,3,0
8jtzqc,2018-05-16 10:58:40,60,r/DunderMifflin,11,2018-05-16 18:12:04,1,0,1,0
8jtzqc,2018-05-16 10:58:40,60,r/DunderMifflin,12,2018-05-16 16:26:35,0,0,2,0
8jtzqc,2018-05-16 10:58:40,60,r/DunderMifflin,13,2018-05-16 15:57:24,0,0,1,0
8jtzqc,2018-05-16 10:58:40,60,r/DunderMifflin,14,2018-05-16 16:36:02,0,0,1,0
8jtzqc,2018-05-16 10:58:40,60,r/DunderMifflin,15,2018-05-16 16:56:39,0,1,1,0
8jtzqc,2018-05-16 10:58:40,60,r/DunderMifflin,15,2018-05-16 17:22:58,1,1,6,0
8jtzqc,2018-05-16 10:58:40,60,r/DunderMifflin,15,2018-05-16 17:26:06,2,1,0,0
8jtzqc,2018-05-16 10:58:40,60,r/DunderMifflin,15,2018-05-16 17:30:44,3,1,1,0
8jtzqc,2018-05-16 10:58:40,60,r/DunderMifflin,15,2018-05-16 17:45:17,4,0,2,0
8jtzqc,2018-05-16 10:58:40,60,r/DunderMifflin,16,2018-05-16 17:04:22,0,0,1,0
8jtzqc,2018-05-16 10:58:40,60,r/DunderMifflin,17,2018-05-16 17:14:06,0,0,1,0
8jtzqc,2018-05-16 10:58:40,60,r/DunderMifflin,18,2018-05-16 17:15:10,0,0,3,0
8jtzqc,2018-05-16 10:58:40,60,r/DunderMifflin,19,2018-05-16 17:22:36,0,0,1,0
8jtzqc,2018-05-16 10:58:40,60,r/DunderMifflin,20,2018-05-16 17:26:04,0,0,1,0
8jtzqc,2018-05-16 10:58:40,60,r/DunderMifflin,21,2018-05-16 17:47:22,0,0,1,0
8jtzqc,2018-05-16 10:58:40,60,r/DunderMifflin,22,2018-05-16 18:09:49,0,0,1,0
8jtzqc,2018-05-16 10:58:40,60,r/DunderMifflin,23,2018-05-16 18:13:34,0,0,1,0
8jtzqc,2018-05-16 10:58:40,60,r/DunderMifflin,24,2018-05-16 18:22:46,0,0,1,0
8jtzqc,2018-05-16 10:58:40,60,r/DunderMifflin,25,2018-05-16 18:26:06,0,0,1,0
8jtzqc,2018-05-16 10:58:40,60,r/DunderMifflin,26,2018-05-16 16:51:38,0,0,-1,0
8jtfvo,2018-05-16 08:59:10,61,r/BlackPeopleTwitter,0,2018-05-16 11:59:07,0,1,1,0
8jtfvo,2018-05-16 08:59:10,61,r/BlackPeopleTwitter,1,2018-05-16 09:46:59,0,5,4283,0
8jtfvo,2018-05-16 08:59:10,61,r/BlackPeopleTwitter,1,2018-05-16 09:58:30,1,6,2095,0
8jtfvo,2018-05-16 08:59:10,61,r/BlackPeopleTwitter,1,2018-05-16 11:12:47,2,2,457,0
8jtfvo,2018-05-16 08:59:10,61,r/BlackPeopleTwitter,1,2018-05-16 11:42:05,3,5,204,0
8jtfvo,2018-05-16 08:59:10,61,r/BlackPeopleTwitter,1,2018-05-16 12:23:40,4,11,145,0
8jtfvo,2018-05-16 08:59:10,61,r/BlackPeopleTwitter,1,2018-05-16 12:26:32,5,3,218,0
8jtfvo,2018-05-16 08:59:10,61,r/BlackPeopleTwitter,1,2018-05-16 12:30:49,6,2,336,0
8jtfvo,2018-05-16 08:59:10,61,r/BlackPeopleTwitter,1,2018-05-16 12:39:00,7,5,98,0
8jtfvo,2018-05-16 08:59:10,61,r/BlackPeopleTwitter,1,2018-05-16 12:40:20,8,0,83,0
8jtfvo,2018-05-16 08:59:10,61,r/BlackPeopleTwitter,1,2018-05-16 13:35:33,8,0,28,0
8jtfvo,2018-05-16 08:59:10,61,r/BlackPeopleTwitter,1,2018-05-16 14:53:54,8,0,4,0
8jtfvo,2018-05-16 08:59:10,61,r/BlackPeopleTwitter,1,2018-05-16 17:10:56,8,0,1,0
8jtfvo,2018-05-16 08:59:10,61,r/BlackPeopleTwitter,1,2018-05-16 16:52:49,7,0,1,0
8jtfvo,2018-05-16 08:59:10,61,r/BlackPeopleTwitter,1,2018-05-16 12:41:18,6,0,10,0
8jtfvo,2018-05-16 08:59:10,61,r/BlackPeopleTwitter,1,2018-05-16 13:45:43,6,0,1,0
8jtfvo,2018-05-16 08:59:10,61,r/BlackPeopleTwitter,1,2018-05-16 12:41:09,5,1,17,0
8jtfvo,2018-05-16 08:59:10,61,r/BlackPeopleTwitter,1,2018-05-16 13:42:48,6,1,12,0
8jtfvo,2018-05-16 08:59:10,61,r/BlackPeopleTwitter,1,2018-05-16 14:52:20,7,0,1,0
8jtfvo,2018-05-16 08:59:10,61,r/BlackPeopleTwitter,1,2018-05-16 12:29:13,5,0,5,0
8jtfvo,2018-05-16 08:59:10,61,r/BlackPeopleTwitter,1,2018-05-16 13:53:48,5,0,5,0
8jtfvo,2018-05-16 08:59:10,61,r/BlackPeopleTwitter,1,2018-05-16 13:46:37,5,0,1,0
8jtfvo,2018-05-16 08:59:10,61,r/BlackPeopleTwitter,1,2018-05-16 14:09:32,5,0,1,0
8jtfvo,2018-05-16 08:59:10,61,r/BlackPeopleTwitter,1,2018-05-16 14:10:05,5,0,1,0
8jtfvo,2018-05-16 08:59:10,61,r/BlackPeopleTwitter,1,2018-05-16 14:28:34,5,0,1,0
8jtfvo,2018-05-16 08:59:10,61,r/BlackPeopleTwitter,1,2018-05-16 16:43:58,5,0,1,0
8jtfvo,2018-05-16 08:59:10,61,r/BlackPeopleTwitter,1,2018-05-16 17:20:09,5,0,1,0
8jtfvo,2018-05-16 08:59:10,61,r/BlackPeopleTwitter,1,2018-05-16 14:56:58,4,2,6,0
8jtfvo,2018-05-16 08:59:10,61,r/BlackPeopleTwitter,1,2018-05-16 16:40:04,5,0,4,0
8jtfvo,2018-05-16 08:59:10,61,r/BlackPeopleTwitter,1,2018-05-16 15:32:51,5,2,3,0
8jtfvo,2018-05-16 08:59:10,61,r/BlackPeopleTwitter,1,2018-05-16 15:41:37,6,0,2,0
8jtfvo,2018-05-16 08:59:10,61,r/BlackPeopleTwitter,1,2018-05-16 17:58:26,6,0,2,0
8jtfvo,2018-05-16 08:59:10,61,r/BlackPeopleTwitter,1,2018-05-16 12:16:51,4,0,11,0
8jtfvo,2018-05-16 08:59:10,61,r/BlackPeopleTwitter,1,2018-05-16 15:18:13,4,0,2,0
8jtfvo,2018-05-16 08:59:10,61,r/BlackPeopleTwitter,1,2018-05-16 14:09:09,3,1,12,0
8jtfvo,2018-05-16 08:59:10,61,r/BlackPeopleTwitter,1,2018-05-16 16:40:46,4,1,3,0
8jtfvo,2018-05-16 08:59:10,61,r/BlackPeopleTwitter,1,2018-05-16 11:43:35,2,0,37,0
8jtfvo,2018-05-16 08:59:10,61,r/BlackPeopleTwitter,1,2018-05-16 12:07:20,2,0,18,0
8jtfvo,2018-05-16 08:59:10,61,r/BlackPeopleTwitter,1,2018-05-16 12:22:32,2,5,11,0
8jtfvo,2018-05-16 08:59:10,61,r/BlackPeopleTwitter,1,2018-05-16 12:31:01,3,2,25,0
8jtfvo,2018-05-16 08:59:10,61,r/BlackPeopleTwitter,1,2018-05-16 13:50:45,4,1,11,0
8jtfvo,2018-05-16 08:59:10,61,r/BlackPeopleTwitter,1,2018-05-16 14:00:43,5,0,2,0
8jtfvo,2018-05-16 08:59:10,61,r/BlackPeopleTwitter,1,2018-05-16 14:18:44,4,0,2,0
8jtfvo,2018-05-16 08:59:10,61,r/BlackPeopleTwitter,1,2018-05-16 12:34:09,3,0,14,0
8jtfvo,2018-05-16 08:59:10,61,r/BlackPeopleTwitter,1,2018-05-16 12:36:33,3,0,8,0
8jtfvo,2018-05-16 08:59:10,61,r/BlackPeopleTwitter,1,2018-05-16 15:46:15,3,1,1,0
8jtfvo,2018-05-16 08:59:10,61,r/BlackPeopleTwitter,1,2018-05-16 16:29:24,4,0,1,0
8jtfvo,2018-05-16 08:59:10,61,r/BlackPeopleTwitter,1,2018-05-16 16:44:17,3,0,1,0
8jtfvo,2018-05-16 08:59:10,61,r/BlackPeopleTwitter,1,2018-05-16 12:14:00,2,0,7,0
8jtfvo,2018-05-16 08:59:10,61,r/BlackPeopleTwitter,1,2018-05-16 12:16:43,2,0,2,0
8jtfvo,2018-05-16 08:59:10,61,r/BlackPeopleTwitter,1,2018-05-16 12:34:30,1,4,56,0
8jtfvo,2018-05-16 08:59:10,61,r/BlackPeopleTwitter,1,2018-05-16 12:43:02,2,1,124,0
8jtfvo,2018-05-16 08:59:10,61,r/BlackPeopleTwitter,1,2018-05-16 14:32:19,3,1,32,0
8jtfvo,2018-05-16 08:59:10,61,r/BlackPeopleTwitter,1,2018-05-16 17:30:09,4,0,1,0
8jtfvo,2018-05-16 08:59:10,61,r/BlackPeopleTwitter,1,2018-05-16 13:53:39,2,0,11,0
8jtfvo,2018-05-16 08:59:10,61,r/BlackPeopleTwitter,1,2018-05-16 12:41:48,2,0,19,0
8jtfvo,2018-05-16 08:59:10,61,r/BlackPeopleTwitter,1,2018-05-16 16:03:54,2,0,1,0
8jtfvo,2018-05-16 08:59:10,61,r/BlackPeopleTwitter,1,2018-05-16 12:51:22,1,2,21,0
8jtfvo,2018-05-16 08:59:10,61,r/BlackPeopleTwitter,1,2018-05-16 13:59:38,2,0,38,0
8jtfvo,2018-05-16 08:59:10,61,r/BlackPeopleTwitter,1,2018-05-16 14:17:31,2,0,4,0
8jtfvo,2018-05-16 08:59:10,61,r/BlackPeopleTwitter,1,2018-05-16 13:58:57,1,0,1,0
8jtfvo,2018-05-16 08:59:10,61,r/BlackPeopleTwitter,1,2018-05-16 16:43:53,1,0,1,0
8jtfvo,2018-05-16 08:59:10,61,r/BlackPeopleTwitter,2,2018-05-16 10:24:04,0,1,668,0
8jtfvo,2018-05-16 08:59:10,61,r/BlackPeopleTwitter,2,2018-05-16 17:37:26,1,0,7,0
8jtfvo,2018-05-16 08:59:10,61,r/BlackPeopleTwitter,3,2018-05-16 09:38:53,0,25,8909,0
8jtfvo,2018-05-16 08:59:10,61,r/BlackPeopleTwitter,3,2018-05-16 11:41:39,1,7,2968,0
8jtfvo,2018-05-16 08:59:10,61,r/BlackPeopleTwitter,3,2018-05-16 11:56:20,2,10,924,0
8jtfvo,2018-05-16 08:59:10,61,r/BlackPeopleTwitter,3,2018-05-16 12:16:58,3,11,491,0
8jtfvo,2018-05-16 08:59:10,61,r/BlackPeopleTwitter,3,2018-05-16 12:22:41,4,5,278,0
8jtfvo,2018-05-16 08:59:10,61,r/BlackPeopleTwitter,3,2018-05-16 12:23:50,5,13,202,0
8jtfvo,2018-05-16 08:59:10,61,r/BlackPeopleTwitter,3,2018-05-16 12:25:24,6,4,262,0
8jtfvo,2018-05-16 08:59:10,61,r/BlackPeopleTwitter,3,2018-05-16 12:36:32,7,1,103,0
8jtfvo,2018-05-16 08:59:10,61,r/BlackPeopleTwitter,3,2018-05-16 12:44:48,8,2,187,0
8jtfvo,2018-05-16 08:59:10,61,r/BlackPeopleTwitter,3,2018-05-16 14:33:22,9,1,22,0
8jtfvo,2018-05-16 08:59:10,61,r/BlackPeopleTwitter,3,2018-05-16 14:57:24,9,1,4,0
8jtfvo,2018-05-16 08:59:10,61,r/BlackPeopleTwitter,3,2018-05-16 13:18:55,7,3,53,0
8jtfvo,2018-05-16 08:59:10,61,r/BlackPeopleTwitter,3,2018-05-16 14:49:39,8,0,9,0
8jtfvo,2018-05-16 08:59:10,61,r/BlackPeopleTwitter,3,2018-05-16 14:41:59,8,0,9,0
8jtfvo,2018-05-16 08:59:10,61,r/BlackPeopleTwitter,3,2018-05-16 17:15:20,8,0,1,0
8jtfvo,2018-05-16 08:59:10,61,r/BlackPeopleTwitter,3,2018-05-16 12:28:10,7,1,17,0
8jtfvo,2018-05-16 08:59:10,61,r/BlackPeopleTwitter,3,2018-05-16 12:32:33,8,2,14,0
8jtfvo,2018-05-16 08:59:10,61,r/BlackPeopleTwitter,3,2018-05-16 12:36:07,9,0,32,0
8jtfvo,2018-05-16 08:59:10,61,r/BlackPeopleTwitter,3,2018-05-16 15:08:29,9,0,1,0
8jtfvo,2018-05-16 08:59:10,61,r/BlackPeopleTwitter,3,2018-05-16 13:01:29,7,0,2,0
8jtfvo,2018-05-16 08:59:10,61,r/BlackPeopleTwitter,3,2018-05-16 12:51:12,6,1,12,0
8jtfvo,2018-05-16 08:59:10,61,r/BlackPeopleTwitter,3,2018-05-16 13:14:16,7,0,1,0
8jtfvo,2018-05-16 08:59:10,61,r/BlackPeopleTwitter,3,2018-05-16 12:33:33,6,4,28,0
8jtfvo,2018-05-16 08:59:10,61,r/BlackPeopleTwitter,3,2018-05-16 12:52:42,7,2,31,0
8jtfvo,2018-05-16 08:59:10,61,r/BlackPeopleTwitter,3,2018-05-16 13:09:11,8,0,11,0
8jtfvo,2018-05-16 08:59:10,61,r/BlackPeopleTwitter,3,2018-05-16 16:10:58,8,0,3,0
8jtfvo,2018-05-16 08:59:10,61,r/BlackPeopleTwitter,3,2018-05-16 12:49:18,7,2,9,0
8jtfvo,2018-05-16 08:59:10,61,r/BlackPeopleTwitter,3,2018-05-16 14:54:36,8,1,5,0
8jtfvo,2018-05-16 08:59:10,61,r/BlackPeopleTwitter,3,2018-05-16 15:15:34,8,0,1,0
8jtfvo,2018-05-16 08:59:10,61,r/BlackPeopleTwitter,3,2018-05-16 15:07:18,7,0,2,0
8jtfvo,2018-05-16 08:59:10,61,r/BlackPeopleTwitter,3,2018-05-16 17:06:51,7,1,1,0
8jtfvo,2018-05-16 08:59:10,61,r/BlackPeopleTwitter,3,2018-05-16 17:40:21,8,0,1,0
8jtfvo,2018-05-16 08:59:10,61,r/BlackPeopleTwitter,3,2018-05-16 12:48:36,6,3,15,0
8jtfvo,2018-05-16 08:59:10,61,r/BlackPeopleTwitter,3,2018-05-16 12:51:20,7,1,5,0
8jtfvo,2018-05-16 08:59:10,61,r/BlackPeopleTwitter,3,2018-05-16 13:01:40,8,3,8,0
8jtfvo,2018-05-16 08:59:10,61,r/BlackPeopleTwitter,3,2018-05-16 13:34:44,9,1,3,0
8jtfvo,2018-05-16 08:59:10,61,r/BlackPeopleTwitter,3,2018-05-16 14:23:49,9,1,1,0
8jtfvo,2018-05-16 08:59:10,61,r/BlackPeopleTwitter,3,2018-05-16 16:49:03,9,0,1,0
8jtfvo,2018-05-16 08:59:10,61,r/BlackPeopleTwitter,3,2018-05-16 17:25:11,7,0,2,0
8jtfvo,2018-05-16 08:59:10,61,r/BlackPeopleTwitter,3,2018-05-16 13:37:51,7,0,1,0
8jtfvo,2018-05-16 08:59:10,61,r/BlackPeopleTwitter,3,2018-05-16 12:50:10,6,0,7,0
8jtfvo,2018-05-16 08:59:10,61,r/BlackPeopleTwitter,3,2018-05-16 13:24:32,6,0,2,0
8jtfvo,2018-05-16 08:59:10,61,r/BlackPeopleTwitter,3,2018-05-16 15:11:51,6,0,2,0
8jtfvo,2018-05-16 08:59:10,61,r/BlackPeopleTwitter,3,2018-05-16 16:32:14,6,0,2,0
8jtfvo,2018-05-16 08:59:10,61,r/BlackPeopleTwitter,3,2018-05-16 13:19:19,6,0,4,0
8jtfvo,2018-05-16 08:59:10,61,r/BlackPeopleTwitter,3,2018-05-16 13:40:01,6,0,1,0
8jtfvo,2018-05-16 08:59:10,61,r/BlackPeopleTwitter,3,2018-05-16 14:22:54,6,0,1,0
8jtfvo,2018-05-16 08:59:10,61,r/BlackPeopleTwitter,3,2018-05-16 16:57:49,6,0,1,0
8jtfvo,2018-05-16 08:59:10,61,r/BlackPeopleTwitter,3,2018-05-16 13:28:47,5,1,3,0
8jtfvo,2018-05-16 08:59:10,61,r/BlackPeopleTwitter,3,2018-05-16 13:59:16,6,1,4,0
8jtfvo,2018-05-16 08:59:10,61,r/BlackPeopleTwitter,3,2018-05-16 14:19:57,7,0,2,0
8jtfvo,2018-05-16 08:59:10,61,r/BlackPeopleTwitter,3,2018-05-16 13:35:45,5,0,1,0
8jtfvo,2018-05-16 08:59:10,61,r/BlackPeopleTwitter,3,2018-05-16 13:46:08,5,0,1,0
8jtfvo,2018-05-16 08:59:10,61,r/BlackPeopleTwitter,3,2018-05-16 12:31:06,4,6,19,0
8jtfvo,2018-05-16 08:59:10,61,r/BlackPeopleTwitter,3,2018-05-16 13:40:11,5,3,5,0
8jtfvo,2018-05-16 08:59:10,61,r/BlackPeopleTwitter,3,2018-05-16 13:54:53,6,1,3,0
8jtfvo,2018-05-16 08:59:10,61,r/BlackPeopleTwitter,3,2018-05-16 14:30:23,7,1,3,0
8jtfvo,2018-05-16 08:59:10,61,r/BlackPeopleTwitter,3,2018-05-16 17:20:56,8,0,1,0
8jtfvo,2018-05-16 08:59:10,61,r/BlackPeopleTwitter,3,2018-05-16 14:18:41,6,0,1,0
8jtfvo,2018-05-16 08:59:10,61,r/BlackPeopleTwitter,3,2018-05-16 14:55:06,6,0,1,0
8jtfvo,2018-05-16 08:59:10,61,r/BlackPeopleTwitter,3,2018-05-16 15:00:50,5,1,2,0
8jtfvo,2018-05-16 08:59:10,61,r/BlackPeopleTwitter,3,2018-05-16 15:24:23,6,0,1,0
8jtfvo,2018-05-16 08:59:10,61,r/BlackPeopleTwitter,3,2018-05-16 13:43:59,5,1,1,0
8jtfvo,2018-05-16 08:59:10,61,r/BlackPeopleTwitter,3,2018-05-16 14:18:12,6,1,1,0
8jtfvo,2018-05-16 08:59:10,61,r/BlackPeopleTwitter,3,2018-05-16 14:52:13,7,0,2,0
8jtfvo,2018-05-16 08:59:10,61,r/BlackPeopleTwitter,3,2018-05-16 15:04:55,5,0,1,0
8jtfvo,2018-05-16 08:59:10,61,r/BlackPeopleTwitter,3,2018-05-16 15:17:51,5,0,1,0
8jtfvo,2018-05-16 08:59:10,61,r/BlackPeopleTwitter,3,2018-05-16 13:12:33,4,0,4,0
8jtfvo,2018-05-16 08:59:10,61,r/BlackPeopleTwitter,3,2018-05-16 12:23:51,4,0,3,0
8jtfvo,2018-05-16 08:59:10,61,r/BlackPeopleTwitter,3,2018-05-16 12:33:56,4,0,2,0
8jtfvo,2018-05-16 08:59:10,61,r/BlackPeopleTwitter,3,2018-05-16 14:25:37,4,0,1,0
8jtfvo,2018-05-16 08:59:10,61,r/BlackPeopleTwitter,3,2018-05-16 14:52:56,4,0,1,0
8jtfvo,2018-05-16 08:59:10,61,r/BlackPeopleTwitter,3,2018-05-16 15:55:09,4,0,1,0
8jtfvo,2018-05-16 08:59:10,61,r/BlackPeopleTwitter,3,2018-05-16 16:01:45,4,0,1,0
8jtfvo,2018-05-16 08:59:10,61,r/BlackPeopleTwitter,3,2018-05-16 16:05:46,4,0,1,0
8jtfvo,2018-05-16 08:59:10,61,r/BlackPeopleTwitter,3,2018-05-16 13:19:08,3,1,17,0
8jtfvo,2018-05-16 08:59:10,61,r/BlackPeopleTwitter,3,2018-05-16 13:50:07,4,2,2,0
8jtfvo,2018-05-16 08:59:10,61,r/BlackPeopleTwitter,3,2018-05-16 14:06:31,5,0,6,0
8jtfvo,2018-05-16 08:59:10,61,r/BlackPeopleTwitter,3,2018-05-16 14:46:50,5,1,3,0
8jtfvo,2018-05-16 08:59:10,61,r/BlackPeopleTwitter,3,2018-05-16 13:14:05,3,0,3,0
8jtfvo,2018-05-16 08:59:10,61,r/BlackPeopleTwitter,3,2018-05-16 13:12:36,3,0,2,0
8jtfvo,2018-05-16 08:59:10,61,r/BlackPeopleTwitter,3,2018-05-16 16:13:36,3,0,2,0
8jtfvo,2018-05-16 08:59:10,61,r/BlackPeopleTwitter,3,2018-05-16 13:21:42,3,0,1,0
8jtfvo,2018-05-16 08:59:10,61,r/BlackPeopleTwitter,3,2018-05-16 13:47:36,3,0,1,0
8jtfvo,2018-05-16 08:59:10,61,r/BlackPeopleTwitter,3,2018-05-16 15:16:50,3,0,1,0
8jtfvo,2018-05-16 08:59:10,61,r/BlackPeopleTwitter,3,2018-05-16 17:38:59,3,0,1,0
8jtfvo,2018-05-16 08:59:10,61,r/BlackPeopleTwitter,3,2018-05-16 12:27:12,2,1,28,0
8jtfvo,2018-05-16 08:59:10,61,r/BlackPeopleTwitter,3,2018-05-16 12:44:40,3,1,7,0
8jtfvo,2018-05-16 08:59:10,61,r/BlackPeopleTwitter,3,2018-05-16 14:13:01,4,1,1,0
8jtfvo,2018-05-16 08:59:10,61,r/BlackPeopleTwitter,3,2018-05-16 15:48:14,5,0,1,0
8jtfvo,2018-05-16 08:59:10,61,r/BlackPeopleTwitter,3,2018-05-16 13:00:26,2,0,10,0
8jtfvo,2018-05-16 08:59:10,61,r/BlackPeopleTwitter,3,2018-05-16 12:55:42,2,2,10,0
8jtfvo,2018-05-16 08:59:10,61,r/BlackPeopleTwitter,3,2018-05-16 13:12:24,3,0,8,0
8jtfvo,2018-05-16 08:59:10,61,r/BlackPeopleTwitter,3,2018-05-16 12:49:39,2,0,1,0
8jtfvo,2018-05-16 08:59:10,61,r/BlackPeopleTwitter,3,2018-05-16 14:29:27,2,0,1,0
8jtfvo,2018-05-16 08:59:10,61,r/BlackPeopleTwitter,3,2018-05-16 14:32:57,2,0,1,0
8jtfvo,2018-05-16 08:59:10,61,r/BlackPeopleTwitter,3,2018-05-16 11:49:57,1,1,407,0
8jtfvo,2018-05-16 08:59:10,61,r/BlackPeopleTwitter,3,2018-05-16 11:59:26,2,7,166,0
8jtfvo,2018-05-16 08:59:10,61,r/BlackPeopleTwitter,3,2018-05-16 13:03:21,3,1,36,0
8jtfvo,2018-05-16 08:59:10,61,r/BlackPeopleTwitter,3,2018-05-16 13:26:08,4,1,45,0
8jtfvo,2018-05-16 08:59:10,61,r/BlackPeopleTwitter,3,2018-05-16 14:46:57,5,0,26,0
8jtfvo,2018-05-16 08:59:10,61,r/BlackPeopleTwitter,3,2018-05-16 12:05:40,3,1,77,0
8jtfvo,2018-05-16 08:59:10,61,r/BlackPeopleTwitter,3,2018-05-16 12:17:17,4,5,135,0
8jtfvo,2018-05-16 08:59:10,61,r/BlackPeopleTwitter,3,2018-05-16 12:28:04,5,0,32,0
8jtfvo,2018-05-16 08:59:10,61,r/BlackPeopleTwitter,3,2018-05-16 13:59:15,5,0,3,0
8jtfvo,2018-05-16 08:59:10,61,r/BlackPeopleTwitter,3,2018-05-16 15:25:19,5,0,2,0
8jtfvo,2018-05-16 08:59:10,61,r/BlackPeopleTwitter,3,2018-05-16 12:45:40,5,1,4,0
8jtfvo,2018-05-16 08:59:10,61,r/BlackPeopleTwitter,3,2018-05-16 14:28:45,6,0,15,0
8jtfvo,2018-05-16 08:59:10,61,r/BlackPeopleTwitter,3,2018-05-16 12:07:59,3,0,10,0
8jtfvo,2018-05-16 08:59:10,61,r/BlackPeopleTwitter,3,2018-05-16 12:35:41,3,1,6,0
8jtfvo,2018-05-16 08:59:10,61,r/BlackPeopleTwitter,3,2018-05-16 12:38:35,4,0,6,0
8jtfvo,2018-05-16 08:59:10,61,r/BlackPeopleTwitter,3,2018-05-16 12:06:48,3,2,8,0
8jtfvo,2018-05-16 08:59:10,61,r/BlackPeopleTwitter,3,2018-05-16 13:00:53,4,0,3,0
8jtfvo,2018-05-16 08:59:10,61,r/BlackPeopleTwitter,3,2018-05-16 12:35:18,4,1,9,0
8jtfvo,2018-05-16 08:59:10,61,r/BlackPeopleTwitter,3,2018-05-16 17:34:26,5,2,2,0
8jtfvo,2018-05-16 08:59:10,61,r/BlackPeopleTwitter,3,2018-05-16 17:47:36,6,0,2,0
8jtfvo,2018-05-16 08:59:10,61,r/BlackPeopleTwitter,3,2018-05-16 12:03:04,3,1,3,0
8jtfvo,2018-05-16 08:59:10,61,r/BlackPeopleTwitter,3,2018-05-16 11:55:03,1,3,342,0
8jtfvo,2018-05-16 08:59:10,61,r/BlackPeopleTwitter,3,2018-05-16 12:16:04,2,7,188,0
8jtfvo,2018-05-16 08:59:10,61,r/BlackPeopleTwitter,3,2018-05-16 12:22:43,3,6,47,0
8jtfvo,2018-05-16 08:59:10,61,r/BlackPeopleTwitter,3,2018-05-16 12:30:27,4,1,26,0
8jtfvo,2018-05-16 08:59:10,61,r/BlackPeopleTwitter,3,2018-05-16 16:36:14,5,1,4,0
8jtfvo,2018-05-16 08:59:10,61,r/BlackPeopleTwitter,3,2018-05-16 18:08:03,6,0,2,0
8jtfvo,2018-05-16 08:59:10,61,r/BlackPeopleTwitter,3,2018-05-16 12:39:42,4,2,10,0
8jtfvo,2018-05-16 08:59:10,61,r/BlackPeopleTwitter,3,2018-05-16 13:21:39,5,0,10,0
8jtfvo,2018-05-16 08:59:10,61,r/BlackPeopleTwitter,3,2018-05-16 14:42:47,5,1,3,0
8jtfvo,2018-05-16 08:59:10,61,r/BlackPeopleTwitter,3,2018-05-16 15:38:03,6,0,1,0
8jtfvo,2018-05-16 08:59:10,61,r/BlackPeopleTwitter,3,2018-05-16 13:09:51,4,0,2,0
8jtfvo,2018-05-16 08:59:10,61,r/BlackPeopleTwitter,3,2018-05-16 12:26:04,4,3,4,0
8jtfvo,2018-05-16 08:59:10,61,r/BlackPeopleTwitter,3,2018-05-16 12:30:52,5,1,21,0
8jtfvo,2018-05-16 08:59:10,61,r/BlackPeopleTwitter,3,2018-05-16 15:38:26,5,1,1,0
8jtfvo,2018-05-16 08:59:10,61,r/BlackPeopleTwitter,3,2018-05-16 15:54:08,6,0,1,0
8jtfvo,2018-05-16 08:59:10,61,r/BlackPeopleTwitter,3,2018-05-16 14:25:42,4,0,1,0
8jtfvo,2018-05-16 08:59:10,61,r/BlackPeopleTwitter,3,2018-05-16 12:30:41,3,0,7,0
8jtfvo,2018-05-16 08:59:10,61,r/BlackPeopleTwitter,3,2018-05-16 12:27:04,3,0,8,0
8jtfvo,2018-05-16 08:59:10,61,r/BlackPeopleTwitter,3,2018-05-16 12:28:07,3,0,3,0
8jtfvo,2018-05-16 08:59:10,61,r/BlackPeopleTwitter,3,2018-05-16 12:36:58,3,0,2,0
8jtfvo,2018-05-16 08:59:10,61,r/BlackPeopleTwitter,3,2018-05-16 13:35:25,3,0,1,0
8jtfvo,2018-05-16 08:59:10,61,r/BlackPeopleTwitter,3,2018-05-16 12:28:08,2,4,57,0
8jtfvo,2018-05-16 08:59:10,61,r/BlackPeopleTwitter,3,2018-05-16 12:45:41,3,1,30,0
8jtfvo,2018-05-16 08:59:10,61,r/BlackPeopleTwitter,3,2018-05-16 13:07:25,4,3,10,0
8jtfvo,2018-05-16 08:59:10,61,r/BlackPeopleTwitter,3,2018-05-16 16:04:56,5,0,2,0
8jtfvo,2018-05-16 08:59:10,61,r/BlackPeopleTwitter,3,2018-05-16 13:42:42,5,1,2,0
8jtfvo,2018-05-16 08:59:10,61,r/BlackPeopleTwitter,3,2018-05-16 13:58:46,6,1,8,0
8jtfvo,2018-05-16 08:59:10,61,r/BlackPeopleTwitter,3,2018-05-16 14:22:24,3,0,14,0
8jtfvo,2018-05-16 08:59:10,61,r/BlackPeopleTwitter,3,2018-05-16 15:42:06,3,0,1,0
8jtfvo,2018-05-16 08:59:10,61,r/BlackPeopleTwitter,3,2018-05-16 12:48:46,2,2,18,0
8jtfvo,2018-05-16 08:59:10,61,r/BlackPeopleTwitter,3,2018-05-16 15:39:20,3,1,3,0
8jtfvo,2018-05-16 08:59:10,61,r/BlackPeopleTwitter,3,2018-05-16 11:53:35,1,2,122,0
8jtfvo,2018-05-16 08:59:10,61,r/BlackPeopleTwitter,3,2018-05-16 13:40:59,2,4,15,0
8jtfvo,2018-05-16 08:59:10,61,r/BlackPeopleTwitter,3,2018-05-16 14:29:02,3,0,2,0
8jtfvo,2018-05-16 08:59:10,61,r/BlackPeopleTwitter,3,2018-05-16 14:50:55,3,0,0,0
8jtfvo,2018-05-16 08:59:10,61,r/BlackPeopleTwitter,3,2018-05-16 15:40:14,3,0,1,0
8jtfvo,2018-05-16 08:59:10,61,r/BlackPeopleTwitter,3,2018-05-16 13:33:24,2,0,1,0
8jtfvo,2018-05-16 08:59:10,61,r/BlackPeopleTwitter,3,2018-05-16 13:03:16,1,4,47,0
8jtfvo,2018-05-16 08:59:10,61,r/BlackPeopleTwitter,3,2018-05-16 14:14:58,2,0,5,0
8jtfvo,2018-05-16 08:59:10,61,r/BlackPeopleTwitter,3,2018-05-16 13:27:37,2,1,13,0
8jtfvo,2018-05-16 08:59:10,61,r/BlackPeopleTwitter,3,2018-05-16 13:24:11,2,1,4,0
8jtfvo,2018-05-16 08:59:10,61,r/BlackPeopleTwitter,3,2018-05-16 13:28:15,3,0,2,0
8jtfvo,2018-05-16 08:59:10,61,r/BlackPeopleTwitter,3,2018-05-16 13:05:30,1,0,19,0
8jtfvo,2018-05-16 08:59:10,61,r/BlackPeopleTwitter,3,2018-05-16 12:29:58,1,2,39,0
8jtfvo,2018-05-16 08:59:10,61,r/BlackPeopleTwitter,3,2018-05-16 13:21:27,2,1,9,0
8jtfvo,2018-05-16 08:59:10,61,r/BlackPeopleTwitter,3,2018-05-16 15:25:47,3,0,2,0
8jtfvo,2018-05-16 08:59:10,61,r/BlackPeopleTwitter,3,2018-05-16 12:26:55,1,1,22,0
8jtfvo,2018-05-16 08:59:10,61,r/BlackPeopleTwitter,3,2018-05-16 14:13:56,1,0,2,0
8jtfvo,2018-05-16 08:59:10,61,r/BlackPeopleTwitter,3,2018-05-16 14:43:37,1,0,2,0
8jtfvo,2018-05-16 08:59:10,61,r/BlackPeopleTwitter,3,2018-05-16 16:39:54,1,0,2,0
8jtfvo,2018-05-16 08:59:10,61,r/BlackPeopleTwitter,3,2018-05-16 13:11:18,1,0,2,0
8jtfvo,2018-05-16 08:59:10,61,r/BlackPeopleTwitter,3,2018-05-16 13:30:09,1,0,3,0
8jtfvo,2018-05-16 08:59:10,61,r/BlackPeopleTwitter,3,2018-05-16 12:35:30,1,0,4,0
8jtfvo,2018-05-16 08:59:10,61,r/BlackPeopleTwitter,3,2018-05-16 13:01:40,1,0,2,0
8jtfvo,2018-05-16 08:59:10,61,r/BlackPeopleTwitter,3,2018-05-16 14:03:27,1,0,1,0
8jtfvo,2018-05-16 08:59:10,61,r/BlackPeopleTwitter,3,2018-05-16 14:38:59,1,0,1,0
8jtfvo,2018-05-16 08:59:10,61,r/BlackPeopleTwitter,3,2018-05-16 14:48:54,1,0,1,0
8jtfvo,2018-05-16 08:59:10,61,r/BlackPeopleTwitter,3,2018-05-16 14:53:16,1,0,1,0
8jtfvo,2018-05-16 08:59:10,61,r/BlackPeopleTwitter,3,2018-05-16 15:12:50,1,0,1,0
8jtfvo,2018-05-16 08:59:10,61,r/BlackPeopleTwitter,3,2018-05-16 15:21:32,1,1,1,0
8jtfvo,2018-05-16 08:59:10,61,r/BlackPeopleTwitter,3,2018-05-16 15:37:39,2,0,1,0
8jtfvo,2018-05-16 08:59:10,61,r/BlackPeopleTwitter,3,2018-05-16 15:22:57,1,0,1,0
8jtfvo,2018-05-16 08:59:10,61,r/BlackPeopleTwitter,3,2018-05-16 16:02:21,1,0,1,0
8jtfvo,2018-05-16 08:59:10,61,r/BlackPeopleTwitter,3,2018-05-16 17:14:42,1,0,1,0
8jtfvo,2018-05-16 08:59:10,61,r/BlackPeopleTwitter,4,2018-05-16 12:29:30,0,1,125,0
8jtfvo,2018-05-16 08:59:10,61,r/BlackPeopleTwitter,4,2018-05-16 14:36:22,1,1,36,0
8jtfvo,2018-05-16 08:59:10,61,r/BlackPeopleTwitter,4,2018-05-16 14:51:43,2,1,7,0
8jtfvo,2018-05-16 08:59:10,61,r/BlackPeopleTwitter,4,2018-05-16 16:11:23,3,1,13,0
8jtfvo,2018-05-16 08:59:10,61,r/BlackPeopleTwitter,4,2018-05-16 17:28:59,4,1,4,0
8jtfvo,2018-05-16 08:59:10,61,r/BlackPeopleTwitter,4,2018-05-16 17:30:38,5,1,4,0
8jtfvo,2018-05-16 08:59:10,61,r/BlackPeopleTwitter,4,2018-05-16 17:31:45,6,1,3,0
8jtfvo,2018-05-16 08:59:10,61,r/BlackPeopleTwitter,4,2018-05-16 17:36:06,7,1,1,0
8jtfvo,2018-05-16 08:59:10,61,r/BlackPeopleTwitter,4,2018-05-16 17:41:48,8,0,2,0
8jtfvo,2018-05-16 08:59:10,61,r/BlackPeopleTwitter,5,2018-05-16 09:27:26,0,3,1317,0
8jtfvo,2018-05-16 08:59:10,61,r/BlackPeopleTwitter,5,2018-05-16 10:50:17,1,3,329,0
8jtfvo,2018-05-16 08:59:10,61,r/BlackPeopleTwitter,5,2018-05-16 12:41:02,2,5,197,0
8jtfvo,2018-05-16 08:59:10,61,r/BlackPeopleTwitter,5,2018-05-16 13:01:36,3,0,127,0
8jtfvo,2018-05-16 08:59:10,61,r/BlackPeopleTwitter,5,2018-05-16 13:06:48,3,2,17,0
8jtfvo,2018-05-16 08:59:10,61,r/BlackPeopleTwitter,5,2018-05-16 13:23:43,4,2,85,0
8jtfvo,2018-05-16 08:59:10,61,r/BlackPeopleTwitter,5,2018-05-16 14:16:53,5,1,9,0
8jtfvo,2018-05-16 08:59:10,61,r/BlackPeopleTwitter,5,2018-05-16 14:38:11,6,2,5,0
8jtfvo,2018-05-16 08:59:10,61,r/BlackPeopleTwitter,5,2018-05-16 15:11:26,7,0,7,0
8jtfvo,2018-05-16 08:59:10,61,r/BlackPeopleTwitter,5,2018-05-16 15:32:58,7,0,8,0
8jtfvo,2018-05-16 08:59:10,61,r/BlackPeopleTwitter,5,2018-05-16 13:43:15,4,0,41,0
8jtfvo,2018-05-16 08:59:10,61,r/BlackPeopleTwitter,5,2018-05-16 14:06:46,3,0,3,0
8jtfvo,2018-05-16 08:59:10,61,r/BlackPeopleTwitter,5,2018-05-16 15:24:46,3,0,1,0
8jtfvo,2018-05-16 08:59:10,61,r/BlackPeopleTwitter,5,2018-05-16 17:29:41,3,0,1,0
8jtfvo,2018-05-16 08:59:10,61,r/BlackPeopleTwitter,5,2018-05-16 12:33:48,2,2,9,0
8jtfvo,2018-05-16 08:59:10,61,r/BlackPeopleTwitter,5,2018-05-16 12:39:52,3,0,43,0
8jtfvo,2018-05-16 08:59:10,61,r/BlackPeopleTwitter,5,2018-05-16 12:46:37,3,1,26,0
8jtfvo,2018-05-16 08:59:10,61,r/BlackPeopleTwitter,5,2018-05-16 12:52:57,4,3,53,0
8jtfvo,2018-05-16 08:59:10,61,r/BlackPeopleTwitter,5,2018-05-16 13:12:56,5,0,6,0
8jtfvo,2018-05-16 08:59:10,61,r/BlackPeopleTwitter,5,2018-05-16 13:10:15,5,1,16,0
8jtfvo,2018-05-16 08:59:10,61,r/BlackPeopleTwitter,5,2018-05-16 14:54:10,6,0,2,0
8jtfvo,2018-05-16 08:59:10,61,r/BlackPeopleTwitter,5,2018-05-16 13:19:20,5,1,2,0
8jtfvo,2018-05-16 08:59:10,61,r/BlackPeopleTwitter,5,2018-05-16 14:55:18,6,1,8,0
8jtfvo,2018-05-16 08:59:10,61,r/BlackPeopleTwitter,5,2018-05-16 15:36:41,7,1,1,0
8jtfvo,2018-05-16 08:59:10,61,r/BlackPeopleTwitter,5,2018-05-16 16:06:13,8,0,3,0
8jtfvo,2018-05-16 08:59:10,61,r/BlackPeopleTwitter,5,2018-05-16 13:26:41,2,0,2,0
8jtfvo,2018-05-16 08:59:10,61,r/BlackPeopleTwitter,5,2018-05-16 12:03:55,1,4,36,0
8jtfvo,2018-05-16 08:59:10,61,r/BlackPeopleTwitter,5,2018-05-16 12:08:35,2,2,124,0
8jtfvo,2018-05-16 08:59:10,61,r/BlackPeopleTwitter,5,2018-05-16 12:23:00,3,3,49,0
8jtfvo,2018-05-16 08:59:10,61,r/BlackPeopleTwitter,5,2018-05-16 12:38:01,4,1,23,0
8jtfvo,2018-05-16 08:59:10,61,r/BlackPeopleTwitter,5,2018-05-16 13:52:25,5,0,5,0
8jtfvo,2018-05-16 08:59:10,61,r/BlackPeopleTwitter,5,2018-05-16 12:38:09,4,0,7,0
8jtfvo,2018-05-16 08:59:10,61,r/BlackPeopleTwitter,5,2018-05-16 12:43:32,4,2,3,0
8jtfvo,2018-05-16 08:59:10,61,r/BlackPeopleTwitter,5,2018-05-16 12:57:18,5,0,3,0
8jtfvo,2018-05-16 08:59:10,61,r/BlackPeopleTwitter,5,2018-05-16 12:31:33,3,1,12,0
8jtfvo,2018-05-16 08:59:10,61,r/BlackPeopleTwitter,5,2018-05-16 13:12:12,4,0,2,0
8jtfvo,2018-05-16 08:59:10,61,r/BlackPeopleTwitter,5,2018-05-16 12:16:59,2,0,21,0
8jtfvo,2018-05-16 08:59:10,61,r/BlackPeopleTwitter,5,2018-05-16 12:24:35,2,0,13,0
8jtfvo,2018-05-16 08:59:10,61,r/BlackPeopleTwitter,5,2018-05-16 12:32:38,2,0,2,0
8jtfvo,2018-05-16 08:59:10,61,r/BlackPeopleTwitter,5,2018-05-16 14:02:18,1,0,2,0
8jtfvo,2018-05-16 08:59:10,61,r/BlackPeopleTwitter,6,2018-05-16 11:34:26,0,3,392,0
8jtfvo,2018-05-16 08:59:10,61,r/BlackPeopleTwitter,6,2018-05-16 12:32:32,1,1,109,0
8jtfvo,2018-05-16 08:59:10,61,r/BlackPeopleTwitter,6,2018-05-16 15:40:24,1,0,1,0
8jtfvo,2018-05-16 08:59:10,61,r/BlackPeopleTwitter,6,2018-05-16 16:26:57,1,0,1,0
8jtfvo,2018-05-16 08:59:10,61,r/BlackPeopleTwitter,7,2018-05-16 09:27:01,0,1,59,0
8jtfvo,2018-05-16 08:59:10,61,r/BlackPeopleTwitter,7,2018-05-16 12:18:54,1,0,27,0
8jtfvo,2018-05-16 08:59:10,61,r/BlackPeopleTwitter,8,2018-05-16 10:26:38,0,1,792,0
8jtfvo,2018-05-16 08:59:10,61,r/BlackPeopleTwitter,8,2018-05-16 16:02:06,1,1,39,0
8jtfvo,2018-05-16 08:59:10,61,r/BlackPeopleTwitter,8,2018-05-16 16:07:29,2,0,15,0
8jtfvo,2018-05-16 08:59:10,61,r/BlackPeopleTwitter,9,2018-05-16 12:27:47,0,1,22,0
8jtfvo,2018-05-16 08:59:10,61,r/BlackPeopleTwitter,9,2018-05-16 14:20:10,1,1,10,0
8jtfvo,2018-05-16 08:59:10,61,r/BlackPeopleTwitter,9,2018-05-16 16:05:45,2,0,2,0
8jtfvo,2018-05-16 08:59:10,61,r/BlackPeopleTwitter,10,2018-05-16 11:07:23,0,13,3263,0
8jtfvo,2018-05-16 08:59:10,61,r/BlackPeopleTwitter,10,2018-05-16 12:00:47,1,5,335,0
8jtfvo,2018-05-16 08:59:10,61,r/BlackPeopleTwitter,10,2018-05-16 12:07:58,2,1,106,0
8jtfvo,2018-05-16 08:59:10,61,r/BlackPeopleTwitter,10,2018-05-16 12:30:50,3,0,29,0
8jtfvo,2018-05-16 08:59:10,61,r/BlackPeopleTwitter,10,2018-05-16 12:15:46,2,0,17,0
8jtfvo,2018-05-16 08:59:10,61,r/BlackPeopleTwitter,10,2018-05-16 12:31:59,2,0,3,0
8jtfvo,2018-05-16 08:59:10,61,r/BlackPeopleTwitter,10,2018-05-16 12:27:36,2,1,14,0
8jtfvo,2018-05-16 08:59:10,61,r/BlackPeopleTwitter,10,2018-05-16 13:48:44,3,0,2,0
8jtfvo,2018-05-16 08:59:10,61,r/BlackPeopleTwitter,10,2018-05-16 12:55:35,2,0,4,0
8jtfvo,2018-05-16 08:59:10,61,r/BlackPeopleTwitter,10,2018-05-16 11:49:48,1,7,1491,0
8jtfvo,2018-05-16 08:59:10,61,r/BlackPeopleTwitter,10,2018-05-16 11:51:44,2,2,162,0
8jtfvo,2018-05-16 08:59:10,61,r/BlackPeopleTwitter,10,2018-05-16 11:54:17,3,1,57,0
8jtfvo,2018-05-16 08:59:10,61,r/BlackPeopleTwitter,10,2018-05-16 12:50:32,4,1,12,0
8jtfvo,2018-05-16 08:59:10,61,r/BlackPeopleTwitter,10,2018-05-16 13:59:06,5,2,14,0
8jtfvo,2018-05-16 08:59:10,61,r/BlackPeopleTwitter,10,2018-05-16 14:40:42,6,0,3,0
8jtfvo,2018-05-16 08:59:10,61,r/BlackPeopleTwitter,10,2018-05-16 15:30:36,6,0,1,0
8jtfvo,2018-05-16 08:59:10,61,r/BlackPeopleTwitter,10,2018-05-16 13:32:42,3,1,8,0
8jtfvo,2018-05-16 08:59:10,61,r/BlackPeopleTwitter,10,2018-05-16 13:42:23,4,1,7,0
8jtfvo,2018-05-16 08:59:10,61,r/BlackPeopleTwitter,10,2018-05-16 15:46:19,5,0,2,0
8jtfvo,2018-05-16 08:59:10,61,r/BlackPeopleTwitter,10,2018-05-16 11:51:37,2,1,819,0
8jtfvo,2018-05-16 08:59:10,61,r/BlackPeopleTwitter,10,2018-05-16 11:52:55,3,3,232,0
8jtfvo,2018-05-16 08:59:10,61,r/BlackPeopleTwitter,10,2018-05-16 12:52:29,4,0,15,0
8jtfvo,2018-05-16 08:59:10,61,r/BlackPeopleTwitter,10,2018-05-16 12:00:56,4,5,171,0
8jtfvo,2018-05-16 08:59:10,61,r/BlackPeopleTwitter,10,2018-05-16 12:57:13,5,1,82,0
8jtfvo,2018-05-16 08:59:10,61,r/BlackPeopleTwitter,10,2018-05-16 14:34:47,6,0,4,0
8jtfvo,2018-05-16 08:59:10,61,r/BlackPeopleTwitter,10,2018-05-16 13:17:22,5,0,26,0
8jtfvo,2018-05-16 08:59:10,61,r/BlackPeopleTwitter,10,2018-05-16 13:47:58,5,0,24,0
8jtfvo,2018-05-16 08:59:10,61,r/BlackPeopleTwitter,10,2018-05-16 16:11:13,5,0,17,0
8jtfvo,2018-05-16 08:59:10,61,r/BlackPeopleTwitter,10,2018-05-16 15:35:59,5,0,8,0
8jtfvo,2018-05-16 08:59:10,61,r/BlackPeopleTwitter,10,2018-05-16 12:35:21,4,0,4,0
8jtfvo,2018-05-16 08:59:10,61,r/BlackPeopleTwitter,10,2018-05-16 11:57:10,2,1,28,0
8jtfvo,2018-05-16 08:59:10,61,r/BlackPeopleTwitter,10,2018-05-16 11:59:34,3,4,29,0
8jtfvo,2018-05-16 08:59:10,61,r/BlackPeopleTwitter,10,2018-05-16 12:17:19,4,1,20,0
8jtfvo,2018-05-16 08:59:10,61,r/BlackPeopleTwitter,10,2018-05-16 12:27:56,5,1,13,0
8jtfvo,2018-05-16 08:59:10,61,r/BlackPeopleTwitter,10,2018-05-16 12:47:20,6,0,7,0
8jtfvo,2018-05-16 08:59:10,61,r/BlackPeopleTwitter,10,2018-05-16 12:15:55,4,0,11,0
8jtfvo,2018-05-16 08:59:10,61,r/BlackPeopleTwitter,10,2018-05-16 13:45:54,4,0,3,0
8jtfvo,2018-05-16 08:59:10,61,r/BlackPeopleTwitter,10,2018-05-16 13:44:50,4,1,2,0
8jtfvo,2018-05-16 08:59:10,61,r/BlackPeopleTwitter,10,2018-05-16 13:57:59,5,0,1,0
8jtfvo,2018-05-16 08:59:10,61,r/BlackPeopleTwitter,10,2018-05-16 12:08:57,2,1,94,0
8jtfvo,2018-05-16 08:59:10,61,r/BlackPeopleTwitter,10,2018-05-16 12:35:22,3,1,39,0
8jtfvo,2018-05-16 08:59:10,61,r/BlackPeopleTwitter,10,2018-05-16 15:04:34,2,0,4,0
8jtfvo,2018-05-16 08:59:10,61,r/BlackPeopleTwitter,10,2018-05-16 15:29:06,2,1,4,0
8jtfvo,2018-05-16 08:59:10,61,r/BlackPeopleTwitter,10,2018-05-16 16:00:06,3,1,3,0
8jtfvo,2018-05-16 08:59:10,61,r/BlackPeopleTwitter,10,2018-05-16 16:37:41,4,0,2,0
8jtfvo,2018-05-16 08:59:10,61,r/BlackPeopleTwitter,10,2018-05-16 17:24:29,2,0,2,0
8jtfvo,2018-05-16 08:59:10,61,r/BlackPeopleTwitter,10,2018-05-16 12:36:24,1,1,85,0
8jtfvo,2018-05-16 08:59:10,61,r/BlackPeopleTwitter,10,2018-05-16 13:06:34,2,0,33,0
8jtfvo,2018-05-16 08:59:10,61,r/BlackPeopleTwitter,10,2018-05-16 13:01:16,1,2,81,0
8jtfvo,2018-05-16 08:59:10,61,r/BlackPeopleTwitter,10,2018-05-16 13:38:08,2,2,34,0
8jtfvo,2018-05-16 08:59:10,61,r/BlackPeopleTwitter,10,2018-05-16 13:53:10,3,2,19,0
8jtfvo,2018-05-16 08:59:10,61,r/BlackPeopleTwitter,10,2018-05-16 13:56:39,4,1,15,0
8jtfvo,2018-05-16 08:59:10,61,r/BlackPeopleTwitter,10,2018-05-16 13:57:40,5,0,33,0
8jtfvo,2018-05-16 08:59:10,61,r/BlackPeopleTwitter,10,2018-05-16 14:20:23,4,0,4,0
8jtfvo,2018-05-16 08:59:10,61,r/BlackPeopleTwitter,10,2018-05-16 17:14:03,3,0,3,0
8jtfvo,2018-05-16 08:59:10,61,r/BlackPeopleTwitter,10,2018-05-16 14:19:10,2,0,1,0
8jtfvo,2018-05-16 08:59:10,61,r/BlackPeopleTwitter,10,2018-05-16 13:13:13,1,0,31,0
8jtfvo,2018-05-16 08:59:10,61,r/BlackPeopleTwitter,10,2018-05-16 15:10:04,1,0,3,0
8jtfvo,2018-05-16 08:59:10,61,r/BlackPeopleTwitter,10,2018-05-16 12:50:28,1,2,23,0
8jtfvo,2018-05-16 08:59:10,61,r/BlackPeopleTwitter,10,2018-05-16 15:42:18,2,0,2,0
8jtfvo,2018-05-16 08:59:10,61,r/BlackPeopleTwitter,10,2018-05-16 16:41:00,2,0,1,0
8jtfvo,2018-05-16 08:59:10,61,r/BlackPeopleTwitter,10,2018-05-16 15:10:45,1,0,2,0
8jtfvo,2018-05-16 08:59:10,61,r/BlackPeopleTwitter,10,2018-05-16 15:36:56,1,0,1,0
8jtfvo,2018-05-16 08:59:10,61,r/BlackPeopleTwitter,10,2018-05-16 16:44:37,1,0,1,0
8jtfvo,2018-05-16 08:59:10,61,r/BlackPeopleTwitter,10,2018-05-16 16:48:26,1,0,1,0
8jtfvo,2018-05-16 08:59:10,61,r/BlackPeopleTwitter,10,2018-05-16 17:33:53,1,0,1,0
8jtfvo,2018-05-16 08:59:10,61,r/BlackPeopleTwitter,11,2018-05-16 12:20:28,0,1,100,0
8jtfvo,2018-05-16 08:59:10,61,r/BlackPeopleTwitter,11,2018-05-16 13:26:55,1,1,19,0
8jtfvo,2018-05-16 08:59:10,61,r/BlackPeopleTwitter,11,2018-05-16 14:37:48,2,1,6,0
8jtfvo,2018-05-16 08:59:10,61,r/BlackPeopleTwitter,11,2018-05-16 15:11:21,3,0,8,0
8jtfvo,2018-05-16 08:59:10,61,r/BlackPeopleTwitter,12,2018-05-16 14:34:58,0,1,11,0
8jtfvo,2018-05-16 08:59:10,61,r/BlackPeopleTwitter,13,2018-05-16 12:48:13,0,1,8,0
8jtfvo,2018-05-16 08:59:10,61,r/BlackPeopleTwitter,13,2018-05-16 15:12:27,1,1,2,0
8jtfvo,2018-05-16 08:59:10,61,r/BlackPeopleTwitter,14,2018-05-16 12:43:15,0,1,23,0
8jtfvo,2018-05-16 08:59:10,61,r/BlackPeopleTwitter,15,2018-05-16 12:45:44,0,5,20,0
8jtfvo,2018-05-16 08:59:10,61,r/BlackPeopleTwitter,15,2018-05-16 13:42:33,1,0,12,0
8jtfvo,2018-05-16 08:59:10,61,r/BlackPeopleTwitter,15,2018-05-16 14:36:43,1,0,2,0
8jtfvo,2018-05-16 08:59:10,61,r/BlackPeopleTwitter,15,2018-05-16 15:56:26,1,0,1,0
8jtfvo,2018-05-16 08:59:10,61,r/BlackPeopleTwitter,15,2018-05-16 16:54:55,1,0,1,0
8jtfvo,2018-05-16 08:59:10,61,r/BlackPeopleTwitter,15,2018-05-16 17:33:31,1,0,1,0
8jtfvo,2018-05-16 08:59:10,61,r/BlackPeopleTwitter,16,2018-05-16 12:06:56,0,0,45,0
8jtfvo,2018-05-16 08:59:10,61,r/BlackPeopleTwitter,17,2018-05-16 12:15:55,0,0,15,0
8jtfvo,2018-05-16 08:59:10,61,r/BlackPeopleTwitter,18,2018-05-16 13:53:31,0,4,9,0
8jtfvo,2018-05-16 08:59:10,61,r/BlackPeopleTwitter,18,2018-05-16 14:16:39,1,0,5,0
8jtfvo,2018-05-16 08:59:10,61,r/BlackPeopleTwitter,18,2018-05-16 14:31:27,1,0,5,0
8jtfvo,2018-05-16 08:59:10,61,r/BlackPeopleTwitter,18,2018-05-16 15:30:45,1,0,1,0
8jtfvo,2018-05-16 08:59:10,61,r/BlackPeopleTwitter,19,2018-05-16 12:57:13,0,0,7,0
8jtfvo,2018-05-16 08:59:10,61,r/BlackPeopleTwitter,20,2018-05-16 10:21:11,0,3,110,0
8jtfvo,2018-05-16 08:59:10,61,r/BlackPeopleTwitter,20,2018-05-16 12:33:20,1,3,325,0
8jtfvo,2018-05-16 08:59:10,61,r/BlackPeopleTwitter,20,2018-05-16 12:54:50,2,1,106,0
8jtfvo,2018-05-16 08:59:10,61,r/BlackPeopleTwitter,20,2018-05-16 13:44:16,3,3,70,0
8jtfvo,2018-05-16 08:59:10,61,r/BlackPeopleTwitter,20,2018-05-16 14:23:31,4,0,23,0
8jtfvo,2018-05-16 08:59:10,61,r/BlackPeopleTwitter,20,2018-05-16 14:26:27,4,2,19,0
8jtfvo,2018-05-16 08:59:10,61,r/BlackPeopleTwitter,20,2018-05-16 14:42:55,5,0,14,0
8jtfvo,2018-05-16 08:59:10,61,r/BlackPeopleTwitter,20,2018-05-16 16:40:55,5,0,1,0
8jtfvo,2018-05-16 08:59:10,61,r/BlackPeopleTwitter,20,2018-05-16 14:24:19,4,0,3,0
8jtfvo,2018-05-16 08:59:10,61,r/BlackPeopleTwitter,20,2018-05-16 13:46:37,2,0,2,0
8jtfvo,2018-05-16 08:59:10,61,r/BlackPeopleTwitter,20,2018-05-16 15:24:55,1,0,3,0
8jtfvo,2018-05-16 08:59:10,61,r/BlackPeopleTwitter,20,2018-05-16 17:03:51,1,0,1,0
8jtfvo,2018-05-16 08:59:10,61,r/BlackPeopleTwitter,21,2018-05-16 12:46:07,0,0,3,0
8jtfvo,2018-05-16 08:59:10,61,r/BlackPeopleTwitter,22,2018-05-16 13:37:57,0,0,3,0
8jtfvo,2018-05-16 08:59:10,61,r/BlackPeopleTwitter,23,2018-05-16 15:44:54,0,0,3,0
8jtfvo,2018-05-16 08:59:10,61,r/BlackPeopleTwitter,24,2018-05-16 12:34:56,0,1,10,0
8jtfvo,2018-05-16 08:59:10,61,r/BlackPeopleTwitter,24,2018-05-16 16:15:37,1,0,1,0
8jtfvo,2018-05-16 08:59:10,61,r/BlackPeopleTwitter,25,2018-05-16 12:31:12,0,0,2,0
8jtfvo,2018-05-16 08:59:10,61,r/BlackPeopleTwitter,26,2018-05-16 13:38:26,0,0,2,0
8jtfvo,2018-05-16 08:59:10,61,r/BlackPeopleTwitter,27,2018-05-16 13:47:00,0,0,2,0
8jtfvo,2018-05-16 08:59:10,61,r/BlackPeopleTwitter,28,2018-05-16 15:07:53,0,0,2,0
8jtfvo,2018-05-16 08:59:10,61,r/BlackPeopleTwitter,29,2018-05-16 13:04:48,0,0,2,0
8jtfvo,2018-05-16 08:59:10,61,r/BlackPeopleTwitter,30,2018-05-16 13:35:49,0,0,2,0
8jtfvo,2018-05-16 08:59:10,61,r/BlackPeopleTwitter,31,2018-05-16 12:49:24,0,2,1,0
8jtfvo,2018-05-16 08:59:10,61,r/BlackPeopleTwitter,31,2018-05-16 14:11:03,1,0,20,0
8jtfvo,2018-05-16 08:59:10,61,r/BlackPeopleTwitter,31,2018-05-16 13:39:09,1,0,37,0
8jtfvo,2018-05-16 08:59:10,61,r/BlackPeopleTwitter,32,2018-05-16 12:29:57,0,0,1,0
8jtfvo,2018-05-16 08:59:10,61,r/BlackPeopleTwitter,33,2018-05-16 12:51:59,0,0,1,0
8jtfvo,2018-05-16 08:59:10,61,r/BlackPeopleTwitter,34,2018-05-16 12:52:53,0,0,1,0
8jtfvo,2018-05-16 08:59:10,61,r/BlackPeopleTwitter,35,2018-05-16 13:03:39,0,0,1,0
8jtfvo,2018-05-16 08:59:10,61,r/BlackPeopleTwitter,36,2018-05-16 13:04:25,0,0,1,0
8jtfvo,2018-05-16 08:59:10,61,r/BlackPeopleTwitter,37,2018-05-16 13:05:09,0,0,1,0
8jtfvo,2018-05-16 08:59:10,61,r/BlackPeopleTwitter,38,2018-05-16 13:07:24,0,0,1,0
8jtfvo,2018-05-16 08:59:10,61,r/BlackPeopleTwitter,39,2018-05-16 13:10:36,0,0,1,0
8jtfvo,2018-05-16 08:59:10,61,r/BlackPeopleTwitter,40,2018-05-16 13:31:15,0,0,1,0
8jtfvo,2018-05-16 08:59:10,61,r/BlackPeopleTwitter,41,2018-05-16 13:36:16,0,0,1,0
8jtfvo,2018-05-16 08:59:10,61,r/BlackPeopleTwitter,42,2018-05-16 13:42:15,0,0,1,0
8jtfvo,2018-05-16 08:59:10,61,r/BlackPeopleTwitter,43,2018-05-16 13:52:13,0,0,1,0
8jtfvo,2018-05-16 08:59:10,61,r/BlackPeopleTwitter,44,2018-05-16 13:52:22,0,0,1,0
8jtfvo,2018-05-16 08:59:10,61,r/BlackPeopleTwitter,45,2018-05-16 13:56:17,0,0,1,0
8jtfvo,2018-05-16 08:59:10,61,r/BlackPeopleTwitter,46,2018-05-16 14:01:12,0,0,1,0
8jtfvo,2018-05-16 08:59:10,61,r/BlackPeopleTwitter,47,2018-05-16 14:03:18,0,0,1,0
8jtfvo,2018-05-16 08:59:10,61,r/BlackPeopleTwitter,48,2018-05-16 14:13:10,0,0,1,0
8jtfvo,2018-05-16 08:59:10,61,r/BlackPeopleTwitter,49,2018-05-16 14:13:29,0,0,1,0
8jtfvo,2018-05-16 08:59:10,61,r/BlackPeopleTwitter,50,2018-05-16 14:16:36,0,0,1,0
8jtfvo,2018-05-16 08:59:10,61,r/BlackPeopleTwitter,51,2018-05-16 14:19:35,0,0,1,0
8jtfvo,2018-05-16 08:59:10,61,r/BlackPeopleTwitter,52,2018-05-16 14:20:48,0,0,1,0
8jtfvo,2018-05-16 08:59:10,61,r/BlackPeopleTwitter,53,2018-05-16 14:21:36,0,0,1,0
8jtfvo,2018-05-16 08:59:10,61,r/BlackPeopleTwitter,54,2018-05-16 14:25:12,0,0,1,0
8jtfvo,2018-05-16 08:59:10,61,r/BlackPeopleTwitter,55,2018-05-16 14:30:55,0,0,1,0
8jtfvo,2018-05-16 08:59:10,61,r/BlackPeopleTwitter,56,2018-05-16 14:33:08,0,0,1,0
8jtfvo,2018-05-16 08:59:10,61,r/BlackPeopleTwitter,57,2018-05-16 14:39:35,0,0,1,0
8jtfvo,2018-05-16 08:59:10,61,r/BlackPeopleTwitter,58,2018-05-16 14:41:08,0,0,1,0
8jtfvo,2018-05-16 08:59:10,61,r/BlackPeopleTwitter,59,2018-05-16 14:44:29,0,0,1,0
8jtfvo,2018-05-16 08:59:10,61,r/BlackPeopleTwitter,60,2018-05-16 14:45:58,0,0,1,0
8jtfvo,2018-05-16 08:59:10,61,r/BlackPeopleTwitter,61,2018-05-16 14:50:13,0,0,1,0
8jtfvo,2018-05-16 08:59:10,61,r/BlackPeopleTwitter,62,2018-05-16 15:00:45,0,0,1,0
8jtfvo,2018-05-16 08:59:10,61,r/BlackPeopleTwitter,63,2018-05-16 15:02:02,0,0,1,0
8jtfvo,2018-05-16 08:59:10,61,r/BlackPeopleTwitter,64,2018-05-16 15:04:16,0,0,1,0
8jtfvo,2018-05-16 08:59:10,61,r/BlackPeopleTwitter,65,2018-05-16 15:21:32,0,0,1,0
8jtfvo,2018-05-16 08:59:10,61,r/BlackPeopleTwitter,66,2018-05-16 15:24:06,0,0,1,0
8jtfvo,2018-05-16 08:59:10,61,r/BlackPeopleTwitter,67,2018-05-16 15:30:39,0,0,1,0
8jtfvo,2018-05-16 08:59:10,61,r/BlackPeopleTwitter,68,2018-05-16 15:35:15,0,0,1,0
8jtfvo,2018-05-16 08:59:10,61,r/BlackPeopleTwitter,69,2018-05-16 15:36:47,0,0,1,0
8jtfvo,2018-05-16 08:59:10,61,r/BlackPeopleTwitter,70,2018-05-16 15:45:02,0,0,1,0
8jtfvo,2018-05-16 08:59:10,61,r/BlackPeopleTwitter,71,2018-05-16 15:47:54,0,0,1,0
8jtfvo,2018-05-16 08:59:10,61,r/BlackPeopleTwitter,72,2018-05-16 15:55:16,0,0,1,0
8jtfvo,2018-05-16 08:59:10,61,r/BlackPeopleTwitter,73,2018-05-16 16:00:28,0,0,1,0
8jtfvo,2018-05-16 08:59:10,61,r/BlackPeopleTwitter,74,2018-05-16 16:02:37,0,0,2,0
8jtfvo,2018-05-16 08:59:10,61,r/BlackPeopleTwitter,75,2018-05-16 16:07:20,0,0,1,0
8jtfvo,2018-05-16 08:59:10,61,r/BlackPeopleTwitter,76,2018-05-16 16:23:18,0,0,1,0
8jtfvo,2018-05-16 08:59:10,61,r/BlackPeopleTwitter,77,2018-05-16 16:25:30,0,0,1,0
8jtfvo,2018-05-16 08:59:10,61,r/BlackPeopleTwitter,78,2018-05-16 16:36:43,0,0,1,0
8jtfvo,2018-05-16 08:59:10,61,r/BlackPeopleTwitter,79,2018-05-16 16:41:04,0,0,1,0
8jtfvo,2018-05-16 08:59:10,61,r/BlackPeopleTwitter,80,2018-05-16 17:13:38,0,0,1,0
8jtfvo,2018-05-16 08:59:10,61,r/BlackPeopleTwitter,81,2018-05-16 17:20:38,0,0,1,0
8jtfvo,2018-05-16 08:59:10,61,r/BlackPeopleTwitter,82,2018-05-16 17:23:09,0,0,1,0
8jtfvo,2018-05-16 08:59:10,61,r/BlackPeopleTwitter,83,2018-05-16 17:43:13,0,0,1,0
8jtfvo,2018-05-16 08:59:10,61,r/BlackPeopleTwitter,84,2018-05-16 17:48:13,0,0,1,0
8jtfvo,2018-05-16 08:59:10,61,r/BlackPeopleTwitter,85,2018-05-16 17:52:49,0,0,1,0
8jv5lo,2018-05-16 14:03:12,62,r/freefolk,0,2018-05-16 14:15:33,0,1,433,0
8jv5lo,2018-05-16 14:03:12,62,r/freefolk,0,2018-05-16 14:22:21,1,2,145,0
8jv5lo,2018-05-16 14:03:12,62,r/freefolk,0,2018-05-16 14:59:41,2,1,47,0
8jv5lo,2018-05-16 14:03:12,62,r/freefolk,0,2018-05-16 15:03:39,3,1,148,0
8jv5lo,2018-05-16 14:03:12,62,r/freefolk,0,2018-05-16 15:07:33,4,1,68,0
8jv5lo,2018-05-16 14:03:12,62,r/freefolk,0,2018-05-16 16:49:48,5,1,1,0
8jv5lo,2018-05-16 14:03:12,62,r/freefolk,0,2018-05-16 18:01:33,6,1,1,0
8jv5lo,2018-05-16 14:03:12,62,r/freefolk,0,2018-05-16 18:06:24,7,0,1,0
8jv5lo,2018-05-16 14:03:12,62,r/freefolk,0,2018-05-16 17:30:27,2,2,1,0
8jv5lo,2018-05-16 14:03:12,62,r/freefolk,0,2018-05-16 18:20:21,3,0,1,0
8jv5lo,2018-05-16 14:03:12,62,r/freefolk,0,2018-05-16 18:30:23,3,0,1,0
8jv5lo,2018-05-16 14:03:12,62,r/freefolk,1,2018-05-16 15:12:24,0,3,351,0
8jv5lo,2018-05-16 14:03:12,62,r/freefolk,1,2018-05-16 15:14:10,1,2,199,0
8jv5lo,2018-05-16 14:03:12,62,r/freefolk,1,2018-05-16 16:08:28,2,1,123,0
8jv5lo,2018-05-16 14:03:12,62,r/freefolk,1,2018-05-16 16:17:44,3,0,39,0
8jv5lo,2018-05-16 14:03:12,62,r/freefolk,1,2018-05-16 16:48:50,2,1,1,0
8jv5lo,2018-05-16 14:03:12,62,r/freefolk,1,2018-05-16 17:53:47,3,0,1,0
8jv5lo,2018-05-16 14:03:12,62,r/freefolk,1,2018-05-16 17:46:57,1,0,1,0
8jv5lo,2018-05-16 14:03:12,62,r/freefolk,1,2018-05-16 18:30:41,1,0,1,0
8jv5lo,2018-05-16 14:03:12,62,r/freefolk,2,2018-05-16 14:30:53,0,1,49,0
8jv5lo,2018-05-16 14:03:12,62,r/freefolk,2,2018-05-16 14:42:24,1,1,-2,0
8jv5lo,2018-05-16 14:03:12,62,r/freefolk,2,2018-05-16 14:47:54,2,1,18,0
8jv5lo,2018-05-16 14:03:12,62,r/freefolk,2,2018-05-16 14:52:33,3,1,9,0
8jv5lo,2018-05-16 14:03:12,62,r/freefolk,2,2018-05-16 17:04:11,4,1,1,0
8jv5lo,2018-05-16 14:03:12,62,r/freefolk,2,2018-05-16 17:14:04,5,0,1,0
8jv5lo,2018-05-16 14:03:12,62,r/freefolk,3,2018-05-16 16:54:12,0,1,1,0
8jv5lo,2018-05-16 14:03:12,62,r/freefolk,3,2018-05-16 17:56:50,1,0,1,0
8jv5lo,2018-05-16 14:03:12,62,r/freefolk,4,2018-05-16 16:35:11,0,1,1,0
8jv5lo,2018-05-16 14:03:12,62,r/freefolk,4,2018-05-16 16:36:58,1,3,1,0
8jv5lo,2018-05-16 14:03:12,62,r/freefolk,4,2018-05-16 16:39:52,2,1,1,0
8jv5lo,2018-05-16 14:03:12,62,r/freefolk,4,2018-05-16 16:44:10,3,2,1,0
8jv5lo,2018-05-16 14:03:12,62,r/freefolk,4,2018-05-16 17:11:04,4,0,1,0
8jv5lo,2018-05-16 14:03:12,62,r/freefolk,4,2018-05-16 17:34:57,4,0,1,0
8jv5lo,2018-05-16 14:03:12,62,r/freefolk,4,2018-05-16 17:45:44,2,0,1,0
8jv5lo,2018-05-16 14:03:12,62,r/freefolk,4,2018-05-16 17:34:31,2,0,1,0
8jv5lo,2018-05-16 14:03:12,62,r/freefolk,5,2018-05-16 16:46:13,0,0,1,0
8jv5lo,2018-05-16 14:03:12,62,r/freefolk,6,2018-05-16 16:51:27,0,0,1,0
8jv5lo,2018-05-16 14:03:12,62,r/freefolk,7,2018-05-16 17:34:16,0,1,1,0
8jv5lo,2018-05-16 14:03:12,62,r/freefolk,7,2018-05-16 18:05:53,1,0,1,0
8jv5lo,2018-05-16 14:03:12,62,r/freefolk,8,2018-05-16 16:48:04,0,2,1,0
8jv5lo,2018-05-16 14:03:12,62,r/freefolk,8,2018-05-16 16:56:35,1,0,1,0
8jv5lo,2018-05-16 14:03:12,62,r/freefolk,8,2018-05-16 17:11:58,1,0,1,0
8jv5lo,2018-05-16 14:03:12,62,r/freefolk,9,2018-05-16 17:23:58,0,1,1,0
8jv5lo,2018-05-16 14:03:12,62,r/freefolk,9,2018-05-16 18:18:29,1,0,1,0
8jv5lo,2018-05-16 14:03:12,62,r/freefolk,10,2018-05-16 17:45:53,0,0,1,0
8jv5lo,2018-05-16 14:03:12,62,r/freefolk,11,2018-05-16 18:11:03,0,0,1,0
8jv5lo,2018-05-16 14:03:12,62,r/freefolk,12,2018-05-16 18:20:18,0,1,1,0
8jv5lo,2018-05-16 14:03:12,62,r/freefolk,12,2018-05-16 18:25:58,1,0,1,0
8jtq7z,2018-05-16 10:03:18,63,r/comics,0,2018-05-16 10:53:41,0,4,375,0
8jtq7z,2018-05-16 10:03:18,63,r/comics,0,2018-05-16 10:54:35,1,1,130,0
8jtq7z,2018-05-16 10:03:18,63,r/comics,0,2018-05-16 10:55:36,2,3,63,0
8jtq7z,2018-05-16 10:03:18,63,r/comics,0,2018-05-16 11:02:46,3,1,74,0
8jtq7z,2018-05-16 10:03:18,63,r/comics,0,2018-05-16 11:09:00,4,0,36,0
8jtq7z,2018-05-16 10:03:18,63,r/comics,0,2018-05-16 15:51:56,3,0,4,0
8jtq7z,2018-05-16 10:03:18,63,r/comics,0,2018-05-16 18:08:28,3,0,1,0
8jtq7z,2018-05-16 10:03:18,63,r/comics,0,2018-05-16 16:33:03,1,1,3,0
8jtq7z,2018-05-16 10:03:18,63,r/comics,0,2018-05-16 17:03:04,2,0,1,0
8jtq7z,2018-05-16 10:03:18,63,r/comics,0,2018-05-16 18:16:14,1,0,1,0
8jtq7z,2018-05-16 10:03:18,63,r/comics,0,2018-05-16 18:21:08,1,0,1,0
8jtq7z,2018-05-16 10:03:18,63,r/comics,1,2018-05-16 14:38:41,0,1,31,0
8jtq7z,2018-05-16 10:03:18,63,r/comics,1,2018-05-16 15:02:33,1,1,24,0
8jtq7z,2018-05-16 10:03:18,63,r/comics,1,2018-05-16 15:03:49,2,1,14,0
8jtq7z,2018-05-16 10:03:18,63,r/comics,1,2018-05-16 18:25:19,3,0,1,0
8jtq7z,2018-05-16 10:03:18,63,r/comics,2,2018-05-16 14:55:07,0,3,43,0
8jtq7z,2018-05-16 10:03:18,63,r/comics,2,2018-05-16 16:59:24,1,0,5,0
8jtq7z,2018-05-16 10:03:18,63,r/comics,2,2018-05-16 17:02:39,1,0,2,0
8jtq7z,2018-05-16 10:03:18,63,r/comics,2,2018-05-16 18:18:11,1,0,1,0
8jtq7z,2018-05-16 10:03:18,63,r/comics,3,2018-05-16 14:22:40,0,2,24,0
8jtq7z,2018-05-16 10:03:18,63,r/comics,3,2018-05-16 15:10:11,1,0,4,0
8jtq7z,2018-05-16 10:03:18,63,r/comics,3,2018-05-16 17:27:58,1,0,-1,0
8jtq7z,2018-05-16 10:03:18,63,r/comics,4,2018-05-16 12:19:39,0,1,5,0
8jtq7z,2018-05-16 10:03:18,63,r/comics,4,2018-05-16 13:32:58,1,0,15,0
8jtq7z,2018-05-16 10:03:18,63,r/comics,5,2018-05-16 14:22:43,0,0,11,0
8jtq7z,2018-05-16 10:03:18,63,r/comics,6,2018-05-16 15:45:52,0,0,4,0
8jtq7z,2018-05-16 10:03:18,63,r/comics,7,2018-05-16 16:52:19,0,1,6,0
8jtq7z,2018-05-16 10:03:18,63,r/comics,7,2018-05-16 18:01:04,1,0,1,0
8jtq7z,2018-05-16 10:03:18,63,r/comics,8,2018-05-16 14:46:56,0,1,3,0
8jtq7z,2018-05-16 10:03:18,63,r/comics,8,2018-05-16 14:52:51,1,0,8,0
8jtq7z,2018-05-16 10:03:18,63,r/comics,9,2018-05-16 15:47:38,0,0,3,0
8jtq7z,2018-05-16 10:03:18,63,r/comics,10,2018-05-16 15:49:14,0,1,3,0
8jtq7z,2018-05-16 10:03:18,63,r/comics,10,2018-05-16 16:06:47,1,0,3,0
8jtq7z,2018-05-16 10:03:18,63,r/comics,11,2018-05-16 13:40:51,0,0,2,0
8jtq7z,2018-05-16 10:03:18,63,r/comics,12,2018-05-16 14:34:50,0,0,2,0
8jtq7z,2018-05-16 10:03:18,63,r/comics,13,2018-05-16 14:43:46,0,0,2,0
8jtq7z,2018-05-16 10:03:18,63,r/comics,14,2018-05-16 15:20:52,0,0,2,0
8jtq7z,2018-05-16 10:03:18,63,r/comics,15,2018-05-16 15:34:14,0,0,2,0
8jtq7z,2018-05-16 10:03:18,63,r/comics,16,2018-05-16 15:59:38,0,0,2,0
8jtq7z,2018-05-16 10:03:18,63,r/comics,17,2018-05-16 16:08:17,0,0,2,0
8jtq7z,2018-05-16 10:03:18,63,r/comics,18,2018-05-16 16:17:01,0,0,2,0
8jtq7z,2018-05-16 10:03:18,63,r/comics,19,2018-05-16 16:31:46,0,0,2,0
8jtq7z,2018-05-16 10:03:18,63,r/comics,20,2018-05-16 16:33:19,0,0,2,0
8jtq7z,2018-05-16 10:03:18,63,r/comics,21,2018-05-16 16:37:11,0,0,2,0
8jtq7z,2018-05-16 10:03:18,63,r/comics,22,2018-05-16 17:14:19,0,0,2,0
8jtq7z,2018-05-16 10:03:18,63,r/comics,23,2018-05-16 14:43:57,0,2,3,0
8jtq7z,2018-05-16 10:03:18,63,r/comics,23,2018-05-16 15:41:00,1,2,5,0
8jtq7z,2018-05-16 10:03:18,63,r/comics,23,2018-05-16 15:46:45,2,0,8,0
8jtq7z,2018-05-16 10:03:18,63,r/comics,23,2018-05-16 15:46:01,2,0,5,0
8jtq7z,2018-05-16 10:03:18,63,r/comics,23,2018-05-16 14:59:12,1,1,1,0
8jtq7z,2018-05-16 10:03:18,63,r/comics,23,2018-05-16 15:45:16,2,0,3,0
8jtq7z,2018-05-16 10:03:18,63,r/comics,24,2018-05-16 16:58:29,0,0,3,0
8jtq7z,2018-05-16 10:03:18,63,r/comics,25,2018-05-16 18:02:25,0,1,1,0
8jtq7z,2018-05-16 10:03:18,63,r/comics,25,2018-05-16 18:13:22,1,0,1,0
8jtezu,2018-05-16 08:53:14,64,r/science,0,2018-05-16 12:08:53,0,6,1960,0
8jtezu,2018-05-16 08:53:14,64,r/science,0,2018-05-16 12:31:32,1,4,623,0
8jtezu,2018-05-16 08:53:14,64,r/science,0,2018-05-16 13:29:02,2,4,221,0
8jtezu,2018-05-16 08:53:14,64,r/science,0,2018-05-16 16:00:16,3,1,19,0
8jtezu,2018-05-16 08:53:14,64,r/science,0,2018-05-16 16:23:14,3,2,36,0
8jtezu,2018-05-16 08:53:14,64,r/science,0,2018-05-16 17:06:01,4,3,38,0
8jtezu,2018-05-16 08:53:14,64,r/science,0,2018-05-16 17:25:57,5,0,12,0
8jtezu,2018-05-16 08:53:14,64,r/science,0,2018-05-16 18:04:00,5,0,1,0
8jtezu,2018-05-16 08:53:14,64,r/science,0,2018-05-16 15:56:12,3,2,6,0
8jtezu,2018-05-16 08:53:14,64,r/science,0,2018-05-16 16:04:29,4,2,16,0
8jtezu,2018-05-16 08:53:14,64,r/science,0,2018-05-16 17:18:54,5,1,3,0
8jtezu,2018-05-16 08:53:14,64,r/science,0,2018-05-16 16:58:58,4,0,2,0
8jtezu,2018-05-16 08:53:14,64,r/science,0,2018-05-16 14:11:53,2,3,58,0
8jtezu,2018-05-16 08:53:14,64,r/science,0,2018-05-16 15:39:41,3,2,15,0
8jtezu,2018-05-16 08:53:14,64,r/science,0,2018-05-16 16:07:35,4,2,5,0
8jtezu,2018-05-16 08:53:14,64,r/science,0,2018-05-16 16:12:40,5,0,2,0
8jtezu,2018-05-16 08:53:14,64,r/science,0,2018-05-16 17:23:43,5,1,2,0
8jtezu,2018-05-16 08:53:14,64,r/science,0,2018-05-16 15:41:04,3,0,2,0
8jtezu,2018-05-16 08:53:14,64,r/science,0,2018-05-16 14:34:01,2,2,9,0
8jtezu,2018-05-16 08:53:14,64,r/science,0,2018-05-16 15:22:43,3,1,10,0
8jtezu,2018-05-16 08:53:14,64,r/science,0,2018-05-16 15:53:48,4,1,5,0
8jtezu,2018-05-16 08:53:14,64,r/science,0,2018-05-16 15:56:42,5,0,3,0
8jtezu,2018-05-16 08:53:14,64,r/science,0,2018-05-16 14:05:19,1,2,57,0
8jtezu,2018-05-16 08:53:14,64,r/science,0,2018-05-16 15:27:26,2,0,14,0
8jtezu,2018-05-16 08:53:14,64,r/science,0,2018-05-16 13:42:00,1,0,1,0
8jtezu,2018-05-16 08:53:14,64,r/science,0,2018-05-16 14:05:16,1,1,1,0
8jtezu,2018-05-16 08:53:14,64,r/science,0,2018-05-16 15:06:10,1,0,1,0
8jtezu,2018-05-16 08:53:14,64,r/science,1,2018-05-16 10:02:41,0,24,2127,0
8jtezu,2018-05-16 08:53:14,64,r/science,1,2018-05-16 12:37:27,1,19,507,0
8jtezu,2018-05-16 08:53:14,64,r/science,1,2018-05-16 12:39:09,2,6,1341,0
8jtezu,2018-05-16 08:53:14,64,r/science,1,2018-05-16 13:01:38,3,1,216,0
8jtezu,2018-05-16 08:53:14,64,r/science,1,2018-05-16 13:28:17,4,3,83,0
8jtezu,2018-05-16 08:53:14,64,r/science,1,2018-05-16 13:46:15,5,2,37,0
8jtezu,2018-05-16 08:53:14,64,r/science,1,2018-05-16 14:08:09,6,2,15,0
8jtezu,2018-05-16 08:53:14,64,r/science,1,2018-05-16 14:26:09,7,0,9,0
8jtezu,2018-05-16 08:53:14,64,r/science,1,2018-05-16 14:49:07,7,0,2,0
8jtezu,2018-05-16 08:53:14,64,r/science,1,2018-05-16 14:10:59,5,0,3,0
8jtezu,2018-05-16 08:53:14,64,r/science,1,2018-05-16 13:24:16,3,2,46,0
8jtezu,2018-05-16 08:53:14,64,r/science,1,2018-05-16 13:39:14,4,0,54,0
8jtezu,2018-05-16 08:53:14,64,r/science,1,2018-05-16 14:46:48,4,0,1,0
8jtezu,2018-05-16 08:53:14,64,r/science,1,2018-05-16 12:46:12,3,1,98,0
8jtezu,2018-05-16 08:53:14,64,r/science,1,2018-05-16 12:48:19,4,1,149,0
8jtezu,2018-05-16 08:53:14,64,r/science,1,2018-05-16 13:03:00,5,0,54,0
8jtezu,2018-05-16 08:53:14,64,r/science,1,2018-05-16 13:21:58,3,0,9,0
8jtezu,2018-05-16 08:53:14,64,r/science,1,2018-05-16 12:41:06,3,0,8,0
8jtezu,2018-05-16 08:53:14,64,r/science,1,2018-05-16 13:37:07,3,0,4,0
8jtezu,2018-05-16 08:53:14,64,r/science,1,2018-05-16 13:40:55,2,5,101,0
8jtezu,2018-05-16 08:53:14,64,r/science,1,2018-05-16 15:51:19,3,1,50,0
8jtezu,2018-05-16 08:53:14,64,r/science,1,2018-05-16 16:01:49,4,0,17,0
8jtezu,2018-05-16 08:53:14,64,r/science,1,2018-05-16 14:33:59,3,2,59,0
8jtezu,2018-05-16 08:53:14,64,r/science,1,2018-05-16 15:40:39,4,1,12,0
8jtezu,2018-05-16 08:53:14,64,r/science,1,2018-05-16 15:46:07,5,1,14,0
8jtezu,2018-05-16 08:53:14,64,r/science,1,2018-05-16 15:49:51,6,0,3,0
8jtezu,2018-05-16 08:53:14,64,r/science,1,2018-05-16 15:47:31,4,0,3,0
8jtezu,2018-05-16 08:53:14,64,r/science,1,2018-05-16 15:37:02,3,1,5,0
8jtezu,2018-05-16 08:53:14,64,r/science,1,2018-05-16 16:25:33,4,1,2,0
8jtezu,2018-05-16 08:53:14,64,r/science,1,2018-05-16 16:27:24,5,0,3,0
8jtezu,2018-05-16 08:53:14,64,r/science,1,2018-05-16 14:29:33,3,2,5,0
8jtezu,2018-05-16 08:53:14,64,r/science,1,2018-05-16 15:36:00,4,1,3,0
8jtezu,2018-05-16 08:53:14,64,r/science,1,2018-05-16 15:36:42,5,1,2,0
8jtezu,2018-05-16 08:53:14,64,r/science,1,2018-05-16 13:31:20,2,1,100,0
8jtezu,2018-05-16 08:53:14,64,r/science,1,2018-05-16 13:48:42,3,2,22,0
8jtezu,2018-05-16 08:53:14,64,r/science,1,2018-05-16 14:00:27,4,0,20,0
8jtezu,2018-05-16 08:53:14,64,r/science,1,2018-05-16 14:07:12,4,0,4,0
8jtezu,2018-05-16 08:53:14,64,r/science,1,2018-05-16 13:22:56,2,3,98,0
8jtezu,2018-05-16 08:53:14,64,r/science,1,2018-05-16 13:35:28,3,1,66,0
8jtezu,2018-05-16 08:53:14,64,r/science,1,2018-05-16 13:56:04,4,1,18,0
8jtezu,2018-05-16 08:53:14,64,r/science,1,2018-05-16 14:00:13,5,1,11,0
8jtezu,2018-05-16 08:53:14,64,r/science,1,2018-05-16 14:43:05,6,0,5,0
8jtezu,2018-05-16 08:53:14,64,r/science,1,2018-05-16 13:56:31,3,1,32,0
8jtezu,2018-05-16 08:53:14,64,r/science,1,2018-05-16 14:11:06,4,0,1,0
8jtezu,2018-05-16 08:53:14,64,r/science,1,2018-05-16 13:26:34,3,1,27,0
8jtezu,2018-05-16 08:53:14,64,r/science,1,2018-05-16 13:33:21,4,1,5,0
8jtezu,2018-05-16 08:53:14,64,r/science,1,2018-05-16 13:48:24,5,1,2,0
8jtezu,2018-05-16 08:53:14,64,r/science,1,2018-05-16 14:35:33,6,0,2,0
8jtezu,2018-05-16 08:53:14,64,r/science,1,2018-05-16 13:20:13,2,4,164,0
8jtezu,2018-05-16 08:53:14,64,r/science,1,2018-05-16 13:52:35,3,6,128,0
8jtezu,2018-05-16 08:53:14,64,r/science,1,2018-05-16 15:15:18,4,3,43,0
8jtezu,2018-05-16 08:53:14,64,r/science,1,2018-05-16 15:41:53,5,2,9,0
8jtezu,2018-05-16 08:53:14,64,r/science,1,2018-05-16 15:51:52,6,0,4,0
8jtezu,2018-05-16 08:53:14,64,r/science,1,2018-05-16 15:20:35,5,3,15,0
8jtezu,2018-05-16 08:53:14,64,r/science,1,2018-05-16 15:29:19,6,2,23,0
8jtezu,2018-05-16 08:53:14,64,r/science,1,2018-05-16 16:59:02,7,0,2,0
8jtezu,2018-05-16 08:53:14,64,r/science,1,2018-05-16 15:42:21,6,0,7,0
8jtezu,2018-05-16 08:53:14,64,r/science,1,2018-05-16 15:40:31,6,0,2,0
8jtezu,2018-05-16 08:53:14,64,r/science,1,2018-05-16 14:29:18,4,2,17,0
8jtezu,2018-05-16 08:53:14,64,r/science,1,2018-05-16 15:13:27,5,1,20,0
8jtezu,2018-05-16 08:53:14,64,r/science,1,2018-05-16 14:49:10,5,1,3,0
8jtezu,2018-05-16 08:53:14,64,r/science,1,2018-05-16 15:10:42,4,3,5,0
8jtezu,2018-05-16 08:53:14,64,r/science,1,2018-05-16 15:22:31,5,2,2,0
8jtezu,2018-05-16 08:53:14,64,r/science,1,2018-05-16 15:34:25,6,1,3,0
8jtezu,2018-05-16 08:53:14,64,r/science,1,2018-05-16 15:26:06,5,0,2,0
8jtezu,2018-05-16 08:53:14,64,r/science,1,2018-05-16 15:19:31,4,0,2,0
8jtezu,2018-05-16 08:53:14,64,r/science,1,2018-05-16 15:37:26,4,0,2,0
8jtezu,2018-05-16 08:53:14,64,r/science,1,2018-05-16 13:29:07,3,0,20,0
8jtezu,2018-05-16 08:53:14,64,r/science,1,2018-05-16 14:41:00,3,0,1,0
8jtezu,2018-05-16 08:53:14,64,r/science,1,2018-05-16 12:43:53,2,0,42,0
8jtezu,2018-05-16 08:53:14,64,r/science,1,2018-05-16 13:25:30,2,1,18,0
8jtezu,2018-05-16 08:53:14,64,r/science,1,2018-05-16 14:03:26,3,0,5,0
8jtezu,2018-05-16 08:53:14,64,r/science,1,2018-05-16 13:22:58,2,2,14,0
8jtezu,2018-05-16 08:53:14,64,r/science,1,2018-05-16 14:09:05,3,0,6,0
8jtezu,2018-05-16 08:53:14,64,r/science,1,2018-05-16 13:34:53,2,1,17,0
8jtezu,2018-05-16 08:53:14,64,r/science,1,2018-05-16 14:39:44,2,0,8,0
8jtezu,2018-05-16 08:53:14,64,r/science,1,2018-05-16 15:09:10,2,1,7,0
8jtezu,2018-05-16 08:53:14,64,r/science,1,2018-05-16 15:59:27,3,0,3,0
8jtezu,2018-05-16 08:53:14,64,r/science,1,2018-05-16 13:49:59,2,2,10,0
8jtezu,2018-05-16 08:53:14,64,r/science,1,2018-05-16 15:41:53,3,0,5,0
8jtezu,2018-05-16 08:53:14,64,r/science,1,2018-05-16 15:07:13,2,0,5,0
8jtezu,2018-05-16 08:53:14,64,r/science,1,2018-05-16 13:30:16,2,2,5,0
8jtezu,2018-05-16 08:53:14,64,r/science,1,2018-05-16 13:47:59,3,1,5,0
8jtezu,2018-05-16 08:53:14,64,r/science,1,2018-05-16 14:39:34,4,0,1,0
8jtezu,2018-05-16 08:53:14,64,r/science,1,2018-05-16 13:35:25,3,1,4,0
8jtezu,2018-05-16 08:53:14,64,r/science,1,2018-05-16 14:39:51,4,0,1,0
8jtezu,2018-05-16 08:53:14,64,r/science,1,2018-05-16 14:41:01,2,0,2,0
8jtezu,2018-05-16 08:53:14,64,r/science,1,2018-05-16 15:00:38,2,1,2,0
8jtezu,2018-05-16 08:53:14,64,r/science,1,2018-05-16 15:09:16,3,0,1,0
8jtezu,2018-05-16 08:53:14,64,r/science,1,2018-05-16 13:24:31,2,0,1,0
8jtezu,2018-05-16 08:53:14,64,r/science,1,2018-05-16 15:05:23,2,0,1,0
8jtezu,2018-05-16 08:53:14,64,r/science,1,2018-05-16 13:11:41,1,5,74,0
8jtezu,2018-05-16 08:53:14,64,r/science,1,2018-05-16 13:49:57,2,3,28,0
8jtezu,2018-05-16 08:53:14,64,r/science,1,2018-05-16 13:57:21,3,0,2,0
8jtezu,2018-05-16 08:53:14,64,r/science,1,2018-05-16 15:05:34,3,0,1,0
8jtezu,2018-05-16 08:53:14,64,r/science,1,2018-05-16 13:58:03,2,2,6,0
8jtezu,2018-05-16 08:53:14,64,r/science,1,2018-05-16 14:09:57,3,1,3,0
8jtezu,2018-05-16 08:53:14,64,r/science,1,2018-05-16 15:04:56,3,0,2,0
8jtezu,2018-05-16 08:53:14,64,r/science,1,2018-05-16 14:10:45,2,1,1,0
8jtezu,2018-05-16 08:53:14,64,r/science,1,2018-05-16 15:04:30,3,0,1,0
8jtezu,2018-05-16 08:53:14,64,r/science,1,2018-05-16 14:48:32,2,1,1,0
8jtezu,2018-05-16 08:53:14,64,r/science,1,2018-05-16 15:03:02,3,0,3,0
8jtezu,2018-05-16 08:53:14,64,r/science,1,2018-05-16 12:38:51,1,4,169,0
8jtezu,2018-05-16 08:53:14,64,r/science,1,2018-05-16 13:03:28,2,3,123,0
8jtezu,2018-05-16 08:53:14,64,r/science,1,2018-05-16 13:51:24,3,3,28,0
8jtezu,2018-05-16 08:53:14,64,r/science,1,2018-05-16 14:09:08,4,0,4,0
8jtezu,2018-05-16 08:53:14,64,r/science,1,2018-05-16 17:09:23,4,0,2,0
8jtezu,2018-05-16 08:53:14,64,r/science,1,2018-05-16 13:16:46,3,3,18,0
8jtezu,2018-05-16 08:53:14,64,r/science,1,2018-05-16 13:25:29,4,1,13,0
8jtezu,2018-05-16 08:53:14,64,r/science,1,2018-05-16 13:39:45,5,2,15,0
8jtezu,2018-05-16 08:53:14,64,r/science,1,2018-05-16 13:55:23,6,1,14,0
8jtezu,2018-05-16 08:53:14,64,r/science,1,2018-05-16 14:21:03,7,0,14,0
8jtezu,2018-05-16 08:53:14,64,r/science,1,2018-05-16 13:38:02,4,1,5,0
8jtezu,2018-05-16 08:53:14,64,r/science,1,2018-05-16 14:49:20,4,0,1,0
8jtezu,2018-05-16 08:53:14,64,r/science,1,2018-05-16 14:51:42,2,1,2,0
8jtezu,2018-05-16 08:53:14,64,r/science,1,2018-05-16 15:04:41,3,0,1,0
8jtezu,2018-05-16 08:53:14,64,r/science,1,2018-05-16 17:22:16,2,0,2,0
8jtezu,2018-05-16 08:53:14,64,r/science,1,2018-05-16 12:59:12,1,2,14,0
8jtezu,2018-05-16 08:53:14,64,r/science,1,2018-05-16 13:50:39,2,1,8,0
8jtezu,2018-05-16 08:53:14,64,r/science,1,2018-05-16 13:22:18,2,0,7,0
8jtezu,2018-05-16 08:53:14,64,r/science,1,2018-05-16 13:19:14,1,4,10,0
8jtezu,2018-05-16 08:53:14,64,r/science,1,2018-05-16 13:29:43,2,1,11,0
8jtezu,2018-05-16 08:53:14,64,r/science,1,2018-05-16 14:39:32,3,1,2,0
8jtezu,2018-05-16 08:53:14,64,r/science,1,2018-05-16 14:44:22,4,0,5,0
8jtezu,2018-05-16 08:53:14,64,r/science,1,2018-05-16 14:51:11,2,0,2,0
8jtezu,2018-05-16 08:53:14,64,r/science,1,2018-05-16 13:33:29,2,0,1,0
8jtezu,2018-05-16 08:53:14,64,r/science,1,2018-05-16 13:45:20,1,1,8,0
8jtezu,2018-05-16 08:53:14,64,r/science,1,2018-05-16 15:23:27,2,1,2,0
8jtezu,2018-05-16 08:53:14,64,r/science,1,2018-05-16 17:53:17,3,1,1,0
8jtezu,2018-05-16 08:53:14,64,r/science,1,2018-05-16 12:27:44,1,1,36,0
8jtezu,2018-05-16 08:53:14,64,r/science,1,2018-05-16 12:37:20,2,2,32,0
8jtezu,2018-05-16 08:53:14,64,r/science,1,2018-05-16 12:51:49,3,1,6,0
8jtezu,2018-05-16 08:53:14,64,r/science,1,2018-05-16 12:54:20,4,2,5,0
8jtezu,2018-05-16 08:53:14,64,r/science,1,2018-05-16 13:02:57,5,1,7,0
8jtezu,2018-05-16 08:53:14,64,r/science,1,2018-05-16 14:23:19,6,1,1,0
8jtezu,2018-05-16 08:53:14,64,r/science,1,2018-05-16 14:26:56,7,0,2,0
8jtezu,2018-05-16 08:53:14,64,r/science,1,2018-05-16 13:28:54,3,0,2,0
8jtezu,2018-05-16 08:53:14,64,r/science,1,2018-05-16 13:07:35,1,2,15,0
8jtezu,2018-05-16 08:53:14,64,r/science,1,2018-05-16 13:34:07,2,1,20,0
8jtezu,2018-05-16 08:53:14,64,r/science,1,2018-05-16 14:02:51,1,0,6,0
8jtezu,2018-05-16 08:53:14,64,r/science,1,2018-05-16 13:04:43,1,2,19,0
8jtezu,2018-05-16 08:53:14,64,r/science,1,2018-05-16 13:12:45,2,0,0,0
8jtezu,2018-05-16 08:53:14,64,r/science,1,2018-05-16 12:41:01,1,1,4,0
8jtezu,2018-05-16 08:53:14,64,r/science,1,2018-05-16 13:05:27,2,0,15,0
8jtezu,2018-05-16 08:53:14,64,r/science,1,2018-05-16 14:02:22,1,1,3,0
8jtezu,2018-05-16 08:53:14,64,r/science,1,2018-05-16 14:22:44,2,0,1,0
8jtezu,2018-05-16 08:53:14,64,r/science,1,2018-05-16 13:31:00,1,3,2,0
8jtezu,2018-05-16 08:53:14,64,r/science,1,2018-05-16 13:51:36,2,3,2,0
8jtezu,2018-05-16 08:53:14,64,r/science,1,2018-05-16 14:45:54,3,0,6,0
8jtezu,2018-05-16 08:53:14,64,r/science,1,2018-05-16 14:27:26,3,0,3,0
8jtezu,2018-05-16 08:53:14,64,r/science,1,2018-05-16 15:27:22,3,0,2,0
8jtezu,2018-05-16 08:53:14,64,r/science,1,2018-05-16 13:57:02,2,1,1,0
8jtezu,2018-05-16 08:53:14,64,r/science,1,2018-05-16 14:23:40,3,1,1,0
8jtezu,2018-05-16 08:53:14,64,r/science,1,2018-05-16 14:37:12,4,0,1,0
8jtezu,2018-05-16 08:53:14,64,r/science,1,2018-05-16 14:51:23,2,0,1,0
8jtezu,2018-05-16 08:53:14,64,r/science,1,2018-05-16 14:05:42,1,0,2,0
8jtezu,2018-05-16 08:53:14,64,r/science,1,2018-05-16 15:05:20,1,0,2,0
8jtezu,2018-05-16 08:53:14,64,r/science,1,2018-05-16 13:44:02,1,0,1,0
8jtezu,2018-05-16 08:53:14,64,r/science,1,2018-05-16 13:56:58,1,0,1,0
8jtezu,2018-05-16 08:53:14,64,r/science,1,2018-05-16 14:09:17,1,0,1,0
8jtezu,2018-05-16 08:53:14,64,r/science,1,2018-05-16 14:10:07,1,0,1,0
8jtezu,2018-05-16 08:53:14,64,r/science,1,2018-05-16 14:19:59,1,0,1,0
8jtezu,2018-05-16 08:53:14,64,r/science,1,2018-05-16 14:31:15,1,0,1,0
8jtezu,2018-05-16 08:53:14,64,r/science,1,2018-05-16 14:31:58,1,0,1,0
8jtezu,2018-05-16 08:53:14,64,r/science,1,2018-05-16 14:50:45,1,0,1,0
8jtezu,2018-05-16 08:53:14,64,r/science,2,2018-05-16 12:42:14,0,5,452,0
8jtezu,2018-05-16 08:53:14,64,r/science,2,2018-05-16 12:49:39,1,1,194,0
8jtezu,2018-05-16 08:53:14,64,r/science,2,2018-05-16 13:20:14,2,1,34,0
8jtezu,2018-05-16 08:53:14,64,r/science,2,2018-05-16 14:49:42,3,0,20,0
8jtezu,2018-05-16 08:53:14,64,r/science,2,2018-05-16 13:02:54,1,1,13,0
8jtezu,2018-05-16 08:53:14,64,r/science,2,2018-05-16 14:06:57,1,1,4,0
8jtezu,2018-05-16 08:53:14,64,r/science,2,2018-05-16 14:48:36,2,0,8,0
8jtezu,2018-05-16 08:53:14,64,r/science,2,2018-05-16 13:44:04,1,0,3,0
8jtezu,2018-05-16 08:53:14,64,r/science,3,2018-05-16 12:10:54,0,6,606,0
8jtezu,2018-05-16 08:53:14,64,r/science,3,2018-05-16 13:10:09,1,4,473,0
8jtezu,2018-05-16 08:53:14,64,r/science,3,2018-05-16 13:34:41,2,3,113,0
8jtezu,2018-05-16 08:53:14,64,r/science,3,2018-05-16 13:46:11,3,1,55,0
8jtezu,2018-05-16 08:53:14,64,r/science,3,2018-05-16 14:00:12,4,3,38,0
8jtezu,2018-05-16 08:53:14,64,r/science,3,2018-05-16 14:46:48,5,0,30,0
8jtezu,2018-05-16 08:53:14,64,r/science,3,2018-05-16 18:27:25,5,0,1,0
8jtezu,2018-05-16 08:53:14,64,r/science,3,2018-05-16 14:56:58,3,1,5,0
8jtezu,2018-05-16 08:53:14,64,r/science,3,2018-05-16 14:57:07,4,1,6,0
8jtezu,2018-05-16 08:53:14,64,r/science,3,2018-05-16 13:43:01,2,1,32,0
8jtezu,2018-05-16 08:53:14,64,r/science,3,2018-05-16 15:10:25,3,1,5,0
8jtezu,2018-05-16 08:53:14,64,r/science,3,2018-05-16 14:43:12,2,1,22,0
8jtezu,2018-05-16 08:53:14,64,r/science,3,2018-05-16 15:22:51,3,1,6,0
8jtezu,2018-05-16 08:53:14,64,r/science,3,2018-05-16 12:35:13,1,10,156,0
8jtezu,2018-05-16 08:53:14,64,r/science,3,2018-05-16 13:37:07,2,0,16,0
8jtezu,2018-05-16 08:53:14,64,r/science,3,2018-05-16 13:09:58,2,1,65,0
8jtezu,2018-05-16 08:53:14,64,r/science,3,2018-05-16 13:40:52,2,0,10,0
8jtezu,2018-05-16 08:53:14,64,r/science,3,2018-05-16 12:59:15,2,0,8,0
8jtezu,2018-05-16 08:53:14,64,r/science,3,2018-05-16 12:56:43,2,3,36,0
8jtezu,2018-05-16 08:53:14,64,r/science,3,2018-05-16 13:20:24,3,0,27,0
8jtezu,2018-05-16 08:53:14,64,r/science,3,2018-05-16 13:37:31,3,0,9,0
8jtezu,2018-05-16 08:53:14,64,r/science,3,2018-05-16 13:11:05,2,0,11,0
8jtezu,2018-05-16 08:53:14,64,r/science,3,2018-05-16 13:08:47,2,1,8,0
8jtezu,2018-05-16 08:53:14,64,r/science,3,2018-05-16 12:55:18,2,2,22,0
8jtezu,2018-05-16 08:53:14,64,r/science,3,2018-05-16 12:59:48,3,0,27,0
8jtezu,2018-05-16 08:53:14,64,r/science,3,2018-05-16 13:02:08,3,1,1,0
8jtezu,2018-05-16 08:53:14,64,r/science,3,2018-05-16 13:04:09,4,2,5,0
8jtezu,2018-05-16 08:53:14,64,r/science,3,2018-05-16 13:07:27,5,2,16,0
8jtezu,2018-05-16 08:53:14,64,r/science,3,2018-05-16 13:10:44,6,0,10,0
8jtezu,2018-05-16 08:53:14,64,r/science,3,2018-05-16 14:04:04,5,2,1,0
8jtezu,2018-05-16 08:53:14,64,r/science,3,2018-05-16 14:51:06,6,1,3,0
8jtezu,2018-05-16 08:53:14,64,r/science,3,2018-05-16 14:59:47,6,1,2,0
8jtezu,2018-05-16 08:53:14,64,r/science,3,2018-05-16 13:21:31,2,0,1,0
8jtezu,2018-05-16 08:53:14,64,r/science,3,2018-05-16 13:16:59,1,2,10,0
8jtezu,2018-05-16 08:53:14,64,r/science,3,2018-05-16 13:58:32,2,0,3,0
8jtezu,2018-05-16 08:53:14,64,r/science,3,2018-05-16 13:51:19,2,1,3,0
8jtezu,2018-05-16 08:53:14,64,r/science,3,2018-05-16 13:27:00,1,0,1,0
8jtezu,2018-05-16 08:53:14,64,r/science,3,2018-05-16 13:30:51,1,0,1,0
8jtezu,2018-05-16 08:53:14,64,r/science,4,2018-05-16 12:45:30,0,2,58,0
8jtezu,2018-05-16 08:53:14,64,r/science,4,2018-05-16 12:58:25,1,1,17,0
8jtezu,2018-05-16 08:53:14,64,r/science,5,2018-05-16 11:59:51,0,3,133,0
8jtezu,2018-05-16 08:53:14,64,r/science,5,2018-05-16 13:14:03,1,0,68,0
8jtezu,2018-05-16 08:53:14,64,r/science,5,2018-05-16 15:49:40,1,0,2,0
8jtezu,2018-05-16 08:53:14,64,r/science,6,2018-05-16 12:33:28,0,7,138,0
8jtezu,2018-05-16 08:53:14,64,r/science,6,2018-05-16 13:15:44,1,2,76,0
8jtezu,2018-05-16 08:53:14,64,r/science,6,2018-05-16 14:18:55,2,1,18,0
8jtezu,2018-05-16 08:53:14,64,r/science,6,2018-05-16 16:07:05,3,1,2,0
8jtezu,2018-05-16 08:53:14,64,r/science,6,2018-05-16 13:54:10,2,2,29,0
8jtezu,2018-05-16 08:53:14,64,r/science,6,2018-05-16 16:46:50,3,0,2,0
8jtezu,2018-05-16 08:53:14,64,r/science,6,2018-05-16 13:17:03,1,4,44,0
8jtezu,2018-05-16 08:53:14,64,r/science,6,2018-05-16 13:23:38,2,1,36,0
8jtezu,2018-05-16 08:53:14,64,r/science,6,2018-05-16 14:39:55,3,0,2,0
8jtezu,2018-05-16 08:53:14,64,r/science,6,2018-05-16 14:19:51,2,0,2,0
8jtezu,2018-05-16 08:53:14,64,r/science,6,2018-05-16 15:01:35,2,0,1,0
8jtezu,2018-05-16 08:53:14,64,r/science,6,2018-05-16 13:42:44,1,1,4,0
8jtezu,2018-05-16 08:53:14,64,r/science,6,2018-05-16 14:26:33,2,0,2,0
8jtezu,2018-05-16 08:53:14,64,r/science,6,2018-05-16 13:24:35,1,1,9,0
8jtezu,2018-05-16 08:53:14,64,r/science,6,2018-05-16 15:54:06,1,0,2,0
8jtezu,2018-05-16 08:53:14,64,r/science,6,2018-05-16 13:19:23,1,0,1,0
8jtezu,2018-05-16 08:53:14,64,r/science,7,2018-05-16 13:01:58,0,3,48,0
8jtezu,2018-05-16 08:53:14,64,r/science,7,2018-05-16 13:23:35,1,2,32,0
8jtezu,2018-05-16 08:53:14,64,r/science,7,2018-05-16 13:28:21,2,0,18,0
8jtezu,2018-05-16 08:53:14,64,r/science,7,2018-05-16 13:39:30,2,0,2,0
8jtezu,2018-05-16 08:53:14,64,r/science,7,2018-05-16 17:26:03,1,0,2,0
8jtezu,2018-05-16 08:53:14,64,r/science,8,2018-05-16 12:09:54,0,0,24,0
8jtezu,2018-05-16 08:53:14,64,r/science,9,2018-05-16 08:53:41,0,0,13,0
8jtezu,2018-05-16 08:53:14,64,r/science,10,2018-05-16 12:29:09,0,0,18,0
8jtezu,2018-05-16 08:53:14,64,r/science,11,2018-05-16 11:16:57,0,1,13,0
8jtezu,2018-05-16 08:53:14,64,r/science,12,2018-05-16 11:30:49,0,1,17,0
8jtezu,2018-05-16 08:53:14,64,r/science,13,2018-05-16 12:16:06,0,2,15,0
8jtezu,2018-05-16 08:53:14,64,r/science,13,2018-05-16 12:24:37,1,2,12,0
8jtezu,2018-05-16 08:53:14,64,r/science,13,2018-05-16 13:43:06,2,0,1,0
8jtezu,2018-05-16 08:53:14,64,r/science,13,2018-05-16 14:12:34,1,2,4,0
8jtezu,2018-05-16 08:53:14,64,r/science,13,2018-05-16 15:14:22,2,1,2,0
8jtezu,2018-05-16 08:53:14,64,r/science,14,2018-05-16 13:13:12,0,0,11,0
8jtezu,2018-05-16 08:53:14,64,r/science,15,2018-05-16 13:19:53,0,1,9,0
8jtezu,2018-05-16 08:53:14,64,r/science,16,2018-05-16 13:28:03,0,1,5,0
8jtezu,2018-05-16 08:53:14,64,r/science,16,2018-05-16 14:24:51,1,1,1,0
8jtezu,2018-05-16 08:53:14,64,r/science,16,2018-05-16 15:50:39,2,1,3,0
8jtezu,2018-05-16 08:53:14,64,r/science,17,2018-05-16 13:21:21,0,0,7,0
8jtezu,2018-05-16 08:53:14,64,r/science,18,2018-05-16 10:57:04,0,1,10,0
8jtezu,2018-05-16 08:53:14,64,r/science,19,2018-05-16 12:48:32,0,1,2,0
8jtezu,2018-05-16 08:53:14,64,r/science,19,2018-05-16 15:13:42,1,1,4,0
8jtezu,2018-05-16 08:53:14,64,r/science,20,2018-05-16 13:10:57,0,0,2,0
8jtezu,2018-05-16 08:53:14,64,r/science,21,2018-05-16 13:49:51,0,1,2,0
8jtezu,2018-05-16 08:53:14,64,r/science,21,2018-05-16 15:03:23,1,0,1,0
8jtezu,2018-05-16 08:53:14,64,r/science,22,2018-05-16 14:20:40,0,0,2,0
8jtezu,2018-05-16 08:53:14,64,r/science,23,2018-05-16 10:20:51,0,3,2,0
8jtezu,2018-05-16 08:53:14,64,r/science,23,2018-05-16 12:57:53,1,0,10,0
8jtezu,2018-05-16 08:53:14,64,r/science,23,2018-05-16 12:03:18,1,0,3,0
8jtezu,2018-05-16 08:53:14,64,r/science,24,2018-05-16 13:24:27,0,0,1,0
8jtezu,2018-05-16 08:53:14,64,r/science,25,2018-05-16 13:28:04,0,0,1,0
8jtezu,2018-05-16 08:53:14,64,r/science,26,2018-05-16 14:26:38,0,0,1,0
8jtezu,2018-05-16 08:53:14,64,r/science,27,2018-05-16 14:34:40,0,0,1,0
8jtezu,2018-05-16 08:53:14,64,r/science,28,2018-05-16 14:37:01,0,0,1,0
8jtezu,2018-05-16 08:53:14,64,r/science,29,2018-05-16 14:40:13,0,0,1,0
8jtezu,2018-05-16 08:53:14,64,r/science,30,2018-05-16 14:44:46,0,0,1,0
8jtezu,2018-05-16 08:53:14,64,r/science,31,2018-05-16 14:53:14,0,0,1,0
8jtezu,2018-05-16 08:53:14,64,r/science,32,2018-05-16 14:59:26,0,0,1,0
8jtqke,2018-05-16 10:05:12,65,r/DiWHY,0,2018-05-16 12:39:33,0,5,882,0
8jtqke,2018-05-16 10:05:12,65,r/DiWHY,0,2018-05-16 13:46:24,1,1,499,0
8jtqke,2018-05-16 10:05:12,65,r/DiWHY,0,2018-05-16 14:17:24,2,3,174,0
8jtqke,2018-05-16 10:05:12,65,r/DiWHY,0,2018-05-16 15:06:27,3,1,96,0
8jtqke,2018-05-16 10:05:12,65,r/DiWHY,0,2018-05-16 15:43:11,4,3,74,0
8jtqke,2018-05-16 10:05:12,65,r/DiWHY,0,2018-05-16 16:23:15,5,1,47,0
8jtqke,2018-05-16 10:05:12,65,r/DiWHY,0,2018-05-16 16:31:21,6,1,30,0
8jtqke,2018-05-16 10:05:12,65,r/DiWHY,0,2018-05-16 17:42:50,7,0,6,0
8jtqke,2018-05-16 10:05:12,65,r/DiWHY,0,2018-05-16 15:51:16,5,0,14,0
8jtqke,2018-05-16 10:05:12,65,r/DiWHY,0,2018-05-16 17:26:26,5,0,2,0
8jtqke,2018-05-16 10:05:12,65,r/DiWHY,0,2018-05-16 16:21:26,3,1,3,0
8jtqke,2018-05-16 10:05:12,65,r/DiWHY,0,2018-05-16 16:23:11,4,1,5,0
8jtqke,2018-05-16 10:05:12,65,r/DiWHY,0,2018-05-16 17:58:50,5,0,1,0
8jtqke,2018-05-16 10:05:12,65,r/DiWHY,0,2018-05-16 17:58:26,3,0,1,0
8jtqke,2018-05-16 10:05:12,65,r/DiWHY,0,2018-05-16 14:40:05,1,0,27,0
8jtqke,2018-05-16 10:05:12,65,r/DiWHY,0,2018-05-16 14:00:42,1,4,25,0
8jtqke,2018-05-16 10:05:12,65,r/DiWHY,0,2018-05-16 14:14:23,2,0,77,0
8jtqke,2018-05-16 10:05:12,65,r/DiWHY,0,2018-05-16 14:15:59,2,3,26,0
8jtqke,2018-05-16 10:05:12,65,r/DiWHY,0,2018-05-16 14:16:06,3,0,25,0
8jtqke,2018-05-16 10:05:12,65,r/DiWHY,0,2018-05-16 15:26:18,3,1,12,0
8jtqke,2018-05-16 10:05:12,65,r/DiWHY,0,2018-05-16 17:44:54,4,0,2,0
8jtqke,2018-05-16 10:05:12,65,r/DiWHY,0,2018-05-16 14:16:21,3,0,6,0
8jtqke,2018-05-16 10:05:12,65,r/DiWHY,0,2018-05-16 14:14:34,2,0,0,0
8jtqke,2018-05-16 10:05:12,65,r/DiWHY,0,2018-05-16 14:13:24,2,0,-1,0
8jtqke,2018-05-16 10:05:12,65,r/DiWHY,0,2018-05-16 16:44:40,1,0,1,0
8jtqke,2018-05-16 10:05:12,65,r/DiWHY,0,2018-05-16 17:41:49,1,1,1,0
8jtqke,2018-05-16 10:05:12,65,r/DiWHY,0,2018-05-16 17:46:24,2,1,1,0
8jtqke,2018-05-16 10:05:12,65,r/DiWHY,0,2018-05-16 17:55:14,3,0,1,0
8jtqke,2018-05-16 10:05:12,65,r/DiWHY,1,2018-05-16 11:04:18,0,17,1659,0
8jtqke,2018-05-16 10:05:12,65,r/DiWHY,1,2018-05-16 12:20:17,1,7,812,0
8jtqke,2018-05-16 10:05:12,65,r/DiWHY,1,2018-05-16 12:36:40,2,4,248,0
8jtqke,2018-05-16 10:05:12,65,r/DiWHY,1,2018-05-16 14:18:31,3,2,54,0
8jtqke,2018-05-16 10:05:12,65,r/DiWHY,1,2018-05-16 14:49:21,4,0,11,0
8jtqke,2018-05-16 10:05:12,65,r/DiWHY,1,2018-05-16 14:20:14,4,0,5,0
8jtqke,2018-05-16 10:05:12,65,r/DiWHY,1,2018-05-16 13:20:08,3,2,91,0
8jtqke,2018-05-16 10:05:12,65,r/DiWHY,1,2018-05-16 14:15:17,4,2,96,0
8jtqke,2018-05-16 10:05:12,65,r/DiWHY,1,2018-05-16 14:18:01,5,2,70,0
8jtqke,2018-05-16 10:05:12,65,r/DiWHY,1,2018-05-16 14:27:17,6,1,111,0
8jtqke,2018-05-16 10:05:12,65,r/DiWHY,1,2018-05-16 16:30:38,7,0,5,0
8jtqke,2018-05-16 10:05:12,65,r/DiWHY,1,2018-05-16 16:13:16,6,0,5,0
8jtqke,2018-05-16 10:05:12,65,r/DiWHY,1,2018-05-16 14:53:41,5,0,13,0
8jtqke,2018-05-16 10:05:12,65,r/DiWHY,1,2018-05-16 15:33:13,4,0,0,0
8jtqke,2018-05-16 10:05:12,65,r/DiWHY,1,2018-05-16 14:49:11,3,1,16,0
8jtqke,2018-05-16 10:05:12,65,r/DiWHY,1,2018-05-16 15:14:56,4,0,8,0
8jtqke,2018-05-16 10:05:12,65,r/DiWHY,1,2018-05-16 15:20:37,3,0,5,0
8jtqke,2018-05-16 10:05:12,65,r/DiWHY,1,2018-05-16 13:48:00,2,1,52,0
8jtqke,2018-05-16 10:05:12,65,r/DiWHY,1,2018-05-16 14:03:52,3,4,14,0
8jtqke,2018-05-16 10:05:12,65,r/DiWHY,1,2018-05-16 14:05:40,4,1,48,0
8jtqke,2018-05-16 10:05:12,65,r/DiWHY,1,2018-05-16 14:33:26,5,0,26,0
8jtqke,2018-05-16 10:05:12,65,r/DiWHY,1,2018-05-16 14:27:22,4,0,21,0
8jtqke,2018-05-16 10:05:12,65,r/DiWHY,1,2018-05-16 14:33:10,4,0,10,0
8jtqke,2018-05-16 10:05:12,65,r/DiWHY,1,2018-05-16 14:06:19,4,0,8,0
8jtqke,2018-05-16 10:05:12,65,r/DiWHY,1,2018-05-16 13:07:05,2,1,33,0
8jtqke,2018-05-16 10:05:12,65,r/DiWHY,1,2018-05-16 14:52:27,3,1,3,0
8jtqke,2018-05-16 10:05:12,65,r/DiWHY,1,2018-05-16 15:16:31,4,0,6,0
8jtqke,2018-05-16 10:05:12,65,r/DiWHY,1,2018-05-16 13:06:38,2,2,19,0
8jtqke,2018-05-16 10:05:12,65,r/DiWHY,1,2018-05-16 13:59:01,3,1,22,0
8jtqke,2018-05-16 10:05:12,65,r/DiWHY,1,2018-05-16 14:16:07,4,1,14,0
8jtqke,2018-05-16 10:05:12,65,r/DiWHY,1,2018-05-16 14:18:21,5,0,8,0
8jtqke,2018-05-16 10:05:12,65,r/DiWHY,1,2018-05-16 13:59:15,3,0,2,0
8jtqke,2018-05-16 10:05:12,65,r/DiWHY,1,2018-05-16 13:16:19,2,2,2,0
8jtqke,2018-05-16 10:05:12,65,r/DiWHY,1,2018-05-16 13:29:44,3,0,26,0
8jtqke,2018-05-16 10:05:12,65,r/DiWHY,1,2018-05-16 14:07:46,3,0,2,0
8jtqke,2018-05-16 10:05:12,65,r/DiWHY,1,2018-05-16 14:24:22,2,0,1,0
8jtqke,2018-05-16 10:05:12,65,r/DiWHY,1,2018-05-16 17:39:04,2,0,1,0
8jtqke,2018-05-16 10:05:12,65,r/DiWHY,1,2018-05-16 14:02:10,1,1,24,0
8jtqke,2018-05-16 10:05:12,65,r/DiWHY,1,2018-05-16 15:59:27,2,1,11,0
8jtqke,2018-05-16 10:05:12,65,r/DiWHY,1,2018-05-16 16:11:44,3,0,6,0
8jtqke,2018-05-16 10:05:12,65,r/DiWHY,1,2018-05-16 13:40:32,1,0,9,0
8jtqke,2018-05-16 10:05:12,65,r/DiWHY,1,2018-05-16 13:47:46,1,1,7,0
8jtqke,2018-05-16 10:05:12,65,r/DiWHY,1,2018-05-16 15:22:23,2,1,9,0
8jtqke,2018-05-16 10:05:12,65,r/DiWHY,1,2018-05-16 16:18:11,3,0,1,0
8jtqke,2018-05-16 10:05:12,65,r/DiWHY,1,2018-05-16 13:18:11,1,1,14,0
8jtqke,2018-05-16 10:05:12,65,r/DiWHY,1,2018-05-16 13:29:36,2,0,21,0
8jtqke,2018-05-16 10:05:12,65,r/DiWHY,1,2018-05-16 13:18:34,1,1,5,0
8jtqke,2018-05-16 10:05:12,65,r/DiWHY,1,2018-05-16 16:34:54,2,1,1,0
8jtqke,2018-05-16 10:05:12,65,r/DiWHY,1,2018-05-16 16:41:01,3,0,1,0
8jtqke,2018-05-16 10:05:12,65,r/DiWHY,1,2018-05-16 13:46:09,1,0,6,0
8jtqke,2018-05-16 10:05:12,65,r/DiWHY,1,2018-05-16 13:47:44,1,2,17,0
8jtqke,2018-05-16 10:05:12,65,r/DiWHY,1,2018-05-16 13:53:29,2,2,18,0
8jtqke,2018-05-16 10:05:12,65,r/DiWHY,1,2018-05-16 14:08:48,3,0,25,0
8jtqke,2018-05-16 10:05:12,65,r/DiWHY,1,2018-05-16 13:58:14,3,0,10,0
8jtqke,2018-05-16 10:05:12,65,r/DiWHY,1,2018-05-16 13:58:10,2,1,11,0
8jtqke,2018-05-16 10:05:12,65,r/DiWHY,1,2018-05-16 15:35:17,3,0,3,0
8jtqke,2018-05-16 10:05:12,65,r/DiWHY,1,2018-05-16 14:10:36,1,0,4,0
8jtqke,2018-05-16 10:05:12,65,r/DiWHY,1,2018-05-16 14:40:43,1,1,5,0
8jtqke,2018-05-16 10:05:12,65,r/DiWHY,1,2018-05-16 16:30:45,2,0,1,0
8jtqke,2018-05-16 10:05:12,65,r/DiWHY,1,2018-05-16 14:48:51,1,0,1,0
8jtqke,2018-05-16 10:05:12,65,r/DiWHY,1,2018-05-16 15:05:01,1,0,1,0
8jtqke,2018-05-16 10:05:12,65,r/DiWHY,1,2018-05-16 15:13:28,1,0,1,0
8jtqke,2018-05-16 10:05:12,65,r/DiWHY,1,2018-05-16 15:53:33,1,0,1,0
8jtqke,2018-05-16 10:05:12,65,r/DiWHY,1,2018-05-16 16:18:21,1,1,1,0
8jtqke,2018-05-16 10:05:12,65,r/DiWHY,1,2018-05-16 17:05:36,2,1,1,0
8jtqke,2018-05-16 10:05:12,65,r/DiWHY,1,2018-05-16 17:18:35,3,0,1,0
8jtqke,2018-05-16 10:05:12,65,r/DiWHY,1,2018-05-16 14:40:07,1,1,1,0
8jtqke,2018-05-16 10:05:12,65,r/DiWHY,1,2018-05-16 15:08:07,2,1,0,0
8jtqke,2018-05-16 10:05:12,65,r/DiWHY,1,2018-05-16 15:09:01,3,1,-2,0
8jtqke,2018-05-16 10:05:12,65,r/DiWHY,1,2018-05-16 15:35:14,4,0,1,0
8jtqke,2018-05-16 10:05:12,65,r/DiWHY,1,2018-05-16 15:37:25,1,0,-1,0
8jtqke,2018-05-16 10:05:12,65,r/DiWHY,2,2018-05-16 11:12:32,0,3,392,0
8jtqke,2018-05-16 10:05:12,65,r/DiWHY,2,2018-05-16 11:56:22,1,1,107,0
8jtqke,2018-05-16 10:05:12,65,r/DiWHY,2,2018-05-16 13:49:09,2,1,14,0
8jtqke,2018-05-16 10:05:12,65,r/DiWHY,2,2018-05-16 14:10:23,3,1,13,0
8jtqke,2018-05-16 10:05:12,65,r/DiWHY,2,2018-05-16 14:23:12,4,1,7,0
8jtqke,2018-05-16 10:05:12,65,r/DiWHY,2,2018-05-16 14:30:46,5,0,1,0
8jtqke,2018-05-16 10:05:12,65,r/DiWHY,2,2018-05-16 12:41:11,1,2,83,0
8jtqke,2018-05-16 10:05:12,65,r/DiWHY,2,2018-05-16 13:07:44,2,0,15,0
8jtqke,2018-05-16 10:05:12,65,r/DiWHY,2,2018-05-16 15:18:35,2,0,1,0
8jtqke,2018-05-16 10:05:12,65,r/DiWHY,2,2018-05-16 15:34:05,1,1,3,0
8jtqke,2018-05-16 10:05:12,65,r/DiWHY,2,2018-05-16 15:51:35,2,0,1,0
8jtqke,2018-05-16 10:05:12,65,r/DiWHY,3,2018-05-16 13:20:23,0,4,28,0
8jtqke,2018-05-16 10:05:12,65,r/DiWHY,3,2018-05-16 14:16:07,1,2,17,0
8jtqke,2018-05-16 10:05:12,65,r/DiWHY,3,2018-05-16 16:17:26,2,0,6,0
8jtqke,2018-05-16 10:05:12,65,r/DiWHY,3,2018-05-16 17:17:07,2,1,3,0
8jtqke,2018-05-16 10:05:12,65,r/DiWHY,3,2018-05-16 17:21:41,3,0,1,0
8jtqke,2018-05-16 10:05:12,65,r/DiWHY,3,2018-05-16 14:22:03,1,1,7,0
8jtqke,2018-05-16 10:05:12,65,r/DiWHY,3,2018-05-16 14:22:08,2,0,0,0
8jtqke,2018-05-16 10:05:12,65,r/DiWHY,3,2018-05-16 14:43:44,1,0,2,0
8jtqke,2018-05-16 10:05:12,65,r/DiWHY,3,2018-05-16 18:12:45,1,0,1,0
8jtqke,2018-05-16 10:05:12,65,r/DiWHY,4,2018-05-16 10:22:34,0,2,144,0
8jtqke,2018-05-16 10:05:12,65,r/DiWHY,4,2018-05-16 11:51:46,1,0,88,0
8jtqke,2018-05-16 10:05:12,65,r/DiWHY,4,2018-05-16 14:17:32,1,0,29,0
8jtqke,2018-05-16 10:05:12,65,r/DiWHY,5,2018-05-16 11:41:36,0,0,131,0
8jtqke,2018-05-16 10:05:12,65,r/DiWHY,6,2018-05-16 11:40:55,0,0,20,0
8jtqke,2018-05-16 10:05:12,65,r/DiWHY,7,2018-05-16 12:38:06,0,2,19,0
8jtqke,2018-05-16 10:05:12,65,r/DiWHY,7,2018-05-16 13:32:53,1,4,44,0
8jtqke,2018-05-16 10:05:12,65,r/DiWHY,7,2018-05-16 14:16:43,2,1,5,0
8jtqke,2018-05-16 10:05:12,65,r/DiWHY,7,2018-05-16 15:34:30,3,0,2,0
8jtqke,2018-05-16 10:05:12,65,r/DiWHY,7,2018-05-16 15:34:47,2,1,3,0
8jtqke,2018-05-16 10:05:12,65,r/DiWHY,7,2018-05-16 15:38:24,3,0,2,0
8jtqke,2018-05-16 10:05:12,65,r/DiWHY,7,2018-05-16 14:03:49,2,0,2,0
8jtqke,2018-05-16 10:05:12,65,r/DiWHY,7,2018-05-16 16:02:33,2,1,2,0
8jtqke,2018-05-16 10:05:12,65,r/DiWHY,7,2018-05-16 16:05:24,3,0,1,0
8jtqke,2018-05-16 10:05:12,65,r/DiWHY,7,2018-05-16 15:34:35,1,1,3,0
8jtqke,2018-05-16 10:05:12,65,r/DiWHY,7,2018-05-16 15:47:19,2,1,6,0
8jtqke,2018-05-16 10:05:12,65,r/DiWHY,7,2018-05-16 15:49:52,3,0,2,0
8jtqke,2018-05-16 10:05:12,65,r/DiWHY,8,2018-05-16 12:27:55,0,1,16,0
8jtqke,2018-05-16 10:05:12,65,r/DiWHY,8,2018-05-16 13:15:16,1,0,13,0
8jtqke,2018-05-16 10:05:12,65,r/DiWHY,9,2018-05-16 13:11:08,0,4,25,0
8jtqke,2018-05-16 10:05:12,65,r/DiWHY,9,2018-05-16 14:23:02,1,1,20,0
8jtqke,2018-05-16 10:05:12,65,r/DiWHY,9,2018-05-16 14:54:13,2,0,12,0
8jtqke,2018-05-16 10:05:12,65,r/DiWHY,9,2018-05-16 13:40:21,1,0,17,0
8jtqke,2018-05-16 10:05:12,65,r/DiWHY,9,2018-05-16 14:41:54,1,0,4,0
8jtqke,2018-05-16 10:05:12,65,r/DiWHY,9,2018-05-16 14:22:49,1,0,6,0
8jtqke,2018-05-16 10:05:12,65,r/DiWHY,10,2018-05-16 11:52:45,0,2,9,0
8jtqke,2018-05-16 10:05:12,65,r/DiWHY,10,2018-05-16 12:00:38,1,0,3,0
8jtqke,2018-05-16 10:05:12,65,r/DiWHY,10,2018-05-16 16:02:53,1,0,2,0
8jtqke,2018-05-16 10:05:12,65,r/DiWHY,11,2018-05-16 12:31:20,0,3,48,0
8jtqke,2018-05-16 10:05:12,65,r/DiWHY,11,2018-05-16 13:44:19,1,1,20,0
8jtqke,2018-05-16 10:05:12,65,r/DiWHY,11,2018-05-16 14:24:28,2,0,2,0
8jtqke,2018-05-16 10:05:12,65,r/DiWHY,11,2018-05-16 12:37:15,1,1,3,0
8jtqke,2018-05-16 10:05:12,65,r/DiWHY,11,2018-05-16 12:38:11,2,0,2,0
8jtqke,2018-05-16 10:05:12,65,r/DiWHY,11,2018-05-16 14:07:47,1,1,1,0
8jtqke,2018-05-16 10:05:12,65,r/DiWHY,11,2018-05-16 14:09:10,2,1,-1,0
8jtqke,2018-05-16 10:05:12,65,r/DiWHY,11,2018-05-16 14:10:10,3,1,0,0
8jtqke,2018-05-16 10:05:12,65,r/DiWHY,11,2018-05-16 14:13:04,4,1,-2,0
8jtqke,2018-05-16 10:05:12,65,r/DiWHY,11,2018-05-16 14:14:18,5,1,3,0
8jtqke,2018-05-16 10:05:12,65,r/DiWHY,11,2018-05-16 14:15:47,6,0,-1,0
8jtqke,2018-05-16 10:05:12,65,r/DiWHY,12,2018-05-16 12:07:59,0,1,13,0
8jtqke,2018-05-16 10:05:12,65,r/DiWHY,12,2018-05-16 12:58:25,1,2,8,0
8jtqke,2018-05-16 10:05:12,65,r/DiWHY,12,2018-05-16 17:06:41,2,0,1,0
8jtqke,2018-05-16 10:05:12,65,r/DiWHY,12,2018-05-16 14:19:06,2,0,-2,0
8jtqke,2018-05-16 10:05:12,65,r/DiWHY,13,2018-05-16 16:04:07,0,1,6,0
8jtqke,2018-05-16 10:05:12,65,r/DiWHY,13,2018-05-16 16:05:18,1,0,2,0
8jtqke,2018-05-16 10:05:12,65,r/DiWHY,14,2018-05-16 12:14:21,0,0,5,0
8jtqke,2018-05-16 10:05:12,65,r/DiWHY,15,2018-05-16 12:11:32,0,2,30,0
8jtqke,2018-05-16 10:05:12,65,r/DiWHY,15,2018-05-16 14:35:56,1,0,4,0
8jtqke,2018-05-16 10:05:12,65,r/DiWHY,15,2018-05-16 15:30:46,1,0,3,0
8jtqke,2018-05-16 10:05:12,65,r/DiWHY,16,2018-05-16 11:25:55,0,1,3,0
8jtqke,2018-05-16 10:05:12,65,r/DiWHY,16,2018-05-16 17:19:39,1,0,1,0
8jtqke,2018-05-16 10:05:12,65,r/DiWHY,17,2018-05-16 13:33:59,0,1,3,0
8jtqke,2018-05-16 10:05:12,65,r/DiWHY,17,2018-05-16 14:02:46,1,1,2,0
8jtqke,2018-05-16 10:05:12,65,r/DiWHY,17,2018-05-16 15:32:38,2,0,2,0
8jtqke,2018-05-16 10:05:12,65,r/DiWHY,18,2018-05-16 13:42:52,0,0,3,0
8jtqke,2018-05-16 10:05:12,65,r/DiWHY,19,2018-05-16 14:11:40,0,0,3,0
8jtqke,2018-05-16 10:05:12,65,r/DiWHY,20,2018-05-16 15:33:10,0,2,3,0
8jtqke,2018-05-16 10:05:12,65,r/DiWHY,20,2018-05-16 16:00:30,1,1,3,0
8jtqke,2018-05-16 10:05:12,65,r/DiWHY,20,2018-05-16 16:19:20,2,0,2,0
8jtqke,2018-05-16 10:05:12,65,r/DiWHY,20,2018-05-16 15:33:27,1,1,2,0
8jtqke,2018-05-16 10:05:12,65,r/DiWHY,20,2018-05-16 17:23:12,2,0,1,0
8jtqke,2018-05-16 10:05:12,65,r/DiWHY,21,2018-05-16 16:38:12,0,0,3,0
8jtqke,2018-05-16 10:05:12,65,r/DiWHY,22,2018-05-16 16:42:29,0,0,3,0
8jtqke,2018-05-16 10:05:12,65,r/DiWHY,23,2018-05-16 11:16:20,0,4,4,0
8jtqke,2018-05-16 10:05:12,65,r/DiWHY,23,2018-05-16 11:41:44,1,0,28,0
8jtqke,2018-05-16 10:05:12,65,r/DiWHY,23,2018-05-16 11:51:57,1,1,16,0
8jtqke,2018-05-16 10:05:12,65,r/DiWHY,23,2018-05-16 17:25:17,2,0,1,0
8jtqke,2018-05-16 10:05:12,65,r/DiWHY,23,2018-05-16 12:29:13,1,0,3,0
8jtqke,2018-05-16 10:05:12,65,r/DiWHY,23,2018-05-16 12:04:49,1,0,6,0
8jtqke,2018-05-16 10:05:12,65,r/DiWHY,24,2018-05-16 13:16:10,0,0,2,0
8jtqke,2018-05-16 10:05:12,65,r/DiWHY,25,2018-05-16 13:27:47,0,0,2,0
8jtqke,2018-05-16 10:05:12,65,r/DiWHY,26,2018-05-16 13:33:05,0,1,2,0
8jtqke,2018-05-16 10:05:12,65,r/DiWHY,26,2018-05-16 15:49:09,1,0,1,0
8jtqke,2018-05-16 10:05:12,65,r/DiWHY,27,2018-05-16 13:43:35,0,0,2,0
8jtqke,2018-05-16 10:05:12,65,r/DiWHY,28,2018-05-16 13:45:08,0,0,2,0
8jtqke,2018-05-16 10:05:12,65,r/DiWHY,29,2018-05-16 13:51:51,0,0,2,0
8jtqke,2018-05-16 10:05:12,65,r/DiWHY,30,2018-05-16 12:26:31,0,0,1,0
8jtqke,2018-05-16 10:05:12,65,r/DiWHY,31,2018-05-16 12:27:07,0,0,1,0
8jtqke,2018-05-16 10:05:12,65,r/DiWHY,32,2018-05-16 13:39:21,0,0,1,0
8jtqke,2018-05-16 10:05:12,65,r/DiWHY,33,2018-05-16 13:40:22,0,0,1,0
8jtqke,2018-05-16 10:05:12,65,r/DiWHY,34,2018-05-16 13:49:13,0,0,1,0
8jtqke,2018-05-16 10:05:12,65,r/DiWHY,35,2018-05-16 13:50:18,0,0,1,0
8jtqke,2018-05-16 10:05:12,65,r/DiWHY,36,2018-05-16 13:56:08,0,0,1,0
8jtqke,2018-05-16 10:05:12,65,r/DiWHY,37,2018-05-16 14:04:11,0,0,1,0
8jtqke,2018-05-16 10:05:12,65,r/DiWHY,38,2018-05-16 14:06:26,0,0,1,0
8jtqke,2018-05-16 10:05:12,65,r/DiWHY,39,2018-05-16 14:08:46,0,0,1,0
8jtqke,2018-05-16 10:05:12,65,r/DiWHY,40,2018-05-16 14:09:50,0,0,1,0
8jtqke,2018-05-16 10:05:12,65,r/DiWHY,41,2018-05-16 14:14:54,0,0,1,0
8jtqke,2018-05-16 10:05:12,65,r/DiWHY,42,2018-05-16 14:15:28,0,0,1,0
8jtqke,2018-05-16 10:05:12,65,r/DiWHY,43,2018-05-16 14:19:39,0,0,1,0
8jtqke,2018-05-16 10:05:12,65,r/DiWHY,44,2018-05-16 14:20:35,0,0,1,0
8jtqke,2018-05-16 10:05:12,65,r/DiWHY,45,2018-05-16 14:22:45,0,0,1,0
8jtqke,2018-05-16 10:05:12,65,r/DiWHY,46,2018-05-16 14:23:59,0,0,1,0
8jtqke,2018-05-16 10:05:12,65,r/DiWHY,47,2018-05-16 14:32:07,0,0,1,0
8jtqke,2018-05-16 10:05:12,65,r/DiWHY,48,2018-05-16 14:38:50,0,0,1,0
8jtqke,2018-05-16 10:05:12,65,r/DiWHY,49,2018-05-16 14:47:17,0,0,1,0
8jtqke,2018-05-16 10:05:12,65,r/DiWHY,50,2018-05-16 14:52:26,0,0,1,0
8jtqke,2018-05-16 10:05:12,65,r/DiWHY,51,2018-05-16 15:06:44,0,0,1,0
8jtqke,2018-05-16 10:05:12,65,r/DiWHY,52,2018-05-16 15:08:29,0,0,1,0
8jtqke,2018-05-16 10:05:12,65,r/DiWHY,53,2018-05-16 15:13:49,0,0,1,0
8jtqke,2018-05-16 10:05:12,65,r/DiWHY,54,2018-05-16 15:25:13,0,0,1,0
8jtqke,2018-05-16 10:05:12,65,r/DiWHY,55,2018-05-16 15:25:57,0,0,1,0
8jtqke,2018-05-16 10:05:12,65,r/DiWHY,56,2018-05-16 15:27:58,0,0,1,0
8jtqke,2018-05-16 10:05:12,65,r/DiWHY,57,2018-05-16 15:33:22,0,0,1,0
8jtqke,2018-05-16 10:05:12,65,r/DiWHY,58,2018-05-16 15:35:31,0,0,1,0
8jtqke,2018-05-16 10:05:12,65,r/DiWHY,59,2018-05-16 15:46:57,0,0,1,0
8jtqke,2018-05-16 10:05:12,65,r/DiWHY,60,2018-05-16 15:53:41,0,0,1,0
8jtqke,2018-05-16 10:05:12,65,r/DiWHY,61,2018-05-16 15:55:50,0,0,1,0
8jtqke,2018-05-16 10:05:12,65,r/DiWHY,62,2018-05-16 15:57:18,0,0,1,0
8jtqke,2018-05-16 10:05:12,65,r/DiWHY,63,2018-05-16 15:57:43,0,0,1,0
8jtqke,2018-05-16 10:05:12,65,r/DiWHY,64,2018-05-16 15:58:02,0,0,1,0
8jtqke,2018-05-16 10:05:12,65,r/DiWHY,65,2018-05-16 16:01:02,0,0,1,0
8jtqke,2018-05-16 10:05:12,65,r/DiWHY,66,2018-05-16 16:01:12,0,0,1,0
8jtqke,2018-05-16 10:05:12,65,r/DiWHY,67,2018-05-16 16:02:15,0,0,1,0
8jtqke,2018-05-16 10:05:12,65,r/DiWHY,68,2018-05-16 16:09:50,0,0,1,0
8jtqke,2018-05-16 10:05:12,65,r/DiWHY,69,2018-05-16 16:25:38,0,0,1,0
8jtqke,2018-05-16 10:05:12,65,r/DiWHY,70,2018-05-16 16:37:08,0,1,1,0
8jtqke,2018-05-16 10:05:12,65,r/DiWHY,70,2018-05-16 16:41:23,1,0,1,0
8jtqke,2018-05-16 10:05:12,65,r/DiWHY,71,2018-05-16 16:44:18,0,0,1,0
8jtqke,2018-05-16 10:05:12,65,r/DiWHY,72,2018-05-16 16:51:10,0,0,1,0
8jtqke,2018-05-16 10:05:12,65,r/DiWHY,73,2018-05-16 16:55:58,0,0,1,0
8jtqke,2018-05-16 10:05:12,65,r/DiWHY,74,2018-05-16 17:18:00,0,0,1,0
8jtqke,2018-05-16 10:05:12,65,r/DiWHY,75,2018-05-16 17:22:46,0,0,1,0
8jtqke,2018-05-16 10:05:12,65,r/DiWHY,76,2018-05-16 17:25:37,0,0,1,0
8jtqke,2018-05-16 10:05:12,65,r/DiWHY,77,2018-05-16 17:35:35,0,0,1,0
8jtqke,2018-05-16 10:05:12,65,r/DiWHY,78,2018-05-16 17:35:38,0,0,1,0
8jtqke,2018-05-16 10:05:12,65,r/DiWHY,79,2018-05-16 17:37:09,0,1,1,0
8jtqke,2018-05-16 10:05:12,65,r/DiWHY,79,2018-05-16 17:55:12,1,0,2,0
8jtqke,2018-05-16 10:05:12,65,r/DiWHY,80,2018-05-16 18:09:08,0,0,1,0
8jtqke,2018-05-16 10:05:12,65,r/DiWHY,81,2018-05-16 18:15:49,0,0,1,0
8jtqke,2018-05-16 10:05:12,65,r/DiWHY,82,2018-05-16 11:00:20,0,0,1,0
8jtqke,2018-05-16 10:05:12,65,r/DiWHY,83,2018-05-16 11:44:47,0,0,1,0
8jtqke,2018-05-16 10:05:12,65,r/DiWHY,84,2018-05-16 12:02:30,0,0,1,0
8jtqke,2018-05-16 10:05:12,65,r/DiWHY,85,2018-05-16 10:49:42,0,0,0,0
8jtqke,2018-05-16 10:05:12,65,r/DiWHY,86,2018-05-16 11:49:23,0,0,0,0
8jtqke,2018-05-16 10:05:12,65,r/DiWHY,87,2018-05-16 17:44:46,0,0,0,0
8jtqke,2018-05-16 10:05:12,65,r/DiWHY,88,2018-05-16 12:51:53,0,0,-5,0
8jtigj,2018-05-16 09:15:18,66,r/technology,0,2018-05-16 12:10:59,0,5,1173,0
8jtigj,2018-05-16 09:15:18,66,r/technology,0,2018-05-16 12:54:28,1,2,205,0
8jtigj,2018-05-16 09:15:18,66,r/technology,0,2018-05-16 13:49:54,2,4,112,0
8jtigj,2018-05-16 09:15:18,66,r/technology,0,2018-05-16 15:21:37,3,2,29,0
8jtigj,2018-05-16 09:15:18,66,r/technology,0,2018-05-16 16:12:38,4,2,8,0
8jtigj,2018-05-16 09:15:18,66,r/technology,0,2018-05-16 17:23:53,5,1,2,0
8jtigj,2018-05-16 09:15:18,66,r/technology,0,2018-05-16 17:16:36,5,0,1,0
8jtigj,2018-05-16 09:15:18,66,r/technology,0,2018-05-16 15:33:40,4,1,3,0
8jtigj,2018-05-16 09:15:18,66,r/technology,0,2018-05-16 17:16:34,5,0,2,0
8jtigj,2018-05-16 09:15:18,66,r/technology,0,2018-05-16 17:26:40,3,0,2,0
8jtigj,2018-05-16 09:15:18,66,r/technology,0,2018-05-16 15:42:45,3,0,1,0
8jtigj,2018-05-16 09:15:18,66,r/technology,0,2018-05-16 13:32:10,1,2,64,0
8jtigj,2018-05-16 09:15:18,66,r/technology,0,2018-05-16 15:22:08,2,2,21,0
8jtigj,2018-05-16 09:15:18,66,r/technology,0,2018-05-16 16:56:35,3,2,24,0
8jtigj,2018-05-16 09:15:18,66,r/technology,0,2018-05-16 17:30:47,4,1,18,0
8jtigj,2018-05-16 09:15:18,66,r/technology,0,2018-05-16 17:37:04,5,0,8,0
8jtigj,2018-05-16 09:15:18,66,r/technology,0,2018-05-16 14:54:52,1,0,7,0
8jtigj,2018-05-16 09:15:18,66,r/technology,0,2018-05-16 16:29:21,1,0,1,0
8jtigj,2018-05-16 09:15:18,66,r/technology,1,2018-05-16 11:12:41,0,17,2400,0
8jtigj,2018-05-16 09:15:18,66,r/technology,1,2018-05-16 13:22:34,1,22,836,0
8jtigj,2018-05-16 09:15:18,66,r/technology,1,2018-05-16 13:28:59,2,18,541,0
8jtigj,2018-05-16 09:15:18,66,r/technology,1,2018-05-16 13:32:19,3,11,324,0
8jtigj,2018-05-16 09:15:18,66,r/technology,1,2018-05-16 13:33:54,4,6,125,0
8jtigj,2018-05-16 09:15:18,66,r/technology,1,2018-05-16 13:53:13,5,3,139,0
8jtigj,2018-05-16 09:15:18,66,r/technology,1,2018-05-16 14:06:58,6,0,60,0
8jtigj,2018-05-16 09:15:18,66,r/technology,1,2018-05-16 15:14:39,6,1,11,0
8jtigj,2018-05-16 09:15:18,66,r/technology,1,2018-05-16 15:34:19,6,1,2,0
8jtigj,2018-05-16 09:15:18,66,r/technology,1,2018-05-16 15:53:51,7,1,3,0
8jtigj,2018-05-16 09:15:18,66,r/technology,1,2018-05-16 16:07:59,8,0,1,0
8jtigj,2018-05-16 09:15:18,66,r/technology,1,2018-05-16 13:37:19,5,2,22,0
8jtigj,2018-05-16 09:15:18,66,r/technology,1,2018-05-16 14:12:45,6,0,4,0
8jtigj,2018-05-16 09:15:18,66,r/technology,1,2018-05-16 13:53:27,5,1,5,0
8jtigj,2018-05-16 09:15:18,66,r/technology,1,2018-05-16 14:46:19,6,0,7,0
8jtigj,2018-05-16 09:15:18,66,r/technology,1,2018-05-16 13:42:22,5,1,7,0
8jtigj,2018-05-16 09:15:18,66,r/technology,1,2018-05-16 14:06:23,6,0,15,0
8jtigj,2018-05-16 09:15:18,66,r/technology,1,2018-05-16 15:34:51,5,0,1,0
8jtigj,2018-05-16 09:15:18,66,r/technology,1,2018-05-16 14:07:52,4,1,43,0
8jtigj,2018-05-16 09:15:18,66,r/technology,1,2018-05-16 15:31:55,5,3,13,0
8jtigj,2018-05-16 09:15:18,66,r/technology,1,2018-05-16 15:57:56,6,0,15,0
8jtigj,2018-05-16 09:15:18,66,r/technology,1,2018-05-16 16:00:47,6,0,7,0
8jtigj,2018-05-16 09:15:18,66,r/technology,1,2018-05-16 14:00:50,4,2,8,0
8jtigj,2018-05-16 09:15:18,66,r/technology,1,2018-05-16 14:08:59,5,2,78,0
8jtigj,2018-05-16 09:15:18,66,r/technology,1,2018-05-16 14:21:49,6,2,8,0
8jtigj,2018-05-16 09:15:18,66,r/technology,1,2018-05-16 14:25:56,7,2,42,0
8jtigj,2018-05-16 09:15:18,66,r/technology,1,2018-05-16 15:13:03,8,1,13,0
8jtigj,2018-05-16 09:15:18,66,r/technology,1,2018-05-16 14:37:26,8,1,13,0
8jtigj,2018-05-16 09:15:18,66,r/technology,1,2018-05-16 14:45:44,9,1,6,0
8jtigj,2018-05-16 09:15:18,66,r/technology,1,2018-05-16 17:54:25,6,0,2,0
8jtigj,2018-05-16 09:15:18,66,r/technology,1,2018-05-16 14:17:01,5,0,8,0
8jtigj,2018-05-16 09:15:18,66,r/technology,1,2018-05-16 14:57:18,4,0,3,0
8jtigj,2018-05-16 09:15:18,66,r/technology,1,2018-05-16 15:17:23,4,0,2,0
8jtigj,2018-05-16 09:15:18,66,r/technology,1,2018-05-16 14:27:59,4,0,1,0
8jtigj,2018-05-16 09:15:18,66,r/technology,1,2018-05-16 15:19:10,4,0,1,0
8jtigj,2018-05-16 09:15:18,66,r/technology,1,2018-05-16 15:36:15,4,0,1,0
8jtigj,2018-05-16 09:15:18,66,r/technology,1,2018-05-16 16:05:27,4,0,1,0
8jtigj,2018-05-16 09:15:18,66,r/technology,1,2018-05-16 17:24:09,4,0,1,0
8jtigj,2018-05-16 09:15:18,66,r/technology,1,2018-05-16 14:19:31,3,2,20,0
8jtigj,2018-05-16 09:15:18,66,r/technology,1,2018-05-16 15:44:42,4,2,17,0
8jtigj,2018-05-16 09:15:18,66,r/technology,1,2018-05-16 17:12:33,5,0,3,0
8jtigj,2018-05-16 09:15:18,66,r/technology,1,2018-05-16 17:22:16,5,0,1,0
8jtigj,2018-05-16 09:15:18,66,r/technology,1,2018-05-16 15:54:28,4,2,2,0
8jtigj,2018-05-16 09:15:18,66,r/technology,1,2018-05-16 16:33:01,5,1,2,0
8jtigj,2018-05-16 09:15:18,66,r/technology,1,2018-05-16 16:47:36,6,1,1,0
8jtigj,2018-05-16 09:15:18,66,r/technology,1,2018-05-16 14:15:54,3,2,6,0
8jtigj,2018-05-16 09:15:18,66,r/technology,1,2018-05-16 14:31:20,4,2,8,0
8jtigj,2018-05-16 09:15:18,66,r/technology,1,2018-05-16 14:37:10,5,1,2,0
8jtigj,2018-05-16 09:15:18,66,r/technology,1,2018-05-16 14:41:32,6,2,4,0
8jtigj,2018-05-16 09:15:18,66,r/technology,1,2018-05-16 14:49:38,7,0,2,0
8jtigj,2018-05-16 09:15:18,66,r/technology,1,2018-05-16 15:00:38,4,1,1,0
8jtigj,2018-05-16 09:15:18,66,r/technology,1,2018-05-16 17:18:54,5,0,1,0
8jtigj,2018-05-16 09:15:18,66,r/technology,1,2018-05-16 13:32:35,3,4,11,0
8jtigj,2018-05-16 09:15:18,66,r/technology,1,2018-05-16 13:42:17,4,3,36,0
8jtigj,2018-05-16 09:15:18,66,r/technology,1,2018-05-16 16:53:27,5,0,3,0
8jtigj,2018-05-16 09:15:18,66,r/technology,1,2018-05-16 14:15:07,5,2,8,0
8jtigj,2018-05-16 09:15:18,66,r/technology,1,2018-05-16 15:32:59,6,0,15,0
8jtigj,2018-05-16 09:15:18,66,r/technology,1,2018-05-16 15:04:29,6,1,3,0
8jtigj,2018-05-16 09:15:18,66,r/technology,1,2018-05-16 15:15:08,7,0,9,0
8jtigj,2018-05-16 09:15:18,66,r/technology,1,2018-05-16 14:10:23,4,0,16,0
8jtigj,2018-05-16 09:15:18,66,r/technology,1,2018-05-16 14:24:07,4,1,3,0
8jtigj,2018-05-16 09:15:18,66,r/technology,1,2018-05-16 16:15:04,3,0,2,0
8jtigj,2018-05-16 09:15:18,66,r/technology,1,2018-05-16 16:17:52,3,0,2,0
8jtigj,2018-05-16 09:15:18,66,r/technology,1,2018-05-16 14:26:10,3,1,4,0
8jtigj,2018-05-16 09:15:18,66,r/technology,1,2018-05-16 14:50:15,4,1,7,0
8jtigj,2018-05-16 09:15:18,66,r/technology,1,2018-05-16 15:12:51,5,1,2,0
8jtigj,2018-05-16 09:15:18,66,r/technology,1,2018-05-16 16:08:10,6,1,2,0
8jtigj,2018-05-16 09:15:18,66,r/technology,1,2018-05-16 16:16:44,7,0,3,0
8jtigj,2018-05-16 09:15:18,66,r/technology,1,2018-05-16 14:44:55,3,0,1,0
8jtigj,2018-05-16 09:15:18,66,r/technology,1,2018-05-16 14:46:23,3,1,1,0
8jtigj,2018-05-16 09:15:18,66,r/technology,1,2018-05-16 14:56:05,3,1,1,0
8jtigj,2018-05-16 09:15:18,66,r/technology,1,2018-05-16 14:57:49,4,0,1,0
8jtigj,2018-05-16 09:15:18,66,r/technology,1,2018-05-16 14:56:26,3,0,1,0
8jtigj,2018-05-16 09:15:18,66,r/technology,1,2018-05-16 15:38:00,3,1,1,0
8jtigj,2018-05-16 09:15:18,66,r/technology,1,2018-05-16 15:52:03,4,0,1,0
8jtigj,2018-05-16 09:15:18,66,r/technology,1,2018-05-16 15:58:26,3,0,1,0
8jtigj,2018-05-16 09:15:18,66,r/technology,1,2018-05-16 16:30:36,3,0,1,0
8jtigj,2018-05-16 09:15:18,66,r/technology,1,2018-05-16 16:33:34,3,0,1,0
8jtigj,2018-05-16 09:15:18,66,r/technology,1,2018-05-16 16:43:20,3,0,1,0
8jtigj,2018-05-16 09:15:18,66,r/technology,1,2018-05-16 16:50:07,3,0,1,0
8jtigj,2018-05-16 09:15:18,66,r/technology,1,2018-05-16 13:44:22,2,2,32,0
8jtigj,2018-05-16 09:15:18,66,r/technology,1,2018-05-16 16:41:30,3,0,5,0
8jtigj,2018-05-16 09:15:18,66,r/technology,1,2018-05-16 13:38:06,2,4,245,0
8jtigj,2018-05-16 09:15:18,66,r/technology,1,2018-05-16 13:42:46,3,1,64,0
8jtigj,2018-05-16 09:15:18,66,r/technology,1,2018-05-16 16:10:03,4,1,15,0
8jtigj,2018-05-16 09:15:18,66,r/technology,1,2018-05-16 17:01:31,5,0,2,0
8jtigj,2018-05-16 09:15:18,66,r/technology,1,2018-05-16 13:46:27,3,5,38,0
8jtigj,2018-05-16 09:15:18,66,r/technology,1,2018-05-16 14:08:29,4,1,71,0
8jtigj,2018-05-16 09:15:18,66,r/technology,1,2018-05-16 14:10:20,5,1,17,0
8jtigj,2018-05-16 09:15:18,66,r/technology,1,2018-05-16 14:12:06,6,1,16,0
8jtigj,2018-05-16 09:15:18,66,r/technology,1,2018-05-16 14:23:40,4,0,2,0
8jtigj,2018-05-16 09:15:18,66,r/technology,1,2018-05-16 14:15:06,4,1,3,0
8jtigj,2018-05-16 09:15:18,66,r/technology,1,2018-05-16 14:18:13,5,1,6,0
8jtigj,2018-05-16 09:15:18,66,r/technology,1,2018-05-16 14:35:19,6,0,3,0
8jtigj,2018-05-16 09:15:18,66,r/technology,1,2018-05-16 14:00:43,4,2,-1,0
8jtigj,2018-05-16 09:15:18,66,r/technology,1,2018-05-16 14:05:13,5,6,34,0
8jtigj,2018-05-16 09:15:18,66,r/technology,1,2018-05-16 14:29:37,6,0,7,0
8jtigj,2018-05-16 09:15:18,66,r/technology,1,2018-05-16 14:46:31,6,1,5,0
8jtigj,2018-05-16 09:15:18,66,r/technology,1,2018-05-16 14:53:30,7,0,2,0
8jtigj,2018-05-16 09:15:18,66,r/technology,1,2018-05-16 15:04:24,6,0,1,0
8jtigj,2018-05-16 09:15:18,66,r/technology,1,2018-05-16 15:39:27,6,0,1,0
8jtigj,2018-05-16 09:15:18,66,r/technology,1,2018-05-16 15:50:22,6,0,1,0
8jtigj,2018-05-16 09:15:18,66,r/technology,1,2018-05-16 14:26:02,5,0,11,0
8jtigj,2018-05-16 09:15:18,66,r/technology,1,2018-05-16 13:49:26,3,1,10,0
8jtigj,2018-05-16 09:15:18,66,r/technology,1,2018-05-16 13:58:43,4,1,20,0
8jtigj,2018-05-16 09:15:18,66,r/technology,1,2018-05-16 14:09:37,2,1,13,0
8jtigj,2018-05-16 09:15:18,66,r/technology,1,2018-05-16 15:00:17,2,0,6,0
8jtigj,2018-05-16 09:15:18,66,r/technology,1,2018-05-16 13:38:12,2,0,10,0
8jtigj,2018-05-16 09:15:18,66,r/technology,1,2018-05-16 15:12:44,2,1,5,0
8jtigj,2018-05-16 09:15:18,66,r/technology,1,2018-05-16 13:52:56,2,0,5,0
8jtigj,2018-05-16 09:15:18,66,r/technology,1,2018-05-16 14:54:34,2,1,6,0
8jtigj,2018-05-16 09:15:18,66,r/technology,1,2018-05-16 15:15:55,3,0,2,0
8jtigj,2018-05-16 09:15:18,66,r/technology,1,2018-05-16 16:36:53,2,1,2,0
8jtigj,2018-05-16 09:15:18,66,r/technology,1,2018-05-16 16:56:47,2,0,2,0
8jtigj,2018-05-16 09:15:18,66,r/technology,1,2018-05-16 13:57:45,2,1,1,0
8jtigj,2018-05-16 09:15:18,66,r/technology,1,2018-05-16 14:11:42,3,1,3,0
8jtigj,2018-05-16 09:15:18,66,r/technology,1,2018-05-16 15:36:37,4,0,1,0
8jtigj,2018-05-16 09:15:18,66,r/technology,1,2018-05-16 14:57:19,2,0,1,0
8jtigj,2018-05-16 09:15:18,66,r/technology,1,2018-05-16 15:07:30,2,0,1,0
8jtigj,2018-05-16 09:15:18,66,r/technology,1,2018-05-16 15:13:55,2,0,1,0
8jtigj,2018-05-16 09:15:18,66,r/technology,1,2018-05-16 15:22:37,2,0,1,0
8jtigj,2018-05-16 09:15:18,66,r/technology,1,2018-05-16 16:25:40,2,0,1,0
8jtigj,2018-05-16 09:15:18,66,r/technology,1,2018-05-16 16:31:52,2,0,1,0
8jtigj,2018-05-16 09:15:18,66,r/technology,1,2018-05-16 16:33:34,2,0,1,0
8jtigj,2018-05-16 09:15:18,66,r/technology,1,2018-05-16 17:10:00,2,0,1,0
8jtigj,2018-05-16 09:15:18,66,r/technology,1,2018-05-16 17:11:02,2,0,1,0
8jtigj,2018-05-16 09:15:18,66,r/technology,1,2018-05-16 14:01:17,1,0,22,0
8jtigj,2018-05-16 09:15:18,66,r/technology,1,2018-05-16 14:06:48,1,1,22,0
8jtigj,2018-05-16 09:15:18,66,r/technology,1,2018-05-16 14:25:59,2,3,6,0
8jtigj,2018-05-16 09:15:18,66,r/technology,1,2018-05-16 14:42:43,3,1,20,0
8jtigj,2018-05-16 09:15:18,66,r/technology,1,2018-05-16 15:33:17,4,0,4,0
8jtigj,2018-05-16 09:15:18,66,r/technology,1,2018-05-16 14:27:30,3,0,3,0
8jtigj,2018-05-16 09:15:18,66,r/technology,1,2018-05-16 14:29:29,3,2,1,0
8jtigj,2018-05-16 09:15:18,66,r/technology,1,2018-05-16 14:50:13,4,0,1,0
8jtigj,2018-05-16 09:15:18,66,r/technology,1,2018-05-16 14:25:10,1,3,17,0
8jtigj,2018-05-16 09:15:18,66,r/technology,1,2018-05-16 15:11:51,2,0,9,0
8jtigj,2018-05-16 09:15:18,66,r/technology,1,2018-05-16 15:07:41,2,0,2,0
8jtigj,2018-05-16 09:15:18,66,r/technology,1,2018-05-16 15:25:46,2,1,1,0
8jtigj,2018-05-16 09:15:18,66,r/technology,1,2018-05-16 15:39:28,3,0,1,0
8jtigj,2018-05-16 09:15:18,66,r/technology,1,2018-05-16 13:48:20,1,0,17,0
8jtigj,2018-05-16 09:15:18,66,r/technology,1,2018-05-16 12:53:47,1,1,8,0
8jtigj,2018-05-16 09:15:18,66,r/technology,1,2018-05-16 14:30:30,2,0,7,0
8jtigj,2018-05-16 09:15:18,66,r/technology,1,2018-05-16 14:26:53,1,0,8,0
8jtigj,2018-05-16 09:15:18,66,r/technology,1,2018-05-16 14:09:18,1,4,17,0
8jtigj,2018-05-16 09:15:18,66,r/technology,1,2018-05-16 14:36:04,2,3,25,0
8jtigj,2018-05-16 09:15:18,66,r/technology,1,2018-05-16 15:16:46,3,0,2,0
8jtigj,2018-05-16 09:15:18,66,r/technology,1,2018-05-16 16:59:00,3,1,2,0
8jtigj,2018-05-16 09:15:18,66,r/technology,1,2018-05-16 14:31:52,2,0,10,0
8jtigj,2018-05-16 09:15:18,66,r/technology,1,2018-05-16 14:47:05,2,0,3,0
8jtigj,2018-05-16 09:15:18,66,r/technology,1,2018-05-16 14:42:06,1,0,2,0
8jtigj,2018-05-16 09:15:18,66,r/technology,1,2018-05-16 14:51:33,1,0,1,0
8jtigj,2018-05-16 09:15:18,66,r/technology,1,2018-05-16 14:57:46,1,0,1,0
8jtigj,2018-05-16 09:15:18,66,r/technology,1,2018-05-16 15:44:14,1,0,1,0
8jtigj,2018-05-16 09:15:18,66,r/technology,1,2018-05-16 15:45:36,1,0,1,0
8jtigj,2018-05-16 09:15:18,66,r/technology,1,2018-05-16 16:35:49,1,0,1,0
8jtigj,2018-05-16 09:15:18,66,r/technology,1,2018-05-16 16:46:39,1,0,1,0
8jtigj,2018-05-16 09:15:18,66,r/technology,1,2018-05-16 17:05:37,1,0,1,0
8jtigj,2018-05-16 09:15:18,66,r/technology,2,2018-05-16 13:43:18,0,5,635,0
8jtigj,2018-05-16 09:15:18,66,r/technology,2,2018-05-16 14:40:17,1,1,50,0
8jtigj,2018-05-16 09:15:18,66,r/technology,2,2018-05-16 17:49:18,2,0,2,0
8jtigj,2018-05-16 09:15:18,66,r/technology,2,2018-05-16 14:30:34,1,1,56,0
8jtigj,2018-05-16 09:15:18,66,r/technology,2,2018-05-16 14:49:12,2,1,30,0
8jtigj,2018-05-16 09:15:18,66,r/technology,2,2018-05-16 16:51:10,3,1,13,0
8jtigj,2018-05-16 09:15:18,66,r/technology,2,2018-05-16 14:40:47,1,1,2,0
8jtigj,2018-05-16 09:15:18,66,r/technology,2,2018-05-16 14:51:48,2,2,5,0
8jtigj,2018-05-16 09:15:18,66,r/technology,2,2018-05-16 14:57:04,3,1,6,0
8jtigj,2018-05-16 09:15:18,66,r/technology,2,2018-05-16 16:44:20,3,1,2,0
8jtigj,2018-05-16 09:15:18,66,r/technology,2,2018-05-16 16:27:49,1,0,1,0
8jtigj,2018-05-16 09:15:18,66,r/technology,3,2018-05-16 13:49:00,0,4,227,0
8jtigj,2018-05-16 09:15:18,66,r/technology,3,2018-05-16 14:54:50,1,3,117,0
8jtigj,2018-05-16 09:15:18,66,r/technology,3,2018-05-16 15:34:01,2,3,36,0
8jtigj,2018-05-16 09:15:18,66,r/technology,3,2018-05-16 16:24:32,3,0,2,0
8jtigj,2018-05-16 09:15:18,66,r/technology,3,2018-05-16 16:50:15,3,0,1,0
8jtigj,2018-05-16 09:15:18,66,r/technology,3,2018-05-16 15:57:14,2,0,1,0
8jtigj,2018-05-16 09:15:18,66,r/technology,3,2018-05-16 17:14:14,2,1,1,0
8jtigj,2018-05-16 09:15:18,66,r/technology,3,2018-05-16 17:21:58,3,0,3,0
8jtigj,2018-05-16 09:15:18,66,r/technology,3,2018-05-16 16:21:58,1,0,12,0
8jtigj,2018-05-16 09:15:18,66,r/technology,3,2018-05-16 16:19:27,1,1,1,0
8jtigj,2018-05-16 09:15:18,66,r/technology,4,2018-05-16 10:46:56,0,5,1074,0
8jtigj,2018-05-16 09:15:18,66,r/technology,4,2018-05-16 14:35:52,1,5,355,0
8jtigj,2018-05-16 09:15:18,66,r/technology,4,2018-05-16 15:19:04,2,1,24,0
8jtigj,2018-05-16 09:15:18,66,r/technology,4,2018-05-16 16:45:13,3,1,12,0
8jtigj,2018-05-16 09:15:18,66,r/technology,4,2018-05-16 15:02:10,2,3,182,0
8jtigj,2018-05-16 09:15:18,66,r/technology,4,2018-05-16 16:34:42,3,0,10,0
8jtigj,2018-05-16 09:15:18,66,r/technology,4,2018-05-16 15:21:00,3,2,15,0
8jtigj,2018-05-16 09:15:18,66,r/technology,4,2018-05-16 15:26:29,4,2,16,0
8jtigj,2018-05-16 09:15:18,66,r/technology,4,2018-05-16 15:51:30,5,0,16,0
8jtigj,2018-05-16 09:15:18,66,r/technology,4,2018-05-16 17:24:16,5,1,12,0
8jtigj,2018-05-16 09:15:18,66,r/technology,4,2018-05-16 18:05:10,6,1,4,0
8jtigj,2018-05-16 09:15:18,66,r/technology,4,2018-05-16 18:20:50,7,0,2,0
8jtigj,2018-05-16 09:15:18,66,r/technology,4,2018-05-16 16:58:50,2,0,5,0
8jtigj,2018-05-16 09:15:18,66,r/technology,4,2018-05-16 17:07:38,2,0,1,0
8jtigj,2018-05-16 09:15:18,66,r/technology,4,2018-05-16 11:56:03,1,3,713,0
8jtigj,2018-05-16 09:15:18,66,r/technology,4,2018-05-16 12:47:52,2,10,237,0
8jtigj,2018-05-16 09:15:18,66,r/technology,4,2018-05-16 13:40:19,3,1,286,0
8jtigj,2018-05-16 09:15:18,66,r/technology,4,2018-05-16 14:47:28,4,3,49,0
8jtigj,2018-05-16 09:15:18,66,r/technology,4,2018-05-16 15:21:18,5,0,6,0
8jtigj,2018-05-16 09:15:18,66,r/technology,4,2018-05-16 15:58:20,5,0,3,0
8jtigj,2018-05-16 09:15:18,66,r/technology,4,2018-05-16 15:33:23,5,1,3,0
8jtigj,2018-05-16 09:15:18,66,r/technology,4,2018-05-16 16:15:04,6,0,2,0
8jtigj,2018-05-16 09:15:18,66,r/technology,4,2018-05-16 13:47:35,3,1,38,0
8jtigj,2018-05-16 09:15:18,66,r/technology,4,2018-05-16 15:15:01,4,0,2,0
8jtigj,2018-05-16 09:15:18,66,r/technology,4,2018-05-16 13:20:46,3,2,27,0
8jtigj,2018-05-16 09:15:18,66,r/technology,4,2018-05-16 15:27:18,4,1,3,0
8jtigj,2018-05-16 09:15:18,66,r/technology,4,2018-05-16 15:41:55,5,1,11,0
8jtigj,2018-05-16 09:15:18,66,r/technology,4,2018-05-16 15:45:30,6,0,4,0
8jtigj,2018-05-16 09:15:18,66,r/technology,4,2018-05-16 16:49:51,4,1,2,0
8jtigj,2018-05-16 09:15:18,66,r/technology,4,2018-05-16 17:17:48,5,0,2,0
8jtigj,2018-05-16 09:15:18,66,r/technology,4,2018-05-16 12:54:04,3,2,14,0
8jtigj,2018-05-16 09:15:18,66,r/technology,4,2018-05-16 12:58:18,4,2,78,0
8jtigj,2018-05-16 09:15:18,66,r/technology,4,2018-05-16 13:43:39,5,4,48,0
8jtigj,2018-05-16 09:15:18,66,r/technology,4,2018-05-16 13:53:19,6,2,43,0
8jtigj,2018-05-16 09:15:18,66,r/technology,4,2018-05-16 13:57:39,7,1,13,0
8jtigj,2018-05-16 09:15:18,66,r/technology,4,2018-05-16 14:37:54,8,0,8,0
8jtigj,2018-05-16 09:15:18,66,r/technology,4,2018-05-16 15:02:34,7,0,6,0
8jtigj,2018-05-16 09:15:18,66,r/technology,4,2018-05-16 13:59:08,6,0,11,0
8jtigj,2018-05-16 09:15:18,66,r/technology,4,2018-05-16 13:57:37,6,0,11,0
8jtigj,2018-05-16 09:15:18,66,r/technology,4,2018-05-16 14:32:57,5,0,2,0
8jtigj,2018-05-16 09:15:18,66,r/technology,4,2018-05-16 13:52:57,3,0,2,0
8jtigj,2018-05-16 09:15:18,66,r/technology,4,2018-05-16 16:46:43,3,0,1,0
8jtigj,2018-05-16 09:15:18,66,r/technology,4,2018-05-16 16:53:49,3,0,1,0
8jtigj,2018-05-16 09:15:18,66,r/technology,4,2018-05-16 17:11:41,3,0,1,0
8jtigj,2018-05-16 09:15:18,66,r/technology,4,2018-05-16 17:16:38,3,0,1,0
8jtigj,2018-05-16 09:15:18,66,r/technology,4,2018-05-16 13:13:52,2,3,9,0
8jtigj,2018-05-16 09:15:18,66,r/technology,4,2018-05-16 14:56:45,3,1,24,0
8jtigj,2018-05-16 09:15:18,66,r/technology,4,2018-05-16 17:00:43,3,0,1,0
8jtigj,2018-05-16 09:15:18,66,r/technology,4,2018-05-16 14:26:32,2,1,2,0
8jtigj,2018-05-16 09:15:18,66,r/technology,4,2018-05-16 14:45:26,1,1,16,0
8jtigj,2018-05-16 09:15:18,66,r/technology,4,2018-05-16 16:51:55,1,0,2,0
8jtigj,2018-05-16 09:15:18,66,r/technology,5,2018-05-16 14:16:13,0,1,49,0
8jtigj,2018-05-16 09:15:18,66,r/technology,6,2018-05-16 13:59:23,0,3,65,0
8jtigj,2018-05-16 09:15:18,66,r/technology,6,2018-05-16 15:19:59,1,0,26,0
8jtigj,2018-05-16 09:15:18,66,r/technology,6,2018-05-16 15:41:07,1,0,5,0
8jtigj,2018-05-16 09:15:18,66,r/technology,6,2018-05-16 16:21:02,1,0,3,0
8jtigj,2018-05-16 09:15:18,66,r/technology,7,2018-05-16 16:42:44,0,2,39,0
8jtigj,2018-05-16 09:15:18,66,r/technology,7,2018-05-16 16:57:33,1,1,13,0
8jtigj,2018-05-16 09:15:18,66,r/technology,7,2018-05-16 17:46:57,2,1,2,0
8jtigj,2018-05-16 09:15:18,66,r/technology,8,2018-05-16 14:29:13,0,2,125,0
8jtigj,2018-05-16 09:15:18,66,r/technology,8,2018-05-16 15:04:56,1,2,75,0
8jtigj,2018-05-16 09:15:18,66,r/technology,8,2018-05-16 16:54:00,2,1,25,0
8jtigj,2018-05-16 09:15:18,66,r/technology,8,2018-05-16 17:22:51,3,1,11,0
8jtigj,2018-05-16 09:15:18,66,r/technology,8,2018-05-16 17:16:19,2,2,4,0
8jtigj,2018-05-16 09:15:18,66,r/technology,8,2018-05-16 17:25:22,3,0,1,0
8jtigj,2018-05-16 09:15:18,66,r/technology,9,2018-05-16 13:37:04,0,10,291,0
8jtigj,2018-05-16 09:15:18,66,r/technology,9,2018-05-16 14:16:27,1,3,144,0
8jtigj,2018-05-16 09:15:18,66,r/technology,9,2018-05-16 15:22:07,2,2,51,0
8jtigj,2018-05-16 09:15:18,66,r/technology,9,2018-05-16 16:49:54,3,1,8,0
8jtigj,2018-05-16 09:15:18,66,r/technology,9,2018-05-16 17:29:03,4,1,5,0
8jtigj,2018-05-16 09:15:18,66,r/technology,9,2018-05-16 17:34:05,5,1,4,0
8jtigj,2018-05-16 09:15:18,66,r/technology,9,2018-05-16 15:16:21,2,1,8,0
8jtigj,2018-05-16 09:15:18,66,r/technology,9,2018-05-16 16:10:24,3,1,3,0
8jtigj,2018-05-16 09:15:18,66,r/technology,9,2018-05-16 17:21:46,4,0,1,0
8jtigj,2018-05-16 09:15:18,66,r/technology,9,2018-05-16 16:01:24,2,0,1,0
8jtigj,2018-05-16 09:15:18,66,r/technology,9,2018-05-16 14:04:58,1,1,189,0
8jtigj,2018-05-16 09:15:18,66,r/technology,9,2018-05-16 14:23:59,1,2,105,0
8jtigj,2018-05-16 09:15:18,66,r/technology,9,2018-05-16 15:40:14,2,1,44,0
8jtigj,2018-05-16 09:15:18,66,r/technology,9,2018-05-16 17:24:10,3,1,2,0
8jtigj,2018-05-16 09:15:18,66,r/technology,9,2018-05-16 15:09:10,1,3,29,0
8jtigj,2018-05-16 09:15:18,66,r/technology,9,2018-05-16 15:09:17,2,0,2,0
8jtigj,2018-05-16 09:15:18,66,r/technology,9,2018-05-16 17:10:39,2,1,1,0
8jtigj,2018-05-16 09:15:18,66,r/technology,9,2018-05-16 13:46:22,1,5,64,0
8jtigj,2018-05-16 09:15:18,66,r/technology,9,2018-05-16 14:02:41,2,3,97,0
8jtigj,2018-05-16 09:15:18,66,r/technology,9,2018-05-16 14:22:01,3,1,33,0
8jtigj,2018-05-16 09:15:18,66,r/technology,9,2018-05-16 14:16:08,3,2,8,0
8jtigj,2018-05-16 09:15:18,66,r/technology,9,2018-05-16 14:24:24,4,1,19,0
8jtigj,2018-05-16 09:15:18,66,r/technology,9,2018-05-16 15:05:01,5,0,6,0
8jtigj,2018-05-16 09:15:18,66,r/technology,9,2018-05-16 15:18:31,4,0,1,0
8jtigj,2018-05-16 09:15:18,66,r/technology,9,2018-05-16 14:16:37,3,0,5,0
8jtigj,2018-05-16 09:15:18,66,r/technology,9,2018-05-16 14:00:17,2,0,20,0
8jtigj,2018-05-16 09:15:18,66,r/technology,9,2018-05-16 14:06:03,2,0,1,0
8jtigj,2018-05-16 09:15:18,66,r/technology,9,2018-05-16 15:51:00,2,0,1,0
8jtigj,2018-05-16 09:15:18,66,r/technology,9,2018-05-16 15:46:51,1,0,3,0
8jtigj,2018-05-16 09:15:18,66,r/technology,9,2018-05-16 14:02:40,1,4,22,0
8jtigj,2018-05-16 09:15:18,66,r/technology,9,2018-05-16 14:27:04,2,0,22,0
8jtigj,2018-05-16 09:15:18,66,r/technology,9,2018-05-16 15:25:30,2,0,11,0
8jtigj,2018-05-16 09:15:18,66,r/technology,9,2018-05-16 14:47:37,2,1,9,0
8jtigj,2018-05-16 09:15:18,66,r/technology,9,2018-05-16 15:01:55,3,0,8,0
8jtigj,2018-05-16 09:15:18,66,r/technology,9,2018-05-16 15:59:20,1,0,1,0
8jtigj,2018-05-16 09:15:18,66,r/technology,9,2018-05-16 17:01:31,1,0,1,0
8jtigj,2018-05-16 09:15:18,66,r/technology,10,2018-05-16 13:22:52,0,1,59,0
8jtigj,2018-05-16 09:15:18,66,r/technology,10,2018-05-16 13:28:29,1,7,80,0
8jtigj,2018-05-16 09:15:18,66,r/technology,10,2018-05-16 13:30:08,2,3,350,0
8jtigj,2018-05-16 09:15:18,66,r/technology,10,2018-05-16 13:35:26,3,0,102,0
8jtigj,2018-05-16 09:15:18,66,r/technology,10,2018-05-16 14:06:14,3,0,28,0
8jtigj,2018-05-16 09:15:18,66,r/technology,10,2018-05-16 14:00:53,3,4,11,0
8jtigj,2018-05-16 09:15:18,66,r/technology,10,2018-05-16 14:32:41,4,2,16,0
8jtigj,2018-05-16 09:15:18,66,r/technology,10,2018-05-16 17:35:43,5,0,2,0
8jtigj,2018-05-16 09:15:18,66,r/technology,10,2018-05-16 15:22:04,4,0,4,0
8jtigj,2018-05-16 09:15:18,66,r/technology,10,2018-05-16 14:34:41,4,0,1,0
8jtigj,2018-05-16 09:15:18,66,r/technology,10,2018-05-16 13:40:26,2,0,40,0
8jtigj,2018-05-16 09:15:18,66,r/technology,10,2018-05-16 13:33:39,2,1,32,0
8jtigj,2018-05-16 09:15:18,66,r/technology,10,2018-05-16 14:16:09,3,0,21,0
8jtigj,2018-05-16 09:15:18,66,r/technology,10,2018-05-16 14:54:52,2,0,3,0
8jtigj,2018-05-16 09:15:18,66,r/technology,10,2018-05-16 15:45:31,2,0,2,0
8jtigj,2018-05-16 09:15:18,66,r/technology,10,2018-05-16 15:20:08,2,0,1,0
8jtigj,2018-05-16 09:15:18,66,r/technology,11,2018-05-16 16:39:18,0,0,5,0
8jtigj,2018-05-16 09:15:18,66,r/technology,12,2018-05-16 14:45:47,0,7,32,0
8jtigj,2018-05-16 09:15:18,66,r/technology,12,2018-05-16 16:05:18,1,0,6,0
8jtigj,2018-05-16 09:15:18,66,r/technology,12,2018-05-16 15:23:57,1,1,11,0
8jtigj,2018-05-16 09:15:18,66,r/technology,12,2018-05-16 15:55:29,2,1,2,0
8jtigj,2018-05-16 09:15:18,66,r/technology,12,2018-05-16 16:14:56,3,1,3,0
8jtigj,2018-05-16 09:15:18,66,r/technology,12,2018-05-16 16:13:56,1,0,2,0
8jtigj,2018-05-16 09:15:18,66,r/technology,12,2018-05-16 15:25:31,1,0,2,0
8jtigj,2018-05-16 09:15:18,66,r/technology,12,2018-05-16 15:36:40,1,1,1,0
8jtigj,2018-05-16 09:15:18,66,r/technology,12,2018-05-16 15:56:10,2,0,1,0
8jtigj,2018-05-16 09:15:18,66,r/technology,12,2018-05-16 16:45:41,1,0,1,0
8jtigj,2018-05-16 09:15:18,66,r/technology,13,2018-05-16 11:56:14,0,3,59,0
8jtigj,2018-05-16 09:15:18,66,r/technology,13,2018-05-16 12:51:02,1,1,13,0
8jtigj,2018-05-16 09:15:18,66,r/technology,13,2018-05-16 14:05:31,2,2,39,0
8jtigj,2018-05-16 09:15:18,66,r/technology,13,2018-05-16 17:25:54,3,0,2,0
8jtigj,2018-05-16 09:15:18,66,r/technology,13,2018-05-16 15:43:34,3,0,2,0
8jtigj,2018-05-16 09:15:18,66,r/technology,13,2018-05-16 13:30:35,1,1,23,0
8jtigj,2018-05-16 09:15:18,66,r/technology,13,2018-05-16 17:17:04,1,1,1,0
8jtigj,2018-05-16 09:15:18,66,r/technology,14,2018-05-16 17:06:01,0,2,24,0
8jtigj,2018-05-16 09:15:18,66,r/technology,14,2018-05-16 17:54:10,1,0,4,0
8jtigj,2018-05-16 09:15:18,66,r/technology,15,2018-05-16 12:54:04,0,2,20,0
8jtigj,2018-05-16 09:15:18,66,r/technology,15,2018-05-16 14:53:34,1,2,8,0
8jtigj,2018-05-16 09:15:18,66,r/technology,15,2018-05-16 15:44:08,2,0,3,0
8jtigj,2018-05-16 09:15:18,66,r/technology,15,2018-05-16 16:29:58,2,0,2,0
8jtigj,2018-05-16 09:15:18,66,r/technology,15,2018-05-16 14:57:17,1,0,5,0
8jtigj,2018-05-16 09:15:18,66,r/technology,16,2018-05-16 14:51:37,0,3,21,0
8jtigj,2018-05-16 09:15:18,66,r/technology,16,2018-05-16 16:59:42,1,0,7,0
8jtigj,2018-05-16 09:15:18,66,r/technology,16,2018-05-16 17:40:26,1,0,2,0
8jtigj,2018-05-16 09:15:18,66,r/technology,17,2018-05-16 14:37:46,0,1,10,0
8jtigj,2018-05-16 09:15:18,66,r/technology,18,2018-05-16 16:12:52,0,0,3,0
8jtigj,2018-05-16 09:15:18,66,r/technology,19,2018-05-16 17:45:45,0,0,3,0
8jtigj,2018-05-16 09:15:18,66,r/technology,20,2018-05-16 13:39:38,0,3,22,0
8jtigj,2018-05-16 09:15:18,66,r/technology,20,2018-05-16 13:39:52,1,2,30,0
8jtigj,2018-05-16 09:15:18,66,r/technology,20,2018-05-16 14:21:35,2,1,7,0
8jtigj,2018-05-16 09:15:18,66,r/technology,20,2018-05-16 13:43:14,2,1,8,0
8jtigj,2018-05-16 09:15:18,66,r/technology,20,2018-05-16 13:53:05,3,0,11,0
8jtigj,2018-05-16 09:15:18,66,r/technology,20,2018-05-16 13:55:34,1,1,2,0
8jtigj,2018-05-16 09:15:18,66,r/technology,20,2018-05-16 15:00:42,2,1,4,0
8jtigj,2018-05-16 09:15:18,66,r/technology,20,2018-05-16 15:24:37,3,1,1,0
8jtigj,2018-05-16 09:15:18,66,r/technology,20,2018-05-16 15:50:26,4,0,1,0
8jtigj,2018-05-16 09:15:18,66,r/technology,21,2018-05-16 13:42:20,0,4,65,0
8jtigj,2018-05-16 09:15:18,66,r/technology,21,2018-05-16 15:27:09,1,0,16,0
8jtigj,2018-05-16 09:15:18,66,r/technology,21,2018-05-16 14:51:23,1,5,31,0
8jtigj,2018-05-16 09:15:18,66,r/technology,21,2018-05-16 15:52:05,2,1,13,0
8jtigj,2018-05-16 09:15:18,66,r/technology,21,2018-05-16 15:39:14,2,1,21,0
8jtigj,2018-05-16 09:15:18,66,r/technology,21,2018-05-16 16:16:16,2,1,2,0
8jtigj,2018-05-16 09:15:18,66,r/technology,21,2018-05-16 15:06:46,2,0,1,0
8jtigj,2018-05-16 09:15:18,66,r/technology,21,2018-05-16 16:11:35,1,0,4,0
8jtigj,2018-05-16 09:15:18,66,r/technology,22,2018-05-16 17:09:09,0,1,4,0
8jtigj,2018-05-16 09:15:18,66,r/technology,23,2018-05-16 13:33:32,0,10,76,0
8jtigj,2018-05-16 09:15:18,66,r/technology,23,2018-05-16 14:37:24,1,1,22,0
8jtigj,2018-05-16 09:15:18,66,r/technology,23,2018-05-16 16:44:02,2,0,1,0
8jtigj,2018-05-16 09:15:18,66,r/technology,23,2018-05-16 14:45:25,1,1,9,0
8jtigj,2018-05-16 09:15:18,66,r/technology,23,2018-05-16 16:04:59,2,0,1,0
8jtigj,2018-05-16 09:15:18,66,r/technology,23,2018-05-16 14:57:01,1,1,27,0
8jtigj,2018-05-16 09:15:18,66,r/technology,23,2018-05-16 14:01:53,1,1,18,0
8jtigj,2018-05-16 09:15:18,66,r/technology,23,2018-05-16 14:09:44,2,0,19,0
8jtigj,2018-05-16 09:15:18,66,r/technology,23,2018-05-16 14:31:18,1,1,9,0
8jtigj,2018-05-16 09:15:18,66,r/technology,23,2018-05-16 14:37:20,2,1,12,0
8jtigj,2018-05-16 09:15:18,66,r/technology,23,2018-05-16 14:57:15,3,0,5,0
8jtigj,2018-05-16 09:15:18,66,r/technology,23,2018-05-16 13:39:54,1,1,49,0
8jtigj,2018-05-16 09:15:18,66,r/technology,23,2018-05-16 14:07:09,2,6,37,0
8jtigj,2018-05-16 09:15:18,66,r/technology,23,2018-05-16 14:43:33,3,1,21,0
8jtigj,2018-05-16 09:15:18,66,r/technology,23,2018-05-16 15:06:53,4,0,7,0
8jtigj,2018-05-16 09:15:18,66,r/technology,23,2018-05-16 14:56:15,3,4,14,0
8jtigj,2018-05-16 09:15:18,66,r/technology,23,2018-05-16 16:26:03,4,0,5,0
8jtigj,2018-05-16 09:15:18,66,r/technology,23,2018-05-16 15:45:16,4,1,7,0
8jtigj,2018-05-16 09:15:18,66,r/technology,23,2018-05-16 14:59:06,4,1,6,0
8jtigj,2018-05-16 09:15:18,66,r/technology,23,2018-05-16 14:36:00,3,2,1,0
8jtigj,2018-05-16 09:15:18,66,r/technology,23,2018-05-16 16:04:13,4,0,4,0
8jtigj,2018-05-16 09:15:18,66,r/technology,23,2018-05-16 15:16:57,4,3,-4,0
8jtigj,2018-05-16 09:15:18,66,r/technology,23,2018-05-16 15:53:46,5,0,11,0
8jtigj,2018-05-16 09:15:18,66,r/technology,23,2018-05-16 16:01:42,5,0,2,0
8jtigj,2018-05-16 09:15:18,66,r/technology,23,2018-05-16 14:47:17,3,1,2,0
8jtigj,2018-05-16 09:15:18,66,r/technology,23,2018-05-16 16:34:33,4,0,2,0
8jtigj,2018-05-16 09:15:18,66,r/technology,23,2018-05-16 16:03:35,3,0,1,0
8jtigj,2018-05-16 09:15:18,66,r/technology,23,2018-05-16 16:43:20,3,0,1,0
8jtigj,2018-05-16 09:15:18,66,r/technology,23,2018-05-16 15:19:20,1,0,1,0
8jtigj,2018-05-16 09:15:18,66,r/technology,23,2018-05-16 16:24:06,1,1,1,0
8jtigj,2018-05-16 09:15:18,66,r/technology,23,2018-05-16 16:32:04,2,0,1,0
8jtigj,2018-05-16 09:15:18,66,r/technology,23,2018-05-16 16:38:26,1,0,1,0
8jtigj,2018-05-16 09:15:18,66,r/technology,24,2018-05-16 14:43:13,0,1,6,0
8jtigj,2018-05-16 09:15:18,66,r/technology,24,2018-05-16 16:32:10,1,0,1,0
8jtigj,2018-05-16 09:15:18,66,r/technology,25,2018-05-16 14:50:16,0,0,2,0
8jtigj,2018-05-16 09:15:18,66,r/technology,26,2018-05-16 14:53:58,0,0,2,0
8jtigj,2018-05-16 09:15:18,66,r/technology,27,2018-05-16 16:02:42,0,0,2,0
8jtigj,2018-05-16 09:15:18,66,r/technology,28,2018-05-16 16:10:00,0,0,2,0
8jtigj,2018-05-16 09:15:18,66,r/technology,29,2018-05-16 16:16:40,0,0,2,0
8jtigj,2018-05-16 09:15:18,66,r/technology,30,2018-05-16 16:30:59,0,0,2,0
8jtigj,2018-05-16 09:15:18,66,r/technology,31,2018-05-16 16:47:28,0,1,2,0
8jtigj,2018-05-16 09:15:18,66,r/technology,32,2018-05-16 16:49:30,0,0,2,0
8jtigj,2018-05-16 09:15:18,66,r/technology,33,2018-05-16 16:53:34,0,0,2,0
8jtigj,2018-05-16 09:15:18,66,r/technology,34,2018-05-16 17:20:34,0,0,2,0
8jtigj,2018-05-16 09:15:18,66,r/technology,35,2018-05-16 15:01:30,0,1,3,0
8jtigj,2018-05-16 09:15:18,66,r/technology,35,2018-05-16 16:26:22,1,2,2,0
8jtigj,2018-05-16 09:15:18,66,r/technology,35,2018-05-16 16:36:39,2,1,1,0
8jtigj,2018-05-16 09:15:18,66,r/technology,35,2018-05-16 16:42:51,3,0,2,0
8jtigj,2018-05-16 09:15:18,66,r/technology,35,2018-05-16 16:59:02,2,1,1,0
8jtigj,2018-05-16 09:15:18,66,r/technology,36,2018-05-16 09:47:32,0,1,5,0
8jtigj,2018-05-16 09:15:18,66,r/technology,37,2018-05-16 13:49:44,0,1,4,0
8jtigj,2018-05-16 09:15:18,66,r/technology,38,2018-05-16 15:01:50,0,1,3,0
8jtigj,2018-05-16 09:15:18,66,r/technology,39,2018-05-16 14:15:46,0,0,2,0
8jtigj,2018-05-16 09:15:18,66,r/technology,40,2018-05-16 14:46:40,0,1,2,0
8jtigj,2018-05-16 09:15:18,66,r/technology,40,2018-05-16 16:21:33,1,1,2,0
8jtigj,2018-05-16 09:15:18,66,r/technology,41,2018-05-16 14:28:30,0,0,1,0
8jtigj,2018-05-16 09:15:18,66,r/technology,42,2018-05-16 14:36:13,0,0,1,0
8jtigj,2018-05-16 09:15:18,66,r/technology,43,2018-05-16 14:36:28,0,0,1,0
8jtigj,2018-05-16 09:15:18,66,r/technology,44,2018-05-16 14:50:31,0,0,1,0
8jtigj,2018-05-16 09:15:18,66,r/technology,45,2018-05-16 14:51:19,0,0,1,0
8jtigj,2018-05-16 09:15:18,66,r/technology,46,2018-05-16 14:56:24,0,0,1,0
8jtigj,2018-05-16 09:15:18,66,r/technology,47,2018-05-16 14:58:31,0,0,1,0
8jtigj,2018-05-16 09:15:18,66,r/technology,48,2018-05-16 15:01:07,0,0,1,0
8jtigj,2018-05-16 09:15:18,66,r/technology,49,2018-05-16 15:04:20,0,0,1,0
8jtigj,2018-05-16 09:15:18,66,r/technology,50,2018-05-16 15:13:47,0,0,1,0
8jtigj,2018-05-16 09:15:18,66,r/technology,51,2018-05-16 15:20:48,0,0,1,0
8jtigj,2018-05-16 09:15:18,66,r/technology,52,2018-05-16 15:24:00,0,0,1,0
8jtigj,2018-05-16 09:15:18,66,r/technology,53,2018-05-16 15:34:21,0,0,1,0
8jtigj,2018-05-16 09:15:18,66,r/technology,54,2018-05-16 15:35:06,0,0,1,0
8jtigj,2018-05-16 09:15:18,66,r/technology,55,2018-05-16 15:39:25,0,0,1,0
8jtigj,2018-05-16 09:15:18,66,r/technology,56,2018-05-16 15:41:49,0,0,1,0
8jtigj,2018-05-16 09:15:18,66,r/technology,57,2018-05-16 15:45:43,0,0,1,0
8jtigj,2018-05-16 09:15:18,66,r/technology,58,2018-05-16 15:53:02,0,0,1,0
8jtigj,2018-05-16 09:15:18,66,r/technology,59,2018-05-16 15:55:31,0,0,1,0
8jtigj,2018-05-16 09:15:18,66,r/technology,60,2018-05-16 16:00:32,0,0,1,0
8jtigj,2018-05-16 09:15:18,66,r/technology,61,2018-05-16 16:10:39,0,0,1,0
8jtigj,2018-05-16 09:15:18,66,r/technology,62,2018-05-16 16:24:00,0,0,1,0
8jtigj,2018-05-16 09:15:18,66,r/technology,63,2018-05-16 16:24:22,0,0,1,0
8jtigj,2018-05-16 09:15:18,66,r/technology,64,2018-05-16 16:27:27,0,0,1,0
8jtigj,2018-05-16 09:15:18,66,r/technology,65,2018-05-16 16:35:08,0,0,1,0
8jtigj,2018-05-16 09:15:18,66,r/technology,66,2018-05-16 16:54:25,0,0,1,0
8jtigj,2018-05-16 09:15:18,66,r/technology,67,2018-05-16 16:57:41,0,0,1,0
8jtigj,2018-05-16 09:15:18,66,r/technology,68,2018-05-16 17:05:38,0,0,1,0
8jtigj,2018-05-16 09:15:18,66,r/technology,69,2018-05-16 17:08:10,0,0,1,0
8julmw,2018-05-16 12:42:25,67,r/food,0,2018-05-16 17:34:47,0,0,1,0
8julmw,2018-05-16 12:42:25,67,r/food,1,2018-05-16 14:00:58,0,5,383,0
8julmw,2018-05-16 12:42:25,67,r/food,1,2018-05-16 15:08:04,1,1,86,0
8julmw,2018-05-16 12:42:25,67,r/food,1,2018-05-16 15:48:05,2,2,196,0
8julmw,2018-05-16 12:42:25,67,r/food,1,2018-05-16 16:15:45,3,0,32,0
8julmw,2018-05-16 12:42:25,67,r/food,1,2018-05-16 16:54:26,3,2,1,0
8julmw,2018-05-16 12:42:25,67,r/food,1,2018-05-16 17:02:46,4,2,21,0
8julmw,2018-05-16 12:42:25,67,r/food,1,2018-05-16 17:13:18,5,1,7,0
8julmw,2018-05-16 12:42:25,67,r/food,1,2018-05-16 17:32:54,6,0,3,0
8julmw,2018-05-16 12:42:25,67,r/food,1,2018-05-16 17:32:50,5,0,0,0
8julmw,2018-05-16 12:42:25,67,r/food,1,2018-05-16 17:58:01,4,0,1,0
8julmw,2018-05-16 12:42:25,67,r/food,1,2018-05-16 15:11:50,1,4,133,0
8julmw,2018-05-16 12:42:25,67,r/food,1,2018-05-16 17:07:48,2,1,27,0
8julmw,2018-05-16 12:42:25,67,r/food,1,2018-05-16 17:52:23,3,1,10,0
8julmw,2018-05-16 12:42:25,67,r/food,1,2018-05-16 17:55:04,4,0,1,0
8julmw,2018-05-16 12:42:25,67,r/food,1,2018-05-16 16:55:18,2,2,5,0
8julmw,2018-05-16 12:42:25,67,r/food,1,2018-05-16 17:01:51,3,1,20,0
8julmw,2018-05-16 12:42:25,67,r/food,1,2018-05-16 18:31:05,4,0,1,0
8julmw,2018-05-16 12:42:25,67,r/food,1,2018-05-16 17:19:12,3,1,15,0
8julmw,2018-05-16 12:42:25,67,r/food,1,2018-05-16 17:30:04,4,1,3,0
8julmw,2018-05-16 12:42:25,67,r/food,1,2018-05-16 17:31:38,5,2,8,0
8julmw,2018-05-16 12:42:25,67,r/food,1,2018-05-16 17:43:37,6,0,2,0
8julmw,2018-05-16 12:42:25,67,r/food,1,2018-05-16 18:06:21,6,0,1,0
8julmw,2018-05-16 12:42:25,67,r/food,1,2018-05-16 16:18:53,2,4,-4,0
8julmw,2018-05-16 12:42:25,67,r/food,1,2018-05-16 16:39:27,3,0,32,0
8julmw,2018-05-16 12:42:25,67,r/food,1,2018-05-16 16:41:04,3,1,6,0
8julmw,2018-05-16 12:42:25,67,r/food,1,2018-05-16 17:15:03,4,1,2,0
8julmw,2018-05-16 12:42:25,67,r/food,1,2018-05-16 17:17:08,5,1,7,0
8julmw,2018-05-16 12:42:25,67,r/food,1,2018-05-16 17:30:00,6,0,3,0
8julmw,2018-05-16 12:42:25,67,r/food,1,2018-05-16 16:47:11,3,1,-8,0
8julmw,2018-05-16 12:42:25,67,r/food,1,2018-05-16 16:49:40,4,2,47,0
8julmw,2018-05-16 12:42:25,67,r/food,1,2018-05-16 17:21:02,5,0,-3,0
8julmw,2018-05-16 12:42:25,67,r/food,1,2018-05-16 16:53:13,5,2,-14,0
8julmw,2018-05-16 12:42:25,67,r/food,1,2018-05-16 16:55:30,6,1,11,0
8julmw,2018-05-16 12:42:25,67,r/food,1,2018-05-16 17:02:03,7,2,-14,0
8julmw,2018-05-16 12:42:25,67,r/food,1,2018-05-16 17:06:26,8,1,10,0
8julmw,2018-05-16 12:42:25,67,r/food,1,2018-05-16 17:09:18,9,0,-2,0
8julmw,2018-05-16 12:42:25,67,r/food,1,2018-05-16 17:13:03,8,1,3,0
8julmw,2018-05-16 12:42:25,67,r/food,1,2018-05-16 17:14:41,9,0,0,0
8julmw,2018-05-16 12:42:25,67,r/food,1,2018-05-16 17:25:07,6,0,0,0
8julmw,2018-05-16 12:42:25,67,r/food,1,2018-05-16 16:24:52,3,1,-9,0
8julmw,2018-05-16 12:42:25,67,r/food,1,2018-05-16 16:47:19,4,2,-7,0
8julmw,2018-05-16 12:42:25,67,r/food,1,2018-05-16 17:10:05,5,0,2,0
8julmw,2018-05-16 12:42:25,67,r/food,1,2018-05-16 17:19:26,5,0,3,0
8julmw,2018-05-16 12:42:25,67,r/food,1,2018-05-16 16:59:20,2,1,0,0
8julmw,2018-05-16 12:42:25,67,r/food,1,2018-05-16 18:14:28,3,1,1,0
8julmw,2018-05-16 12:42:25,67,r/food,1,2018-05-16 18:31:22,4,0,1,0
8julmw,2018-05-16 12:42:25,67,r/food,1,2018-05-16 17:11:05,1,0,6,0
8julmw,2018-05-16 12:42:25,67,r/food,1,2018-05-16 17:38:31,1,1,5,0
8julmw,2018-05-16 12:42:25,67,r/food,1,2018-05-16 17:58:45,2,0,1,0
8julmw,2018-05-16 12:42:25,67,r/food,1,2018-05-16 18:02:43,1,0,2,0
8julmw,2018-05-16 12:42:25,67,r/food,2,2018-05-16 16:13:21,0,1,139,0
8julmw,2018-05-16 12:42:25,67,r/food,2,2018-05-16 18:10:46,1,0,1,0
8julmw,2018-05-16 12:42:25,67,r/food,3,2018-05-16 15:48:10,0,3,160,0
8julmw,2018-05-16 12:42:25,67,r/food,3,2018-05-16 15:56:22,1,0,35,0
8julmw,2018-05-16 12:42:25,67,r/food,3,2018-05-16 16:16:55,1,2,-10,0
8julmw,2018-05-16 12:42:25,67,r/food,3,2018-05-16 16:18:03,2,0,37,0
8julmw,2018-05-16 12:42:25,67,r/food,3,2018-05-16 17:21:46,2,0,4,0
8julmw,2018-05-16 12:42:25,67,r/food,3,2018-05-16 16:17:33,1,0,-6,0
8julmw,2018-05-16 12:42:25,67,r/food,4,2018-05-16 16:18:19,0,4,31,0
8julmw,2018-05-16 12:42:25,67,r/food,4,2018-05-16 17:40:38,1,0,11,0
8julmw,2018-05-16 12:42:25,67,r/food,4,2018-05-16 17:41:21,1,1,9,0
8julmw,2018-05-16 12:42:25,67,r/food,4,2018-05-16 17:54:23,2,2,3,0
8julmw,2018-05-16 12:42:25,67,r/food,4,2018-05-16 18:03:26,3,0,2,0
8julmw,2018-05-16 12:42:25,67,r/food,4,2018-05-16 18:22:56,3,0,1,0
8julmw,2018-05-16 12:42:25,67,r/food,4,2018-05-16 17:22:07,1,0,8,0
8julmw,2018-05-16 12:42:25,67,r/food,4,2018-05-16 17:40:22,1,0,12,0
8julmw,2018-05-16 12:42:25,67,r/food,5,2018-05-16 17:17:33,0,0,11,0
8julmw,2018-05-16 12:42:25,67,r/food,6,2018-05-16 14:25:57,0,0,57,0
8julmw,2018-05-16 12:42:25,67,r/food,7,2018-05-16 17:13:54,0,0,30,0
8julmw,2018-05-16 12:42:25,67,r/food,8,2018-05-16 15:48:21,0,0,17,0
8julmw,2018-05-16 12:42:25,67,r/food,9,2018-05-16 16:33:22,0,1,12,0
8julmw,2018-05-16 12:42:25,67,r/food,9,2018-05-16 18:13:27,1,1,3,0
8julmw,2018-05-16 12:42:25,67,r/food,9,2018-05-16 18:23:21,2,0,1,0
8julmw,2018-05-16 12:42:25,67,r/food,10,2018-05-16 13:01:18,0,2,22,0
8julmw,2018-05-16 12:42:25,67,r/food,10,2018-05-16 17:33:44,1,0,5,0
8julmw,2018-05-16 12:42:25,67,r/food,10,2018-05-16 18:28:52,1,0,1,0
8julmw,2018-05-16 12:42:25,67,r/food,11,2018-05-16 17:07:55,0,0,5,0
8julmw,2018-05-16 12:42:25,67,r/food,12,2018-05-16 16:39:19,0,2,30,0
8julmw,2018-05-16 12:42:25,67,r/food,12,2018-05-16 16:52:25,1,1,18,0
8julmw,2018-05-16 12:42:25,67,r/food,12,2018-05-16 16:53:29,2,1,6,0
8julmw,2018-05-16 12:42:25,67,r/food,12,2018-05-16 18:11:09,3,0,1,0
8julmw,2018-05-16 12:42:25,67,r/food,12,2018-05-16 16:42:26,1,0,5,0
8julmw,2018-05-16 12:42:25,67,r/food,13,2018-05-16 17:01:24,0,0,5,0
8julmw,2018-05-16 12:42:25,67,r/food,14,2018-05-16 17:22:44,0,0,4,0
8julmw,2018-05-16 12:42:25,67,r/food,15,2018-05-16 12:45:04,0,1,13,0
8julmw,2018-05-16 12:42:25,67,r/food,15,2018-05-16 15:14:51,1,0,11,0
8julmw,2018-05-16 12:42:25,67,r/food,16,2018-05-16 14:41:18,0,0,6,0
8julmw,2018-05-16 12:42:25,67,r/food,17,2018-05-16 16:49:31,0,0,3,0
8julmw,2018-05-16 12:42:25,67,r/food,18,2018-05-16 16:40:09,0,1,6,0
8julmw,2018-05-16 12:42:25,67,r/food,18,2018-05-16 18:30:39,1,0,1,0
8julmw,2018-05-16 12:42:25,67,r/food,19,2018-05-16 16:29:33,0,1,7,0
8julmw,2018-05-16 12:42:25,67,r/food,19,2018-05-16 16:55:56,1,1,29,0
8julmw,2018-05-16 12:42:25,67,r/food,19,2018-05-16 17:13:15,2,1,7,0
8julmw,2018-05-16 12:42:25,67,r/food,19,2018-05-16 17:32:12,3,0,2,0
8julmw,2018-05-16 12:42:25,67,r/food,20,2018-05-16 16:35:56,0,0,3,0
8julmw,2018-05-16 12:42:25,67,r/food,21,2018-05-16 17:01:06,0,0,5,0
8julmw,2018-05-16 12:42:25,67,r/food,22,2018-05-16 18:15:34,0,0,2,0
8julmw,2018-05-16 12:42:25,67,r/food,23,2018-05-16 18:24:18,0,0,2,0
8julmw,2018-05-16 12:42:25,67,r/food,24,2018-05-16 17:27:51,0,1,6,0
8julmw,2018-05-16 12:42:25,67,r/food,24,2018-05-16 18:01:22,1,0,-4,0
8julmw,2018-05-16 12:42:25,67,r/food,25,2018-05-16 16:44:27,0,0,4,0
8julmw,2018-05-16 12:42:25,67,r/food,26,2018-05-16 16:15:43,0,1,4,0
8julmw,2018-05-16 12:42:25,67,r/food,26,2018-05-16 16:43:26,1,0,2,0
8julmw,2018-05-16 12:42:25,67,r/food,27,2018-05-16 15:55:18,0,3,5,0
8julmw,2018-05-16 12:42:25,67,r/food,27,2018-05-16 17:03:53,1,0,11,0
8julmw,2018-05-16 12:42:25,67,r/food,27,2018-05-16 16:00:30,1,0,1,0
8julmw,2018-05-16 12:42:25,67,r/food,27,2018-05-16 16:14:36,1,0,-3,0
8julmw,2018-05-16 12:42:25,67,r/food,28,2018-05-16 16:41:42,0,0,4,0
8julmw,2018-05-16 12:42:25,67,r/food,29,2018-05-16 17:02:46,0,1,2,0
8julmw,2018-05-16 12:42:25,67,r/food,29,2018-05-16 17:33:44,1,0,0,0
8julmw,2018-05-16 12:42:25,67,r/food,30,2018-05-16 16:48:33,0,2,1,0
8julmw,2018-05-16 12:42:25,67,r/food,30,2018-05-16 17:48:18,1,0,4,0
8julmw,2018-05-16 12:42:25,67,r/food,30,2018-05-16 17:48:43,1,0,1,0
8julmw,2018-05-16 12:42:25,67,r/food,31,2018-05-16 16:58:23,0,0,1,0
8julmw,2018-05-16 12:42:25,67,r/food,32,2018-05-16 17:39:49,0,0,1,0
8julmw,2018-05-16 12:42:25,67,r/food,33,2018-05-16 17:46:38,0,0,1,0
8julmw,2018-05-16 12:42:25,67,r/food,34,2018-05-16 17:54:54,0,0,1,0
8julmw,2018-05-16 12:42:25,67,r/food,35,2018-05-16 17:58:33,0,0,1,0
8julmw,2018-05-16 12:42:25,67,r/food,36,2018-05-16 18:01:16,0,0,1,0
8julmw,2018-05-16 12:42:25,67,r/food,37,2018-05-16 18:03:28,0,0,1,0
8julmw,2018-05-16 12:42:25,67,r/food,38,2018-05-16 18:04:15,0,0,1,0
8julmw,2018-05-16 12:42:25,67,r/food,39,2018-05-16 18:07:24,0,0,1,0
8julmw,2018-05-16 12:42:25,67,r/food,40,2018-05-16 18:13:07,0,0,1,0
8julmw,2018-05-16 12:42:25,67,r/food,41,2018-05-16 18:15:53,0,0,1,0
8julmw,2018-05-16 12:42:25,67,r/food,42,2018-05-16 18:18:33,0,0,1,0
8julmw,2018-05-16 12:42:25,67,r/food,43,2018-05-16 18:21:08,0,0,1,0
8julmw,2018-05-16 12:42:25,67,r/food,44,2018-05-16 18:23:33,0,0,1,0
8julmw,2018-05-16 12:42:25,67,r/food,45,2018-05-16 18:25:07,0,0,1,0
8julmw,2018-05-16 12:42:25,67,r/food,46,2018-05-16 18:30:42,0,0,1,0
8julmw,2018-05-16 12:42:25,67,r/food,47,2018-05-16 16:32:56,0,1,0,0
8julmw,2018-05-16 12:42:25,67,r/food,47,2018-05-16 16:45:39,1,0,2,0
8julmw,2018-05-16 12:42:25,67,r/food,48,2018-05-16 16:40:13,0,2,2,0
8julmw,2018-05-16 12:42:25,67,r/food,48,2018-05-16 17:15:45,1,1,8,0
8julmw,2018-05-16 12:42:25,67,r/food,48,2018-05-16 18:20:46,2,0,1,0
8julmw,2018-05-16 12:42:25,67,r/food,48,2018-05-16 17:21:32,1,0,2,0
8julmw,2018-05-16 12:42:25,67,r/food,49,2018-05-16 17:33:12,0,0,1,0
8julmw,2018-05-16 12:42:25,67,r/food,50,2018-05-16 17:38:35,0,0,1,0
8julmw,2018-05-16 12:42:25,67,r/food,51,2018-05-16 16:47:01,0,0,1,0
8julmw,2018-05-16 12:42:25,67,r/food,52,2018-05-16 16:52:17,0,0,1,0
8julmw,2018-05-16 12:42:25,67,r/food,53,2018-05-16 17:17:53,0,0,1,0
8julmw,2018-05-16 12:42:25,67,r/food,54,2018-05-16 17:21:44,0,0,1,0
8julmw,2018-05-16 12:42:25,67,r/food,55,2018-05-16 17:31:48,0,0,1,0
8julmw,2018-05-16 12:42:25,67,r/food,56,2018-05-16 16:45:09,0,0,0,0
8julmw,2018-05-16 12:42:25,67,r/food,57,2018-05-16 15:57:09,0,2,-6,0
8julmw,2018-05-16 12:42:25,67,r/food,57,2018-05-16 16:41:23,1,1,7,0
8julmw,2018-05-16 12:42:25,67,r/food,57,2018-05-16 17:07:37,2,1,-1,0
8julmw,2018-05-16 12:42:25,67,r/food,57,2018-05-16 17:20:16,3,1,4,0
8julmw,2018-05-16 12:42:25,67,r/food,57,2018-05-16 17:40:38,4,0,3,0
8julmw,2018-05-16 12:42:25,67,r/food,57,2018-05-16 16:48:06,1,1,0,0
8julmw,2018-05-16 12:42:25,67,r/food,57,2018-05-16 17:08:57,2,0,-2,0
8julmw,2018-05-16 12:42:25,67,r/food,58,2018-05-16 12:45:48,0,0,0,0
8julmw,2018-05-16 12:42:25,67,r/food,59,2018-05-16 16:37:51,0,0,0,0
8julmw,2018-05-16 12:42:25,67,r/food,60,2018-05-16 16:56:38,0,0,0,0
8julmw,2018-05-16 12:42:25,67,r/food,61,2018-05-16 17:33:37,0,0,0,0
8julmw,2018-05-16 12:42:25,67,r/food,62,2018-05-16 17:38:26,0,0,0,0
8julmw,2018-05-16 12:42:25,67,r/food,63,2018-05-16 16:47:31,0,0,-3,0
8julmw,2018-05-16 12:42:25,67,r/food,64,2018-05-16 16:53:59,0,0,0,0
8julmw,2018-05-16 12:42:25,67,r/food,65,2018-05-16 17:04:37,0,0,0,0
8julmw,2018-05-16 12:42:25,67,r/food,66,2018-05-16 17:16:15,0,0,0,0
8julmw,2018-05-16 12:42:25,67,r/food,67,2018-05-16 17:18:31,0,0,0,0
8julmw,2018-05-16 12:42:25,67,r/food,68,2018-05-16 17:29:17,0,0,0,0
8julmw,2018-05-16 12:42:25,67,r/food,69,2018-05-16 13:59:01,0,1,-39,0
8julmw,2018-05-16 12:42:25,67,r/food,69,2018-05-16 14:27:03,1,1,23,0
8julmw,2018-05-16 12:42:25,67,r/food,69,2018-05-16 17:30:50,2,1,-4,0
8julmw,2018-05-16 12:42:25,67,r/food,69,2018-05-16 17:57:58,3,1,-2,0
8julmw,2018-05-16 12:42:25,67,r/food,69,2018-05-16 18:02:18,4,1,0,0
8julmw,2018-05-16 12:42:25,67,r/food,69,2018-05-16 18:08:40,5,0,-1,0
8julmw,2018-05-16 12:42:25,67,r/food,70,2018-05-16 16:19:08,0,0,-2,0
8julmw,2018-05-16 12:42:25,67,r/food,71,2018-05-16 16:33:16,0,0,-2,0
8julmw,2018-05-16 12:42:25,67,r/food,72,2018-05-16 16:41:05,0,0,-2,0
8julmw,2018-05-16 12:42:25,67,r/food,73,2018-05-16 17:02:41,0,0,-2,0
8jtwnd,2018-05-16 10:40:23,68,r/EarthPorn,0,2018-05-16 14:01:06,0,2,17,0
8jtwnd,2018-05-16 10:40:23,68,r/EarthPorn,0,2018-05-16 14:14:40,1,0,4,0
8jtwnd,2018-05-16 10:40:23,68,r/EarthPorn,0,2018-05-16 18:07:08,1,0,1,0
8jtwnd,2018-05-16 10:40:23,68,r/EarthPorn,1,2018-05-16 13:51:30,0,3,91,0
8jtwnd,2018-05-16 10:40:23,68,r/EarthPorn,1,2018-05-16 14:39:59,1,2,39,0
8jtwnd,2018-05-16 10:40:23,68,r/EarthPorn,1,2018-05-16 14:45:30,2,2,33,0
8jtwnd,2018-05-16 10:40:23,68,r/EarthPorn,1,2018-05-16 14:54:41,3,1,31,0
8jtwnd,2018-05-16 10:40:23,68,r/EarthPorn,1,2018-05-16 15:08:20,4,1,27,0
8jtwnd,2018-05-16 10:40:23,68,r/EarthPorn,1,2018-05-16 15:10:16,5,1,22,0
8jtwnd,2018-05-16 10:40:23,68,r/EarthPorn,1,2018-05-16 15:12:45,6,1,25,0
8jtwnd,2018-05-16 10:40:23,68,r/EarthPorn,1,2018-05-16 15:56:24,7,1,11,0
8jtwnd,2018-05-16 10:40:23,68,r/EarthPorn,1,2018-05-16 17:03:43,8,0,10,0
8jtwnd,2018-05-16 10:40:23,68,r/EarthPorn,1,2018-05-16 14:54:50,3,0,5,0
8jtwnd,2018-05-16 10:40:23,68,r/EarthPorn,1,2018-05-16 15:16:08,2,0,1,0
8jtwnd,2018-05-16 10:40:23,68,r/EarthPorn,1,2018-05-16 16:44:36,1,2,2,0
8jtwnd,2018-05-16 10:40:23,68,r/EarthPorn,1,2018-05-16 16:59:52,2,1,7,0
8jtwnd,2018-05-16 10:40:23,68,r/EarthPorn,1,2018-05-16 18:14:41,3,0,1,0
8jtwnd,2018-05-16 10:40:23,68,r/EarthPorn,1,2018-05-16 18:02:16,2,0,1,0
8jtwnd,2018-05-16 10:40:23,68,r/EarthPorn,1,2018-05-16 15:30:12,1,1,-1,0
8jtwnd,2018-05-16 10:40:23,68,r/EarthPorn,1,2018-05-16 16:06:48,2,0,7,0
8jtwnd,2018-05-16 10:40:23,68,r/EarthPorn,2,2018-05-16 14:39:43,0,2,6,0
8jtwnd,2018-05-16 10:40:23,68,r/EarthPorn,2,2018-05-16 14:51:00,1,0,5,0
8jtwnd,2018-05-16 10:40:23,68,r/EarthPorn,2,2018-05-16 18:28:56,1,0,1,0
8jtwnd,2018-05-16 10:40:23,68,r/EarthPorn,3,2018-05-16 15:24:47,0,1,6,0
8jtwnd,2018-05-16 10:40:23,68,r/EarthPorn,3,2018-05-16 15:46:56,1,0,4,0
8jtwnd,2018-05-16 10:40:23,68,r/EarthPorn,4,2018-05-16 15:41:19,0,0,7,0
8jtwnd,2018-05-16 10:40:23,68,r/EarthPorn,5,2018-05-16 15:08:48,0,1,7,0
8jtwnd,2018-05-16 10:40:23,68,r/EarthPorn,5,2018-05-16 18:29:06,1,0,1,0
8jtwnd,2018-05-16 10:40:23,68,r/EarthPorn,6,2018-05-16 11:44:15,0,1,5,0
8jtwnd,2018-05-16 10:40:23,68,r/EarthPorn,6,2018-05-16 11:52:33,1,0,1,0
8jtwnd,2018-05-16 10:40:23,68,r/EarthPorn,7,2018-05-16 14:38:23,0,2,2,0
8jtwnd,2018-05-16 10:40:23,68,r/EarthPorn,7,2018-05-16 15:53:49,1,0,2,0
8jtwnd,2018-05-16 10:40:23,68,r/EarthPorn,7,2018-05-16 18:26:24,1,0,1,0
8jtwnd,2018-05-16 10:40:23,68,r/EarthPorn,8,2018-05-16 15:14:53,0,0,2,0
8jtwnd,2018-05-16 10:40:23,68,r/EarthPorn,9,2018-05-16 14:25:29,0,0,2,0
8jtwnd,2018-05-16 10:40:23,68,r/EarthPorn,10,2018-05-16 14:54:11,0,0,1,0
8jtwnd,2018-05-16 10:40:23,68,r/EarthPorn,11,2018-05-16 14:59:02,0,0,1,0
8jtwnd,2018-05-16 10:40:23,68,r/EarthPorn,12,2018-05-16 15:07:53,0,0,1,0
8jtwnd,2018-05-16 10:40:23,68,r/EarthPorn,13,2018-05-16 15:08:01,0,0,1,0
8jtwnd,2018-05-16 10:40:23,68,r/EarthPorn,14,2018-05-16 15:15:31,0,1,1,0
8jtwnd,2018-05-16 10:40:23,68,r/EarthPorn,14,2018-05-16 15:27:29,1,1,2,0
8jtwnd,2018-05-16 10:40:23,68,r/EarthPorn,14,2018-05-16 16:12:52,2,0,2,0
8jtwnd,2018-05-16 10:40:23,68,r/EarthPorn,15,2018-05-16 16:16:29,0,0,1,0
8jtwnd,2018-05-16 10:40:23,68,r/EarthPorn,16,2018-05-16 16:23:58,0,1,1,0
8jtwnd,2018-05-16 10:40:23,68,r/EarthPorn,16,2018-05-16 16:58:37,1,0,1,0
8jtwnd,2018-05-16 10:40:23,68,r/EarthPorn,17,2018-05-16 17:03:07,0,0,1,0
8jtwnd,2018-05-16 10:40:23,68,r/EarthPorn,18,2018-05-16 17:21:29,0,0,1,0
8jtwnd,2018-05-16 10:40:23,68,r/EarthPorn,19,2018-05-16 17:36:31,0,0,1,0
8jtwnd,2018-05-16 10:40:23,68,r/EarthPorn,20,2018-05-16 17:55:31,0,0,1,0
8jtwnd,2018-05-16 10:40:23,68,r/EarthPorn,21,2018-05-16 16:28:32,0,0,0,0
8jtwnd,2018-05-16 10:40:23,68,r/EarthPorn,22,2018-05-16 16:42:14,0,0,0,0
8jtwnd,2018-05-16 10:40:23,68,r/EarthPorn,23,2018-05-16 16:42:45,0,0,0,0
8jtmtx,2018-05-16 09:43:03,69,r/woahdude,0,2018-05-16 10:10:49,0,9,859,0
8jtmtx,2018-05-16 09:43:03,69,r/woahdude,0,2018-05-16 13:06:34,1,8,118,0
8jtmtx,2018-05-16 09:43:03,69,r/woahdude,0,2018-05-16 13:52:36,2,1,43,0
8jtmtx,2018-05-16 09:43:03,69,r/woahdude,0,2018-05-16 18:05:41,3,0,1,0
8jtmtx,2018-05-16 09:43:03,69,r/woahdude,0,2018-05-16 13:09:58,2,2,66,0
8jtmtx,2018-05-16 09:43:03,69,r/woahdude,0,2018-05-16 14:02:27,3,2,-21,0
8jtmtx,2018-05-16 09:43:03,69,r/woahdude,0,2018-05-16 14:58:54,4,3,48,0
8jtmtx,2018-05-16 09:43:03,69,r/woahdude,0,2018-05-16 16:21:32,5,0,1,0
8jtmtx,2018-05-16 09:43:03,69,r/woahdude,0,2018-05-16 15:35:35,5,0,1,0
8jtmtx,2018-05-16 09:43:03,69,r/woahdude,0,2018-05-16 15:24:18,5,0,-2,0
8jtmtx,2018-05-16 09:43:03,69,r/woahdude,0,2018-05-16 14:06:32,4,3,20,0
8jtmtx,2018-05-16 09:43:03,69,r/woahdude,0,2018-05-16 15:00:09,5,0,9,0
8jtmtx,2018-05-16 09:43:03,69,r/woahdude,0,2018-05-16 14:29:25,5,0,8,0
8jtmtx,2018-05-16 09:43:03,69,r/woahdude,0,2018-05-16 14:32:48,5,0,5,0
8jtmtx,2018-05-16 09:43:03,69,r/woahdude,0,2018-05-16 18:07:18,3,0,1,0
8jtmtx,2018-05-16 09:43:03,69,r/woahdude,0,2018-05-16 13:45:16,2,3,38,0
8jtmtx,2018-05-16 09:43:03,69,r/woahdude,0,2018-05-16 14:11:38,3,1,14,0
8jtmtx,2018-05-16 09:43:03,69,r/woahdude,0,2018-05-16 14:45:22,4,1,11,0
8jtmtx,2018-05-16 09:43:03,69,r/woahdude,0,2018-05-16 17:58:44,5,0,1,0
8jtmtx,2018-05-16 09:43:03,69,r/woahdude,0,2018-05-16 17:15:24,3,0,1,0
8jtmtx,2018-05-16 09:43:03,69,r/woahdude,0,2018-05-16 17:56:40,3,0,1,0
8jtmtx,2018-05-16 09:43:03,69,r/woahdude,0,2018-05-16 13:57:43,2,0,7,0
8jtmtx,2018-05-16 09:43:03,69,r/woahdude,0,2018-05-16 13:10:58,2,0,3,0
8jtmtx,2018-05-16 09:43:03,69,r/woahdude,0,2018-05-16 14:37:14,2,0,3,0
8jtmtx,2018-05-16 09:43:03,69,r/woahdude,0,2018-05-16 15:30:34,2,0,3,0
8jtmtx,2018-05-16 09:43:03,69,r/woahdude,0,2018-05-16 14:55:40,2,0,2,0
8jtmtx,2018-05-16 09:43:03,69,r/woahdude,0,2018-05-16 13:09:56,1,1,8,0
8jtmtx,2018-05-16 09:43:03,69,r/woahdude,0,2018-05-16 14:27:24,2,1,6,0
8jtmtx,2018-05-16 09:43:03,69,r/woahdude,0,2018-05-16 15:06:11,3,1,4,0
8jtmtx,2018-05-16 09:43:03,69,r/woahdude,0,2018-05-16 17:33:12,4,1,1,0
8jtmtx,2018-05-16 09:43:03,69,r/woahdude,0,2018-05-16 18:12:49,5,1,1,0
8jtmtx,2018-05-16 09:43:03,69,r/woahdude,0,2018-05-16 18:26:09,6,0,1,0
8jtmtx,2018-05-16 09:43:03,69,r/woahdude,0,2018-05-16 14:12:41,1,1,4,0
8jtmtx,2018-05-16 09:43:03,69,r/woahdude,0,2018-05-16 15:34:40,2,1,1,0
8jtmtx,2018-05-16 09:43:03,69,r/woahdude,0,2018-05-16 18:14:47,3,0,1,0
8jtmtx,2018-05-16 09:43:03,69,r/woahdude,0,2018-05-16 14:42:11,1,1,3,0
8jtmtx,2018-05-16 09:43:03,69,r/woahdude,0,2018-05-16 18:15:45,2,0,1,0
8jtmtx,2018-05-16 09:43:03,69,r/woahdude,0,2018-05-16 15:11:30,1,0,3,0
8jtmtx,2018-05-16 09:43:03,69,r/woahdude,0,2018-05-16 14:36:18,1,0,1,0
8jtmtx,2018-05-16 09:43:03,69,r/woahdude,0,2018-05-16 15:08:28,1,0,1,0
8jtmtx,2018-05-16 09:43:03,69,r/woahdude,0,2018-05-16 16:22:30,1,0,1,0
8jtmtx,2018-05-16 09:43:03,69,r/woahdude,0,2018-05-16 16:55:48,1,1,1,0
8jtmtx,2018-05-16 09:43:03,69,r/woahdude,0,2018-05-16 18:21:30,2,0,1,0
8jtmtx,2018-05-16 09:43:03,69,r/woahdude,1,2018-05-16 10:58:16,0,2,435,0
8jtmtx,2018-05-16 09:43:03,69,r/woahdude,1,2018-05-16 15:30:02,1,1,30,0
8jtmtx,2018-05-16 09:43:03,69,r/woahdude,1,2018-05-16 15:35:31,2,1,1,0
8jtmtx,2018-05-16 09:43:03,69,r/woahdude,1,2018-05-16 15:37:26,3,1,1,0
8jtmtx,2018-05-16 09:43:03,69,r/woahdude,1,2018-05-16 15:55:08,4,1,1,0
8jtmtx,2018-05-16 09:43:03,69,r/woahdude,1,2018-05-16 16:46:41,5,1,1,0
8jtmtx,2018-05-16 09:43:03,69,r/woahdude,1,2018-05-16 17:01:01,6,0,1,0
8jtmtx,2018-05-16 09:43:03,69,r/woahdude,1,2018-05-16 16:03:44,1,0,1,0
8jtmtx,2018-05-16 09:43:03,69,r/woahdude,2,2018-05-16 11:31:36,0,2,101,0
8jtmtx,2018-05-16 09:43:03,69,r/woahdude,2,2018-05-16 14:45:14,1,5,20,0
8jtmtx,2018-05-16 09:43:03,69,r/woahdude,2,2018-05-16 15:21:19,2,0,2,0
8jtmtx,2018-05-16 09:43:03,69,r/woahdude,2,2018-05-16 16:22:53,2,0,1,0
8jtmtx,2018-05-16 09:43:03,69,r/woahdude,2,2018-05-16 16:42:26,2,0,1,0
8jtmtx,2018-05-16 09:43:03,69,r/woahdude,2,2018-05-16 18:14:17,2,0,1,0
8jtmtx,2018-05-16 09:43:03,69,r/woahdude,2,2018-05-16 15:17:50,2,1,-11,0
8jtmtx,2018-05-16 09:43:03,69,r/woahdude,2,2018-05-16 15:42:34,3,0,1,0
8jtmtx,2018-05-16 09:43:03,69,r/woahdude,2,2018-05-16 14:45:22,1,0,2,0
8jtmtx,2018-05-16 09:43:03,69,r/woahdude,3,2018-05-16 13:22:09,0,2,96,0
8jtmtx,2018-05-16 09:43:03,69,r/woahdude,3,2018-05-16 14:10:59,1,1,8,0
8jtmtx,2018-05-16 09:43:03,69,r/woahdude,3,2018-05-16 17:19:58,2,0,1,0
8jtmtx,2018-05-16 09:43:03,69,r/woahdude,3,2018-05-16 18:03:21,1,1,1,0
8jtmtx,2018-05-16 09:43:03,69,r/woahdude,3,2018-05-16 18:13:49,2,0,1,0
8jtmtx,2018-05-16 09:43:03,69,r/woahdude,4,2018-05-16 14:13:03,0,0,19,0
8jtmtx,2018-05-16 09:43:03,69,r/woahdude,5,2018-05-16 13:33:49,0,2,55,0
8jtmtx,2018-05-16 09:43:03,69,r/woahdude,5,2018-05-16 14:58:04,1,1,11,0
8jtmtx,2018-05-16 09:43:03,69,r/woahdude,5,2018-05-16 15:12:19,2,0,13,0
8jtmtx,2018-05-16 09:43:03,69,r/woahdude,5,2018-05-16 17:48:09,1,0,1,0
8jtmtx,2018-05-16 09:43:03,69,r/woahdude,6,2018-05-16 11:40:52,0,3,41,0
8jtmtx,2018-05-16 09:43:03,69,r/woahdude,6,2018-05-16 13:47:13,1,1,11,0
8jtmtx,2018-05-16 09:43:03,69,r/woahdude,6,2018-05-16 15:29:19,2,0,3,0
8jtmtx,2018-05-16 09:43:03,69,r/woahdude,6,2018-05-16 14:31:22,1,0,4,0
8jtmtx,2018-05-16 09:43:03,69,r/woahdude,6,2018-05-16 14:01:08,1,0,1,0
8jtmtx,2018-05-16 09:43:03,69,r/woahdude,7,2018-05-16 13:21:10,0,3,64,0
8jtmtx,2018-05-16 09:43:03,69,r/woahdude,7,2018-05-16 14:28:43,1,1,19,0
8jtmtx,2018-05-16 09:43:03,69,r/woahdude,7,2018-05-16 15:20:59,2,0,5,0
8jtmtx,2018-05-16 09:43:03,69,r/woahdude,7,2018-05-16 14:13:30,1,0,11,0
8jtmtx,2018-05-16 09:43:03,69,r/woahdude,7,2018-05-16 14:59:31,1,1,9,0
8jtmtx,2018-05-16 09:43:03,69,r/woahdude,7,2018-05-16 15:29:46,2,0,2,0
8jtmtx,2018-05-16 09:43:03,69,r/woahdude,8,2018-05-16 12:58:48,0,0,13,0
8jtmtx,2018-05-16 09:43:03,69,r/woahdude,9,2018-05-16 09:49:33,0,0,13,0
8jtmtx,2018-05-16 09:43:03,69,r/woahdude,10,2018-05-16 13:00:17,0,0,3,0
8jtmtx,2018-05-16 09:43:03,69,r/woahdude,11,2018-05-16 13:04:40,0,0,3,0
8jtmtx,2018-05-16 09:43:03,69,r/woahdude,12,2018-05-16 14:04:46,0,0,3,0
8jtmtx,2018-05-16 09:43:03,69,r/woahdude,13,2018-05-16 13:45:29,0,1,12,0
8jtmtx,2018-05-16 09:43:03,69,r/woahdude,13,2018-05-16 14:44:03,1,0,2,0
8jtmtx,2018-05-16 09:43:03,69,r/woahdude,14,2018-05-16 11:55:05,0,0,5,0
8jtmtx,2018-05-16 09:43:03,69,r/woahdude,15,2018-05-16 13:10:58,0,0,2,0
8jtmtx,2018-05-16 09:43:03,69,r/woahdude,16,2018-05-16 13:22:08,0,2,2,0
8jtmtx,2018-05-16 09:43:03,69,r/woahdude,16,2018-05-16 16:37:36,1,0,1,0
8jtmtx,2018-05-16 09:43:03,69,r/woahdude,16,2018-05-16 16:39:51,1,0,1,0
8jtmtx,2018-05-16 09:43:03,69,r/woahdude,17,2018-05-16 13:46:50,0,1,2,0
8jtmtx,2018-05-16 09:43:03,69,r/woahdude,17,2018-05-16 15:38:21,1,0,1,0
8jtmtx,2018-05-16 09:43:03,69,r/woahdude,18,2018-05-16 13:51:23,0,0,2,0
8jtmtx,2018-05-16 09:43:03,69,r/woahdude,19,2018-05-16 13:57:31,0,1,2,0
8jtmtx,2018-05-16 09:43:03,69,r/woahdude,19,2018-05-16 16:39:07,1,0,1,0
8jtmtx,2018-05-16 09:43:03,69,r/woahdude,20,2018-05-16 14:59:33,0,0,2,0
8jtmtx,2018-05-16 09:43:03,69,r/woahdude,21,2018-05-16 15:37:25,0,0,1,0
8jtmtx,2018-05-16 09:43:03,69,r/woahdude,22,2018-05-16 16:58:55,0,0,1,0
8jtmtx,2018-05-16 09:43:03,69,r/woahdude,23,2018-05-16 14:23:16,0,1,3,0
8jtmtx,2018-05-16 09:43:03,69,r/woahdude,23,2018-05-16 14:40:41,1,0,4,0
8jtmtx,2018-05-16 09:43:03,69,r/woahdude,24,2018-05-16 13:26:22,0,1,4,0
8jtmtx,2018-05-16 09:43:03,69,r/woahdude,24,2018-05-16 13:33:09,1,0,2,0
8jtmtx,2018-05-16 09:43:03,69,r/woahdude,25,2018-05-16 13:42:57,0,2,0,0
8jtmtx,2018-05-16 09:43:03,69,r/woahdude,25,2018-05-16 14:12:36,1,0,6,0
8jtmtx,2018-05-16 09:43:03,69,r/woahdude,25,2018-05-16 13:55:17,1,0,3,0
8jtmtx,2018-05-16 09:43:03,69,r/woahdude,26,2018-05-16 11:29:23,0,0,1,0
8jtmtx,2018-05-16 09:43:03,69,r/woahdude,27,2018-05-16 12:08:35,0,0,1,0
8jtmtx,2018-05-16 09:43:03,69,r/woahdude,28,2018-05-16 12:20:00,0,0,1,0
8jtmtx,2018-05-16 09:43:03,69,r/woahdude,29,2018-05-16 12:38:43,0,0,1,0
8jtmtx,2018-05-16 09:43:03,69,r/woahdude,30,2018-05-16 13:14:43,0,0,1,0
8jtmtx,2018-05-16 09:43:03,69,r/woahdude,31,2018-05-16 13:43:24,0,0,1,0
8jtmtx,2018-05-16 09:43:03,69,r/woahdude,32,2018-05-16 13:53:04,0,0,1,0
8jtmtx,2018-05-16 09:43:03,69,r/woahdude,33,2018-05-16 14:05:19,0,0,1,0
8jtmtx,2018-05-16 09:43:03,69,r/woahdude,34,2018-05-16 14:07:59,0,0,1,0
8jtmtx,2018-05-16 09:43:03,69,r/woahdude,35,2018-05-16 14:13:29,0,0,1,0
8jtmtx,2018-05-16 09:43:03,69,r/woahdude,36,2018-05-16 14:13:40,0,0,1,0
8jtmtx,2018-05-16 09:43:03,69,r/woahdude,37,2018-05-16 14:16:32,0,0,1,0
8jtmtx,2018-05-16 09:43:03,69,r/woahdude,38,2018-05-16 14:17:45,0,0,1,0
8jtmtx,2018-05-16 09:43:03,69,r/woahdude,39,2018-05-16 14:19:09,0,0,1,0
8jtmtx,2018-05-16 09:43:03,69,r/woahdude,40,2018-05-16 14:20:26,0,0,1,0
8jtmtx,2018-05-16 09:43:03,69,r/woahdude,41,2018-05-16 14:29:53,0,0,1,0
8jtmtx,2018-05-16 09:43:03,69,r/woahdude,42,2018-05-16 14:30:53,0,0,1,0
8jtmtx,2018-05-16 09:43:03,69,r/woahdude,43,2018-05-16 14:31:10,0,0,1,0
8jtmtx,2018-05-16 09:43:03,69,r/woahdude,44,2018-05-16 14:32:18,0,0,1,0
8jtmtx,2018-05-16 09:43:03,69,r/woahdude,45,2018-05-16 14:34:46,0,0,1,0
8jtmtx,2018-05-16 09:43:03,69,r/woahdude,46,2018-05-16 14:43:35,0,0,1,0
8jtmtx,2018-05-16 09:43:03,69,r/woahdude,47,2018-05-16 14:46:27,0,0,1,0
8jtmtx,2018-05-16 09:43:03,69,r/woahdude,48,2018-05-16 14:47:24,0,0,1,0
8jtmtx,2018-05-16 09:43:03,69,r/woahdude,49,2018-05-16 14:48:05,0,0,1,0
8jtmtx,2018-05-16 09:43:03,69,r/woahdude,50,2018-05-16 14:49:39,0,0,1,0
8jtmtx,2018-05-16 09:43:03,69,r/woahdude,51,2018-05-16 14:50:37,0,0,1,0
8jtmtx,2018-05-16 09:43:03,69,r/woahdude,52,2018-05-16 14:56:50,0,0,1,0
8jtmtx,2018-05-16 09:43:03,69,r/woahdude,53,2018-05-16 15:04:36,0,0,1,0
8jtmtx,2018-05-16 09:43:03,69,r/woahdude,54,2018-05-16 15:07:37,0,0,1,0
8jtmtx,2018-05-16 09:43:03,69,r/woahdude,55,2018-05-16 15:09:04,0,0,1,0
8jtmtx,2018-05-16 09:43:03,69,r/woahdude,56,2018-05-16 15:15:18,0,0,1,0
8jtmtx,2018-05-16 09:43:03,69,r/woahdude,57,2018-05-16 15:18:02,0,0,1,0
8jtmtx,2018-05-16 09:43:03,69,r/woahdude,58,2018-05-16 15:19:05,0,0,1,0
8jtmtx,2018-05-16 09:43:03,69,r/woahdude,59,2018-05-16 15:19:31,0,0,1,0
8jtmtx,2018-05-16 09:43:03,69,r/woahdude,60,2018-05-16 15:21:25,0,0,1,0
8jtmtx,2018-05-16 09:43:03,69,r/woahdude,61,2018-05-16 15:24:12,0,0,1,0
8jtmtx,2018-05-16 09:43:03,69,r/woahdude,62,2018-05-16 15:24:52,0,0,1,0
8jtmtx,2018-05-16 09:43:03,69,r/woahdude,63,2018-05-16 15:26:19,0,0,1,0
8jtmtx,2018-05-16 09:43:03,69,r/woahdude,64,2018-05-16 15:27:42,0,0,1,0
8jtmtx,2018-05-16 09:43:03,69,r/woahdude,65,2018-05-16 15:30:33,0,0,1,0
8jtmtx,2018-05-16 09:43:03,69,r/woahdude,66,2018-05-16 15:31:14,0,1,1,0
8jtmtx,2018-05-16 09:43:03,69,r/woahdude,66,2018-05-16 16:30:59,1,0,1,0
8jtmtx,2018-05-16 09:43:03,69,r/woahdude,67,2018-05-16 15:32:33,0,0,1,0
8jtmtx,2018-05-16 09:43:03,69,r/woahdude,68,2018-05-16 15:36:27,0,0,1,0
8jtmtx,2018-05-16 09:43:03,69,r/woahdude,69,2018-05-16 15:36:40,0,0,1,0
8jtmtx,2018-05-16 09:43:03,69,r/woahdude,70,2018-05-16 15:45:30,0,0,1,0
8jtmtx,2018-05-16 09:43:03,69,r/woahdude,71,2018-05-16 15:47:18,0,0,1,0
8jtmtx,2018-05-16 09:43:03,69,r/woahdude,72,2018-05-16 15:47:24,0,0,1,0
8jtmtx,2018-05-16 09:43:03,69,r/woahdude,73,2018-05-16 15:47:58,0,0,1,0
8jtmtx,2018-05-16 09:43:03,69,r/woahdude,74,2018-05-16 15:52:39,0,0,1,0
8jtmtx,2018-05-16 09:43:03,69,r/woahdude,75,2018-05-16 15:54:52,0,0,1,0
8jtmtx,2018-05-16 09:43:03,69,r/woahdude,76,2018-05-16 16:04:03,0,0,1,0
8jtmtx,2018-05-16 09:43:03,69,r/woahdude,77,2018-05-16 16:06:05,0,0,1,0
8jtmtx,2018-05-16 09:43:03,69,r/woahdude,78,2018-05-16 16:10:54,0,0,1,0
8jtmtx,2018-05-16 09:43:03,69,r/woahdude,79,2018-05-16 16:12:51,0,0,1,0
8jtmtx,2018-05-16 09:43:03,69,r/woahdude,80,2018-05-16 16:13:09,0,0,1,0
8jtmtx,2018-05-16 09:43:03,69,r/woahdude,81,2018-05-16 16:17:13,0,0,1,0
8jtmtx,2018-05-16 09:43:03,69,r/woahdude,82,2018-05-16 16:29:04,0,0,1,0
8jtmtx,2018-05-16 09:43:03,69,r/woahdude,83,2018-05-16 16:30:07,0,0,1,0
8jtmtx,2018-05-16 09:43:03,69,r/woahdude,84,2018-05-16 16:32:03,0,0,1,0
8jtmtx,2018-05-16 09:43:03,69,r/woahdude,85,2018-05-16 16:36:29,0,0,1,0
8jtmtx,2018-05-16 09:43:03,69,r/woahdude,86,2018-05-16 16:37:31,0,0,1,0
8jtmtx,2018-05-16 09:43:03,69,r/woahdude,87,2018-05-16 16:41:48,0,0,1,0
8jtmtx,2018-05-16 09:43:03,69,r/woahdude,88,2018-05-16 16:42:29,0,0,1,0
8jtmtx,2018-05-16 09:43:03,69,r/woahdude,89,2018-05-16 16:48:04,0,0,1,0
8jtmtx,2018-05-16 09:43:03,69,r/woahdude,90,2018-05-16 16:50:46,0,0,1,0
8jtmtx,2018-05-16 09:43:03,69,r/woahdude,91,2018-05-16 16:56:22,0,0,1,0
8jtmtx,2018-05-16 09:43:03,69,r/woahdude,92,2018-05-16 17:04:01,0,0,1,0
8jtmtx,2018-05-16 09:43:03,69,r/woahdude,93,2018-05-16 17:08:06,0,0,1,0
8jtmtx,2018-05-16 09:43:03,69,r/woahdude,94,2018-05-16 17:08:09,0,0,1,0
8jtmtx,2018-05-16 09:43:03,69,r/woahdude,95,2018-05-16 17:10:05,0,0,1,0
8jtmtx,2018-05-16 09:43:03,69,r/woahdude,96,2018-05-16 17:12:22,0,0,1,0
8jtmtx,2018-05-16 09:43:03,69,r/woahdude,97,2018-05-16 17:28:13,0,0,1,0
8jtmtx,2018-05-16 09:43:03,69,r/woahdude,98,2018-05-16 17:31:16,0,0,1,0
8jtmtx,2018-05-16 09:43:03,69,r/woahdude,99,2018-05-16 17:31:30,0,0,1,0
8jtmtx,2018-05-16 09:43:03,69,r/woahdude,100,2018-05-16 17:36:30,0,0,1,0
8jtmtx,2018-05-16 09:43:03,69,r/woahdude,101,2018-05-16 17:37:47,0,0,1,0
8jtmtx,2018-05-16 09:43:03,69,r/woahdude,102,2018-05-16 17:58:19,0,0,1,0
8jtmtx,2018-05-16 09:43:03,69,r/woahdude,103,2018-05-16 17:58:55,0,0,1,0
8jtmtx,2018-05-16 09:43:03,69,r/woahdude,104,2018-05-16 18:06:39,0,0,1,0
8jtmtx,2018-05-16 09:43:03,69,r/woahdude,105,2018-05-16 18:17:50,0,0,1,0
8jtmtx,2018-05-16 09:43:03,69,r/woahdude,106,2018-05-16 18:20:49,0,0,1,0
8jtmtx,2018-05-16 09:43:03,69,r/woahdude,107,2018-05-16 18:24:16,0,0,1,0
8jtmtx,2018-05-16 09:43:03,69,r/woahdude,108,2018-05-16 14:34:40,0,1,1,0
8jtmtx,2018-05-16 09:43:03,69,r/woahdude,108,2018-05-16 15:05:19,1,0,-1,0
8jtmtx,2018-05-16 09:43:03,69,r/woahdude,109,2018-05-16 12:50:31,0,0,1,0
8jtmtx,2018-05-16 09:43:03,69,r/woahdude,110,2018-05-16 13:36:14,0,0,1,0
8jtmtx,2018-05-16 09:43:03,69,r/woahdude,111,2018-05-16 14:11:21,0,0,1,0
8jtmtx,2018-05-16 09:43:03,69,r/woahdude,112,2018-05-16 14:27:09,0,0,1,0
8jtmtx,2018-05-16 09:43:03,69,r/woahdude,113,2018-05-16 14:46:57,0,0,1,0
8jtmtx,2018-05-16 09:43:03,69,r/woahdude,114,2018-05-16 16:37:10,0,0,1,0
8jtmtx,2018-05-16 09:43:03,69,r/woahdude,115,2018-05-16 09:56:56,0,1,0,0
8jtmtx,2018-05-16 09:43:03,69,r/woahdude,115,2018-05-16 10:57:21,1,0,0,0
8jtmtx,2018-05-16 09:43:03,69,r/woahdude,116,2018-05-16 12:45:03,0,0,-1,0
8jtmtx,2018-05-16 09:43:03,69,r/woahdude,117,2018-05-16 12:43:22,0,0,0,0
8jtmtx,2018-05-16 09:43:03,69,r/woahdude,118,2018-05-16 13:41:45,0,0,0,0
8jtmtx,2018-05-16 09:43:03,69,r/woahdude,119,2018-05-16 13:52:59,0,0,0,0
8jtmtx,2018-05-16 09:43:03,69,r/woahdude,120,2018-05-16 13:59:05,0,0,0,0
8jtmtx,2018-05-16 09:43:03,69,r/woahdude,121,2018-05-16 13:59:48,0,0,0,0
8jtmtx,2018-05-16 09:43:03,69,r/woahdude,122,2018-05-16 14:04:52,0,0,0,0
8jtmtx,2018-05-16 09:43:03,69,r/woahdude,123,2018-05-16 14:09:04,0,0,0,0
8jtmtx,2018-05-16 09:43:03,69,r/woahdude,124,2018-05-16 14:17:20,0,0,0,0
8jtmtx,2018-05-16 09:43:03,69,r/woahdude,125,2018-05-16 14:25:20,0,0,0,0
8jtmtx,2018-05-16 09:43:03,69,r/woahdude,126,2018-05-16 17:06:19,0,0,1,0
8jtmtx,2018-05-16 09:43:03,69,r/woahdude,127,2018-05-16 12:50:41,0,0,-1,0
8jtmtx,2018-05-16 09:43:03,69,r/woahdude,128,2018-05-16 13:39:55,0,0,-1,0
8jtmtx,2018-05-16 09:43:03,69,r/woahdude,129,2018-05-16 13:45:39,0,0,-1,0
8jtmtx,2018-05-16 09:43:03,69,r/woahdude,130,2018-05-16 13:57:06,0,0,-2,0
8jufmh,2018-05-16 12:15:40,70,r/youtubehaiku,0,2018-05-16 13:32:01,0,1,534,0
8jufmh,2018-05-16 12:15:40,70,r/youtubehaiku,0,2018-05-16 17:14:57,1,1,34,0
8jufmh,2018-05-16 12:15:40,70,r/youtubehaiku,0,2018-05-16 17:20:00,2,4,30,0
8jufmh,2018-05-16 12:15:40,70,r/youtubehaiku,0,2018-05-16 17:29:51,3,1,39,0
8jufmh,2018-05-16 12:15:40,70,r/youtubehaiku,0,2018-05-16 17:37:03,4,1,25,0
8jufmh,2018-05-16 12:15:40,70,r/youtubehaiku,0,2018-05-16 18:16:41,5,1,1,0
8jufmh,2018-05-16 12:15:40,70,r/youtubehaiku,0,2018-05-16 18:26:45,6,0,1,0
8jufmh,2018-05-16 12:15:40,70,r/youtubehaiku,0,2018-05-16 17:27:06,3,1,15,0
8jufmh,2018-05-16 12:15:40,70,r/youtubehaiku,0,2018-05-16 17:33:46,4,1,1,0
8jufmh,2018-05-16 12:15:40,70,r/youtubehaiku,0,2018-05-16 18:07:28,5,0,2,0
8jufmh,2018-05-16 12:15:40,70,r/youtubehaiku,0,2018-05-16 17:21:57,3,2,2,0
8jufmh,2018-05-16 12:15:40,70,r/youtubehaiku,0,2018-05-16 17:25:21,4,1,12,0
8jufmh,2018-05-16 12:15:40,70,r/youtubehaiku,0,2018-05-16 17:45:20,5,1,1,0
8jufmh,2018-05-16 12:15:40,70,r/youtubehaiku,0,2018-05-16 17:46:28,6,1,7,0
8jufmh,2018-05-16 12:15:40,70,r/youtubehaiku,0,2018-05-16 17:57:56,7,2,1,0
8jufmh,2018-05-16 12:15:40,70,r/youtubehaiku,0,2018-05-16 18:28:53,8,0,1,0
8jufmh,2018-05-16 12:15:40,70,r/youtubehaiku,0,2018-05-16 18:02:35,8,1,-1,0
8jufmh,2018-05-16 12:15:40,70,r/youtubehaiku,0,2018-05-16 18:27:06,9,0,1,0
8jufmh,2018-05-16 12:15:40,70,r/youtubehaiku,0,2018-05-16 18:03:43,4,0,1,0
8jufmh,2018-05-16 12:15:40,70,r/youtubehaiku,0,2018-05-16 18:22:00,3,1,1,0
8jufmh,2018-05-16 12:15:40,70,r/youtubehaiku,0,2018-05-16 18:23:28,4,0,0,0
8jufmh,2018-05-16 12:15:40,70,r/youtubehaiku,1,2018-05-16 13:36:22,0,1,111,0
8jufmh,2018-05-16 12:15:40,70,r/youtubehaiku,1,2018-05-16 18:14:50,1,0,1,0
8jufmh,2018-05-16 12:15:40,70,r/youtubehaiku,2,2018-05-16 13:25:33,0,1,242,0
8jufmh,2018-05-16 12:15:40,70,r/youtubehaiku,2,2018-05-16 14:39:32,1,1,54,0
8jufmh,2018-05-16 12:15:40,70,r/youtubehaiku,2,2018-05-16 17:46:57,2,1,1,0
8jufmh,2018-05-16 12:15:40,70,r/youtubehaiku,2,2018-05-16 17:48:28,3,1,1,0
8jufmh,2018-05-16 12:15:40,70,r/youtubehaiku,2,2018-05-16 17:56:20,4,1,2,0
8jufmh,2018-05-16 12:15:40,70,r/youtubehaiku,2,2018-05-16 17:56:57,5,0,2,0
8jufmh,2018-05-16 12:15:40,70,r/youtubehaiku,3,2018-05-16 14:11:57,0,1,45,0
8jufmh,2018-05-16 12:15:40,70,r/youtubehaiku,3,2018-05-16 16:51:51,1,0,5,0
8jufmh,2018-05-16 12:15:40,70,r/youtubehaiku,4,2018-05-16 13:47:16,0,1,52,0
8jufmh,2018-05-16 12:15:40,70,r/youtubehaiku,4,2018-05-16 13:55:04,1,3,44,0
8jufmh,2018-05-16 12:15:40,70,r/youtubehaiku,4,2018-05-16 15:03:44,2,1,13,0
8jufmh,2018-05-16 12:15:40,70,r/youtubehaiku,4,2018-05-16 15:50:03,3,0,5,0
8jufmh,2018-05-16 12:15:40,70,r/youtubehaiku,4,2018-05-16 18:11:56,2,0,2,0
8jufmh,2018-05-16 12:15:40,70,r/youtubehaiku,4,2018-05-16 17:16:58,2,1,-7,0
8jufmh,2018-05-16 12:15:40,70,r/youtubehaiku,4,2018-05-16 17:32:29,3,0,13,0
8jufmh,2018-05-16 12:15:40,70,r/youtubehaiku,5,2018-05-16 14:36:28,0,2,172,0
8jufmh,2018-05-16 12:15:40,70,r/youtubehaiku,5,2018-05-16 15:47:06,1,3,119,0
8jufmh,2018-05-16 12:15:40,70,r/youtubehaiku,5,2018-05-16 16:13:06,2,3,39,0
8jufmh,2018-05-16 12:15:40,70,r/youtubehaiku,5,2018-05-16 16:20:11,3,1,12,0
8jufmh,2018-05-16 12:15:40,70,r/youtubehaiku,5,2018-05-16 16:41:30,4,0,0,0
8jufmh,2018-05-16 12:15:40,70,r/youtubehaiku,5,2018-05-16 16:44:47,3,0,3,0
8jufmh,2018-05-16 12:15:40,70,r/youtubehaiku,5,2018-05-16 16:47:30,3,1,1,0
8jufmh,2018-05-16 12:15:40,70,r/youtubehaiku,5,2018-05-16 17:01:17,4,0,1,0
8jufmh,2018-05-16 12:15:40,70,r/youtubehaiku,5,2018-05-16 17:54:35,2,0,1,0
8jufmh,2018-05-16 12:15:40,70,r/youtubehaiku,5,2018-05-16 16:20:32,2,0,0,0
8jufmh,2018-05-16 12:15:40,70,r/youtubehaiku,5,2018-05-16 16:39:55,1,0,-3,0
8jufmh,2018-05-16 12:15:40,70,r/youtubehaiku,6,2018-05-16 15:52:12,0,0,7,0
8jufmh,2018-05-16 12:15:40,70,r/youtubehaiku,7,2018-05-16 14:16:37,0,0,4,0
8jufmh,2018-05-16 12:15:40,70,r/youtubehaiku,8,2018-05-16 14:18:36,0,0,4,0
8jufmh,2018-05-16 12:15:40,70,r/youtubehaiku,9,2018-05-16 16:12:19,0,0,3,0
8jufmh,2018-05-16 12:15:40,70,r/youtubehaiku,10,2018-05-16 16:32:22,0,0,3,0
8jufmh,2018-05-16 12:15:40,70,r/youtubehaiku,11,2018-05-16 15:10:43,0,2,8,0
8jufmh,2018-05-16 12:15:40,70,r/youtubehaiku,11,2018-05-16 15:31:27,1,2,25,0
8jufmh,2018-05-16 12:15:40,70,r/youtubehaiku,11,2018-05-16 15:50:53,2,1,31,0
8jufmh,2018-05-16 12:15:40,70,r/youtubehaiku,11,2018-05-16 15:53:15,3,2,5,0
8jufmh,2018-05-16 12:15:40,70,r/youtubehaiku,11,2018-05-16 15:57:08,4,0,10,0
8jufmh,2018-05-16 12:15:40,70,r/youtubehaiku,11,2018-05-16 18:22:15,4,0,1,0
8jufmh,2018-05-16 12:15:40,70,r/youtubehaiku,11,2018-05-16 16:55:09,2,0,1,0
8jufmh,2018-05-16 12:15:40,70,r/youtubehaiku,11,2018-05-16 16:04:50,1,1,-20,0
8jufmh,2018-05-16 12:15:40,70,r/youtubehaiku,11,2018-05-16 16:54:22,2,1,5,0
8jufmh,2018-05-16 12:15:40,70,r/youtubehaiku,11,2018-05-16 16:57:05,3,1,8,0
8jufmh,2018-05-16 12:15:40,70,r/youtubehaiku,11,2018-05-16 17:00:22,4,1,2,0
8jufmh,2018-05-16 12:15:40,70,r/youtubehaiku,11,2018-05-16 17:34:31,5,0,2,0
8jufmh,2018-05-16 12:15:40,70,r/youtubehaiku,12,2018-05-16 14:39:17,0,0,2,0
8jufmh,2018-05-16 12:15:40,70,r/youtubehaiku,13,2018-05-16 14:44:09,0,0,1,0
8jufmh,2018-05-16 12:15:40,70,r/youtubehaiku,14,2018-05-16 15:41:09,0,0,1,0
8jufmh,2018-05-16 12:15:40,70,r/youtubehaiku,15,2018-05-16 16:31:01,0,0,1,0
8jufmh,2018-05-16 12:15:40,70,r/youtubehaiku,16,2018-05-16 16:35:22,0,0,1,0
8jufmh,2018-05-16 12:15:40,70,r/youtubehaiku,17,2018-05-16 16:46:53,0,0,1,0
8jufmh,2018-05-16 12:15:40,70,r/youtubehaiku,18,2018-05-16 17:02:20,0,0,1,0
8jufmh,2018-05-16 12:15:40,70,r/youtubehaiku,19,2018-05-16 17:06:56,0,0,1,0
8jufmh,2018-05-16 12:15:40,70,r/youtubehaiku,20,2018-05-16 17:09:04,0,0,1,0
8jufmh,2018-05-16 12:15:40,70,r/youtubehaiku,21,2018-05-16 17:37:28,0,0,1,0
8jufmh,2018-05-16 12:15:40,70,r/youtubehaiku,22,2018-05-16 17:38:17,0,0,1,0
8jufmh,2018-05-16 12:15:40,70,r/youtubehaiku,23,2018-05-16 17:59:41,0,0,1,0
8jufmh,2018-05-16 12:15:40,70,r/youtubehaiku,24,2018-05-16 14:50:34,0,3,-32,0
8jufmh,2018-05-16 12:15:40,70,r/youtubehaiku,24,2018-05-16 15:03:47,1,2,52,0
8jufmh,2018-05-16 12:15:40,70,r/youtubehaiku,24,2018-05-16 15:06:10,2,1,-38,0
8jufmh,2018-05-16 12:15:40,70,r/youtubehaiku,24,2018-05-16 15:49:17,3,1,-3,0
8jufmh,2018-05-16 12:15:40,70,r/youtubehaiku,24,2018-05-16 17:13:51,4,0,1,0
8jufmh,2018-05-16 12:15:40,70,r/youtubehaiku,24,2018-05-16 15:08:47,2,0,-22,0
8jufmh,2018-05-16 12:15:40,70,r/youtubehaiku,24,2018-05-16 15:36:58,1,1,3,0
8jufmh,2018-05-16 12:15:40,70,r/youtubehaiku,24,2018-05-16 16:22:33,2,1,-11,0
8jufmh,2018-05-16 12:15:40,70,r/youtubehaiku,24,2018-05-16 16:26:11,3,0,0,0
8jufmh,2018-05-16 12:15:40,70,r/youtubehaiku,24,2018-05-16 15:32:33,1,2,-9,0
8jufmh,2018-05-16 12:15:40,70,r/youtubehaiku,24,2018-05-16 16:11:28,2,1,3,0
8jufmh,2018-05-16 12:15:40,70,r/youtubehaiku,24,2018-05-16 17:32:34,3,1,1,0
8jufmh,2018-05-16 12:15:40,70,r/youtubehaiku,24,2018-05-16 17:37:03,4,2,-1,0
8jufmh,2018-05-16 12:15:40,70,r/youtubehaiku,24,2018-05-16 17:38:02,5,0,1,0
8jufmh,2018-05-16 12:15:40,70,r/youtubehaiku,24,2018-05-16 17:39:11,5,0,1,0
8jufmh,2018-05-16 12:15:40,70,r/youtubehaiku,24,2018-05-16 16:53:49,2,0,-1,0
8jufmh,2018-05-16 12:15:40,70,r/youtubehaiku,25,2018-05-16 14:37:18,0,0,-9,0
8jufmh,2018-05-16 12:15:40,70,r/youtubehaiku,26,2018-05-16 18:15:00,0,1,0,0
8jufmh,2018-05-16 12:15:40,70,r/youtubehaiku,26,2018-05-16 18:23:26,1,0,1,0
8jufmh,2018-05-16 12:15:40,70,r/youtubehaiku,27,2018-05-16 14:20:51,0,2,-12,0
8jufmh,2018-05-16 12:15:40,70,r/youtubehaiku,27,2018-05-16 14:27:57,1,1,27,0
8jufmh,2018-05-16 12:15:40,70,r/youtubehaiku,27,2018-05-16 14:40:04,2,1,4,0
8jufmh,2018-05-16 12:15:40,70,r/youtubehaiku,27,2018-05-16 17:22:25,3,0,1,0
8jufmh,2018-05-16 12:15:40,70,r/youtubehaiku,27,2018-05-16 14:28:02,1,0,5,0
8jvcau,2018-05-16 14:28:03,71,r/quityourbullshit,0,2018-05-16 14:28:03,0,0,1,0
8jvcau,2018-05-16 14:28:03,71,r/quityourbullshit,1,2018-05-16 14:49:06,0,5,517,0
8jvcau,2018-05-16 14:28:03,71,r/quityourbullshit,1,2018-05-16 17:39:37,1,1,100,0
8jvcau,2018-05-16 14:28:03,71,r/quityourbullshit,1,2018-05-16 18:05:39,2,1,1,0
8jvcau,2018-05-16 14:28:03,71,r/quityourbullshit,1,2018-05-16 18:17:34,3,1,1,0
8jvcau,2018-05-16 14:28:03,71,r/quityourbullshit,1,2018-05-16 18:23:24,4,1,1,0
8jvcau,2018-05-16 14:28:03,71,r/quityourbullshit,1,2018-05-16 18:30:39,5,0,1,0
8jvcau,2018-05-16 14:28:03,71,r/quityourbullshit,1,2018-05-16 16:54:03,1,3,66,0
8jvcau,2018-05-16 14:28:03,71,r/quityourbullshit,1,2018-05-16 17:44:56,2,1,40,0
8jvcau,2018-05-16 14:28:03,71,r/quityourbullshit,1,2018-05-16 17:46:07,3,1,12,0
8jvcau,2018-05-16 14:28:03,71,r/quityourbullshit,1,2018-05-16 18:00:15,4,1,6,0
8jvcau,2018-05-16 14:28:03,71,r/quityourbullshit,1,2018-05-16 18:18:02,5,0,1,0
8jvcau,2018-05-16 14:28:03,71,r/quityourbullshit,1,2018-05-16 18:13:36,2,1,1,0
8jvcau,2018-05-16 14:28:03,71,r/quityourbullshit,1,2018-05-16 18:24:47,3,1,1,0
8jvcau,2018-05-16 14:28:03,71,r/quityourbullshit,1,2018-05-16 18:26:04,4,0,1,0
8jvcau,2018-05-16 14:28:03,71,r/quityourbullshit,1,2018-05-16 16:59:11,2,0,-28,0
8jvcau,2018-05-16 14:28:03,71,r/quityourbullshit,1,2018-05-16 18:14:24,1,0,1,0
8jvcau,2018-05-16 14:28:03,71,r/quityourbullshit,1,2018-05-16 18:03:21,1,0,1,0
8jvcau,2018-05-16 14:28:03,71,r/quityourbullshit,1,2018-05-16 18:15:04,1,0,1,0
8jvcau,2018-05-16 14:28:03,71,r/quityourbullshit,2,2018-05-16 14:48:41,0,4,379,0
8jvcau,2018-05-16 14:28:03,71,r/quityourbullshit,2,2018-05-16 15:13:23,1,1,250,0
8jvcau,2018-05-16 14:28:03,71,r/quityourbullshit,2,2018-05-16 15:15:19,2,1,192,0
8jvcau,2018-05-16 14:28:03,71,r/quityourbullshit,2,2018-05-16 16:39:31,3,2,82,0
8jvcau,2018-05-16 14:28:03,71,r/quityourbullshit,2,2018-05-16 17:35:13,4,0,25,0
8jvcau,2018-05-16 14:28:03,71,r/quityourbullshit,2,2018-05-16 18:12:59,4,2,1,0
8jvcau,2018-05-16 14:28:03,71,r/quityourbullshit,2,2018-05-16 18:20:45,5,0,1,0
8jvcau,2018-05-16 14:28:03,71,r/quityourbullshit,2,2018-05-16 18:21:48,5,0,1,0
8jvcau,2018-05-16 14:28:03,71,r/quityourbullshit,2,2018-05-16 14:55:12,1,1,39,0
8jvcau,2018-05-16 14:28:03,71,r/quityourbullshit,2,2018-05-16 16:37:23,2,1,15,0
8jvcau,2018-05-16 14:28:03,71,r/quityourbullshit,2,2018-05-16 17:57:18,3,0,4,0
8jvcau,2018-05-16 14:28:03,71,r/quityourbullshit,2,2018-05-16 17:46:41,1,0,6,0
8jvcau,2018-05-16 14:28:03,71,r/quityourbullshit,2,2018-05-16 17:52:01,1,0,-1,0
8jvcau,2018-05-16 14:28:03,71,r/quityourbullshit,3,2018-05-16 14:48:12,0,0,91,0
8jvcau,2018-05-16 14:28:03,71,r/quityourbullshit,4,2018-05-16 15:42:48,0,2,47,0
8jvcau,2018-05-16 14:28:03,71,r/quityourbullshit,4,2018-05-16 15:50:37,1,0,21,0
8jvcau,2018-05-16 14:28:03,71,r/quityourbullshit,4,2018-05-16 18:11:11,1,0,1,0
8jvcau,2018-05-16 14:28:03,71,r/quityourbullshit,5,2018-05-16 15:03:59,0,13,212,0
8jvcau,2018-05-16 14:28:03,71,r/quityourbullshit,5,2018-05-16 15:23:14,1,4,56,0
8jvcau,2018-05-16 14:28:03,71,r/quityourbullshit,5,2018-05-16 16:46:43,2,3,81,0
8jvcau,2018-05-16 14:28:03,71,r/quityourbullshit,5,2018-05-16 18:06:47,3,1,1,0
8jvcau,2018-05-16 14:28:03,71,r/quityourbullshit,5,2018-05-16 18:16:57,4,0,1,0
8jvcau,2018-05-16 14:28:03,71,r/quityourbullshit,5,2018-05-16 18:16:36,3,0,1,0
8jvcau,2018-05-16 14:28:03,71,r/quityourbullshit,5,2018-05-16 18:21:57,3,0,1,0
8jvcau,2018-05-16 14:28:03,71,r/quityourbullshit,5,2018-05-16 17:50:21,2,0,13,0
8jvcau,2018-05-16 14:28:03,71,r/quityourbullshit,5,2018-05-16 15:26:27,2,2,9,0
8jvcau,2018-05-16 14:28:03,71,r/quityourbullshit,5,2018-05-16 16:45:08,3,0,4,0
8jvcau,2018-05-16 14:28:03,71,r/quityourbullshit,5,2018-05-16 17:02:07,3,0,13,0
8jvcau,2018-05-16 14:28:03,71,r/quityourbullshit,5,2018-05-16 18:20:44,2,0,1,0
8jvcau,2018-05-16 14:28:03,71,r/quityourbullshit,5,2018-05-16 15:17:35,1,4,94,0
8jvcau,2018-05-16 14:28:03,71,r/quityourbullshit,5,2018-05-16 15:18:07,2,1,69,0
8jvcau,2018-05-16 14:28:03,71,r/quityourbullshit,5,2018-05-16 15:18:12,3,5,39,0
8jvcau,2018-05-16 14:28:03,71,r/quityourbullshit,5,2018-05-16 15:35:00,4,1,22,0
8jvcau,2018-05-16 14:28:03,71,r/quityourbullshit,5,2018-05-16 18:19:48,5,1,1,0
8jvcau,2018-05-16 14:28:03,71,r/quityourbullshit,5,2018-05-16 18:19:53,6,0,1,0
8jvcau,2018-05-16 14:28:03,71,r/quityourbullshit,5,2018-05-16 16:09:16,4,0,5,0
8jvcau,2018-05-16 14:28:03,71,r/quityourbullshit,5,2018-05-16 16:31:09,4,0,3,0
8jvcau,2018-05-16 14:28:03,71,r/quityourbullshit,5,2018-05-16 17:59:14,4,0,1,0
8jvcau,2018-05-16 14:28:03,71,r/quityourbullshit,5,2018-05-16 18:03:49,4,0,1,0
8jvcau,2018-05-16 14:28:03,71,r/quityourbullshit,5,2018-05-16 15:33:29,2,0,7,0
8jvcau,2018-05-16 14:28:03,71,r/quityourbullshit,5,2018-05-16 16:43:03,2,2,18,0
8jvcau,2018-05-16 14:28:03,71,r/quityourbullshit,5,2018-05-16 18:09:11,3,0,1,0
8jvcau,2018-05-16 14:28:03,71,r/quityourbullshit,5,2018-05-16 17:49:52,3,0,7,0
8jvcau,2018-05-16 14:28:03,71,r/quityourbullshit,5,2018-05-16 16:47:47,2,1,5,0
8jvcau,2018-05-16 14:28:03,71,r/quityourbullshit,5,2018-05-16 17:10:06,3,0,40,0
8jvcau,2018-05-16 14:28:03,71,r/quityourbullshit,5,2018-05-16 17:55:36,1,0,8,0
8jvcau,2018-05-16 14:28:03,71,r/quityourbullshit,5,2018-05-16 16:50:22,1,0,23,0
8jvcau,2018-05-16 14:28:03,71,r/quityourbullshit,5,2018-05-16 17:55:46,1,0,7,0
8jvcau,2018-05-16 14:28:03,71,r/quityourbullshit,5,2018-05-16 16:20:43,1,0,6,0
8jvcau,2018-05-16 14:28:03,71,r/quityourbullshit,5,2018-05-16 18:16:04,1,1,1,0
8jvcau,2018-05-16 14:28:03,71,r/quityourbullshit,5,2018-05-16 18:28:03,2,0,1,0
8jvcau,2018-05-16 14:28:03,71,r/quityourbullshit,5,2018-05-16 18:19:05,1,0,1,0
8jvcau,2018-05-16 14:28:03,71,r/quityourbullshit,5,2018-05-16 18:24:50,1,0,1,0
8jvcau,2018-05-16 14:28:03,71,r/quityourbullshit,5,2018-05-16 17:58:30,1,0,1,0
8jvcau,2018-05-16 14:28:03,71,r/quityourbullshit,5,2018-05-16 18:12:16,1,0,1,0
8jvcau,2018-05-16 14:28:03,71,r/quityourbullshit,5,2018-05-16 17:39:44,1,0,-2,0
8jvcau,2018-05-16 14:28:03,71,r/quityourbullshit,5,2018-05-16 17:41:13,1,0,-1,0
8jvcau,2018-05-16 14:28:03,71,r/quityourbullshit,6,2018-05-16 17:00:03,0,0,26,0
8jvcau,2018-05-16 14:28:03,71,r/quityourbullshit,7,2018-05-16 17:32:03,0,1,22,0
8jvcau,2018-05-16 14:28:03,71,r/quityourbullshit,7,2018-05-16 17:32:55,1,1,37,0
8jvcau,2018-05-16 14:28:03,71,r/quityourbullshit,7,2018-05-16 18:14:30,2,0,1,0
8jvcau,2018-05-16 14:28:03,71,r/quityourbullshit,8,2018-05-16 17:29:39,0,1,12,0
8jvcau,2018-05-16 14:28:03,71,r/quityourbullshit,8,2018-05-16 18:03:49,1,1,1,0
8jvcau,2018-05-16 14:28:03,71,r/quityourbullshit,8,2018-05-16 18:29:42,2,0,1,0
8jvcau,2018-05-16 14:28:03,71,r/quityourbullshit,9,2018-05-16 17:28:49,0,1,10,0
8jvcau,2018-05-16 14:28:03,71,r/quityourbullshit,9,2018-05-16 17:34:36,1,1,19,0
8jvcau,2018-05-16 14:28:03,71,r/quityourbullshit,9,2018-05-16 17:45:53,2,0,6,0
8jvcau,2018-05-16 14:28:03,71,r/quityourbullshit,10,2018-05-16 17:44:38,0,1,9,0
8jvcau,2018-05-16 14:28:03,71,r/quityourbullshit,10,2018-05-16 17:44:58,1,2,3,0
8jvcau,2018-05-16 14:28:03,71,r/quityourbullshit,10,2018-05-16 17:48:43,2,1,4,0
8jvcau,2018-05-16 14:28:03,71,r/quityourbullshit,10,2018-05-16 17:54:21,3,0,3,0
8jvcau,2018-05-16 14:28:03,71,r/quityourbullshit,10,2018-05-16 17:57:11,2,0,2,0
8jvcau,2018-05-16 14:28:03,71,r/quityourbullshit,11,2018-05-16 15:02:04,0,3,60,0
8jvcau,2018-05-16 14:28:03,71,r/quityourbullshit,11,2018-05-16 16:42:14,1,0,13,0
8jvcau,2018-05-16 14:28:03,71,r/quityourbullshit,11,2018-05-16 15:18:33,1,1,17,0
8jvcau,2018-05-16 14:28:03,71,r/quityourbullshit,11,2018-05-16 15:24:47,2,1,6,0
8jvcau,2018-05-16 14:28:03,71,r/quityourbullshit,11,2018-05-16 15:50:03,3,2,1,0
8jvcau,2018-05-16 14:28:03,71,r/quityourbullshit,11,2018-05-16 16:47:20,4,0,10,0
8jvcau,2018-05-16 14:28:03,71,r/quityourbullshit,11,2018-05-16 16:41:49,4,1,-7,0
8jvcau,2018-05-16 14:28:03,71,r/quityourbullshit,11,2018-05-16 18:13:32,5,0,1,0
8jvcau,2018-05-16 14:28:03,71,r/quityourbullshit,11,2018-05-16 18:21:50,1,0,1,0
8jvcau,2018-05-16 14:28:03,71,r/quityourbullshit,12,2018-05-16 17:33:05,0,2,18,0
8jvcau,2018-05-16 14:28:03,71,r/quityourbullshit,12,2018-05-16 17:40:05,1,1,4,0
8jvcau,2018-05-16 14:28:03,71,r/quityourbullshit,12,2018-05-16 17:51:18,2,0,2,0
8jvcau,2018-05-16 14:28:03,71,r/quityourbullshit,12,2018-05-16 18:18:43,1,0,1,0
8jvcau,2018-05-16 14:28:03,71,r/quityourbullshit,13,2018-05-16 17:41:33,0,1,6,0
8jvcau,2018-05-16 14:28:03,71,r/quityourbullshit,13,2018-05-16 18:22:21,1,0,1,0
8jvcau,2018-05-16 14:28:03,71,r/quityourbullshit,14,2018-05-16 16:20:06,0,0,5,0
8jvcau,2018-05-16 14:28:03,71,r/quityourbullshit,15,2018-05-16 17:55:37,0,0,4,0
8jvcau,2018-05-16 14:28:03,71,r/quityourbullshit,16,2018-05-16 18:16:24,0,0,1,0
8jvcau,2018-05-16 14:28:03,71,r/quityourbullshit,17,2018-05-16 17:16:37,0,0,3,0
8jvcau,2018-05-16 14:28:03,71,r/quityourbullshit,18,2018-05-16 17:14:43,0,1,6,0
8jvcau,2018-05-16 14:28:03,71,r/quityourbullshit,18,2018-05-16 17:30:40,1,0,1,0
8jvcau,2018-05-16 14:28:03,71,r/quityourbullshit,19,2018-05-16 17:37:33,0,0,2,0
8jvcau,2018-05-16 14:28:03,71,r/quityourbullshit,20,2018-05-16 18:07:35,0,0,1,0
8jvcau,2018-05-16 14:28:03,71,r/quityourbullshit,21,2018-05-16 18:08:54,0,0,1,0
8jvcau,2018-05-16 14:28:03,71,r/quityourbullshit,22,2018-05-16 18:09:21,0,0,1,0
8jvcau,2018-05-16 14:28:03,71,r/quityourbullshit,23,2018-05-16 18:09:24,0,0,1,0
8jvcau,2018-05-16 14:28:03,71,r/quityourbullshit,24,2018-05-16 18:10:03,0,0,1,0
8jvcau,2018-05-16 14:28:03,71,r/quityourbullshit,25,2018-05-16 18:19:05,0,1,1,0
8jvcau,2018-05-16 14:28:03,71,r/quityourbullshit,25,2018-05-16 18:30:18,1,0,1,0
8jvcau,2018-05-16 14:28:03,71,r/quityourbullshit,26,2018-05-16 17:29:31,0,0,1,0
8jvcau,2018-05-16 14:28:03,71,r/quityourbullshit,27,2018-05-16 18:12:28,0,0,1,0
8jvcau,2018-05-16 14:28:03,71,r/quityourbullshit,28,2018-05-16 18:13:49,0,0,1,0
8jvcau,2018-05-16 14:28:03,71,r/quityourbullshit,29,2018-05-16 18:16:11,0,0,1,0
8jvcau,2018-05-16 14:28:03,71,r/quityourbullshit,30,2018-05-16 18:18:30,0,0,1,0
8jvcau,2018-05-16 14:28:03,71,r/quityourbullshit,31,2018-05-16 18:20:32,0,0,1,0
8jvcau,2018-05-16 14:28:03,71,r/quityourbullshit,32,2018-05-16 18:23:37,0,0,1,0
8jvcau,2018-05-16 14:28:03,71,r/quityourbullshit,33,2018-05-16 18:29:30,0,0,1,0
8jvcau,2018-05-16 14:28:03,71,r/quityourbullshit,34,2018-05-16 17:39:00,0,2,-5,0
8jvcau,2018-05-16 14:28:03,71,r/quityourbullshit,34,2018-05-16 17:59:13,1,0,3,0
8jvcau,2018-05-16 14:28:03,71,r/quityourbullshit,34,2018-05-16 18:13:16,1,0,1,0
8ju3oo,2018-05-16 11:19:32,72,r/FellowKids,0,2018-05-16 12:20:33,0,3,2486,0
8ju3oo,2018-05-16 11:19:32,72,r/FellowKids,0,2018-05-16 13:43:16,1,5,492,0
8ju3oo,2018-05-16 11:19:32,72,r/FellowKids,0,2018-05-16 14:06:55,2,4,113,0
8ju3oo,2018-05-16 11:19:32,72,r/FellowKids,0,2018-05-16 16:36:04,3,1,20,0
8ju3oo,2018-05-16 11:19:32,72,r/FellowKids,0,2018-05-16 18:14:54,4,0,1,0
8ju3oo,2018-05-16 11:19:32,72,r/FellowKids,0,2018-05-16 18:13:39,3,0,3,0
8ju3oo,2018-05-16 11:19:32,72,r/FellowKids,0,2018-05-16 18:13:53,3,0,2,0
8ju3oo,2018-05-16 11:19:32,72,r/FellowKids,0,2018-05-16 17:19:15,3,0,-2,0
8ju3oo,2018-05-16 11:19:32,72,r/FellowKids,0,2018-05-16 14:22:06,2,3,56,0
8ju3oo,2018-05-16 11:19:32,72,r/FellowKids,0,2018-05-16 14:40:54,3,0,27,0
8ju3oo,2018-05-16 11:19:32,72,r/FellowKids,0,2018-05-16 14:37:36,3,1,10,0
8ju3oo,2018-05-16 11:19:32,72,r/FellowKids,0,2018-05-16 14:37:41,4,1,4,0
8ju3oo,2018-05-16 11:19:32,72,r/FellowKids,0,2018-05-16 15:52:52,5,0,1,0
8ju3oo,2018-05-16 11:19:32,72,r/FellowKids,0,2018-05-16 15:21:02,3,0,4,0
8ju3oo,2018-05-16 11:19:32,72,r/FellowKids,0,2018-05-16 15:46:57,2,2,5,0
8ju3oo,2018-05-16 11:19:32,72,r/FellowKids,0,2018-05-16 17:22:35,3,1,3,0
8ju3oo,2018-05-16 11:19:32,72,r/FellowKids,0,2018-05-16 18:14:16,4,0,1,0
8ju3oo,2018-05-16 11:19:32,72,r/FellowKids,0,2018-05-16 18:14:43,3,0,1,0
8ju3oo,2018-05-16 11:19:32,72,r/FellowKids,0,2018-05-16 17:14:48,2,0,2,0
8ju3oo,2018-05-16 11:19:32,72,r/FellowKids,0,2018-05-16 17:16:57,2,0,1,0
8ju3oo,2018-05-16 11:19:32,72,r/FellowKids,0,2018-05-16 14:44:24,1,0,12,0
8ju3oo,2018-05-16 11:19:32,72,r/FellowKids,0,2018-05-16 16:57:16,1,0,1,0
8ju3oo,2018-05-16 11:19:32,72,r/FellowKids,1,2018-05-16 13:19:33,0,3,1824,0
8ju3oo,2018-05-16 11:19:32,72,r/FellowKids,1,2018-05-16 14:23:52,1,3,505,0
8ju3oo,2018-05-16 11:19:32,72,r/FellowKids,1,2018-05-16 14:45:14,2,2,317,0
8ju3oo,2018-05-16 11:19:32,72,r/FellowKids,1,2018-05-16 15:03:23,3,1,42,0
8ju3oo,2018-05-16 11:19:32,72,r/FellowKids,1,2018-05-16 16:07:19,4,1,31,0
8ju3oo,2018-05-16 11:19:32,72,r/FellowKids,1,2018-05-16 16:23:14,5,1,13,0
8ju3oo,2018-05-16 11:19:32,72,r/FellowKids,1,2018-05-16 17:20:57,6,0,7,0
8ju3oo,2018-05-16 11:19:32,72,r/FellowKids,1,2018-05-16 16:36:15,3,0,5,0
8ju3oo,2018-05-16 11:19:32,72,r/FellowKids,1,2018-05-16 17:50:45,2,0,2,0
8ju3oo,2018-05-16 11:19:32,72,r/FellowKids,1,2018-05-16 16:47:14,2,2,-5,0
8ju3oo,2018-05-16 11:19:32,72,r/FellowKids,1,2018-05-16 16:59:53,3,0,6,0
8ju3oo,2018-05-16 11:19:32,72,r/FellowKids,1,2018-05-16 17:38:17,3,0,1,0
8ju3oo,2018-05-16 11:19:32,72,r/FellowKids,1,2018-05-16 14:45:35,1,6,93,0
8ju3oo,2018-05-16 11:19:32,72,r/FellowKids,1,2018-05-16 15:21:26,2,2,139,0
8ju3oo,2018-05-16 11:19:32,72,r/FellowKids,1,2018-05-16 15:23:28,3,1,51,0
8ju3oo,2018-05-16 11:19:32,72,r/FellowKids,1,2018-05-16 15:38:29,4,0,9,0
8ju3oo,2018-05-16 11:19:32,72,r/FellowKids,1,2018-05-16 18:30:12,3,0,1,0
8ju3oo,2018-05-16 11:19:32,72,r/FellowKids,1,2018-05-16 15:02:46,2,3,32,0
8ju3oo,2018-05-16 11:19:32,72,r/FellowKids,1,2018-05-16 15:21:08,3,0,15,0
8ju3oo,2018-05-16 11:19:32,72,r/FellowKids,1,2018-05-16 17:10:31,3,0,3,0
8ju3oo,2018-05-16 11:19:32,72,r/FellowKids,1,2018-05-16 17:39:11,3,2,4,0
8ju3oo,2018-05-16 11:19:32,72,r/FellowKids,1,2018-05-16 17:57:56,4,1,8,0
8ju3oo,2018-05-16 11:19:32,72,r/FellowKids,1,2018-05-16 17:58:38,5,1,8,0
8ju3oo,2018-05-16 11:19:32,72,r/FellowKids,1,2018-05-16 18:03:57,6,1,17,0
8ju3oo,2018-05-16 11:19:32,72,r/FellowKids,1,2018-05-16 18:28:46,7,0,1,0
8ju3oo,2018-05-16 11:19:32,72,r/FellowKids,1,2018-05-16 18:03:34,4,0,3,0
8ju3oo,2018-05-16 11:19:32,72,r/FellowKids,1,2018-05-16 15:38:16,2,1,26,0
8ju3oo,2018-05-16 11:19:32,72,r/FellowKids,1,2018-05-16 15:50:47,3,2,9,0
8ju3oo,2018-05-16 11:19:32,72,r/FellowKids,1,2018-05-16 16:36:48,4,0,4,0
8ju3oo,2018-05-16 11:19:32,72,r/FellowKids,1,2018-05-16 17:02:16,4,0,3,0
8ju3oo,2018-05-16 11:19:32,72,r/FellowKids,1,2018-05-16 16:05:35,2,1,5,0
8ju3oo,2018-05-16 11:19:32,72,r/FellowKids,1,2018-05-16 17:14:00,3,0,2,0
8ju3oo,2018-05-16 11:19:32,72,r/FellowKids,1,2018-05-16 16:05:20,2,2,2,0
8ju3oo,2018-05-16 11:19:32,72,r/FellowKids,1,2018-05-16 16:37:27,3,1,6,0
8ju3oo,2018-05-16 11:19:32,72,r/FellowKids,1,2018-05-16 16:39:51,4,0,3,0
8ju3oo,2018-05-16 11:19:32,72,r/FellowKids,1,2018-05-16 17:39:56,3,0,0,0
8ju3oo,2018-05-16 11:19:32,72,r/FellowKids,1,2018-05-16 17:38:02,2,1,0,0
8ju3oo,2018-05-16 11:19:32,72,r/FellowKids,1,2018-05-16 17:43:04,3,1,3,0
8ju3oo,2018-05-16 11:19:32,72,r/FellowKids,1,2018-05-16 17:44:49,4,0,-1,0
8ju3oo,2018-05-16 11:19:32,72,r/FellowKids,1,2018-05-16 15:54:59,1,1,14,0
8ju3oo,2018-05-16 11:19:32,72,r/FellowKids,1,2018-05-16 16:36:49,2,0,5,0
8ju3oo,2018-05-16 11:19:32,72,r/FellowKids,2,2018-05-16 12:24:05,0,3,1272,0
8ju3oo,2018-05-16 11:19:32,72,r/FellowKids,2,2018-05-16 13:17:31,1,3,328,0
8ju3oo,2018-05-16 11:19:32,72,r/FellowKids,2,2018-05-16 14:25:50,2,2,141,0
8ju3oo,2018-05-16 11:19:32,72,r/FellowKids,2,2018-05-16 14:37:06,3,3,60,0
8ju3oo,2018-05-16 11:19:32,72,r/FellowKids,2,2018-05-16 14:43:27,4,1,65,0
8ju3oo,2018-05-16 11:19:32,72,r/FellowKids,2,2018-05-16 15:28:22,5,0,9,0
8ju3oo,2018-05-16 11:19:32,72,r/FellowKids,2,2018-05-16 15:45:07,4,1,6,0
8ju3oo,2018-05-16 11:19:32,72,r/FellowKids,2,2018-05-16 16:48:50,5,0,2,0
8ju3oo,2018-05-16 11:19:32,72,r/FellowKids,2,2018-05-16 16:45:21,4,0,1,0
8ju3oo,2018-05-16 11:19:32,72,r/FellowKids,2,2018-05-16 15:34:42,3,2,6,0
8ju3oo,2018-05-16 11:19:32,72,r/FellowKids,2,2018-05-16 16:44:13,4,1,2,0
8ju3oo,2018-05-16 11:19:32,72,r/FellowKids,2,2018-05-16 16:48:27,5,0,1,0
8ju3oo,2018-05-16 11:19:32,72,r/FellowKids,2,2018-05-16 16:19:37,4,0,1,0
8ju3oo,2018-05-16 11:19:32,72,r/FellowKids,2,2018-05-16 13:17:40,2,0,10,0
8ju3oo,2018-05-16 11:19:32,72,r/FellowKids,2,2018-05-16 15:52:15,2,0,1,0
8ju3oo,2018-05-16 11:19:32,72,r/FellowKids,2,2018-05-16 13:27:39,1,0,6,0
8ju3oo,2018-05-16 11:19:32,72,r/FellowKids,2,2018-05-16 16:09:24,1,0,1,0
8ju3oo,2018-05-16 11:19:32,72,r/FellowKids,3,2018-05-16 13:15:32,0,5,1110,0
8ju3oo,2018-05-16 11:19:32,72,r/FellowKids,3,2018-05-16 14:02:29,1,1,146,0
8ju3oo,2018-05-16 11:19:32,72,r/FellowKids,3,2018-05-16 16:53:51,2,0,3,0
8ju3oo,2018-05-16 11:19:32,72,r/FellowKids,3,2018-05-16 13:52:39,1,0,61,0
8ju3oo,2018-05-16 11:19:32,72,r/FellowKids,3,2018-05-16 14:33:37,1,0,11,0
8ju3oo,2018-05-16 11:19:32,72,r/FellowKids,3,2018-05-16 17:29:19,1,0,4,0
8ju3oo,2018-05-16 11:19:32,72,r/FellowKids,3,2018-05-16 18:29:31,1,0,1,0
8ju3oo,2018-05-16 11:19:32,72,r/FellowKids,4,2018-05-16 13:11:45,0,2,534,0
8ju3oo,2018-05-16 11:19:32,72,r/FellowKids,4,2018-05-16 13:59:54,1,5,148,0
8ju3oo,2018-05-16 11:19:32,72,r/FellowKids,4,2018-05-16 15:29:29,2,1,33,0
8ju3oo,2018-05-16 11:19:32,72,r/FellowKids,4,2018-05-16 16:00:38,3,0,1,0
8ju3oo,2018-05-16 11:19:32,72,r/FellowKids,4,2018-05-16 14:53:14,2,3,67,0
8ju3oo,2018-05-16 11:19:32,72,r/FellowKids,4,2018-05-16 16:41:51,3,0,10,0
8ju3oo,2018-05-16 11:19:32,72,r/FellowKids,4,2018-05-16 16:02:53,3,4,15,0
8ju3oo,2018-05-16 11:19:32,72,r/FellowKids,4,2018-05-16 16:46:50,4,1,6,0
8ju3oo,2018-05-16 11:19:32,72,r/FellowKids,4,2018-05-16 17:14:12,5,2,-3,0
8ju3oo,2018-05-16 11:19:32,72,r/FellowKids,4,2018-05-16 17:14:27,6,0,3,0
8ju3oo,2018-05-16 11:19:32,72,r/FellowKids,4,2018-05-16 17:30:39,6,1,2,0
8ju3oo,2018-05-16 11:19:32,72,r/FellowKids,4,2018-05-16 18:04:56,7,0,0,0
8ju3oo,2018-05-16 11:19:32,72,r/FellowKids,4,2018-05-16 16:42:11,4,2,2,0
8ju3oo,2018-05-16 11:19:32,72,r/FellowKids,4,2018-05-16 18:27:28,5,0,1,0
8ju3oo,2018-05-16 11:19:32,72,r/FellowKids,4,2018-05-16 17:14:50,5,0,-2,0
8ju3oo,2018-05-16 11:19:32,72,r/FellowKids,4,2018-05-16 16:36:32,4,1,2,0
8ju3oo,2018-05-16 11:19:32,72,r/FellowKids,4,2018-05-16 17:13:57,5,1,-2,0
8ju3oo,2018-05-16 11:19:32,72,r/FellowKids,4,2018-05-16 17:55:36,6,1,1,0
8ju3oo,2018-05-16 11:19:32,72,r/FellowKids,4,2018-05-16 18:04:01,7,0,1,0
8ju3oo,2018-05-16 11:19:32,72,r/FellowKids,4,2018-05-16 17:25:19,4,0,1,0
8ju3oo,2018-05-16 11:19:32,72,r/FellowKids,4,2018-05-16 16:13:09,3,1,1,0
8ju3oo,2018-05-16 11:19:32,72,r/FellowKids,4,2018-05-16 16:18:44,4,2,20,0
8ju3oo,2018-05-16 11:19:32,72,r/FellowKids,4,2018-05-16 16:27:24,5,0,6,0
8ju3oo,2018-05-16 11:19:32,72,r/FellowKids,4,2018-05-16 16:36:21,5,0,1,0
8ju3oo,2018-05-16 11:19:32,72,r/FellowKids,4,2018-05-16 14:00:24,2,0,16,0
8ju3oo,2018-05-16 11:19:32,72,r/FellowKids,4,2018-05-16 14:59:54,2,1,12,0
8ju3oo,2018-05-16 11:19:32,72,r/FellowKids,4,2018-05-16 16:01:21,3,0,8,0
8ju3oo,2018-05-16 11:19:32,72,r/FellowKids,4,2018-05-16 17:27:35,2,0,3,0
8ju3oo,2018-05-16 11:19:32,72,r/FellowKids,4,2018-05-16 18:30:47,1,0,1,0
8ju3oo,2018-05-16 11:19:32,72,r/FellowKids,5,2018-05-16 12:57:00,0,3,660,0
8ju3oo,2018-05-16 11:19:32,72,r/FellowKids,5,2018-05-16 15:01:00,1,0,55,0
8ju3oo,2018-05-16 11:19:32,72,r/FellowKids,5,2018-05-16 15:11:10,1,0,16,0
8ju3oo,2018-05-16 11:19:32,72,r/FellowKids,5,2018-05-16 17:49:12,1,0,1,0
8ju3oo,2018-05-16 11:19:32,72,r/FellowKids,6,2018-05-16 13:08:05,0,0,109,0
8ju3oo,2018-05-16 11:19:32,72,r/FellowKids,7,2018-05-16 13:13:30,0,1,161,0
8ju3oo,2018-05-16 11:19:32,72,r/FellowKids,7,2018-05-16 13:13:35,1,6,104,0
8ju3oo,2018-05-16 11:19:32,72,r/FellowKids,7,2018-05-16 13:49:45,2,1,136,0
8ju3oo,2018-05-16 11:19:32,72,r/FellowKids,7,2018-05-16 14:29:05,3,1,38,0
8ju3oo,2018-05-16 11:19:32,72,r/FellowKids,7,2018-05-16 14:39:58,4,0,38,0
8ju3oo,2018-05-16 11:19:32,72,r/FellowKids,7,2018-05-16 15:53:08,2,0,4,0
8ju3oo,2018-05-16 11:19:32,72,r/FellowKids,7,2018-05-16 13:43:38,2,1,14,0
8ju3oo,2018-05-16 11:19:32,72,r/FellowKids,7,2018-05-16 13:43:43,3,0,16,0
8ju3oo,2018-05-16 11:19:32,72,r/FellowKids,7,2018-05-16 15:47:55,2,0,2,0
8ju3oo,2018-05-16 11:19:32,72,r/FellowKids,7,2018-05-16 16:01:42,2,0,2,0
8ju3oo,2018-05-16 11:19:32,72,r/FellowKids,7,2018-05-16 16:17:06,2,0,2,0
8ju3oo,2018-05-16 11:19:32,72,r/FellowKids,8,2018-05-16 12:50:58,0,1,127,0
8ju3oo,2018-05-16 11:19:32,72,r/FellowKids,8,2018-05-16 16:48:49,1,0,12,0
8ju3oo,2018-05-16 11:19:32,72,r/FellowKids,9,2018-05-16 13:07:22,0,0,53,0
8ju3oo,2018-05-16 11:19:32,72,r/FellowKids,10,2018-05-16 12:47:53,0,1,97,0
8ju3oo,2018-05-16 11:19:32,72,r/FellowKids,10,2018-05-16 14:34:35,1,1,62,0
8ju3oo,2018-05-16 11:19:32,72,r/FellowKids,10,2018-05-16 14:57:34,2,2,57,0
8ju3oo,2018-05-16 11:19:32,72,r/FellowKids,10,2018-05-16 15:01:06,3,1,26,0
8ju3oo,2018-05-16 11:19:32,72,r/FellowKids,10,2018-05-16 15:51:34,4,1,16,0
8ju3oo,2018-05-16 11:19:32,72,r/FellowKids,10,2018-05-16 16:12:07,5,2,-6,0
8ju3oo,2018-05-16 11:19:32,72,r/FellowKids,10,2018-05-16 17:29:49,6,1,1,0
8ju3oo,2018-05-16 11:19:32,72,r/FellowKids,10,2018-05-16 18:04:07,7,1,1,0
8ju3oo,2018-05-16 11:19:32,72,r/FellowKids,10,2018-05-16 18:09:59,8,1,1,0
8ju3oo,2018-05-16 11:19:32,72,r/FellowKids,10,2018-05-16 18:29:08,9,0,0,0
8ju3oo,2018-05-16 11:19:32,72,r/FellowKids,10,2018-05-16 17:29:57,6,0,0,0
8ju3oo,2018-05-16 11:19:32,72,r/FellowKids,10,2018-05-16 15:19:46,3,1,19,0
8ju3oo,2018-05-16 11:19:32,72,r/FellowKids,10,2018-05-16 16:51:13,4,0,6,0
8ju3oo,2018-05-16 11:19:32,72,r/FellowKids,11,2018-05-16 13:15:13,0,1,87,0
8ju3oo,2018-05-16 11:19:32,72,r/FellowKids,11,2018-05-16 15:12:41,1,1,18,0
8ju3oo,2018-05-16 11:19:32,72,r/FellowKids,11,2018-05-16 18:28:06,2,0,1,0
8ju3oo,2018-05-16 11:19:32,72,r/FellowKids,12,2018-05-16 12:52:54,0,2,181,0
8ju3oo,2018-05-16 11:19:32,72,r/FellowKids,12,2018-05-16 14:40:39,1,0,29,0
8ju3oo,2018-05-16 11:19:32,72,r/FellowKids,12,2018-05-16 16:52:53,1,0,4,0
8ju3oo,2018-05-16 11:19:32,72,r/FellowKids,13,2018-05-16 13:16:51,0,0,51,0
8ju3oo,2018-05-16 11:19:32,72,r/FellowKids,14,2018-05-16 13:32:27,0,1,21,0
8ju3oo,2018-05-16 11:19:32,72,r/FellowKids,14,2018-05-16 17:14:22,1,0,1,0
8ju3oo,2018-05-16 11:19:32,72,r/FellowKids,15,2018-05-16 13:45:57,0,0,17,0
8ju3oo,2018-05-16 11:19:32,72,r/FellowKids,16,2018-05-16 13:56:11,0,0,40,0
8ju3oo,2018-05-16 11:19:32,72,r/FellowKids,17,2018-05-16 13:19:50,0,1,47,0
8ju3oo,2018-05-16 11:19:32,72,r/FellowKids,17,2018-05-16 15:42:27,1,1,1,0
8ju3oo,2018-05-16 11:19:32,72,r/FellowKids,17,2018-05-16 18:30:41,2,0,1,0
8ju3oo,2018-05-16 11:19:32,72,r/FellowKids,18,2018-05-16 13:59:03,0,0,14,0
8ju3oo,2018-05-16 11:19:32,72,r/FellowKids,19,2018-05-16 13:09:48,0,0,10,0
8ju3oo,2018-05-16 11:19:32,72,r/FellowKids,20,2018-05-16 13:43:24,0,0,9,0
8ju3oo,2018-05-16 11:19:32,72,r/FellowKids,21,2018-05-16 13:21:36,0,0,8,0
8ju3oo,2018-05-16 11:19:32,72,r/FellowKids,22,2018-05-16 14:21:33,0,0,7,0
8ju3oo,2018-05-16 11:19:32,72,r/FellowKids,23,2018-05-16 12:59:46,0,0,45,0
8ju3oo,2018-05-16 11:19:32,72,r/FellowKids,24,2018-05-16 13:53:36,0,0,6,0
8ju3oo,2018-05-16 11:19:32,72,r/FellowKids,25,2018-05-16 13:44:54,0,0,6,0
8ju3oo,2018-05-16 11:19:32,72,r/FellowKids,26,2018-05-16 13:56:53,0,0,4,0
8ju3oo,2018-05-16 11:19:32,72,r/FellowKids,27,2018-05-16 14:43:26,0,0,5,0
8ju3oo,2018-05-16 11:19:32,72,r/FellowKids,28,2018-05-16 15:11:44,0,0,5,0
8ju3oo,2018-05-16 11:19:32,72,r/FellowKids,29,2018-05-16 16:09:55,0,0,5,0
8ju3oo,2018-05-16 11:19:32,72,r/FellowKids,30,2018-05-16 13:59:36,0,1,5,0
8ju3oo,2018-05-16 11:19:32,72,r/FellowKids,30,2018-05-16 13:59:46,1,0,2,0
8ju3oo,2018-05-16 11:19:32,72,r/FellowKids,31,2018-05-16 15:21:46,0,0,3,0
8ju3oo,2018-05-16 11:19:32,72,r/FellowKids,32,2018-05-16 14:44:36,0,0,8,0
8ju3oo,2018-05-16 11:19:32,72,r/FellowKids,33,2018-05-16 14:47:15,0,0,3,0
8ju3oo,2018-05-16 11:19:32,72,r/FellowKids,34,2018-05-16 16:29:10,0,1,3,0
8ju3oo,2018-05-16 11:19:32,72,r/FellowKids,34,2018-05-16 16:29:23,1,0,4,0
8ju3oo,2018-05-16 11:19:32,72,r/FellowKids,35,2018-05-16 17:35:37,0,0,3,0
8ju3oo,2018-05-16 11:19:32,72,r/FellowKids,36,2018-05-16 14:26:22,0,0,7,0
8ju3oo,2018-05-16 11:19:32,72,r/FellowKids,37,2018-05-16 13:58:56,0,1,13,0
8ju3oo,2018-05-16 11:19:32,72,r/FellowKids,37,2018-05-16 14:14:38,1,0,16,0
8ju3oo,2018-05-16 11:19:32,72,r/FellowKids,38,2018-05-16 14:29:19,0,0,2,0
8ju3oo,2018-05-16 11:19:32,72,r/FellowKids,39,2018-05-16 14:47:48,0,0,2,0
8ju3oo,2018-05-16 11:19:32,72,r/FellowKids,40,2018-05-16 15:01:41,0,0,2,0
8ju3oo,2018-05-16 11:19:32,72,r/FellowKids,41,2018-05-16 15:35:54,0,0,2,0
8ju3oo,2018-05-16 11:19:32,72,r/FellowKids,42,2018-05-16 15:38:35,0,0,2,0
8ju3oo,2018-05-16 11:19:32,72,r/FellowKids,43,2018-05-16 15:51:54,0,0,2,0
8ju3oo,2018-05-16 11:19:32,72,r/FellowKids,44,2018-05-16 15:56:50,0,0,2,0
8ju3oo,2018-05-16 11:19:32,72,r/FellowKids,45,2018-05-16 15:57:04,0,0,2,0
8ju3oo,2018-05-16 11:19:32,72,r/FellowKids,46,2018-05-16 15:57:58,0,0,2,0
8ju3oo,2018-05-16 11:19:32,72,r/FellowKids,47,2018-05-16 15:58:47,0,0,2,0
8ju3oo,2018-05-16 11:19:32,72,r/FellowKids,48,2018-05-16 16:03:26,0,0,2,0
8ju3oo,2018-05-16 11:19:32,72,r/FellowKids,49,2018-05-16 16:28:21,0,0,2,0
8ju3oo,2018-05-16 11:19:32,72,r/FellowKids,50,2018-05-16 17:29:37,0,0,2,0
8ju3oo,2018-05-16 11:19:32,72,r/FellowKids,51,2018-05-16 13:18:18,0,0,4,0
8ju3oo,2018-05-16 11:19:32,72,r/FellowKids,52,2018-05-16 14:05:12,0,0,3,0
8ju3oo,2018-05-16 11:19:32,72,r/FellowKids,53,2018-05-16 15:56:43,0,0,4,0
8ju3oo,2018-05-16 11:19:32,72,r/FellowKids,54,2018-05-16 13:46:17,0,0,5,0
8ju3oo,2018-05-16 11:19:32,72,r/FellowKids,55,2018-05-16 17:19:23,0,0,2,0
8ju3oo,2018-05-16 11:19:32,72,r/FellowKids,56,2018-05-16 17:56:08,0,0,2,0
8ju3oo,2018-05-16 11:19:32,72,r/FellowKids,57,2018-05-16 14:16:04,0,1,3,0
8ju3oo,2018-05-16 11:19:32,72,r/FellowKids,57,2018-05-16 17:04:03,1,0,1,0
8ju3oo,2018-05-16 11:19:32,72,r/FellowKids,58,2018-05-16 13:16:03,0,0,1,0
8ju3oo,2018-05-16 11:19:32,72,r/FellowKids,59,2018-05-16 13:17:31,0,0,1,0
8ju3oo,2018-05-16 11:19:32,72,r/FellowKids,60,2018-05-16 13:45:24,0,1,1,0
8ju3oo,2018-05-16 11:19:32,72,r/FellowKids,60,2018-05-16 13:53:55,1,0,2,0
8ju3oo,2018-05-16 11:19:32,72,r/FellowKids,61,2018-05-16 13:56:58,0,0,1,0
8ju3oo,2018-05-16 11:19:32,72,r/FellowKids,62,2018-05-16 14:01:19,0,1,1,0
8ju3oo,2018-05-16 11:19:32,72,r/FellowKids,62,2018-05-16 14:05:41,1,1,1,0
8ju3oo,2018-05-16 11:19:32,72,r/FellowKids,62,2018-05-16 16:23:17,2,1,1,0
8ju3oo,2018-05-16 11:19:32,72,r/FellowKids,62,2018-05-16 16:38:14,3,0,1,0
8ju3oo,2018-05-16 11:19:32,72,r/FellowKids,63,2018-05-16 14:45:24,0,0,1,0
8ju3oo,2018-05-16 11:19:32,72,r/FellowKids,64,2018-05-16 14:55:36,0,0,1,0
8ju3oo,2018-05-16 11:19:32,72,r/FellowKids,65,2018-05-16 15:07:22,0,0,1,0
8ju3oo,2018-05-16 11:19:32,72,r/FellowKids,66,2018-05-16 15:14:07,0,0,1,0
8ju3oo,2018-05-16 11:19:32,72,r/FellowKids,67,2018-05-16 15:30:16,0,0,1,0
8ju3oo,2018-05-16 11:19:32,72,r/FellowKids,68,2018-05-16 15:30:29,0,0,1,0
8ju3oo,2018-05-16 11:19:32,72,r/FellowKids,69,2018-05-16 15:37:54,0,0,1,0
8ju3oo,2018-05-16 11:19:32,72,r/FellowKids,70,2018-05-16 16:01:16,0,0,1,0
8ju3oo,2018-05-16 11:19:32,72,r/FellowKids,71,2018-05-16 16:20:53,0,0,1,0
8ju3oo,2018-05-16 11:19:32,72,r/FellowKids,72,2018-05-16 16:24:21,0,0,1,0
8ju3oo,2018-05-16 11:19:32,72,r/FellowKids,73,2018-05-16 16:24:43,0,0,1,0
8ju3oo,2018-05-16 11:19:32,72,r/FellowKids,74,2018-05-16 16:24:45,0,0,1,0
8ju3oo,2018-05-16 11:19:32,72,r/FellowKids,75,2018-05-16 16:27:39,0,0,1,0
8ju3oo,2018-05-16 11:19:32,72,r/FellowKids,76,2018-05-16 16:27:53,0,0,1,0
8ju3oo,2018-05-16 11:19:32,72,r/FellowKids,77,2018-05-16 16:28:19,0,0,1,0
8ju3oo,2018-05-16 11:19:32,72,r/FellowKids,78,2018-05-16 16:32:11,0,1,1,0
8ju3oo,2018-05-16 11:19:32,72,r/FellowKids,78,2018-05-16 18:00:07,1,0,1,0
8ju3oo,2018-05-16 11:19:32,72,r/FellowKids,79,2018-05-16 16:56:08,0,0,1,0
8ju3oo,2018-05-16 11:19:32,72,r/FellowKids,80,2018-05-16 16:56:43,0,0,1,0
8ju3oo,2018-05-16 11:19:32,72,r/FellowKids,81,2018-05-16 17:17:57,0,0,1,0
8ju3oo,2018-05-16 11:19:32,72,r/FellowKids,82,2018-05-16 17:21:44,0,0,1,0
8ju3oo,2018-05-16 11:19:32,72,r/FellowKids,83,2018-05-16 17:28:24,0,0,1,0
8ju3oo,2018-05-16 11:19:32,72,r/FellowKids,84,2018-05-16 17:38:35,0,0,1,0
8ju3oo,2018-05-16 11:19:32,72,r/FellowKids,85,2018-05-16 17:45:24,0,0,1,0
8ju3oo,2018-05-16 11:19:32,72,r/FellowKids,86,2018-05-16 17:47:18,0,0,1,0
8ju3oo,2018-05-16 11:19:32,72,r/FellowKids,87,2018-05-16 17:52:10,0,0,1,0
8ju3oo,2018-05-16 11:19:32,72,r/FellowKids,88,2018-05-16 18:00:49,0,0,1,0
8ju3oo,2018-05-16 11:19:32,72,r/FellowKids,89,2018-05-16 18:01:17,0,0,1,0
8ju3oo,2018-05-16 11:19:32,72,r/FellowKids,90,2018-05-16 18:24:01,0,0,1,0
8ju3oo,2018-05-16 11:19:32,72,r/FellowKids,91,2018-05-16 15:30:54,0,0,1,0
8ju3oo,2018-05-16 11:19:32,72,r/FellowKids,92,2018-05-16 15:50:45,0,0,1,0
8ju3oo,2018-05-16 11:19:32,72,r/FellowKids,93,2018-05-16 17:00:49,0,0,1,0
8ju3oo,2018-05-16 11:19:32,72,r/FellowKids,94,2018-05-16 17:11:17,0,1,0,0
8ju3oo,2018-05-16 11:19:32,72,r/FellowKids,94,2018-05-16 18:01:22,1,1,1,0
8ju3oo,2018-05-16 11:19:32,72,r/FellowKids,94,2018-05-16 18:12:58,2,1,1,0
8ju3oo,2018-05-16 11:19:32,72,r/FellowKids,94,2018-05-16 18:14:36,3,0,1,0
8ju3oo,2018-05-16 11:19:32,72,r/FellowKids,95,2018-05-16 14:29:27,0,0,0,0
8ju3oo,2018-05-16 11:19:32,72,r/FellowKids,96,2018-05-16 14:39:58,0,0,-8,0
8jtrj2,2018-05-16 10:10:24,73,r/DeepFriedMemes,0,2018-05-16 13:01:47,0,2,280,0
8jtrj2,2018-05-16 10:10:24,73,r/DeepFriedMemes,0,2018-05-16 14:34:45,1,0,46,0
8jtrj2,2018-05-16 10:10:24,73,r/DeepFriedMemes,0,2018-05-16 15:50:46,1,1,27,0
8jtrj2,2018-05-16 10:10:24,73,r/DeepFriedMemes,0,2018-05-16 17:05:15,2,0,4,0
8jtrj2,2018-05-16 10:10:24,73,r/DeepFriedMemes,1,2018-05-16 12:24:01,0,3,509,0
8jtrj2,2018-05-16 10:10:24,73,r/DeepFriedMemes,1,2018-05-16 14:01:17,1,0,67,0
8jtrj2,2018-05-16 10:10:24,73,r/DeepFriedMemes,1,2018-05-16 15:21:10,1,0,20,0
8jtrj2,2018-05-16 10:10:24,73,r/DeepFriedMemes,1,2018-05-16 16:06:32,1,0,6,0
8jtrj2,2018-05-16 10:10:24,73,r/DeepFriedMemes,2,2018-05-16 10:45:15,0,3,739,0
8jtrj2,2018-05-16 10:10:24,73,r/DeepFriedMemes,2,2018-05-16 10:52:36,1,1,248,0
8jtrj2,2018-05-16 10:10:24,73,r/DeepFriedMemes,2,2018-05-16 11:39:41,2,1,219,0
8jtrj2,2018-05-16 10:10:24,73,r/DeepFriedMemes,2,2018-05-16 14:42:09,3,1,36,0
8jtrj2,2018-05-16 10:10:24,73,r/DeepFriedMemes,2,2018-05-16 14:47:55,4,1,27,0
8jtrj2,2018-05-16 10:10:24,73,r/DeepFriedMemes,2,2018-05-16 15:14:42,5,1,17,0
8jtrj2,2018-05-16 10:10:24,73,r/DeepFriedMemes,2,2018-05-16 16:23:20,6,0,7,0
8jtrj2,2018-05-16 10:10:24,73,r/DeepFriedMemes,2,2018-05-16 14:00:52,1,0,9,0
8jtrj2,2018-05-16 10:10:24,73,r/DeepFriedMemes,2,2018-05-16 17:13:46,1,0,1,0
8jtrj2,2018-05-16 10:10:24,73,r/DeepFriedMemes,3,2018-05-16 14:01:07,0,1,85,0
8jtrj2,2018-05-16 10:10:24,73,r/DeepFriedMemes,3,2018-05-16 14:18:21,1,1,84,0
8jtrj2,2018-05-16 10:10:24,73,r/DeepFriedMemes,3,2018-05-16 14:39:45,2,1,42,0
8jtrj2,2018-05-16 10:10:24,73,r/DeepFriedMemes,3,2018-05-16 14:45:39,3,3,26,0
8jtrj2,2018-05-16 10:10:24,73,r/DeepFriedMemes,3,2018-05-16 14:50:59,4,1,19,0
8jtrj2,2018-05-16 10:10:24,73,r/DeepFriedMemes,3,2018-05-16 15:01:50,5,1,45,0
8jtrj2,2018-05-16 10:10:24,73,r/DeepFriedMemes,3,2018-05-16 15:03:58,6,1,20,0
8jtrj2,2018-05-16 10:10:24,73,r/DeepFriedMemes,3,2018-05-16 17:00:55,7,1,7,0
8jtrj2,2018-05-16 10:10:24,73,r/DeepFriedMemes,3,2018-05-16 17:56:11,8,0,1,0
8jtrj2,2018-05-16 10:10:24,73,r/DeepFriedMemes,3,2018-05-16 14:50:23,4,0,26,0
8jtrj2,2018-05-16 10:10:24,73,r/DeepFriedMemes,3,2018-05-16 14:52:49,4,0,-15,0
8jtrj2,2018-05-16 10:10:24,73,r/DeepFriedMemes,4,2018-05-16 12:54:26,0,3,172,0
8jtrj2,2018-05-16 10:10:24,73,r/DeepFriedMemes,4,2018-05-16 13:19:51,1,0,38,0
8jtrj2,2018-05-16 10:10:24,73,r/DeepFriedMemes,4,2018-05-16 15:46:18,1,0,5,0
8jtrj2,2018-05-16 10:10:24,73,r/DeepFriedMemes,4,2018-05-16 15:46:38,1,0,4,0
8jtrj2,2018-05-16 10:10:24,73,r/DeepFriedMemes,5,2018-05-16 13:17:58,0,2,99,0
8jtrj2,2018-05-16 10:10:24,73,r/DeepFriedMemes,5,2018-05-16 13:26:01,1,5,213,0
8jtrj2,2018-05-16 10:10:24,73,r/DeepFriedMemes,5,2018-05-16 13:51:27,2,1,76,0
8jtrj2,2018-05-16 10:10:24,73,r/DeepFriedMemes,5,2018-05-16 14:30:50,3,0,20,0
8jtrj2,2018-05-16 10:10:24,73,r/DeepFriedMemes,5,2018-05-16 14:45:05,2,2,11,0
8jtrj2,2018-05-16 10:10:24,73,r/DeepFriedMemes,5,2018-05-16 15:13:18,3,1,8,0
8jtrj2,2018-05-16 10:10:24,73,r/DeepFriedMemes,5,2018-05-16 17:58:14,4,0,1,0
8jtrj2,2018-05-16 10:10:24,73,r/DeepFriedMemes,5,2018-05-16 17:20:43,3,0,1,0
8jtrj2,2018-05-16 10:10:24,73,r/DeepFriedMemes,5,2018-05-16 16:05:37,2,1,9,0
8jtrj2,2018-05-16 10:10:24,73,r/DeepFriedMemes,5,2018-05-16 17:32:02,3,1,3,0
8jtrj2,2018-05-16 10:10:24,73,r/DeepFriedMemes,5,2018-05-16 17:41:53,4,1,4,0
8jtrj2,2018-05-16 10:10:24,73,r/DeepFriedMemes,5,2018-05-16 18:26:43,5,0,1,0
8jtrj2,2018-05-16 10:10:24,73,r/DeepFriedMemes,5,2018-05-16 17:42:27,2,0,1,0
8jtrj2,2018-05-16 10:10:24,73,r/DeepFriedMemes,5,2018-05-16 18:06:58,2,0,2,0
8jtrj2,2018-05-16 10:10:24,73,r/DeepFriedMemes,5,2018-05-16 15:30:56,1,0,3,0
8jtrj2,2018-05-16 10:10:24,73,r/DeepFriedMemes,6,2018-05-16 14:00:03,0,0,23,0
8jtrj2,2018-05-16 10:10:24,73,r/DeepFriedMemes,7,2018-05-16 14:40:36,0,1,23,0
8jtrj2,2018-05-16 10:10:24,73,r/DeepFriedMemes,7,2018-05-16 14:58:25,1,1,19,0
8jtrj2,2018-05-16 10:10:24,73,r/DeepFriedMemes,7,2018-05-16 16:12:20,2,0,6,0
8jtrj2,2018-05-16 10:10:24,73,r/DeepFriedMemes,8,2018-05-16 14:55:54,0,2,13,0
8jtrj2,2018-05-16 10:10:24,73,r/DeepFriedMemes,8,2018-05-16 16:53:18,1,0,2,0
8jtrj2,2018-05-16 10:10:24,73,r/DeepFriedMemes,8,2018-05-16 18:05:42,1,0,1,0
8jtrj2,2018-05-16 10:10:24,73,r/DeepFriedMemes,9,2018-05-16 15:19:58,0,0,12,0
8jtrj2,2018-05-16 10:10:24,73,r/DeepFriedMemes,10,2018-05-16 16:30:08,0,0,6,0
8jtrj2,2018-05-16 10:10:24,73,r/DeepFriedMemes,11,2018-05-16 15:38:16,0,0,3,0
8jtrj2,2018-05-16 10:10:24,73,r/DeepFriedMemes,12,2018-05-16 16:49:57,0,0,3,0
8jtrj2,2018-05-16 10:10:24,73,r/DeepFriedMemes,13,2018-05-16 14:14:55,0,0,7,0
8jtrj2,2018-05-16 10:10:24,73,r/DeepFriedMemes,14,2018-05-16 16:18:24,0,1,2,0
8jtrj2,2018-05-16 10:10:24,73,r/DeepFriedMemes,14,2018-05-16 17:40:08,1,1,2,0
8jtrj2,2018-05-16 10:10:24,73,r/DeepFriedMemes,14,2018-05-16 18:16:42,2,0,1,0
8jtrj2,2018-05-16 10:10:24,73,r/DeepFriedMemes,15,2018-05-16 16:37:06,0,0,2,0
8jtrj2,2018-05-16 10:10:24,73,r/DeepFriedMemes,16,2018-05-16 16:50:26,0,0,2,0
8jtrj2,2018-05-16 10:10:24,73,r/DeepFriedMemes,17,2018-05-16 17:00:37,0,0,2,0
8jtrj2,2018-05-16 10:10:24,73,r/DeepFriedMemes,18,2018-05-16 17:11:01,0,0,2,0
8jtrj2,2018-05-16 10:10:24,73,r/DeepFriedMemes,19,2018-05-16 14:44:07,0,1,3,0
8jtrj2,2018-05-16 10:10:24,73,r/DeepFriedMemes,19,2018-05-16 15:18:06,1,0,7,0
8jtrj2,2018-05-16 10:10:24,73,r/DeepFriedMemes,20,2018-05-16 17:01:54,0,1,3,0
8jtrj2,2018-05-16 10:10:24,73,r/DeepFriedMemes,20,2018-05-16 17:11:13,1,1,4,0
8jtrj2,2018-05-16 10:10:24,73,r/DeepFriedMemes,20,2018-05-16 17:19:11,2,0,4,0
8jtrj2,2018-05-16 10:10:24,73,r/DeepFriedMemes,21,2018-05-16 15:00:03,0,1,0,0
8jtrj2,2018-05-16 10:10:24,73,r/DeepFriedMemes,21,2018-05-16 15:00:03,1,0,0,0
8jtrj2,2018-05-16 10:10:24,73,r/DeepFriedMemes,22,2018-05-16 15:08:11,0,1,1,0
8jtrj2,2018-05-16 10:10:24,73,r/DeepFriedMemes,22,2018-05-16 15:08:32,1,0,2,0
8jtrj2,2018-05-16 10:10:24,73,r/DeepFriedMemes,23,2018-05-16 15:10:02,0,0,1,0
8jtrj2,2018-05-16 10:10:24,73,r/DeepFriedMemes,24,2018-05-16 15:44:33,0,0,1,0
8jtrj2,2018-05-16 10:10:24,73,r/DeepFriedMemes,25,2018-05-16 15:46:27,0,0,1,0
8jtrj2,2018-05-16 10:10:24,73,r/DeepFriedMemes,26,2018-05-16 15:48:41,0,1,1,0
8jtrj2,2018-05-16 10:10:24,73,r/DeepFriedMemes,26,2018-05-16 15:49:03,1,0,1,0
8jtrj2,2018-05-16 10:10:24,73,r/DeepFriedMemes,27,2018-05-16 16:19:16,0,0,1,0
8jtrj2,2018-05-16 10:10:24,73,r/DeepFriedMemes,28,2018-05-16 16:33:57,0,0,1,0
8jtrj2,2018-05-16 10:10:24,73,r/DeepFriedMemes,29,2018-05-16 17:34:26,0,1,1,0
8jtrj2,2018-05-16 10:10:24,73,r/DeepFriedMemes,29,2018-05-16 17:34:40,1,0,1,0
8jtrj2,2018-05-16 10:10:24,73,r/DeepFriedMemes,30,2018-05-16 18:06:37,0,0,1,0
8jtrj2,2018-05-16 10:10:24,73,r/DeepFriedMemes,31,2018-05-16 18:06:44,0,0,1,0
8jtrj2,2018-05-16 10:10:24,73,r/DeepFriedMemes,32,2018-05-16 18:06:48,0,0,1,0
8jtrj2,2018-05-16 10:10:24,73,r/DeepFriedMemes,33,2018-05-16 18:09:54,0,0,1,0
8jtrj2,2018-05-16 10:10:24,73,r/DeepFriedMemes,34,2018-05-16 18:17:36,0,0,1,0
8jtrj2,2018-05-16 10:10:24,73,r/DeepFriedMemes,35,2018-05-16 18:17:49,0,0,1,0
8jtrj2,2018-05-16 10:10:24,73,r/DeepFriedMemes,36,2018-05-16 18:28:50,0,1,1,0
8jtrj2,2018-05-16 10:10:24,73,r/DeepFriedMemes,36,2018-05-16 18:29:06,1,0,1,0
8jtrj2,2018-05-16 10:10:24,73,r/DeepFriedMemes,37,2018-05-16 18:29:23,0,0,1,0
8jtrj2,2018-05-16 10:10:24,73,r/DeepFriedMemes,38,2018-05-16 14:17:50,0,0,1,0
8jtrj2,2018-05-16 10:10:24,73,r/DeepFriedMemes,39,2018-05-16 15:42:32,0,0,1,0
8jtrj2,2018-05-16 10:10:24,73,r/DeepFriedMemes,40,2018-05-16 14:08:12,0,0,0,0
8jtrj2,2018-05-16 10:10:24,73,r/DeepFriedMemes,41,2018-05-16 16:27:02,0,0,0,0
8jtrj2,2018-05-16 10:10:24,73,r/DeepFriedMemes,42,2018-05-16 14:14:40,0,3,-8,0
8jtrj2,2018-05-16 10:10:24,73,r/DeepFriedMemes,42,2018-05-16 14:21:50,1,0,14,0
8jtrj2,2018-05-16 10:10:24,73,r/DeepFriedMemes,42,2018-05-16 14:38:08,1,1,2,0
8jtrj2,2018-05-16 10:10:24,73,r/DeepFriedMemes,42,2018-05-16 18:19:07,2,0,2,0
8jtrj2,2018-05-16 10:10:24,73,r/DeepFriedMemes,42,2018-05-16 14:41:21,1,0,1,0
8jtrj2,2018-05-16 10:10:24,73,r/DeepFriedMemes,43,2018-05-16 14:04:28,0,2,-31,0
8jtrj2,2018-05-16 10:10:24,73,r/DeepFriedMemes,43,2018-05-16 14:18:40,1,0,20,0
8jtrj2,2018-05-16 10:10:24,73,r/DeepFriedMemes,43,2018-05-16 15:02:04,1,0,7,0
8jupst,2018-05-16 13:00:48,74,r/GetMotivated,0,2018-05-16 15:31:00,0,2,183,0
8jupst,2018-05-16 13:00:48,74,r/GetMotivated,0,2018-05-16 17:43:20,1,0,16,0
8jupst,2018-05-16 13:00:48,74,r/GetMotivated,0,2018-05-16 17:45:08,1,1,6,0
8jupst,2018-05-16 13:00:48,74,r/GetMotivated,0,2018-05-16 17:52:14,2,1,3,0
8jupst,2018-05-16 13:00:48,74,r/GetMotivated,0,2018-05-16 18:19:44,3,0,1,0
8jupst,2018-05-16 13:00:48,74,r/GetMotivated,1,2018-05-16 15:39:05,0,0,21,0
8jupst,2018-05-16 13:00:48,74,r/GetMotivated,2,2018-05-16 15:31:12,0,2,123,0
8jupst,2018-05-16 13:00:48,74,r/GetMotivated,2,2018-05-16 17:07:21,1,1,34,0
8jupst,2018-05-16 13:00:48,74,r/GetMotivated,2,2018-05-16 17:55:46,2,0,6,0
8jupst,2018-05-16 13:00:48,74,r/GetMotivated,2,2018-05-16 16:45:03,1,0,-7,0
8jupst,2018-05-16 13:00:48,74,r/GetMotivated,3,2018-05-16 14:45:33,0,2,16,0
8jupst,2018-05-16 13:00:48,74,r/GetMotivated,3,2018-05-16 17:32:56,1,0,4,0
8jupst,2018-05-16 13:00:48,74,r/GetMotivated,3,2018-05-16 15:13:03,1,0,6,0
8jupst,2018-05-16 13:00:48,74,r/GetMotivated,4,2018-05-16 15:24:45,0,2,36,0
8jupst,2018-05-16 13:00:48,74,r/GetMotivated,4,2018-05-16 17:18:06,1,2,12,0
8jupst,2018-05-16 13:00:48,74,r/GetMotivated,4,2018-05-16 17:24:19,2,1,-15,0
8jupst,2018-05-16 13:00:48,74,r/GetMotivated,4,2018-05-16 17:31:48,3,2,6,0
8jupst,2018-05-16 13:00:48,74,r/GetMotivated,4,2018-05-16 18:07:28,4,0,2,0
8jupst,2018-05-16 13:00:48,74,r/GetMotivated,4,2018-05-16 17:48:44,4,1,-4,0
8jupst,2018-05-16 13:00:48,74,r/GetMotivated,4,2018-05-16 18:04:09,5,0,6,0
8jupst,2018-05-16 13:00:48,74,r/GetMotivated,4,2018-05-16 17:38:48,2,1,-16,0
8jupst,2018-05-16 13:00:48,74,r/GetMotivated,4,2018-05-16 17:53:02,3,0,7,0
8jupst,2018-05-16 13:00:48,74,r/GetMotivated,4,2018-05-16 16:57:35,1,3,-5,0
8jupst,2018-05-16 13:00:48,74,r/GetMotivated,4,2018-05-16 17:10:25,2,2,6,0
8jupst,2018-05-16 13:00:48,74,r/GetMotivated,4,2018-05-16 18:27:16,3,0,1,0
8jupst,2018-05-16 13:00:48,74,r/GetMotivated,4,2018-05-16 18:00:37,3,2,-2,0
8jupst,2018-05-16 13:00:48,74,r/GetMotivated,4,2018-05-16 18:09:18,4,1,4,0
8jupst,2018-05-16 13:00:48,74,r/GetMotivated,4,2018-05-16 18:16:49,5,0,1,0
8jupst,2018-05-16 13:00:48,74,r/GetMotivated,4,2018-05-16 18:25:40,4,0,0,0
8jupst,2018-05-16 13:00:48,74,r/GetMotivated,4,2018-05-16 16:59:50,2,0,8,0
8jupst,2018-05-16 13:00:48,74,r/GetMotivated,4,2018-05-16 17:02:47,2,1,5,0
8jupst,2018-05-16 13:00:48,74,r/GetMotivated,4,2018-05-16 17:14:54,3,1,1,0
8jupst,2018-05-16 13:00:48,74,r/GetMotivated,4,2018-05-16 17:30:02,4,0,2,0
8jupst,2018-05-16 13:00:48,74,r/GetMotivated,5,2018-05-16 15:56:42,0,1,6,0
8jupst,2018-05-16 13:00:48,74,r/GetMotivated,5,2018-05-16 17:29:35,1,1,1,0
8jupst,2018-05-16 13:00:48,74,r/GetMotivated,5,2018-05-16 17:35:07,2,0,2,0
8jupst,2018-05-16 13:00:48,74,r/GetMotivated,6,2018-05-16 15:22:33,0,7,67,0
8jupst,2018-05-16 13:00:48,74,r/GetMotivated,6,2018-05-16 15:50:15,1,1,28,0
8jupst,2018-05-16 13:00:48,74,r/GetMotivated,6,2018-05-16 16:47:22,2,1,11,0
8jupst,2018-05-16 13:00:48,74,r/GetMotivated,6,2018-05-16 17:27:10,3,0,6,0
8jupst,2018-05-16 13:00:48,74,r/GetMotivated,6,2018-05-16 17:52:14,1,1,9,0
8jupst,2018-05-16 13:00:48,74,r/GetMotivated,6,2018-05-16 18:10:08,2,0,2,0
8jupst,2018-05-16 13:00:48,74,r/GetMotivated,6,2018-05-16 15:37:33,1,0,7,0
8jupst,2018-05-16 13:00:48,74,r/GetMotivated,6,2018-05-16 17:10:50,1,0,1,0
8jupst,2018-05-16 13:00:48,74,r/GetMotivated,6,2018-05-16 17:36:23,1,0,1,0
8jupst,2018-05-16 13:00:48,74,r/GetMotivated,6,2018-05-16 17:00:04,1,1,0,0
8jupst,2018-05-16 13:00:48,74,r/GetMotivated,6,2018-05-16 17:08:35,2,0,7,0
8jupst,2018-05-16 13:00:48,74,r/GetMotivated,6,2018-05-16 17:47:38,1,1,-2,0
8jupst,2018-05-16 13:00:48,74,r/GetMotivated,6,2018-05-16 17:51:55,2,0,2,0
8jupst,2018-05-16 13:00:48,74,r/GetMotivated,7,2018-05-16 18:09:08,0,0,4,0
8jupst,2018-05-16 13:00:48,74,r/GetMotivated,8,2018-05-16 13:01:25,0,0,5,0
8jupst,2018-05-16 13:00:48,74,r/GetMotivated,9,2018-05-16 18:13:54,0,0,2,0
8jupst,2018-05-16 13:00:48,74,r/GetMotivated,10,2018-05-16 18:14:28,0,1,2,0
8jupst,2018-05-16 13:00:48,74,r/GetMotivated,10,2018-05-16 18:20:50,1,0,1,0
8jupst,2018-05-16 13:00:48,74,r/GetMotivated,11,2018-05-16 18:15:49,0,0,2,0
8jupst,2018-05-16 13:00:48,74,r/GetMotivated,12,2018-05-16 16:31:13,0,1,3,0
8jupst,2018-05-16 13:00:48,74,r/GetMotivated,12,2018-05-16 18:11:42,1,0,3,0
8jupst,2018-05-16 13:00:48,74,r/GetMotivated,13,2018-05-16 15:44:11,0,1,4,0
8jupst,2018-05-16 13:00:48,74,r/GetMotivated,13,2018-05-16 18:14:05,1,0,0,0
8jupst,2018-05-16 13:00:48,74,r/GetMotivated,14,2018-05-16 16:41:20,0,2,3,0
8jupst,2018-05-16 13:00:48,74,r/GetMotivated,14,2018-05-16 17:01:13,1,0,2,0
8jupst,2018-05-16 13:00:48,74,r/GetMotivated,14,2018-05-16 17:10:30,1,0,1,0
8jupst,2018-05-16 13:00:48,74,r/GetMotivated,15,2018-05-16 17:12:16,0,1,2,0
8jupst,2018-05-16 13:00:48,74,r/GetMotivated,15,2018-05-16 17:21:01,1,1,3,0
8jupst,2018-05-16 13:00:48,74,r/GetMotivated,15,2018-05-16 17:30:46,2,0,2,0
8jupst,2018-05-16 13:00:48,74,r/GetMotivated,16,2018-05-16 18:17:47,0,0,1,0
8jupst,2018-05-16 13:00:48,74,r/GetMotivated,17,2018-05-16 18:21:20,0,0,1,0
8jupst,2018-05-16 13:00:48,74,r/GetMotivated,18,2018-05-16 18:25:40,0,0,1,0
8jupst,2018-05-16 13:00:48,74,r/GetMotivated,19,2018-05-16 18:27:18,0,0,1,0
8jupst,2018-05-16 13:00:48,74,r/GetMotivated,20,2018-05-16 18:27:45,0,0,1,0
8jupst,2018-05-16 13:00:48,74,r/GetMotivated,21,2018-05-16 18:29:15,0,0,1,0
8jupst,2018-05-16 13:00:48,74,r/GetMotivated,22,2018-05-16 18:31:35,0,0,1,0
8jupst,2018-05-16 13:00:48,74,r/GetMotivated,23,2018-05-16 15:28:23,0,1,2,0
8jupst,2018-05-16 13:00:48,74,r/GetMotivated,23,2018-05-16 18:00:47,1,0,0,0
8jupst,2018-05-16 13:00:48,74,r/GetMotivated,24,2018-05-16 16:29:21,0,0,1,0
8jupst,2018-05-16 13:00:48,74,r/GetMotivated,25,2018-05-16 16:06:04,0,0,1,0
8jupst,2018-05-16 13:00:48,74,r/GetMotivated,26,2018-05-16 16:29:42,0,1,1,0
8jupst,2018-05-16 13:00:48,74,r/GetMotivated,26,2018-05-16 17:02:29,1,0,1,0
8jupst,2018-05-16 13:00:48,74,r/GetMotivated,27,2018-05-16 16:55:13,0,0,1,0
8jupst,2018-05-16 13:00:48,74,r/GetMotivated,28,2018-05-16 17:44:22,0,0,1,0
8jupst,2018-05-16 13:00:48,74,r/GetMotivated,29,2018-05-16 17:44:25,0,0,1,0
8jupst,2018-05-16 13:00:48,74,r/GetMotivated,30,2018-05-16 17:45:32,0,0,1,0
8jupst,2018-05-16 13:00:48,74,r/GetMotivated,31,2018-05-16 16:11:33,0,0,-1,0
8jupst,2018-05-16 13:00:48,74,r/GetMotivated,32,2018-05-16 16:24:46,0,0,-1,0
8jupst,2018-05-16 13:00:48,74,r/GetMotivated,33,2018-05-16 16:12:15,0,1,-2,0
8jupst,2018-05-16 13:00:48,74,r/GetMotivated,33,2018-05-16 16:49:44,1,1,5,0
8jupst,2018-05-16 13:00:48,74,r/GetMotivated,33,2018-05-16 17:17:13,2,0,3,0
8jupst,2018-05-16 13:00:48,74,r/GetMotivated,34,2018-05-16 16:02:36,0,0,-1,0
8jupst,2018-05-16 13:00:48,74,r/GetMotivated,35,2018-05-16 16:56:00,0,0,-1,0
8jupst,2018-05-16 13:00:48,74,r/GetMotivated,36,2018-05-16 17:06:11,0,0,0,0
8jupst,2018-05-16 13:00:48,74,r/GetMotivated,37,2018-05-16 17:40:59,0,0,0,0
8jupst,2018-05-16 13:00:48,74,r/GetMotivated,38,2018-05-16 17:47:00,0,0,0,0
8jupst,2018-05-16 13:00:48,74,r/GetMotivated,39,2018-05-16 17:50:21,0,0,0,0
8jupst,2018-05-16 13:00:48,74,r/GetMotivated,40,2018-05-16 17:56:02,0,1,0,0
8jupst,2018-05-16 13:00:48,74,r/GetMotivated,40,2018-05-16 18:03:54,1,0,1,0
8jupst,2018-05-16 13:00:48,74,r/GetMotivated,41,2018-05-16 17:57:24,0,0,0,0
8jupst,2018-05-16 13:00:48,74,r/GetMotivated,42,2018-05-16 18:00:18,0,0,0,0
8jupst,2018-05-16 13:00:48,74,r/GetMotivated,43,2018-05-16 18:00:22,0,0,0,0
8jupst,2018-05-16 13:00:48,74,r/GetMotivated,44,2018-05-16 18:07:00,0,0,0,0
8jupst,2018-05-16 13:00:48,74,r/GetMotivated,45,2018-05-16 16:52:56,0,0,-1,0
8jupst,2018-05-16 13:00:48,74,r/GetMotivated,46,2018-05-16 17:04:46,0,0,-1,0
8jupst,2018-05-16 13:00:48,74,r/GetMotivated,47,2018-05-16 17:06:52,0,1,-1,0
8jupst,2018-05-16 13:00:48,74,r/GetMotivated,47,2018-05-16 17:21:19,1,0,0,0
8jupst,2018-05-16 13:00:48,74,r/GetMotivated,48,2018-05-16 17:46:48,0,0,-1,0
8jupst,2018-05-16 13:00:48,74,r/GetMotivated,49,2018-05-16 17:49:00,0,0,-1,0
8jupst,2018-05-16 13:00:48,74,r/GetMotivated,50,2018-05-16 18:02:10,0,0,-1,0
8jupst,2018-05-16 13:00:48,74,r/GetMotivated,51,2018-05-16 15:51:02,0,1,-5,0
8jupst,2018-05-16 13:00:48,74,r/GetMotivated,51,2018-05-16 15:59:18,1,1,0,0
8jupst,2018-05-16 13:00:48,74,r/GetMotivated,51,2018-05-16 16:13:37,2,0,0,0
8jupst,2018-05-16 13:00:48,74,r/GetMotivated,52,2018-05-16 17:12:09,0,1,-3,0
8jupst,2018-05-16 13:00:48,74,r/GetMotivated,52,2018-05-16 17:20:45,1,0,2,0
8jupst,2018-05-16 13:00:48,74,r/GetMotivated,53,2018-05-16 16:08:04,0,0,-5,0
8jupst,2018-05-16 13:00:48,74,r/GetMotivated,54,2018-05-16 15:33:55,0,2,-20,0
8jupst,2018-05-16 13:00:48,74,r/GetMotivated,54,2018-05-16 15:37:37,1,1,6,0
8jupst,2018-05-16 13:00:48,74,r/GetMotivated,54,2018-05-16 15:40:53,2,2,-19,0
8jupst,2018-05-16 13:00:48,74,r/GetMotivated,54,2018-05-16 15:42:19,3,0,1,0
8jupst,2018-05-16 13:00:48,74,r/GetMotivated,54,2018-05-16 15:53:43,3,1,-1,0
8jupst,2018-05-16 13:00:48,74,r/GetMotivated,54,2018-05-16 15:57:19,4,1,-10,0
8jupst,2018-05-16 13:00:48,74,r/GetMotivated,54,2018-05-16 17:05:23,5,1,2,0
8jupst,2018-05-16 13:00:48,74,r/GetMotivated,54,2018-05-16 17:29:49,6,0,-1,0
8jupst,2018-05-16 13:00:48,74,r/GetMotivated,54,2018-05-16 16:16:46,1,1,1,0
8jupst,2018-05-16 13:00:48,74,r/GetMotivated,54,2018-05-16 17:09:50,2,0,-1,0
8jtq0s,2018-05-16 10:02:00,75,r/thisismylifenow,0,2018-05-16 12:10:49,0,7,162,0
8jtq0s,2018-05-16 10:02:00,75,r/thisismylifenow,0,2018-05-16 13:45:45,1,1,111,0
8jtq0s,2018-05-16 10:02:00,75,r/thisismylifenow,0,2018-05-16 13:54:37,2,1,30,0
8jtq0s,2018-05-16 10:02:00,75,r/thisismylifenow,0,2018-05-16 13:54:56,3,1,10,0
8jtq0s,2018-05-16 10:02:00,75,r/thisismylifenow,0,2018-05-16 15:07:33,4,1,17,0
8jtq0s,2018-05-16 10:02:00,75,r/thisismylifenow,0,2018-05-16 16:08:39,5,1,2,0
8jtq0s,2018-05-16 10:02:00,75,r/thisismylifenow,0,2018-05-16 16:13:33,6,1,7,0
8jtq0s,2018-05-16 10:02:00,75,r/thisismylifenow,0,2018-05-16 16:45:42,7,0,3,0
8jtq0s,2018-05-16 10:02:00,75,r/thisismylifenow,0,2018-05-16 13:31:39,1,1,28,0
8jtq0s,2018-05-16 10:02:00,75,r/thisismylifenow,0,2018-05-16 16:06:41,2,1,5,0
8jtq0s,2018-05-16 10:02:00,75,r/thisismylifenow,0,2018-05-16 18:15:56,3,1,1,0
8jtq0s,2018-05-16 10:02:00,75,r/thisismylifenow,0,2018-05-16 18:26:45,4,0,1,0
8jtq0s,2018-05-16 10:02:00,75,r/thisismylifenow,0,2018-05-16 14:29:37,1,1,13,0
8jtq0s,2018-05-16 10:02:00,75,r/thisismylifenow,0,2018-05-16 14:44:14,2,0,-10,0
8jtq0s,2018-05-16 10:02:00,75,r/thisismylifenow,0,2018-05-16 14:10:08,1,0,5,0
8jtq0s,2018-05-16 10:02:00,75,r/thisismylifenow,0,2018-05-16 17:17:51,1,0,2,0
8jtq0s,2018-05-16 10:02:00,75,r/thisismylifenow,0,2018-05-16 15:10:41,1,0,4,0
8jtq0s,2018-05-16 10:02:00,75,r/thisismylifenow,0,2018-05-16 16:43:54,1,0,1,0
8jtq0s,2018-05-16 10:02:00,75,r/thisismylifenow,1,2018-05-16 13:11:54,0,0,37,0
8jtq0s,2018-05-16 10:02:00,75,r/thisismylifenow,2,2018-05-16 12:49:04,0,1,51,0
8jtq0s,2018-05-16 10:02:00,75,r/thisismylifenow,2,2018-05-16 16:43:39,1,1,5,0
8jtq0s,2018-05-16 10:02:00,75,r/thisismylifenow,2,2018-05-16 18:20:28,2,0,0,0
8jtq0s,2018-05-16 10:02:00,75,r/thisismylifenow,3,2018-05-16 13:02:40,0,4,47,0
8jtq0s,2018-05-16 10:02:00,75,r/thisismylifenow,3,2018-05-16 15:28:31,1,2,9,0
8jtq0s,2018-05-16 10:02:00,75,r/thisismylifenow,3,2018-05-16 15:54:18,2,1,7,0
8jtq0s,2018-05-16 10:02:00,75,r/thisismylifenow,3,2018-05-16 16:15:38,3,0,3,0
8jtq0s,2018-05-16 10:02:00,75,r/thisismylifenow,3,2018-05-16 18:05:32,2,0,1,0
8jtq0s,2018-05-16 10:02:00,75,r/thisismylifenow,3,2018-05-16 16:36:21,1,0,3,0
8jtq0s,2018-05-16 10:02:00,75,r/thisismylifenow,3,2018-05-16 14:23:53,1,0,5,0
8jtq0s,2018-05-16 10:02:00,75,r/thisismylifenow,3,2018-05-16 16:15:28,1,0,2,0
8jtq0s,2018-05-16 10:02:00,75,r/thisismylifenow,4,2018-05-16 13:35:37,0,0,11,0
8jtq0s,2018-05-16 10:02:00,75,r/thisismylifenow,5,2018-05-16 13:17:41,0,0,10,0
8jtq0s,2018-05-16 10:02:00,75,r/thisismylifenow,6,2018-05-16 14:46:02,0,0,10,0
8jtq0s,2018-05-16 10:02:00,75,r/thisismylifenow,7,2018-05-16 13:26:35,0,0,6,0
8jtq0s,2018-05-16 10:02:00,75,r/thisismylifenow,8,2018-05-16 13:24:45,0,1,8,0
8jtq0s,2018-05-16 10:02:00,75,r/thisismylifenow,8,2018-05-16 15:48:33,1,1,2,0
8jtq0s,2018-05-16 10:02:00,75,r/thisismylifenow,8,2018-05-16 17:40:04,2,0,1,0
8jtq0s,2018-05-16 10:02:00,75,r/thisismylifenow,9,2018-05-16 17:21:52,0,0,3,0
8jtq0s,2018-05-16 10:02:00,75,r/thisismylifenow,10,2018-05-16 16:22:20,0,3,7,0
8jtq0s,2018-05-16 10:02:00,75,r/thisismylifenow,10,2018-05-16 16:37:49,1,0,1,0
8jtq0s,2018-05-16 10:02:00,75,r/thisismylifenow,10,2018-05-16 17:12:28,1,1,0,0
8jtq0s,2018-05-16 10:02:00,75,r/thisismylifenow,10,2018-05-16 18:02:53,2,0,1,0
8jtq0s,2018-05-16 10:02:00,75,r/thisismylifenow,10,2018-05-16 16:29:54,1,1,0,0
8jtq0s,2018-05-16 10:02:00,75,r/thisismylifenow,10,2018-05-16 16:51:36,2,1,6,0
8jtq0s,2018-05-16 10:02:00,75,r/thisismylifenow,10,2018-05-16 16:54:12,3,0,-5,0
8jtq0s,2018-05-16 10:02:00,75,r/thisismylifenow,11,2018-05-16 17:07:47,0,1,3,0
8jtq0s,2018-05-16 10:02:00,75,r/thisismylifenow,11,2018-05-16 17:28:23,1,1,-1,0
8jtq0s,2018-05-16 10:02:00,75,r/thisismylifenow,11,2018-05-16 17:36:25,2,0,1,0
8jtq0s,2018-05-16 10:02:00,75,r/thisismylifenow,12,2018-05-16 16:17:27,0,0,4,0
8jtq0s,2018-05-16 10:02:00,75,r/thisismylifenow,13,2018-05-16 13:49:25,0,0,2,0
8jtq0s,2018-05-16 10:02:00,75,r/thisismylifenow,14,2018-05-16 14:32:20,0,0,2,0
8jtq0s,2018-05-16 10:02:00,75,r/thisismylifenow,15,2018-05-16 16:12:11,0,0,2,0
8jtq0s,2018-05-16 10:02:00,75,r/thisismylifenow,16,2018-05-16 14:34:07,0,1,2,0
8jtq0s,2018-05-16 10:02:00,75,r/thisismylifenow,16,2018-05-16 14:42:54,1,3,6,0
8jtq0s,2018-05-16 10:02:00,75,r/thisismylifenow,16,2018-05-16 15:14:04,2,1,6,0
8jtq0s,2018-05-16 10:02:00,75,r/thisismylifenow,16,2018-05-16 16:44:52,3,1,3,0
8jtq0s,2018-05-16 10:02:00,75,r/thisismylifenow,16,2018-05-16 16:55:53,4,0,2,0
8jtq0s,2018-05-16 10:02:00,75,r/thisismylifenow,16,2018-05-16 15:25:51,2,0,4,0
8jtq0s,2018-05-16 10:02:00,75,r/thisismylifenow,16,2018-05-16 15:32:12,2,0,5,0
8jtq0s,2018-05-16 10:02:00,75,r/thisismylifenow,17,2018-05-16 17:57:10,0,0,1,0
8jtq0s,2018-05-16 10:02:00,75,r/thisismylifenow,18,2018-05-16 18:01:15,0,0,1,0
8jtq0s,2018-05-16 10:02:00,75,r/thisismylifenow,19,2018-05-16 18:23:43,0,0,1,0
8jtq0s,2018-05-16 10:02:00,75,r/thisismylifenow,20,2018-05-16 15:45:24,0,0,2,0
8jtq0s,2018-05-16 10:02:00,75,r/thisismylifenow,21,2018-05-16 14:04:08,0,0,1,0
8jtq0s,2018-05-16 10:02:00,75,r/thisismylifenow,22,2018-05-16 14:12:48,0,1,1,0
8jtq0s,2018-05-16 10:02:00,75,r/thisismylifenow,22,2018-05-16 16:38:44,1,0,1,0
8jtq0s,2018-05-16 10:02:00,75,r/thisismylifenow,23,2018-05-16 14:35:41,0,0,1,0
8jtq0s,2018-05-16 10:02:00,75,r/thisismylifenow,24,2018-05-16 14:56:46,0,0,1,0
8jtq0s,2018-05-16 10:02:00,75,r/thisismylifenow,25,2018-05-16 15:17:05,0,1,1,0
8jtq0s,2018-05-16 10:02:00,75,r/thisismylifenow,25,2018-05-16 15:35:14,1,0,1,0
8jtq0s,2018-05-16 10:02:00,75,r/thisismylifenow,26,2018-05-16 11:45:55,0,0,0,0
8jtq0s,2018-05-16 10:02:00,75,r/thisismylifenow,27,2018-05-16 15:14:35,0,0,0,0
8jtq0s,2018-05-16 10:02:00,75,r/thisismylifenow,28,2018-05-16 16:25:09,0,0,0,0
8jtfx8,2018-05-16 08:59:29,76,r/nottheonion,0,2018-05-16 12:48:33,0,14,5131,0
8jtfx8,2018-05-16 08:59:29,76,r/nottheonion,0,2018-05-16 13:11:08,1,9,2227,0
8jtfx8,2018-05-16 08:59:29,76,r/nottheonion,0,2018-05-16 13:34:34,2,5,642,0
8jtfx8,2018-05-16 08:59:29,76,r/nottheonion,0,2018-05-16 13:36:20,3,2,534,0
8jtfx8,2018-05-16 08:59:29,76,r/nottheonion,0,2018-05-16 13:54:45,4,15,466,0
8jtfx8,2018-05-16 08:59:29,76,r/nottheonion,0,2018-05-16 14:02:26,5,1,179,0
8jtfx8,2018-05-16 08:59:29,76,r/nottheonion,0,2018-05-16 15:19:05,6,1,84,0
8jtfx8,2018-05-16 08:59:29,76,r/nottheonion,0,2018-05-16 15:21:24,7,2,65,0
8jtfx8,2018-05-16 08:59:29,76,r/nottheonion,0,2018-05-16 15:44:47,8,3,58,0
8jtfx8,2018-05-16 08:59:29,76,r/nottheonion,0,2018-05-16 15:53:28,9,1,11,0
8jtfx8,2018-05-16 08:59:29,76,r/nottheonion,0,2018-05-16 17:26:03,9,0,2,0
8jtfx8,2018-05-16 08:59:29,76,r/nottheonion,0,2018-05-16 18:25:33,9,0,1,0
8jtfx8,2018-05-16 08:59:29,76,r/nottheonion,0,2018-05-16 14:22:51,5,4,102,0
8jtfx8,2018-05-16 08:59:29,76,r/nottheonion,0,2018-05-16 14:40:42,6,2,108,0
8jtfx8,2018-05-16 08:59:29,76,r/nottheonion,0,2018-05-16 15:07:54,7,2,27,0
8jtfx8,2018-05-16 08:59:29,76,r/nottheonion,0,2018-05-16 16:14:02,8,1,8,0
8jtfx8,2018-05-16 08:59:29,76,r/nottheonion,0,2018-05-16 15:51:58,8,1,10,0
8jtfx8,2018-05-16 08:59:29,76,r/nottheonion,0,2018-05-16 16:20:59,9,0,4,0
8jtfx8,2018-05-16 08:59:29,76,r/nottheonion,0,2018-05-16 16:07:29,7,0,7,0
8jtfx8,2018-05-16 08:59:29,76,r/nottheonion,0,2018-05-16 14:52:22,6,1,11,0
8jtfx8,2018-05-16 08:59:29,76,r/nottheonion,0,2018-05-16 14:57:58,7,1,4,0
8jtfx8,2018-05-16 08:59:29,76,r/nottheonion,0,2018-05-16 15:02:19,8,0,5,0
8jtfx8,2018-05-16 08:59:29,76,r/nottheonion,0,2018-05-16 14:52:09,6,1,7,0
8jtfx8,2018-05-16 08:59:29,76,r/nottheonion,0,2018-05-16 16:54:05,7,0,2,0
8jtfx8,2018-05-16 08:59:29,76,r/nottheonion,0,2018-05-16 14:05:37,5,1,26,0
8jtfx8,2018-05-16 08:59:29,76,r/nottheonion,0,2018-05-16 14:10:11,6,3,58,0
8jtfx8,2018-05-16 08:59:29,76,r/nottheonion,0,2018-05-16 14:21:46,7,2,26,0
8jtfx8,2018-05-16 08:59:29,76,r/nottheonion,0,2018-05-16 15:07:34,8,2,30,0
8jtfx8,2018-05-16 08:59:29,76,r/nottheonion,0,2018-05-16 15:15:41,9,0,5,0
8jtfx8,2018-05-16 08:59:29,76,r/nottheonion,0,2018-05-16 16:03:16,7,1,2,0
8jtfx8,2018-05-16 08:59:29,76,r/nottheonion,0,2018-05-16 16:11:37,8,0,2,0
8jtfx8,2018-05-16 08:59:29,76,r/nottheonion,0,2018-05-16 16:07:28,7,1,2,0
8jtfx8,2018-05-16 08:59:29,76,r/nottheonion,0,2018-05-16 14:17:09,5,1,73,0
8jtfx8,2018-05-16 08:59:29,76,r/nottheonion,0,2018-05-16 14:31:42,6,3,11,0
8jtfx8,2018-05-16 08:59:29,76,r/nottheonion,0,2018-05-16 14:38:31,7,1,22,0
8jtfx8,2018-05-16 08:59:29,76,r/nottheonion,0,2018-05-16 14:50:13,8,1,1,0
8jtfx8,2018-05-16 08:59:29,76,r/nottheonion,0,2018-05-16 14:56:14,9,1,5,0
8jtfx8,2018-05-16 08:59:29,76,r/nottheonion,0,2018-05-16 15:15:11,7,1,2,0
8jtfx8,2018-05-16 08:59:29,76,r/nottheonion,0,2018-05-16 15:28:02,7,1,2,0
8jtfx8,2018-05-16 08:59:29,76,r/nottheonion,0,2018-05-16 15:35:22,8,0,3,0
8jtfx8,2018-05-16 08:59:29,76,r/nottheonion,0,2018-05-16 14:22:23,5,5,24,0
8jtfx8,2018-05-16 08:59:29,76,r/nottheonion,0,2018-05-16 14:38:17,6,5,60,0
8jtfx8,2018-05-16 08:59:29,76,r/nottheonion,0,2018-05-16 14:44:26,7,2,12,0
8jtfx8,2018-05-16 08:59:29,76,r/nottheonion,0,2018-05-16 14:50:34,8,0,41,0
8jtfx8,2018-05-16 08:59:29,76,r/nottheonion,0,2018-05-16 15:01:27,7,2,21,0
8jtfx8,2018-05-16 08:59:29,76,r/nottheonion,0,2018-05-16 15:21:16,8,1,16,0
8jtfx8,2018-05-16 08:59:29,76,r/nottheonion,0,2018-05-16 15:40:10,7,1,6,0
8jtfx8,2018-05-16 08:59:29,76,r/nottheonion,0,2018-05-16 15:58:56,8,1,3,0
8jtfx8,2018-05-16 08:59:29,76,r/nottheonion,0,2018-05-16 17:30:42,9,0,2,0
8jtfx8,2018-05-16 08:59:29,76,r/nottheonion,0,2018-05-16 15:03:10,7,0,3,0
8jtfx8,2018-05-16 08:59:29,76,r/nottheonion,0,2018-05-16 14:37:39,6,1,10,0
8jtfx8,2018-05-16 08:59:29,76,r/nottheonion,0,2018-05-16 14:45:51,7,0,19,0
8jtfx8,2018-05-16 08:59:29,76,r/nottheonion,0,2018-05-16 15:08:31,6,0,2,0
8jtfx8,2018-05-16 08:59:29,76,r/nottheonion,0,2018-05-16 16:09:30,6,0,2,0
8jtfx8,2018-05-16 08:59:29,76,r/nottheonion,0,2018-05-16 14:26:20,5,0,5,0
8jtfx8,2018-05-16 08:59:29,76,r/nottheonion,0,2018-05-16 14:50:55,5,0,4,0
8jtfx8,2018-05-16 08:59:29,76,r/nottheonion,0,2018-05-16 14:40:38,5,0,2,0
8jtfx8,2018-05-16 08:59:29,76,r/nottheonion,0,2018-05-16 15:09:25,5,0,2,0
8jtfx8,2018-05-16 08:59:29,76,r/nottheonion,0,2018-05-16 16:40:49,5,0,2,0
8jtfx8,2018-05-16 08:59:29,76,r/nottheonion,0,2018-05-16 16:48:17,5,0,2,0
8jtfx8,2018-05-16 08:59:29,76,r/nottheonion,0,2018-05-16 16:53:41,5,0,2,0
8jtfx8,2018-05-16 08:59:29,76,r/nottheonion,0,2018-05-16 14:29:51,5,1,2,0
8jtfx8,2018-05-16 08:59:29,76,r/nottheonion,0,2018-05-16 14:54:47,5,0,3,0
8jtfx8,2018-05-16 08:59:29,76,r/nottheonion,0,2018-05-16 13:58:57,3,0,9,0
8jtfx8,2018-05-16 08:59:29,76,r/nottheonion,0,2018-05-16 14:09:01,3,0,1,0
8jtfx8,2018-05-16 08:59:29,76,r/nottheonion,0,2018-05-16 14:18:23,3,0,1,0
8jtfx8,2018-05-16 08:59:29,76,r/nottheonion,0,2018-05-16 14:07:11,2,2,55,0
8jtfx8,2018-05-16 08:59:29,76,r/nottheonion,0,2018-05-16 15:46:36,3,1,18,0
8jtfx8,2018-05-16 08:59:29,76,r/nottheonion,0,2018-05-16 18:05:34,4,0,1,0
8jtfx8,2018-05-16 08:59:29,76,r/nottheonion,0,2018-05-16 15:43:08,3,0,5,0
8jtfx8,2018-05-16 08:59:29,76,r/nottheonion,0,2018-05-16 14:46:53,2,0,26,0
8jtfx8,2018-05-16 08:59:29,76,r/nottheonion,0,2018-05-16 14:17:34,2,3,16,0
8jtfx8,2018-05-16 08:59:29,76,r/nottheonion,0,2018-05-16 16:24:30,3,1,19,0
8jtfx8,2018-05-16 08:59:29,76,r/nottheonion,0,2018-05-16 15:12:00,3,0,2,0
8jtfx8,2018-05-16 08:59:29,76,r/nottheonion,0,2018-05-16 14:12:18,2,2,7,0
8jtfx8,2018-05-16 08:59:29,76,r/nottheonion,0,2018-05-16 16:28:14,3,1,13,0
8jtfx8,2018-05-16 08:59:29,76,r/nottheonion,0,2018-05-16 18:00:53,4,0,1,0
8jtfx8,2018-05-16 08:59:29,76,r/nottheonion,0,2018-05-16 17:32:48,3,0,1,0
8jtfx8,2018-05-16 08:59:29,76,r/nottheonion,0,2018-05-16 14:28:18,2,0,2,0
8jtfx8,2018-05-16 08:59:29,76,r/nottheonion,0,2018-05-16 15:05:27,2,0,2,0
8jtfx8,2018-05-16 08:59:29,76,r/nottheonion,0,2018-05-16 15:58:00,2,0,2,0
8jtfx8,2018-05-16 08:59:29,76,r/nottheonion,0,2018-05-16 13:09:53,1,8,225,0
8jtfx8,2018-05-16 08:59:29,76,r/nottheonion,0,2018-05-16 13:17:00,2,1,247,0
8jtfx8,2018-05-16 08:59:29,76,r/nottheonion,0,2018-05-16 13:43:31,3,5,216,0
8jtfx8,2018-05-16 08:59:29,76,r/nottheonion,0,2018-05-16 13:55:45,4,4,144,0
8jtfx8,2018-05-16 08:59:29,76,r/nottheonion,0,2018-05-16 14:42:12,5,1,11,0
8jtfx8,2018-05-16 08:59:29,76,r/nottheonion,0,2018-05-16 14:45:01,6,1,21,0
8jtfx8,2018-05-16 08:59:29,76,r/nottheonion,0,2018-05-16 16:26:46,7,0,12,0
8jtfx8,2018-05-16 08:59:29,76,r/nottheonion,0,2018-05-16 15:10:55,5,0,8,0
8jtfx8,2018-05-16 08:59:29,76,r/nottheonion,0,2018-05-16 15:56:28,5,0,2,0
8jtfx8,2018-05-16 08:59:29,76,r/nottheonion,0,2018-05-16 14:57:57,5,1,2,0
8jtfx8,2018-05-16 08:59:29,76,r/nottheonion,0,2018-05-16 15:12:04,6,0,3,0
8jtfx8,2018-05-16 08:59:29,76,r/nottheonion,0,2018-05-16 13:54:08,4,2,47,0
8jtfx8,2018-05-16 08:59:29,76,r/nottheonion,0,2018-05-16 14:38:08,5,2,33,0
8jtfx8,2018-05-16 08:59:29,76,r/nottheonion,0,2018-05-16 14:51:04,6,1,25,0
8jtfx8,2018-05-16 08:59:29,76,r/nottheonion,0,2018-05-16 15:01:46,7,0,32,0
8jtfx8,2018-05-16 08:59:29,76,r/nottheonion,0,2018-05-16 14:16:53,4,2,23,0
8jtfx8,2018-05-16 08:59:29,76,r/nottheonion,0,2018-05-16 15:23:32,5,1,26,0
8jtfx8,2018-05-16 08:59:29,76,r/nottheonion,0,2018-05-16 15:58:33,6,0,10,0
8jtfx8,2018-05-16 08:59:29,76,r/nottheonion,0,2018-05-16 15:49:59,5,0,6,0
8jtfx8,2018-05-16 08:59:29,76,r/nottheonion,0,2018-05-16 15:45:18,4,0,3,0
8jtfx8,2018-05-16 08:59:29,76,r/nottheonion,0,2018-05-16 13:47:55,2,3,58,0
8jtfx8,2018-05-16 08:59:29,76,r/nottheonion,0,2018-05-16 13:52:20,3,1,36,0
8jtfx8,2018-05-16 08:59:29,76,r/nottheonion,0,2018-05-16 15:05:22,4,0,25,0
8jtfx8,2018-05-16 08:59:29,76,r/nottheonion,0,2018-05-16 13:52:36,3,2,57,0
8jtfx8,2018-05-16 08:59:29,76,r/nottheonion,0,2018-05-16 14:06:39,4,3,15,0
8jtfx8,2018-05-16 08:59:29,76,r/nottheonion,0,2018-05-16 15:03:07,5,0,2,0
8jtfx8,2018-05-16 08:59:29,76,r/nottheonion,0,2018-05-16 15:10:48,5,1,2,0
8jtfx8,2018-05-16 08:59:29,76,r/nottheonion,0,2018-05-16 15:20:15,6,1,2,0
8jtfx8,2018-05-16 08:59:29,76,r/nottheonion,0,2018-05-16 15:45:55,7,1,2,0
8jtfx8,2018-05-16 08:59:29,76,r/nottheonion,0,2018-05-16 14:31:46,4,0,8,0
8jtfx8,2018-05-16 08:59:29,76,r/nottheonion,0,2018-05-16 15:34:29,3,1,3,0
8jtfx8,2018-05-16 08:59:29,76,r/nottheonion,0,2018-05-16 15:43:10,4,0,2,0
8jtfx8,2018-05-16 08:59:29,76,r/nottheonion,0,2018-05-16 13:43:05,2,4,44,0
8jtfx8,2018-05-16 08:59:29,76,r/nottheonion,0,2018-05-16 13:49:02,3,1,23,0
8jtfx8,2018-05-16 08:59:29,76,r/nottheonion,0,2018-05-16 14:08:53,4,0,2,0
8jtfx8,2018-05-16 08:59:29,76,r/nottheonion,0,2018-05-16 14:31:40,3,1,19,0
8jtfx8,2018-05-16 08:59:29,76,r/nottheonion,0,2018-05-16 14:45:22,3,0,15,0
8jtfx8,2018-05-16 08:59:29,76,r/nottheonion,0,2018-05-16 13:49:50,2,3,20,0
8jtfx8,2018-05-16 08:59:29,76,r/nottheonion,0,2018-05-16 14:20:48,3,1,62,0
8jtfx8,2018-05-16 08:59:29,76,r/nottheonion,0,2018-05-16 14:27:43,4,2,6,0
8jtfx8,2018-05-16 08:59:29,76,r/nottheonion,0,2018-05-16 14:35:31,5,0,23,0
8jtfx8,2018-05-16 08:59:29,76,r/nottheonion,0,2018-05-16 17:14:19,5,0,2,0
8jtfx8,2018-05-16 08:59:29,76,r/nottheonion,0,2018-05-16 14:02:55,3,0,18,0
8jtfx8,2018-05-16 08:59:29,76,r/nottheonion,0,2018-05-16 14:59:54,3,0,3,0
8jtfx8,2018-05-16 08:59:29,76,r/nottheonion,0,2018-05-16 14:01:17,2,0,3,0
8jtfx8,2018-05-16 08:59:29,76,r/nottheonion,0,2018-05-16 15:04:37,2,0,2,0
8jtfx8,2018-05-16 08:59:29,76,r/nottheonion,0,2018-05-16 14:15:45,2,0,1,0
8jtfx8,2018-05-16 08:59:29,76,r/nottheonion,0,2018-05-16 13:11:46,1,3,94,0
8jtfx8,2018-05-16 08:59:29,76,r/nottheonion,0,2018-05-16 13:25:14,2,7,135,0
8jtfx8,2018-05-16 08:59:29,76,r/nottheonion,0,2018-05-16 13:44:58,3,6,58,0
8jtfx8,2018-05-16 08:59:29,76,r/nottheonion,0,2018-05-16 13:54:15,4,0,18,0
8jtfx8,2018-05-16 08:59:29,76,r/nottheonion,0,2018-05-16 14:32:57,4,0,6,0
8jtfx8,2018-05-16 08:59:29,76,r/nottheonion,0,2018-05-16 15:18:09,4,1,4,0
8jtfx8,2018-05-16 08:59:29,76,r/nottheonion,0,2018-05-16 18:03:14,5,0,1,0
8jtfx8,2018-05-16 08:59:29,76,r/nottheonion,0,2018-05-16 14:47:42,4,0,2,0
8jtfx8,2018-05-16 08:59:29,76,r/nottheonion,0,2018-05-16 15:42:27,4,1,2,0
8jtfx8,2018-05-16 08:59:29,76,r/nottheonion,0,2018-05-16 13:35:16,3,1,75,0
8jtfx8,2018-05-16 08:59:29,76,r/nottheonion,0,2018-05-16 14:08:36,4,1,14,0
8jtfx8,2018-05-16 08:59:29,76,r/nottheonion,0,2018-05-16 14:38:01,5,1,6,0
8jtfx8,2018-05-16 08:59:29,76,r/nottheonion,0,2018-05-16 14:53:34,6,3,5,0
8jtfx8,2018-05-16 08:59:29,76,r/nottheonion,0,2018-05-16 14:54:47,7,1,13,0
8jtfx8,2018-05-16 08:59:29,76,r/nottheonion,0,2018-05-16 15:27:55,8,0,3,0
8jtfx8,2018-05-16 08:59:29,76,r/nottheonion,0,2018-05-16 16:00:37,7,0,3,0
8jtfx8,2018-05-16 08:59:29,76,r/nottheonion,0,2018-05-16 13:37:50,3,1,21,0
8jtfx8,2018-05-16 08:59:29,76,r/nottheonion,0,2018-05-16 13:28:42,3,0,11,0
8jtfx8,2018-05-16 08:59:29,76,r/nottheonion,0,2018-05-16 16:04:59,3,0,3,0
8jtfx8,2018-05-16 08:59:29,76,r/nottheonion,0,2018-05-16 14:32:59,3,1,2,0
8jtfx8,2018-05-16 08:59:29,76,r/nottheonion,0,2018-05-16 15:20:50,4,0,2,0
8jtfx8,2018-05-16 08:59:29,76,r/nottheonion,0,2018-05-16 13:15:48,2,1,15,0
8jtfx8,2018-05-16 08:59:29,76,r/nottheonion,0,2018-05-16 15:46:26,3,1,2,0
8jtfx8,2018-05-16 08:59:29,76,r/nottheonion,0,2018-05-16 13:15:14,1,1,35,0
8jtfx8,2018-05-16 08:59:29,76,r/nottheonion,0,2018-05-16 13:23:02,2,0,15,0
8jtfx8,2018-05-16 08:59:29,76,r/nottheonion,0,2018-05-16 13:21:37,1,2,23,0
8jtfx8,2018-05-16 08:59:29,76,r/nottheonion,0,2018-05-16 13:50:20,2,1,1,0
8jtfx8,2018-05-16 08:59:29,76,r/nottheonion,0,2018-05-16 13:51:38,3,0,1,0
8jtfx8,2018-05-16 08:59:29,76,r/nottheonion,0,2018-05-16 13:17:33,1,0,17,0
8jtfx8,2018-05-16 08:59:29,76,r/nottheonion,0,2018-05-16 13:57:38,1,0,9,0
8jtfx8,2018-05-16 08:59:29,76,r/nottheonion,0,2018-05-16 13:45:19,1,0,4,0
8jtfx8,2018-05-16 08:59:29,76,r/nottheonion,0,2018-05-16 16:23:01,1,0,2,0
8jtfx8,2018-05-16 08:59:29,76,r/nottheonion,0,2018-05-16 13:12:06,1,0,3,0
8jtfx8,2018-05-16 08:59:29,76,r/nottheonion,0,2018-05-16 13:31:28,1,0,1,0
8jtfx8,2018-05-16 08:59:29,76,r/nottheonion,0,2018-05-16 13:49:08,1,0,1,0
8jtfx8,2018-05-16 08:59:29,76,r/nottheonion,0,2018-05-16 13:58:13,1,1,1,0
8jtfx8,2018-05-16 08:59:29,76,r/nottheonion,0,2018-05-16 15:14:36,2,0,2,0
8jtfx8,2018-05-16 08:59:29,76,r/nottheonion,1,2018-05-16 10:14:18,0,4,1477,0
8jtfx8,2018-05-16 08:59:29,76,r/nottheonion,1,2018-05-16 10:20:27,1,4,465,0
8jtfx8,2018-05-16 08:59:29,76,r/nottheonion,1,2018-05-16 10:23:12,2,0,211,0
8jtfx8,2018-05-16 08:59:29,76,r/nottheonion,1,2018-05-16 12:30:43,2,4,93,0
8jtfx8,2018-05-16 08:59:29,76,r/nottheonion,1,2018-05-16 12:53:35,3,2,159,0
8jtfx8,2018-05-16 08:59:29,76,r/nottheonion,1,2018-05-16 13:00:11,4,1,63,0
8jtfx8,2018-05-16 08:59:29,76,r/nottheonion,1,2018-05-16 13:48:47,5,1,29,0
8jtfx8,2018-05-16 08:59:29,76,r/nottheonion,1,2018-05-16 17:00:24,6,1,12,0
8jtfx8,2018-05-16 08:59:29,76,r/nottheonion,1,2018-05-16 17:22:42,7,0,4,0
8jtfx8,2018-05-16 08:59:29,76,r/nottheonion,1,2018-05-16 13:06:27,4,1,3,0
8jtfx8,2018-05-16 08:59:29,76,r/nottheonion,1,2018-05-16 13:21:44,5,2,7,0
8jtfx8,2018-05-16 08:59:29,76,r/nottheonion,1,2018-05-16 15:19:35,6,0,2,0
8jtfx8,2018-05-16 08:59:29,76,r/nottheonion,1,2018-05-16 13:04:17,3,1,16,0
8jtfx8,2018-05-16 08:59:29,76,r/nottheonion,1,2018-05-16 13:05:24,4,1,25,0
8jtfx8,2018-05-16 08:59:29,76,r/nottheonion,1,2018-05-16 13:24:54,5,2,6,0
8jtfx8,2018-05-16 08:59:29,76,r/nottheonion,1,2018-05-16 14:35:00,6,1,7,0
8jtfx8,2018-05-16 08:59:29,76,r/nottheonion,1,2018-05-16 13:49:10,6,0,1,0
8jtfx8,2018-05-16 08:59:29,76,r/nottheonion,1,2018-05-16 13:02:29,3,2,32,0
8jtfx8,2018-05-16 08:59:29,76,r/nottheonion,1,2018-05-16 13:21:09,4,2,24,0
8jtfx8,2018-05-16 08:59:29,76,r/nottheonion,1,2018-05-16 13:28:24,5,1,6,0
8jtfx8,2018-05-16 08:59:29,76,r/nottheonion,1,2018-05-16 13:59:38,6,2,16,0
8jtfx8,2018-05-16 08:59:29,76,r/nottheonion,1,2018-05-16 14:19:17,7,0,7,0
8jtfx8,2018-05-16 08:59:29,76,r/nottheonion,1,2018-05-16 14:25:22,7,0,1,0
8jtfx8,2018-05-16 08:59:29,76,r/nottheonion,1,2018-05-16 13:40:23,3,2,3,0
8jtfx8,2018-05-16 08:59:29,76,r/nottheonion,1,2018-05-16 13:54:56,4,2,3,0
8jtfx8,2018-05-16 08:59:29,76,r/nottheonion,1,2018-05-16 15:09:34,5,0,5,0
8jtfx8,2018-05-16 08:59:29,76,r/nottheonion,1,2018-05-16 13:58:07,5,1,2,0
8jtfx8,2018-05-16 08:59:29,76,r/nottheonion,1,2018-05-16 14:02:28,6,0,2,0
8jtfx8,2018-05-16 08:59:29,76,r/nottheonion,1,2018-05-16 15:48:01,2,0,2,0
8jtfx8,2018-05-16 08:59:29,76,r/nottheonion,1,2018-05-16 13:07:42,1,2,23,0
8jtfx8,2018-05-16 08:59:29,76,r/nottheonion,1,2018-05-16 13:23:27,2,2,14,0
8jtfx8,2018-05-16 08:59:29,76,r/nottheonion,1,2018-05-16 13:27:05,3,1,16,0
8jtfx8,2018-05-16 08:59:29,76,r/nottheonion,1,2018-05-16 15:05:07,4,4,11,0
8jtfx8,2018-05-16 08:59:29,76,r/nottheonion,1,2018-05-16 15:06:29,5,2,7,0
8jtfx8,2018-05-16 08:59:29,76,r/nottheonion,1,2018-05-16 15:16:25,6,1,6,0
8jtfx8,2018-05-16 08:59:29,76,r/nottheonion,1,2018-05-16 17:17:24,7,0,2,0
8jtfx8,2018-05-16 08:59:29,76,r/nottheonion,1,2018-05-16 17:26:02,5,0,3,0
8jtfx8,2018-05-16 08:59:29,76,r/nottheonion,1,2018-05-16 17:36:53,5,0,1,0
8jtfx8,2018-05-16 08:59:29,76,r/nottheonion,1,2018-05-16 13:29:03,2,0,1,0
8jtfx8,2018-05-16 08:59:29,76,r/nottheonion,1,2018-05-16 13:36:17,1,0,1,0
8jtfx8,2018-05-16 08:59:29,76,r/nottheonion,2,2018-05-16 13:58:16,0,4,698,0
8jtfx8,2018-05-16 08:59:29,76,r/nottheonion,2,2018-05-16 15:32:47,1,2,80,0
8jtfx8,2018-05-16 08:59:29,76,r/nottheonion,2,2018-05-16 16:14:56,2,2,44,0
8jtfx8,2018-05-16 08:59:29,76,r/nottheonion,2,2018-05-16 17:33:08,3,1,1,0
8jtfx8,2018-05-16 08:59:29,76,r/nottheonion,2,2018-05-16 18:19:47,4,0,1,0
8jtfx8,2018-05-16 08:59:29,76,r/nottheonion,2,2018-05-16 16:18:43,2,1,13,0
8jtfx8,2018-05-16 08:59:29,76,r/nottheonion,2,2018-05-16 16:26:09,3,0,7,0
8jtfx8,2018-05-16 08:59:29,76,r/nottheonion,2,2018-05-16 16:38:54,1,1,3,0
8jtfx8,2018-05-16 08:59:29,76,r/nottheonion,2,2018-05-16 17:05:42,2,0,2,0
8jtfx8,2018-05-16 08:59:29,76,r/nottheonion,2,2018-05-16 17:11:18,1,0,2,0
8jtfx8,2018-05-16 08:59:29,76,r/nottheonion,3,2018-05-16 13:00:09,0,2,143,0
8jtfx8,2018-05-16 08:59:29,76,r/nottheonion,3,2018-05-16 13:19:54,1,3,109,0
8jtfx8,2018-05-16 08:59:29,76,r/nottheonion,3,2018-05-16 13:31:25,2,1,32,0
8jtfx8,2018-05-16 08:59:29,76,r/nottheonion,3,2018-05-16 17:09:28,2,1,3,0
8jtfx8,2018-05-16 08:59:29,76,r/nottheonion,4,2018-05-16 09:11:23,0,26,2553,0
8jtfx8,2018-05-16 08:59:29,76,r/nottheonion,4,2018-05-16 10:43:13,1,15,5090,1
8jtfx8,2018-05-16 08:59:29,76,r/nottheonion,4,2018-05-16 13:11:28,2,3,509,0
8jtfx8,2018-05-16 08:59:29,76,r/nottheonion,4,2018-05-16 15:22:15,3,2,59,0
8jtfx8,2018-05-16 08:59:29,76,r/nottheonion,4,2018-05-16 17:17:28,4,0,5,0
8jtfx8,2018-05-16 08:59:29,76,r/nottheonion,4,2018-05-16 16:36:25,3,1,2,0
8jtfx8,2018-05-16 08:59:29,76,r/nottheonion,4,2018-05-16 16:40:02,4,1,11,0
8jtfx8,2018-05-16 08:59:29,76,r/nottheonion,4,2018-05-16 15:03:00,2,0,48,0
8jtfx8,2018-05-16 08:59:29,76,r/nottheonion,4,2018-05-16 13:17:57,2,2,97,0
8jtfx8,2018-05-16 08:59:29,76,r/nottheonion,4,2018-05-16 14:42:44,3,0,97,0
8jtfx8,2018-05-16 08:59:29,76,r/nottheonion,4,2018-05-16 16:55:11,3,0,3,0
8jtfx8,2018-05-16 08:59:29,76,r/nottheonion,4,2018-05-16 15:09:03,2,0,25,0
8jtfx8,2018-05-16 08:59:29,76,r/nottheonion,4,2018-05-16 12:42:01,2,0,43,0
8jtfx8,2018-05-16 08:59:29,76,r/nottheonion,4,2018-05-16 11:29:23,2,1,102,0
8jtfx8,2018-05-16 08:59:29,76,r/nottheonion,4,2018-05-16 13:09:34,3,4,216,0
8jtfx8,2018-05-16 08:59:29,76,r/nottheonion,4,2018-05-16 13:12:02,4,3,81,0
8jtfx8,2018-05-16 08:59:29,76,r/nottheonion,4,2018-05-16 13:19:32,5,0,14,0
8jtfx8,2018-05-16 08:59:29,76,r/nottheonion,4,2018-05-16 17:01:22,5,0,2,0
8jtfx8,2018-05-16 08:59:29,76,r/nottheonion,4,2018-05-16 14:19:11,5,1,1,0
8jtfx8,2018-05-16 08:59:29,76,r/nottheonion,4,2018-05-16 14:44:16,6,0,3,0
8jtfx8,2018-05-16 08:59:29,76,r/nottheonion,4,2018-05-16 13:32:47,4,1,30,0
8jtfx8,2018-05-16 08:59:29,76,r/nottheonion,4,2018-05-16 13:57:41,4,2,8,0
8jtfx8,2018-05-16 08:59:29,76,r/nottheonion,4,2018-05-16 15:14:41,5,0,3,0
8jtfx8,2018-05-16 08:59:29,76,r/nottheonion,4,2018-05-16 13:48:05,4,0,5,0
8jtfx8,2018-05-16 08:59:29,76,r/nottheonion,4,2018-05-16 15:03:01,2,0,7,0
8jtfx8,2018-05-16 08:59:29,76,r/nottheonion,4,2018-05-16 13:59:17,2,0,3,0
8jtfx8,2018-05-16 08:59:29,76,r/nottheonion,4,2018-05-16 15:10:34,2,0,3,0
8jtfx8,2018-05-16 08:59:29,76,r/nottheonion,4,2018-05-16 16:41:50,2,2,4,0
8jtfx8,2018-05-16 08:59:29,76,r/nottheonion,4,2018-05-16 16:59:59,3,2,4,0
8jtfx8,2018-05-16 08:59:29,76,r/nottheonion,4,2018-05-16 17:35:43,4,0,1,0
8jtfx8,2018-05-16 08:59:29,76,r/nottheonion,4,2018-05-16 17:04:38,4,0,3,0
8jtfx8,2018-05-16 08:59:29,76,r/nottheonion,4,2018-05-16 13:37:20,2,4,8,0
8jtfx8,2018-05-16 08:59:29,76,r/nottheonion,4,2018-05-16 15:10:37,3,3,22,0
8jtfx8,2018-05-16 08:59:29,76,r/nottheonion,4,2018-05-16 16:22:53,4,1,3,0
8jtfx8,2018-05-16 08:59:29,76,r/nottheonion,4,2018-05-16 16:29:28,5,1,5,0
8jtfx8,2018-05-16 08:59:29,76,r/nottheonion,4,2018-05-16 16:30:49,6,0,2,0
8jtfx8,2018-05-16 08:59:29,76,r/nottheonion,4,2018-05-16 16:58:00,4,1,3,0
8jtfx8,2018-05-16 08:59:29,76,r/nottheonion,4,2018-05-16 14:43:51,3,2,3,0
8jtfx8,2018-05-16 08:59:29,76,r/nottheonion,4,2018-05-16 14:50:34,4,1,9,0
8jtfx8,2018-05-16 08:59:29,76,r/nottheonion,4,2018-05-16 16:43:16,5,2,5,0
8jtfx8,2018-05-16 08:59:29,76,r/nottheonion,4,2018-05-16 17:00:07,6,0,2,0
8jtfx8,2018-05-16 08:59:29,76,r/nottheonion,4,2018-05-16 15:04:46,4,1,5,0
8jtfx8,2018-05-16 08:59:29,76,r/nottheonion,4,2018-05-16 16:38:00,3,0,3,0
8jtfx8,2018-05-16 08:59:29,76,r/nottheonion,4,2018-05-16 12:47:17,2,0,5,0
8jtfx8,2018-05-16 08:59:29,76,r/nottheonion,4,2018-05-16 14:28:59,2,0,2,0
8jtfx8,2018-05-16 08:59:29,76,r/nottheonion,4,2018-05-16 14:38:29,2,0,2,0
8jtfx8,2018-05-16 08:59:29,76,r/nottheonion,4,2018-05-16 13:18:23,1,2,140,0
8jtfx8,2018-05-16 08:59:29,76,r/nottheonion,4,2018-05-16 13:19:45,2,4,87,0
8jtfx8,2018-05-16 08:59:29,76,r/nottheonion,4,2018-05-16 13:45:58,3,3,28,0
8jtfx8,2018-05-16 08:59:29,76,r/nottheonion,4,2018-05-16 14:47:06,4,1,6,0
8jtfx8,2018-05-16 08:59:29,76,r/nottheonion,4,2018-05-16 17:22:32,5,0,2,0
8jtfx8,2018-05-16 08:59:29,76,r/nottheonion,4,2018-05-16 14:31:18,4,2,8,0
8jtfx8,2018-05-16 08:59:29,76,r/nottheonion,4,2018-05-16 15:23:19,5,0,2,0
8jtfx8,2018-05-16 08:59:29,76,r/nottheonion,4,2018-05-16 15:06:55,3,0,3,0
8jtfx8,2018-05-16 08:59:29,76,r/nottheonion,4,2018-05-16 17:30:09,3,0,2,0
8jtfx8,2018-05-16 08:59:29,76,r/nottheonion,4,2018-05-16 13:28:44,1,1,67,0
8jtfx8,2018-05-16 08:59:29,76,r/nottheonion,4,2018-05-16 14:46:26,2,2,19,0
8jtfx8,2018-05-16 08:59:29,76,r/nottheonion,4,2018-05-16 15:25:19,3,0,8,0
8jtfx8,2018-05-16 08:59:29,76,r/nottheonion,4,2018-05-16 14:55:38,3,0,5,0
8jtfx8,2018-05-16 08:59:29,76,r/nottheonion,4,2018-05-16 09:29:24,1,1,75,0
8jtfx8,2018-05-16 08:59:29,76,r/nottheonion,4,2018-05-16 13:23:04,2,1,44,0
8jtfx8,2018-05-16 08:59:29,76,r/nottheonion,4,2018-05-16 14:12:32,3,1,3,0
8jtfx8,2018-05-16 08:59:29,76,r/nottheonion,4,2018-05-16 14:56:35,4,1,3,0
8jtfx8,2018-05-16 08:59:29,76,r/nottheonion,4,2018-05-16 13:16:35,1,2,30,0
8jtfx8,2018-05-16 08:59:29,76,r/nottheonion,4,2018-05-16 14:17:22,2,2,11,0
8jtfx8,2018-05-16 08:59:29,76,r/nottheonion,4,2018-05-16 15:16:01,3,0,14,0
8jtfx8,2018-05-16 08:59:29,76,r/nottheonion,4,2018-05-16 15:40:59,2,0,2,0
8jtfx8,2018-05-16 08:59:29,76,r/nottheonion,4,2018-05-16 13:03:07,1,4,37,0
8jtfx8,2018-05-16 08:59:29,76,r/nottheonion,4,2018-05-16 13:05:30,2,0,12,0
8jtfx8,2018-05-16 08:59:29,76,r/nottheonion,4,2018-05-16 13:14:01,2,1,7,0
8jtfx8,2018-05-16 08:59:29,76,r/nottheonion,4,2018-05-16 14:03:23,3,0,3,0
8jtfx8,2018-05-16 08:59:29,76,r/nottheonion,4,2018-05-16 15:27:41,2,1,3,0
8jtfx8,2018-05-16 08:59:29,76,r/nottheonion,4,2018-05-16 17:36:19,3,0,1,0
8jtfx8,2018-05-16 08:59:29,76,r/nottheonion,4,2018-05-16 10:49:19,1,0,13,0
8jtfx8,2018-05-16 08:59:29,76,r/nottheonion,4,2018-05-16 13:23:26,1,1,29,0
8jtfx8,2018-05-16 08:59:29,76,r/nottheonion,4,2018-05-16 14:39:26,2,2,20,0
8jtfx8,2018-05-16 08:59:29,76,r/nottheonion,4,2018-05-16 15:15:07,3,1,4,0
8jtfx8,2018-05-16 08:59:29,76,r/nottheonion,4,2018-05-16 16:24:54,4,0,2,0
8jtfx8,2018-05-16 08:59:29,76,r/nottheonion,4,2018-05-16 15:17:08,3,0,2,0
8jtfx8,2018-05-16 08:59:29,76,r/nottheonion,4,2018-05-16 13:34:50,1,0,3,0
8jtfx8,2018-05-16 08:59:29,76,r/nottheonion,4,2018-05-16 12:52:59,1,0,5,0
8jtfx8,2018-05-16 08:59:29,76,r/nottheonion,4,2018-05-16 13:10:43,1,0,5,0
8jtfx8,2018-05-16 08:59:29,76,r/nottheonion,4,2018-05-16 13:50:23,1,1,4,0
8jtfx8,2018-05-16 08:59:29,76,r/nottheonion,4,2018-05-16 13:18:50,1,2,2,0
8jtfx8,2018-05-16 08:59:29,76,r/nottheonion,4,2018-05-16 15:03:34,2,1,3,0
8jtfx8,2018-05-16 08:59:29,76,r/nottheonion,4,2018-05-16 15:25:27,2,0,2,0
8jtfx8,2018-05-16 08:59:29,76,r/nottheonion,4,2018-05-16 14:48:16,1,0,2,0
8jtfx8,2018-05-16 08:59:29,76,r/nottheonion,4,2018-05-16 15:31:54,1,0,2,0
8jtfx8,2018-05-16 08:59:29,76,r/nottheonion,4,2018-05-16 15:39:04,1,0,2,0
8jtfx8,2018-05-16 08:59:29,76,r/nottheonion,4,2018-05-16 15:46:41,1,0,2,0
8jtfx8,2018-05-16 08:59:29,76,r/nottheonion,4,2018-05-16 13:46:39,1,0,1,0
8jtfx8,2018-05-16 08:59:29,76,r/nottheonion,4,2018-05-16 13:51:33,1,0,1,0
8jtfx8,2018-05-16 08:59:29,76,r/nottheonion,4,2018-05-16 13:51:47,1,0,1,0
8jtfx8,2018-05-16 08:59:29,76,r/nottheonion,4,2018-05-16 14:11:02,1,0,1,0
8jtfx8,2018-05-16 08:59:29,76,r/nottheonion,4,2018-05-16 14:16:12,1,0,1,0
8jtfx8,2018-05-16 08:59:29,76,r/nottheonion,4,2018-05-16 14:16:35,1,0,1,0
8jtfx8,2018-05-16 08:59:29,76,r/nottheonion,4,2018-05-16 14:26:22,1,0,1,0
8jtfx8,2018-05-16 08:59:29,76,r/nottheonion,4,2018-05-16 14:28:49,1,0,1,0
8jtfx8,2018-05-16 08:59:29,76,r/nottheonion,5,2018-05-16 10:36:46,0,3,395,0
8jtfx8,2018-05-16 08:59:29,76,r/nottheonion,5,2018-05-16 14:09:31,1,1,85,0
8jtfx8,2018-05-16 08:59:29,76,r/nottheonion,5,2018-05-16 15:30:05,2,2,27,0
8jtfx8,2018-05-16 08:59:29,76,r/nottheonion,5,2018-05-16 16:56:19,3,0,2,0
8jtfx8,2018-05-16 08:59:29,76,r/nottheonion,5,2018-05-16 13:33:12,1,1,64,0
8jtfx8,2018-05-16 08:59:29,76,r/nottheonion,6,2018-05-16 11:46:43,0,6,164,0
8jtfx8,2018-05-16 08:59:29,76,r/nottheonion,6,2018-05-16 13:08:55,1,4,73,0
8jtfx8,2018-05-16 08:59:29,76,r/nottheonion,6,2018-05-16 14:00:47,2,0,12,0
8jtfx8,2018-05-16 08:59:29,76,r/nottheonion,6,2018-05-16 15:02:13,2,0,3,0
8jtfx8,2018-05-16 08:59:29,76,r/nottheonion,6,2018-05-16 14:11:04,2,1,2,0
8jtfx8,2018-05-16 08:59:29,76,r/nottheonion,6,2018-05-16 12:36:55,1,2,47,0
8jtfx8,2018-05-16 08:59:29,76,r/nottheonion,6,2018-05-16 13:28:14,2,4,25,0
8jtfx8,2018-05-16 08:59:29,76,r/nottheonion,6,2018-05-16 13:47:58,3,1,99,0
8jtfx8,2018-05-16 08:59:29,76,r/nottheonion,6,2018-05-16 13:57:42,3,1,28,0
8jtfx8,2018-05-16 08:59:29,76,r/nottheonion,6,2018-05-16 16:09:44,3,1,6,0
8jtfx8,2018-05-16 08:59:29,76,r/nottheonion,6,2018-05-16 13:42:16,3,3,4,0
8jtfx8,2018-05-16 08:59:29,76,r/nottheonion,6,2018-05-16 13:48:00,4,0,9,0
8jtfx8,2018-05-16 08:59:29,76,r/nottheonion,6,2018-05-16 14:35:00,4,1,5,0
8jtfx8,2018-05-16 08:59:29,76,r/nottheonion,6,2018-05-16 14:53:58,5,0,4,0
8jtfx8,2018-05-16 08:59:29,76,r/nottheonion,6,2018-05-16 12:35:10,1,2,13,0
8jtfx8,2018-05-16 08:59:29,76,r/nottheonion,6,2018-05-16 12:39:08,2,1,16,0
8jtfx8,2018-05-16 08:59:29,76,r/nottheonion,6,2018-05-16 12:47:02,3,1,3,0
8jtfx8,2018-05-16 08:59:29,76,r/nottheonion,6,2018-05-16 14:30:34,4,0,2,0
8jtfx8,2018-05-16 08:59:29,76,r/nottheonion,6,2018-05-16 14:17:31,2,1,4,0
8jtfx8,2018-05-16 08:59:29,76,r/nottheonion,6,2018-05-16 16:00:55,3,0,3,0
8jtfx8,2018-05-16 08:59:29,76,r/nottheonion,6,2018-05-16 16:25:59,1,0,3,0
8jtfx8,2018-05-16 08:59:29,76,r/nottheonion,6,2018-05-16 13:57:35,1,0,1,0
8jtfx8,2018-05-16 08:59:29,76,r/nottheonion,7,2018-05-16 09:15:53,0,2,275,0
8jtfx8,2018-05-16 08:59:29,76,r/nottheonion,7,2018-05-16 11:13:02,1,0,227,0
8jtfx8,2018-05-16 08:59:29,76,r/nottheonion,7,2018-05-16 14:04:12,1,5,31,0
8jtfx8,2018-05-16 08:59:29,76,r/nottheonion,7,2018-05-16 15:42:48,2,1,6,0
8jtfx8,2018-05-16 08:59:29,76,r/nottheonion,7,2018-05-16 16:59:06,3,2,3,0
8jtfx8,2018-05-16 08:59:29,76,r/nottheonion,7,2018-05-16 17:40:46,4,0,1,0
8jtfx8,2018-05-16 08:59:29,76,r/nottheonion,7,2018-05-16 16:16:33,2,0,3,0
8jtfx8,2018-05-16 08:59:29,76,r/nottheonion,7,2018-05-16 17:53:30,2,1,1,0
8jtfx8,2018-05-16 08:59:29,76,r/nottheonion,7,2018-05-16 17:54:06,3,0,1,0
8jtfx8,2018-05-16 08:59:29,76,r/nottheonion,7,2018-05-16 14:35:54,2,2,7,0
8jtfx8,2018-05-16 08:59:29,76,r/nottheonion,7,2018-05-16 16:58:33,3,0,3,0
8jtfx8,2018-05-16 08:59:29,76,r/nottheonion,8,2018-05-16 10:02:34,0,2,148,0
8jtfx8,2018-05-16 08:59:29,76,r/nottheonion,8,2018-05-16 13:03:52,1,4,188,0
8jtfx8,2018-05-16 08:59:29,76,r/nottheonion,8,2018-05-16 13:23:46,2,1,45,0
8jtfx8,2018-05-16 08:59:29,76,r/nottheonion,8,2018-05-16 14:17:47,3,1,21,0
8jtfx8,2018-05-16 08:59:29,76,r/nottheonion,8,2018-05-16 14:21:37,4,1,14,0
8jtfx8,2018-05-16 08:59:29,76,r/nottheonion,8,2018-05-16 15:17:12,5,2,8,0
8jtfx8,2018-05-16 08:59:29,76,r/nottheonion,8,2018-05-16 16:19:09,6,0,2,0
8jtfx8,2018-05-16 08:59:29,76,r/nottheonion,8,2018-05-16 16:48:17,6,0,2,0
8jtfx8,2018-05-16 08:59:29,76,r/nottheonion,8,2018-05-16 13:26:55,2,2,8,0
8jtfx8,2018-05-16 08:59:29,76,r/nottheonion,8,2018-05-16 13:49:12,3,2,6,0
8jtfx8,2018-05-16 08:59:29,76,r/nottheonion,8,2018-05-16 13:50:56,4,1,11,0
8jtfx8,2018-05-16 08:59:29,76,r/nottheonion,8,2018-05-16 13:51:43,5,0,29,0
8jtfx8,2018-05-16 08:59:29,76,r/nottheonion,8,2018-05-16 14:56:09,4,0,2,0
8jtfx8,2018-05-16 08:59:29,76,r/nottheonion,8,2018-05-16 13:31:20,2,0,9,0
8jtfx8,2018-05-16 08:59:29,76,r/nottheonion,8,2018-05-16 13:36:06,2,0,3,0
8jtfx8,2018-05-16 08:59:29,76,r/nottheonion,8,2018-05-16 12:25:41,1,0,18,0
8jtfx8,2018-05-16 08:59:29,76,r/nottheonion,9,2018-05-16 12:37:28,0,5,102,0
8jtfx8,2018-05-16 08:59:29,76,r/nottheonion,9,2018-05-16 13:51:47,1,1,23,0
8jtfx8,2018-05-16 08:59:29,76,r/nottheonion,9,2018-05-16 14:29:51,2,0,10,0
8jtfx8,2018-05-16 08:59:29,76,r/nottheonion,9,2018-05-16 15:13:47,1,0,6,0
8jtfx8,2018-05-16 08:59:29,76,r/nottheonion,9,2018-05-16 13:38:01,1,1,8,0
8jtfx8,2018-05-16 08:59:29,76,r/nottheonion,9,2018-05-16 13:53:28,2,0,4,0
8jtfx8,2018-05-16 08:59:29,76,r/nottheonion,9,2018-05-16 17:04:02,1,0,3,0
8jtfx8,2018-05-16 08:59:29,76,r/nottheonion,10,2018-05-16 12:57:18,0,0,22,0
8jtfx8,2018-05-16 08:59:29,76,r/nottheonion,11,2018-05-16 14:07:11,0,2,22,0
8jtfx8,2018-05-16 08:59:29,76,r/nottheonion,11,2018-05-16 16:03:43,1,0,3,0
8jtfx8,2018-05-16 08:59:29,76,r/nottheonion,12,2018-05-16 13:41:30,0,0,16,0
8jtfx8,2018-05-16 08:59:29,76,r/nottheonion,13,2018-05-16 10:21:59,0,2,17,0
8jtfx8,2018-05-16 08:59:29,76,r/nottheonion,13,2018-05-16 13:12:27,1,0,4,0
8jtfx8,2018-05-16 08:59:29,76,r/nottheonion,14,2018-05-16 13:19:06,0,1,11,0
8jtfx8,2018-05-16 08:59:29,76,r/nottheonion,15,2018-05-16 14:26:45,0,1,22,0
8jtfx8,2018-05-16 08:59:29,76,r/nottheonion,16,2018-05-16 10:49:36,0,5,47,0
8jtfx8,2018-05-16 08:59:29,76,r/nottheonion,16,2018-05-16 11:00:38,1,2,85,0
8jtfx8,2018-05-16 08:59:29,76,r/nottheonion,16,2018-05-16 11:57:10,2,0,51,0
8jtfx8,2018-05-16 08:59:29,76,r/nottheonion,16,2018-05-16 13:08:41,1,0,10,0
8jtfx8,2018-05-16 08:59:29,76,r/nottheonion,16,2018-05-16 13:13:08,1,0,3,0
8jtfx8,2018-05-16 08:59:29,76,r/nottheonion,16,2018-05-16 13:34:12,1,0,1,0
8jtfx8,2018-05-16 08:59:29,76,r/nottheonion,17,2018-05-16 14:04:27,0,0,8,0
8jtfx8,2018-05-16 08:59:29,76,r/nottheonion,18,2018-05-16 12:48:52,0,3,46,0
8jtfx8,2018-05-16 08:59:29,76,r/nottheonion,18,2018-05-16 13:21:51,1,0,23,0
8jtfx8,2018-05-16 08:59:29,76,r/nottheonion,18,2018-05-16 14:28:57,1,0,7,0
8jtfx8,2018-05-16 08:59:29,76,r/nottheonion,19,2018-05-16 14:44:28,0,0,6,0
8jtfx8,2018-05-16 08:59:29,76,r/nottheonion,20,2018-05-16 13:16:41,0,1,18,0
8jtfx8,2018-05-16 08:59:29,76,r/nottheonion,21,2018-05-16 13:52:51,0,0,6,0
8jtfx8,2018-05-16 08:59:29,76,r/nottheonion,22,2018-05-16 13:00:19,0,0,11,0
8jtfx8,2018-05-16 08:59:29,76,r/nottheonion,23,2018-05-16 13:40:40,0,1,6,0
8jtfx8,2018-05-16 08:59:29,76,r/nottheonion,24,2018-05-16 15:54:45,0,0,4,0
8jtfx8,2018-05-16 08:59:29,76,r/nottheonion,25,2018-05-16 16:08:32,0,0,6,0
8jtfx8,2018-05-16 08:59:29,76,r/nottheonion,26,2018-05-16 12:55:14,0,1,8,0
8jtfx8,2018-05-16 08:59:29,76,r/nottheonion,26,2018-05-16 13:21:28,1,1,7,0
8jtfx8,2018-05-16 08:59:29,76,r/nottheonion,27,2018-05-16 12:14:02,0,1,4,0
8jtfx8,2018-05-16 08:59:29,76,r/nottheonion,28,2018-05-16 13:51:58,0,0,4,0
8jtfx8,2018-05-16 08:59:29,76,r/nottheonion,29,2018-05-16 14:52:26,0,1,2,0
8jtfx8,2018-05-16 08:59:29,76,r/nottheonion,30,2018-05-16 15:51:31,0,0,4,0
8jtfx8,2018-05-16 08:59:29,76,r/nottheonion,31,2018-05-16 14:09:36,0,0,9,0
8jtfx8,2018-05-16 08:59:29,76,r/nottheonion,32,2018-05-16 12:35:34,0,2,12,0
8jtfx8,2018-05-16 08:59:29,76,r/nottheonion,32,2018-05-16 12:39:55,1,1,23,0
8jtfx8,2018-05-16 08:59:29,76,r/nottheonion,32,2018-05-16 13:03:40,2,1,28,0
8jtfx8,2018-05-16 08:59:29,76,r/nottheonion,32,2018-05-16 13:09:55,3,0,8,0
8jtfx8,2018-05-16 08:59:29,76,r/nottheonion,32,2018-05-16 15:17:51,1,0,2,0
8jtfx8,2018-05-16 08:59:29,76,r/nottheonion,33,2018-05-16 13:08:59,0,0,3,0
8jtfx8,2018-05-16 08:59:29,76,r/nottheonion,34,2018-05-16 13:42:31,0,0,3,0
8jtfx8,2018-05-16 08:59:29,76,r/nottheonion,35,2018-05-16 13:45:19,0,1,3,0
8jtfx8,2018-05-16 08:59:29,76,r/nottheonion,35,2018-05-16 15:30:27,1,0,2,0
8jtfx8,2018-05-16 08:59:29,76,r/nottheonion,36,2018-05-16 14:27:01,0,0,3,0
8jtfx8,2018-05-16 08:59:29,76,r/nottheonion,37,2018-05-16 14:50:58,0,0,3,0
8jtfx8,2018-05-16 08:59:29,76,r/nottheonion,38,2018-05-16 15:43:06,0,2,3,0
8jtfx8,2018-05-16 08:59:29,76,r/nottheonion,38,2018-05-16 16:55:49,1,0,2,0
8jtfx8,2018-05-16 08:59:29,76,r/nottheonion,39,2018-05-16 16:01:44,0,0,3,0
8jtfx8,2018-05-16 08:59:29,76,r/nottheonion,40,2018-05-16 16:47:59,0,0,3,0
8jtfx8,2018-05-16 08:59:29,76,r/nottheonion,41,2018-05-16 12:15:48,0,1,15,0
8jtfx8,2018-05-16 08:59:29,76,r/nottheonion,41,2018-05-16 14:29:54,1,0,3,0
8jtfx8,2018-05-16 08:59:29,76,r/nottheonion,42,2018-05-16 15:15:21,0,0,4,0
8jtfx8,2018-05-16 08:59:29,76,r/nottheonion,43,2018-05-16 13:12:08,0,1,2,0
8jtfx8,2018-05-16 08:59:29,76,r/nottheonion,44,2018-05-16 13:16:41,0,2,2,0
8jtfx8,2018-05-16 08:59:29,76,r/nottheonion,44,2018-05-16 13:21:20,1,1,3,0
8jtfx8,2018-05-16 08:59:29,76,r/nottheonion,44,2018-05-16 14:31:39,2,1,3,0
8jtfx8,2018-05-16 08:59:29,76,r/nottheonion,44,2018-05-16 13:24:44,1,0,2,0
8jtfx8,2018-05-16 08:59:29,76,r/nottheonion,45,2018-05-16 13:20:59,0,0,2,0
8jtfx8,2018-05-16 08:59:29,76,r/nottheonion,46,2018-05-16 13:28:08,0,0,2,0
8jtfx8,2018-05-16 08:59:29,76,r/nottheonion,47,2018-05-16 13:30:38,0,0,2,0
8jtfx8,2018-05-16 08:59:29,76,r/nottheonion,48,2018-05-16 14:02:44,0,0,2,0
8jtfx8,2018-05-16 08:59:29,76,r/nottheonion,49,2018-05-16 14:03:46,0,0,2,0
8jtfx8,2018-05-16 08:59:29,76,r/nottheonion,50,2018-05-16 14:10:12,0,0,2,0
8jtfx8,2018-05-16 08:59:29,76,r/nottheonion,51,2018-05-16 14:38:41,0,0,2,0
8jtfx8,2018-05-16 08:59:29,76,r/nottheonion,52,2018-05-16 14:51:30,0,0,2,0
8jtfx8,2018-05-16 08:59:29,76,r/nottheonion,53,2018-05-16 14:57:55,0,1,2,0
8jtfx8,2018-05-16 08:59:29,76,r/nottheonion,54,2018-05-16 15:22:02,0,0,2,0
8jtfx8,2018-05-16 08:59:29,76,r/nottheonion,55,2018-05-16 15:43:09,0,1,2,0
8jtfx8,2018-05-16 08:59:29,76,r/nottheonion,56,2018-05-16 16:37:07,0,0,2,0
8jtfx8,2018-05-16 08:59:29,76,r/nottheonion,57,2018-05-16 17:24:43,0,0,2,0
8jtfx8,2018-05-16 08:59:29,76,r/nottheonion,58,2018-05-16 12:16:32,0,1,3,0
8jtfx8,2018-05-16 08:59:29,76,r/nottheonion,59,2018-05-16 13:00:27,0,0,2,0
8jtfx8,2018-05-16 08:59:29,76,r/nottheonion,60,2018-05-16 14:47:09,0,2,2,0
8jtfx8,2018-05-16 08:59:29,76,r/nottheonion,60,2018-05-16 15:21:48,1,1,2,0
8jtfx8,2018-05-16 08:59:29,76,r/nottheonion,61,2018-05-16 11:00:31,0,3,-3,0
8jtfx8,2018-05-16 08:59:29,76,r/nottheonion,61,2018-05-16 11:05:50,1,0,7,0
8jtfx8,2018-05-16 08:59:29,76,r/nottheonion,61,2018-05-16 12:36:19,1,1,8,0
8jtfx8,2018-05-16 08:59:29,76,r/nottheonion,62,2018-05-16 13:47:38,0,1,2,0
8jtfx8,2018-05-16 08:59:29,76,r/nottheonion,62,2018-05-16 13:58:07,1,0,11,0
8jtfx8,2018-05-16 08:59:29,76,r/nottheonion,63,2018-05-16 12:52:07,0,1,1,0
8jtfx8,2018-05-16 08:59:29,76,r/nottheonion,63,2018-05-16 12:54:20,1,0,2,0
8jtfx8,2018-05-16 08:59:29,76,r/nottheonion,64,2018-05-16 13:05:27,0,2,1,0
8jtfx8,2018-05-16 08:59:29,76,r/nottheonion,64,2018-05-16 14:31:35,1,0,5,0
8jtfx8,2018-05-16 08:59:29,76,r/nottheonion,64,2018-05-16 13:19:01,1,1,3,0
8jtfx8,2018-05-16 08:59:29,76,r/nottheonion,64,2018-05-16 13:29:15,2,0,3,0
8jtfx8,2018-05-16 08:59:29,76,r/nottheonion,65,2018-05-16 13:19:56,0,0,1,0
8jtfx8,2018-05-16 08:59:29,76,r/nottheonion,66,2018-05-16 13:23:03,0,0,1,0
8jtfx8,2018-05-16 08:59:29,76,r/nottheonion,67,2018-05-16 13:28:40,0,1,1,0
8jtfx8,2018-05-16 08:59:29,76,r/nottheonion,68,2018-05-16 13:40:28,0,1,1,0
8jtfx8,2018-05-16 08:59:29,76,r/nottheonion,68,2018-05-16 14:28:20,1,0,1,0
8jtfx8,2018-05-16 08:59:29,76,r/nottheonion,69,2018-05-16 13:47:06,0,1,1,0
8jtfx8,2018-05-16 08:59:29,76,r/nottheonion,70,2018-05-16 13:47:13,0,0,1,0
8jtfx8,2018-05-16 08:59:29,76,r/nottheonion,71,2018-05-16 13:49:28,0,0,1,0
8jtfx8,2018-05-16 08:59:29,76,r/nottheonion,72,2018-05-16 13:50:01,0,0,1,0
8jtfx8,2018-05-16 08:59:29,76,r/nottheonion,73,2018-05-16 13:50:20,0,2,1,0
8jtfx8,2018-05-16 08:59:29,76,r/nottheonion,73,2018-05-16 14:19:38,1,0,1,0
8jtfx8,2018-05-16 08:59:29,76,r/nottheonion,74,2018-05-16 13:50:38,0,1,1,0
8jtfx8,2018-05-16 08:59:29,76,r/nottheonion,74,2018-05-16 13:54:15,1,1,1,0
8jtfx8,2018-05-16 08:59:29,76,r/nottheonion,75,2018-05-16 13:51:11,0,0,1,0
8jtfx8,2018-05-16 08:59:29,76,r/nottheonion,76,2018-05-16 13:53:46,0,0,1,0
8jtfx8,2018-05-16 08:59:29,76,r/nottheonion,77,2018-05-16 13:56:17,0,0,1,0
8jtfx8,2018-05-16 08:59:29,76,r/nottheonion,78,2018-05-16 13:58:18,0,0,1,0
8jtfx8,2018-05-16 08:59:29,76,r/nottheonion,79,2018-05-16 14:01:44,0,0,1,0
8jtfx8,2018-05-16 08:59:29,76,r/nottheonion,80,2018-05-16 14:06:28,0,1,1,0
8jtfx8,2018-05-16 08:59:29,76,r/nottheonion,81,2018-05-16 14:08:14,0,0,1,0
8jtfx8,2018-05-16 08:59:29,76,r/nottheonion,82,2018-05-16 14:09:44,0,0,1,0
8jtfx8,2018-05-16 08:59:29,76,r/nottheonion,83,2018-05-16 14:11:57,0,0,1,0
8jtfx8,2018-05-16 08:59:29,76,r/nottheonion,84,2018-05-16 14:12:47,0,0,1,0
8jtfx8,2018-05-16 08:59:29,76,r/nottheonion,85,2018-05-16 14:14:09,0,0,1,0
8jtfx8,2018-05-16 08:59:29,76,r/nottheonion,86,2018-05-16 14:14:41,0,0,1,0
8jtfx8,2018-05-16 08:59:29,76,r/nottheonion,87,2018-05-16 14:15:34,0,0,1,0
8jtfx8,2018-05-16 08:59:29,76,r/nottheonion,88,2018-05-16 14:15:41,0,0,1,0
8jtfx8,2018-05-16 08:59:29,76,r/nottheonion,89,2018-05-16 14:16:52,0,0,1,0
8jtfx8,2018-05-16 08:59:29,76,r/nottheonion,90,2018-05-16 14:17:19,0,0,1,0
8jtfx8,2018-05-16 08:59:29,76,r/nottheonion,91,2018-05-16 14:18:14,0,0,1,0
8jtfx8,2018-05-16 08:59:29,76,r/nottheonion,92,2018-05-16 14:25:36,0,0,1,0
8jtfx8,2018-05-16 08:59:29,76,r/nottheonion,93,2018-05-16 14:26:48,0,0,1,0
8jtuxc,2018-05-16 10:30:30,77,r/therewasanattempt,0,2018-05-16 13:10:08,0,6,1664,0
8jtuxc,2018-05-16 10:30:30,77,r/therewasanattempt,0,2018-05-16 14:10:02,1,1,218,0
8jtuxc,2018-05-16 10:30:30,77,r/therewasanattempt,0,2018-05-16 14:29:27,2,4,-53,0
8jtuxc,2018-05-16 10:30:30,77,r/therewasanattempt,0,2018-05-16 14:52:23,3,1,79,0
8jtuxc,2018-05-16 10:30:30,77,r/therewasanattempt,0,2018-05-16 14:52:28,4,1,23,0
8jtuxc,2018-05-16 10:30:30,77,r/therewasanattempt,0,2018-05-16 14:56:45,5,0,14,0
8jtuxc,2018-05-16 10:30:30,77,r/therewasanattempt,0,2018-05-16 15:59:36,3,1,18,0
8jtuxc,2018-05-16 10:30:30,77,r/therewasanattempt,0,2018-05-16 16:18:39,4,1,1,0
8jtuxc,2018-05-16 10:30:30,77,r/therewasanattempt,0,2018-05-16 16:55:21,5,0,4,0
8jtuxc,2018-05-16 10:30:30,77,r/therewasanattempt,0,2018-05-16 17:04:43,3,0,6,0
8jtuxc,2018-05-16 10:30:30,77,r/therewasanattempt,0,2018-05-16 14:31:11,3,0,-8,0
8jtuxc,2018-05-16 10:30:30,77,r/therewasanattempt,0,2018-05-16 17:40:25,1,0,1,0
8jtuxc,2018-05-16 10:30:30,77,r/therewasanattempt,0,2018-05-16 18:09:27,1,0,1,0
8jtuxc,2018-05-16 10:30:30,77,r/therewasanattempt,0,2018-05-16 18:16:47,1,0,1,0
8jtuxc,2018-05-16 10:30:30,77,r/therewasanattempt,0,2018-05-16 18:30:12,1,0,1,0
8jtuxc,2018-05-16 10:30:30,77,r/therewasanattempt,0,2018-05-16 16:26:00,1,0,-8,0
8jtuxc,2018-05-16 10:30:30,77,r/therewasanattempt,1,2018-05-16 12:03:07,0,5,875,0
8jtuxc,2018-05-16 10:30:30,77,r/therewasanattempt,1,2018-05-16 14:27:37,1,9,327,0
8jtuxc,2018-05-16 10:30:30,77,r/therewasanattempt,1,2018-05-16 15:50:27,2,4,261,0
8jtuxc,2018-05-16 10:30:30,77,r/therewasanattempt,1,2018-05-16 16:09:08,3,2,52,0
8jtuxc,2018-05-16 10:30:30,77,r/therewasanattempt,1,2018-05-16 16:38:49,4,0,11,0
8jtuxc,2018-05-16 10:30:30,77,r/therewasanattempt,1,2018-05-16 17:56:26,4,0,1,0
8jtuxc,2018-05-16 10:30:30,77,r/therewasanattempt,1,2018-05-16 16:47:43,3,0,7,0
8jtuxc,2018-05-16 10:30:30,77,r/therewasanattempt,1,2018-05-16 17:37:14,3,0,1,0
8jtuxc,2018-05-16 10:30:30,77,r/therewasanattempt,1,2018-05-16 17:50:29,3,0,1,0
8jtuxc,2018-05-16 10:30:30,77,r/therewasanattempt,1,2018-05-16 16:47:27,2,1,19,0
8jtuxc,2018-05-16 10:30:30,77,r/therewasanattempt,1,2018-05-16 17:39:17,3,0,1,0
8jtuxc,2018-05-16 10:30:30,77,r/therewasanattempt,1,2018-05-16 16:44:06,2,1,7,0
8jtuxc,2018-05-16 10:30:30,77,r/therewasanattempt,1,2018-05-16 17:09:23,3,0,3,0
8jtuxc,2018-05-16 10:30:30,77,r/therewasanattempt,1,2018-05-16 16:54:28,2,0,5,0
8jtuxc,2018-05-16 10:30:30,77,r/therewasanattempt,1,2018-05-16 17:17:51,2,0,3,0
8jtuxc,2018-05-16 10:30:30,77,r/therewasanattempt,1,2018-05-16 17:40:46,2,0,1,0
8jtuxc,2018-05-16 10:30:30,77,r/therewasanattempt,1,2018-05-16 17:49:33,2,0,1,0
8jtuxc,2018-05-16 10:30:30,77,r/therewasanattempt,1,2018-05-16 17:48:40,2,0,1,0
8jtuxc,2018-05-16 10:30:30,77,r/therewasanattempt,1,2018-05-16 17:24:39,2,0,-1,0
8jtuxc,2018-05-16 10:30:30,77,r/therewasanattempt,1,2018-05-16 14:26:26,1,0,12,0
8jtuxc,2018-05-16 10:30:30,77,r/therewasanattempt,1,2018-05-16 16:26:26,1,0,10,0
8jtuxc,2018-05-16 10:30:30,77,r/therewasanattempt,1,2018-05-16 17:18:54,1,0,2,0
8jtuxc,2018-05-16 10:30:30,77,r/therewasanattempt,1,2018-05-16 17:49:49,1,0,1,0
8jtuxc,2018-05-16 10:30:30,77,r/therewasanattempt,2,2018-05-16 11:58:12,0,2,154,0
8jtuxc,2018-05-16 10:30:30,77,r/therewasanattempt,2,2018-05-16 15:25:07,1,0,22,0
8jtuxc,2018-05-16 10:30:30,77,r/therewasanattempt,2,2018-05-16 15:06:28,1,0,5,0
8jtuxc,2018-05-16 10:30:30,77,r/therewasanattempt,3,2018-05-16 11:13:55,0,4,903,0
8jtuxc,2018-05-16 10:30:30,77,r/therewasanattempt,3,2018-05-16 13:25:50,1,1,132,0
8jtuxc,2018-05-16 10:30:30,77,r/therewasanattempt,3,2018-05-16 14:24:10,2,1,78,0
8jtuxc,2018-05-16 10:30:30,77,r/therewasanattempt,3,2018-05-16 17:22:40,3,0,3,0
8jtuxc,2018-05-16 10:30:30,77,r/therewasanattempt,3,2018-05-16 15:33:21,1,0,8,0
8jtuxc,2018-05-16 10:30:30,77,r/therewasanattempt,3,2018-05-16 15:02:37,1,2,11,0
8jtuxc,2018-05-16 10:30:30,77,r/therewasanattempt,3,2018-05-16 17:20:45,2,1,6,0
8jtuxc,2018-05-16 10:30:30,77,r/therewasanattempt,3,2018-05-16 17:36:01,3,1,1,0
8jtuxc,2018-05-16 10:30:30,77,r/therewasanattempt,3,2018-05-16 17:51:20,4,1,1,0
8jtuxc,2018-05-16 10:30:30,77,r/therewasanattempt,3,2018-05-16 17:54:57,5,1,1,0
8jtuxc,2018-05-16 10:30:30,77,r/therewasanattempt,3,2018-05-16 17:57:32,6,1,1,0
8jtuxc,2018-05-16 10:30:30,77,r/therewasanattempt,3,2018-05-16 18:00:43,7,0,1,0
8jtuxc,2018-05-16 10:30:30,77,r/therewasanattempt,3,2018-05-16 17:59:28,2,0,1,0
8jtuxc,2018-05-16 10:30:30,77,r/therewasanattempt,3,2018-05-16 14:31:21,1,1,39,0
8jtuxc,2018-05-16 10:30:30,77,r/therewasanattempt,3,2018-05-16 16:07:57,2,0,-11,0
8jtuxc,2018-05-16 10:30:30,77,r/therewasanattempt,4,2018-05-16 13:40:22,0,6,136,0
8jtuxc,2018-05-16 10:30:30,77,r/therewasanattempt,4,2018-05-16 14:02:54,1,1,55,0
8jtuxc,2018-05-16 10:30:30,77,r/therewasanattempt,4,2018-05-16 16:02:07,2,1,17,0
8jtuxc,2018-05-16 10:30:30,77,r/therewasanattempt,4,2018-05-16 17:23:14,3,0,2,0
8jtuxc,2018-05-16 10:30:30,77,r/therewasanattempt,4,2018-05-16 14:56:27,1,0,6,0
8jtuxc,2018-05-16 10:30:30,77,r/therewasanattempt,4,2018-05-16 15:55:11,1,0,3,0
8jtuxc,2018-05-16 10:30:30,77,r/therewasanattempt,4,2018-05-16 15:14:32,1,3,5,0
8jtuxc,2018-05-16 10:30:30,77,r/therewasanattempt,4,2018-05-16 15:58:11,2,2,22,0
8jtuxc,2018-05-16 10:30:30,77,r/therewasanattempt,4,2018-05-16 17:42:46,3,0,1,0
8jtuxc,2018-05-16 10:30:30,77,r/therewasanattempt,4,2018-05-16 17:28:09,3,1,1,0
8jtuxc,2018-05-16 10:30:30,77,r/therewasanattempt,4,2018-05-16 18:10:24,4,0,1,0
8jtuxc,2018-05-16 10:30:30,77,r/therewasanattempt,4,2018-05-16 15:22:12,2,0,0,0
8jtuxc,2018-05-16 10:30:30,77,r/therewasanattempt,4,2018-05-16 15:38:40,2,3,-20,0
8jtuxc,2018-05-16 10:30:30,77,r/therewasanattempt,4,2018-05-16 15:59:07,3,0,7,0
8jtuxc,2018-05-16 10:30:30,77,r/therewasanattempt,4,2018-05-16 15:59:30,3,0,6,0
8jtuxc,2018-05-16 10:30:30,77,r/therewasanattempt,4,2018-05-16 17:43:34,3,0,1,0
8jtuxc,2018-05-16 10:30:30,77,r/therewasanattempt,4,2018-05-16 16:04:11,1,0,0,0
8jtuxc,2018-05-16 10:30:30,77,r/therewasanattempt,4,2018-05-16 17:09:27,1,0,1,0
8jtuxc,2018-05-16 10:30:30,77,r/therewasanattempt,5,2018-05-16 13:56:52,0,1,91,0
8jtuxc,2018-05-16 10:30:30,77,r/therewasanattempt,5,2018-05-16 14:36:15,1,0,23,0
8jtuxc,2018-05-16 10:30:30,77,r/therewasanattempt,6,2018-05-16 13:24:31,0,1,221,0
8jtuxc,2018-05-16 10:30:30,77,r/therewasanattempt,6,2018-05-16 14:13:45,1,0,21,0
8jtuxc,2018-05-16 10:30:30,77,r/therewasanattempt,7,2018-05-16 12:34:20,0,1,115,0
8jtuxc,2018-05-16 10:30:30,77,r/therewasanattempt,7,2018-05-16 14:35:52,1,1,74,0
8jtuxc,2018-05-16 10:30:30,77,r/therewasanattempt,7,2018-05-16 14:37:56,2,0,13,0
8jtuxc,2018-05-16 10:30:30,77,r/therewasanattempt,8,2018-05-16 14:08:50,0,0,39,0
8jtuxc,2018-05-16 10:30:30,77,r/therewasanattempt,9,2018-05-16 10:52:30,0,4,151,0
8jtuxc,2018-05-16 10:30:30,77,r/therewasanattempt,9,2018-05-16 14:38:26,1,1,81,0
8jtuxc,2018-05-16 10:30:30,77,r/therewasanattempt,9,2018-05-16 15:45:10,2,2,21,0
8jtuxc,2018-05-16 10:30:30,77,r/therewasanattempt,9,2018-05-16 16:51:28,3,2,2,0
8jtuxc,2018-05-16 10:30:30,77,r/therewasanattempt,9,2018-05-16 17:01:00,4,0,4,0
8jtuxc,2018-05-16 10:30:30,77,r/therewasanattempt,9,2018-05-16 17:31:01,4,0,1,0
8jtuxc,2018-05-16 10:30:30,77,r/therewasanattempt,9,2018-05-16 18:02:59,3,0,1,0
8jtuxc,2018-05-16 10:30:30,77,r/therewasanattempt,9,2018-05-16 11:05:15,1,3,39,0
8jtuxc,2018-05-16 10:30:30,77,r/therewasanattempt,9,2018-05-16 13:57:56,2,0,16,0
8jtuxc,2018-05-16 10:30:30,77,r/therewasanattempt,9,2018-05-16 13:51:12,2,0,5,0
8jtuxc,2018-05-16 10:30:30,77,r/therewasanattempt,9,2018-05-16 14:02:36,2,2,-5,0
8jtuxc,2018-05-16 10:30:30,77,r/therewasanattempt,9,2018-05-16 16:01:58,3,0,5,0
8jtuxc,2018-05-16 10:30:30,77,r/therewasanattempt,9,2018-05-16 16:07:02,3,0,1,0
8jtuxc,2018-05-16 10:30:30,77,r/therewasanattempt,9,2018-05-16 17:32:47,1,0,1,0
8jtuxc,2018-05-16 10:30:30,77,r/therewasanattempt,9,2018-05-16 14:35:53,1,0,0,0
8jtuxc,2018-05-16 10:30:30,77,r/therewasanattempt,10,2018-05-16 13:59:02,0,1,26,0
8jtuxc,2018-05-16 10:30:30,77,r/therewasanattempt,10,2018-05-16 17:33:56,1,1,1,0
8jtuxc,2018-05-16 10:30:30,77,r/therewasanattempt,10,2018-05-16 17:52:04,2,0,1,0
8jtuxc,2018-05-16 10:30:30,77,r/therewasanattempt,11,2018-05-16 14:21:48,0,3,26,0
8jtuxc,2018-05-16 10:30:30,77,r/therewasanattempt,11,2018-05-16 16:34:00,1,0,10,0
8jtuxc,2018-05-16 10:30:30,77,r/therewasanattempt,11,2018-05-16 17:35:00,1,0,1,0
8jtuxc,2018-05-16 10:30:30,77,r/therewasanattempt,11,2018-05-16 14:30:10,1,2,-1,0
8jtuxc,2018-05-16 10:30:30,77,r/therewasanattempt,11,2018-05-16 14:52:47,2,0,12,0
8jtuxc,2018-05-16 10:30:30,77,r/therewasanattempt,11,2018-05-16 16:59:18,2,0,1,0
8jtuxc,2018-05-16 10:30:30,77,r/therewasanattempt,12,2018-05-16 11:51:09,0,3,41,0
8jtuxc,2018-05-16 10:30:30,77,r/therewasanattempt,12,2018-05-16 12:34:23,1,2,34,0
8jtuxc,2018-05-16 10:30:30,77,r/therewasanattempt,12,2018-05-16 15:15:25,2,0,3,0
8jtuxc,2018-05-16 10:30:30,77,r/therewasanattempt,12,2018-05-16 13:18:33,2,1,-17,0
8jtuxc,2018-05-16 10:30:30,77,r/therewasanattempt,12,2018-05-16 14:34:33,3,0,5,0
8jtuxc,2018-05-16 10:30:30,77,r/therewasanattempt,12,2018-05-16 14:17:58,1,0,5,0
8jtuxc,2018-05-16 10:30:30,77,r/therewasanattempt,12,2018-05-16 15:01:59,1,0,1,0
8jtuxc,2018-05-16 10:30:30,77,r/therewasanattempt,13,2018-05-16 13:49:15,0,3,19,0
8jtuxc,2018-05-16 10:30:30,77,r/therewasanattempt,13,2018-05-16 14:40:04,1,1,5,0
8jtuxc,2018-05-16 10:30:30,77,r/therewasanattempt,13,2018-05-16 15:40:18,2,0,3,0
8jtuxc,2018-05-16 10:30:30,77,r/therewasanattempt,13,2018-05-16 16:19:23,1,0,3,0
8jtuxc,2018-05-16 10:30:30,77,r/therewasanattempt,13,2018-05-16 16:22:56,1,1,1,0
8jtuxc,2018-05-16 10:30:30,77,r/therewasanattempt,13,2018-05-16 16:25:53,2,1,5,0
8jtuxc,2018-05-16 10:30:30,77,r/therewasanattempt,13,2018-05-16 16:31:12,3,0,2,0
8jtuxc,2018-05-16 10:30:30,77,r/therewasanattempt,14,2018-05-16 14:15:53,0,0,9,0
8jtuxc,2018-05-16 10:30:30,77,r/therewasanattempt,15,2018-05-16 14:32:45,0,0,8,0
8jtuxc,2018-05-16 10:30:30,77,r/therewasanattempt,16,2018-05-16 13:52:43,0,0,9,0
8jtuxc,2018-05-16 10:30:30,77,r/therewasanattempt,17,2018-05-16 13:43:30,0,0,7,0
8jtuxc,2018-05-16 10:30:30,77,r/therewasanattempt,18,2018-05-16 15:27:51,0,0,5,0
8jtuxc,2018-05-16 10:30:30,77,r/therewasanattempt,19,2018-05-16 15:32:41,0,0,5,0
8jtuxc,2018-05-16 10:30:30,77,r/therewasanattempt,20,2018-05-16 14:26:25,0,1,4,0
8jtuxc,2018-05-16 10:30:30,77,r/therewasanattempt,20,2018-05-16 16:30:23,1,0,2,0
8jtuxc,2018-05-16 10:30:30,77,r/therewasanattempt,21,2018-05-16 15:01:33,0,0,4,0
8jtuxc,2018-05-16 10:30:30,77,r/therewasanattempt,22,2018-05-16 16:22:38,0,0,4,0
8jtuxc,2018-05-16 10:30:30,77,r/therewasanattempt,23,2018-05-16 14:41:23,0,1,3,0
8jtuxc,2018-05-16 10:30:30,77,r/therewasanattempt,23,2018-05-16 17:36:45,1,0,1,0
8jtuxc,2018-05-16 10:30:30,77,r/therewasanattempt,24,2018-05-16 15:02:13,0,0,3,0
8jtuxc,2018-05-16 10:30:30,77,r/therewasanattempt,25,2018-05-16 16:24:33,0,0,3,0
8jtuxc,2018-05-16 10:30:30,77,r/therewasanattempt,26,2018-05-16 16:41:49,0,0,3,0
8jtuxc,2018-05-16 10:30:30,77,r/therewasanattempt,27,2018-05-16 16:46:08,0,0,3,0
8jtuxc,2018-05-16 10:30:30,77,r/therewasanattempt,28,2018-05-16 17:21:45,0,0,3,0
8jtuxc,2018-05-16 10:30:30,77,r/therewasanattempt,29,2018-05-16 14:34:36,0,0,2,0
8jtuxc,2018-05-16 10:30:30,77,r/therewasanattempt,30,2018-05-16 15:30:59,0,0,2,0
8jtuxc,2018-05-16 10:30:30,77,r/therewasanattempt,31,2018-05-16 15:33:36,0,0,2,0
8jtuxc,2018-05-16 10:30:30,77,r/therewasanattempt,32,2018-05-16 15:34:32,0,0,2,0
8jtuxc,2018-05-16 10:30:30,77,r/therewasanattempt,33,2018-05-16 15:42:33,0,0,2,0
8jtuxc,2018-05-16 10:30:30,77,r/therewasanattempt,34,2018-05-16 15:44:17,0,1,2,0
8jtuxc,2018-05-16 10:30:30,77,r/therewasanattempt,34,2018-05-16 17:30:44,1,0,1,0
8jtuxc,2018-05-16 10:30:30,77,r/therewasanattempt,35,2018-05-16 16:25:40,0,0,2,0
8jtuxc,2018-05-16 10:30:30,77,r/therewasanattempt,36,2018-05-16 16:40:39,0,0,2,0
8jtuxc,2018-05-16 10:30:30,77,r/therewasanattempt,37,2018-05-16 14:07:52,0,0,1,0
8jtuxc,2018-05-16 10:30:30,77,r/therewasanattempt,38,2018-05-16 14:39:55,0,0,1,0
8jtuxc,2018-05-16 10:30:30,77,r/therewasanattempt,39,2018-05-16 14:41:06,0,0,1,0
8jtuxc,2018-05-16 10:30:30,77,r/therewasanattempt,40,2018-05-16 14:49:07,0,0,1,0
8jtuxc,2018-05-16 10:30:30,77,r/therewasanattempt,41,2018-05-16 14:51:40,0,0,1,0
8jtuxc,2018-05-16 10:30:30,77,r/therewasanattempt,42,2018-05-16 15:03:16,0,0,1,0
8jtuxc,2018-05-16 10:30:30,77,r/therewasanattempt,43,2018-05-16 15:21:24,0,0,1,0
8jtuxc,2018-05-16 10:30:30,77,r/therewasanattempt,44,2018-05-16 15:22:12,0,0,1,0
8jtuxc,2018-05-16 10:30:30,77,r/therewasanattempt,45,2018-05-16 15:23:00,0,0,1,0
8jtuxc,2018-05-16 10:30:30,77,r/therewasanattempt,46,2018-05-16 15:26:29,0,0,1,0
8jtuxc,2018-05-16 10:30:30,77,r/therewasanattempt,47,2018-05-16 15:37:28,0,0,1,0
8jtuxc,2018-05-16 10:30:30,77,r/therewasanattempt,48,2018-05-16 15:42:58,0,0,1,0
8jtuxc,2018-05-16 10:30:30,77,r/therewasanattempt,49,2018-05-16 15:47:50,0,0,1,0
8jtuxc,2018-05-16 10:30:30,77,r/therewasanattempt,50,2018-05-16 15:51:59,0,0,1,0
8jtuxc,2018-05-16 10:30:30,77,r/therewasanattempt,51,2018-05-16 16:05:07,0,1,1,0
8jtuxc,2018-05-16 10:30:30,77,r/therewasanattempt,51,2018-05-16 17:17:02,1,0,1,0
8jtuxc,2018-05-16 10:30:30,77,r/therewasanattempt,52,2018-05-16 16:21:53,0,0,1,0
8jtuxc,2018-05-16 10:30:30,77,r/therewasanattempt,53,2018-05-16 16:38:47,0,0,1,0
8jtuxc,2018-05-16 10:30:30,77,r/therewasanattempt,54,2018-05-16 16:52:54,0,0,1,0
8jtuxc,2018-05-16 10:30:30,77,r/therewasanattempt,55,2018-05-16 16:53:33,0,0,1,0
8jtuxc,2018-05-16 10:30:30,77,r/therewasanattempt,56,2018-05-16 16:59:27,0,0,1,0
8jtuxc,2018-05-16 10:30:30,77,r/therewasanattempt,57,2018-05-16 16:59:51,0,0,1,0
8jtuxc,2018-05-16 10:30:30,77,r/therewasanattempt,58,2018-05-16 17:02:19,0,0,1,0
8jtuxc,2018-05-16 10:30:30,77,r/therewasanattempt,59,2018-05-16 17:02:55,0,0,1,0
8jtuxc,2018-05-16 10:30:30,77,r/therewasanattempt,60,2018-05-16 17:03:01,0,0,1,0
8jtuxc,2018-05-16 10:30:30,77,r/therewasanattempt,61,2018-05-16 17:09:42,0,0,1,0
8jtuxc,2018-05-16 10:30:30,77,r/therewasanattempt,62,2018-05-16 17:18:20,0,0,1,0
8jtuxc,2018-05-16 10:30:30,77,r/therewasanattempt,63,2018-05-16 17:18:32,0,0,1,0
8jtuxc,2018-05-16 10:30:30,77,r/therewasanattempt,64,2018-05-16 17:21:33,0,0,1,0
8jtuxc,2018-05-16 10:30:30,77,r/therewasanattempt,65,2018-05-16 17:26:48,0,0,1,0
8jtuxc,2018-05-16 10:30:30,77,r/therewasanattempt,66,2018-05-16 17:32:20,0,0,1,0
8jtuxc,2018-05-16 10:30:30,77,r/therewasanattempt,67,2018-05-16 17:32:26,0,0,1,0
8jtuxc,2018-05-16 10:30:30,77,r/therewasanattempt,68,2018-05-16 17:36:32,0,0,1,0
8jtuxc,2018-05-16 10:30:30,77,r/therewasanattempt,69,2018-05-16 17:55:38,0,0,1,0
8jtuxc,2018-05-16 10:30:30,77,r/therewasanattempt,70,2018-05-16 17:57:57,0,0,1,0
8jtuxc,2018-05-16 10:30:30,77,r/therewasanattempt,71,2018-05-16 18:00:10,0,0,1,0
8jtuxc,2018-05-16 10:30:30,77,r/therewasanattempt,72,2018-05-16 18:26:28,0,0,1,0
8jtuxc,2018-05-16 10:30:30,77,r/therewasanattempt,73,2018-05-16 18:26:48,0,0,1,0
8jtuxc,2018-05-16 10:30:30,77,r/therewasanattempt,74,2018-05-16 18:30:06,0,0,1,0
8jtuxc,2018-05-16 10:30:30,77,r/therewasanattempt,75,2018-05-16 13:48:50,0,0,2,0
8jtuxc,2018-05-16 10:30:30,77,r/therewasanattempt,76,2018-05-16 13:19:26,0,0,1,0
8jtuxc,2018-05-16 10:30:30,77,r/therewasanattempt,77,2018-05-16 15:02:16,0,0,1,0
8jtuxc,2018-05-16 10:30:30,77,r/therewasanattempt,78,2018-05-16 16:15:06,0,0,1,0
8jtuxc,2018-05-16 10:30:30,77,r/therewasanattempt,79,2018-05-16 16:56:47,0,0,1,0
8jtuxc,2018-05-16 10:30:30,77,r/therewasanattempt,80,2018-05-16 13:45:07,0,0,0,0
8jtuxc,2018-05-16 10:30:30,77,r/therewasanattempt,81,2018-05-16 13:25:24,0,0,0,0
8jtuxc,2018-05-16 10:30:30,77,r/therewasanattempt,82,2018-05-16 14:13:19,0,0,-2,0
8jtuxc,2018-05-16 10:30:30,77,r/therewasanattempt,83,2018-05-16 15:11:33,0,0,0,0
8jtuxc,2018-05-16 10:30:30,77,r/therewasanattempt,84,2018-05-16 13:41:33,0,1,-1,0
8jtuxc,2018-05-16 10:30:30,77,r/therewasanattempt,84,2018-05-16 13:55:55,1,1,4,0
8jtuxc,2018-05-16 10:30:30,77,r/therewasanattempt,84,2018-05-16 17:06:13,2,0,1,0
8jtuxc,2018-05-16 10:30:30,77,r/therewasanattempt,85,2018-05-16 14:07:44,0,0,0,0
8jtuxc,2018-05-16 10:30:30,77,r/therewasanattempt,86,2018-05-16 14:13:32,0,0,0,0
8jtuxc,2018-05-16 10:30:30,77,r/therewasanattempt,87,2018-05-16 14:13:38,0,1,0,0
8jtuxc,2018-05-16 10:30:30,77,r/therewasanattempt,87,2018-05-16 14:56:18,1,0,1,0
8jtuxc,2018-05-16 10:30:30,77,r/therewasanattempt,88,2018-05-16 14:13:54,0,0,0,0
8jtuxc,2018-05-16 10:30:30,77,r/therewasanattempt,89,2018-05-16 14:15:36,0,0,0,0
8jtuxc,2018-05-16 10:30:30,77,r/therewasanattempt,90,2018-05-16 14:19:23,0,0,0,0
8jtuxc,2018-05-16 10:30:30,77,r/therewasanattempt,91,2018-05-16 15:52:45,0,0,0,0
8jtuxc,2018-05-16 10:30:30,77,r/therewasanattempt,92,2018-05-16 17:09:01,0,0,0,0
8jtuxc,2018-05-16 10:30:30,77,r/therewasanattempt,93,2018-05-16 15:59:24,0,2,-7,0
8jtuxc,2018-05-16 10:30:30,77,r/therewasanattempt,93,2018-05-16 16:37:48,1,2,2,0
8jtuxc,2018-05-16 10:30:30,77,r/therewasanattempt,93,2018-05-16 17:29:03,2,0,1,0
8jtuxc,2018-05-16 10:30:30,77,r/therewasanattempt,93,2018-05-16 16:41:32,2,1,1,0
8jtuxc,2018-05-16 10:30:30,77,r/therewasanattempt,93,2018-05-16 16:53:39,3,0,1,0
8jtuxc,2018-05-16 10:30:30,77,r/therewasanattempt,93,2018-05-16 17:24:19,1,0,1,0
8jtvw9,2018-05-16 10:35:57,78,r/HistoryMemes,0,2018-05-16 11:01:12,0,2,714,0
8jtvw9,2018-05-16 10:35:57,78,r/HistoryMemes,0,2018-05-16 11:19:07,1,6,596,0
8jtvw9,2018-05-16 10:35:57,78,r/HistoryMemes,0,2018-05-16 12:49:36,2,2,195,0
8jtvw9,2018-05-16 10:35:57,78,r/HistoryMemes,0,2018-05-16 13:48:59,3,2,137,0
8jtvw9,2018-05-16 10:35:57,78,r/HistoryMemes,0,2018-05-16 16:41:45,4,0,11,0
8jtvw9,2018-05-16 10:35:57,78,r/HistoryMemes,0,2018-05-16 18:14:10,4,0,2,0
8jtvw9,2018-05-16 10:35:57,78,r/HistoryMemes,0,2018-05-16 16:32:23,3,0,2,0
8jtvw9,2018-05-16 10:35:57,78,r/HistoryMemes,0,2018-05-16 11:26:23,2,0,69,0
8jtvw9,2018-05-16 10:35:57,78,r/HistoryMemes,0,2018-05-16 15:41:23,2,0,5,0
8jtvw9,2018-05-16 10:35:57,78,r/HistoryMemes,0,2018-05-16 17:10:02,2,1,2,0
8jtvw9,2018-05-16 10:35:57,78,r/HistoryMemes,0,2018-05-16 17:11:46,3,1,2,0
8jtvw9,2018-05-16 10:35:57,78,r/HistoryMemes,0,2018-05-16 17:18:00,4,1,8,0
8jtvw9,2018-05-16 10:35:57,78,r/HistoryMemes,0,2018-05-16 17:32:07,5,0,1,0
8jtvw9,2018-05-16 10:35:57,78,r/HistoryMemes,0,2018-05-16 13:13:34,2,2,5,0
8jtvw9,2018-05-16 10:35:57,78,r/HistoryMemes,0,2018-05-16 13:20:28,3,0,7,0
8jtvw9,2018-05-16 10:35:57,78,r/HistoryMemes,0,2018-05-16 18:23:03,3,0,1,0
8jtvw9,2018-05-16 10:35:57,78,r/HistoryMemes,0,2018-05-16 15:46:52,2,0,0,0
8jtvw9,2018-05-16 10:35:57,78,r/HistoryMemes,0,2018-05-16 14:53:08,1,0,3,0
8jtvw9,2018-05-16 10:35:57,78,r/HistoryMemes,1,2018-05-16 12:50:37,0,2,111,0
8jtvw9,2018-05-16 10:35:57,78,r/HistoryMemes,1,2018-05-16 13:28:11,1,1,64,0
8jtvw9,2018-05-16 10:35:57,78,r/HistoryMemes,1,2018-05-16 14:30:32,2,2,15,0
8jtvw9,2018-05-16 10:35:57,78,r/HistoryMemes,1,2018-05-16 14:35:53,3,2,8,0
8jtvw9,2018-05-16 10:35:57,78,r/HistoryMemes,1,2018-05-16 15:02:25,4,0,15,0
8jtvw9,2018-05-16 10:35:57,78,r/HistoryMemes,1,2018-05-16 14:39:15,4,0,2,0
8jtvw9,2018-05-16 10:35:57,78,r/HistoryMemes,1,2018-05-16 18:25:38,3,0,1,0
8jtvw9,2018-05-16 10:35:57,78,r/HistoryMemes,1,2018-05-16 13:14:04,1,1,7,0
8jtvw9,2018-05-16 10:35:57,78,r/HistoryMemes,1,2018-05-16 13:16:25,2,1,23,0
8jtvw9,2018-05-16 10:35:57,78,r/HistoryMemes,1,2018-05-16 13:39:04,3,0,11,0
8jtvw9,2018-05-16 10:35:57,78,r/HistoryMemes,2,2018-05-16 14:04:44,0,4,142,0
8jtvw9,2018-05-16 10:35:57,78,r/HistoryMemes,2,2018-05-16 14:11:31,1,3,204,0
8jtvw9,2018-05-16 10:35:57,78,r/HistoryMemes,2,2018-05-16 14:21:15,2,1,93,0
8jtvw9,2018-05-16 10:35:57,78,r/HistoryMemes,2,2018-05-16 17:59:21,3,1,3,0
8jtvw9,2018-05-16 10:35:57,78,r/HistoryMemes,2,2018-05-16 18:09:56,4,1,3,0
8jtvw9,2018-05-16 10:35:57,78,r/HistoryMemes,2,2018-05-16 18:15:06,5,1,3,0
8jtvw9,2018-05-16 10:35:57,78,r/HistoryMemes,2,2018-05-16 18:16:41,6,0,4,0
8jtvw9,2018-05-16 10:35:57,78,r/HistoryMemes,2,2018-05-16 14:33:01,2,2,19,0
8jtvw9,2018-05-16 10:35:57,78,r/HistoryMemes,2,2018-05-16 15:00:57,3,1,50,0
8jtvw9,2018-05-16 10:35:57,78,r/HistoryMemes,2,2018-05-16 17:10:21,4,1,11,0
8jtvw9,2018-05-16 10:35:57,78,r/HistoryMemes,2,2018-05-16 18:12:29,5,1,4,0
8jtvw9,2018-05-16 10:35:57,78,r/HistoryMemes,2,2018-05-16 18:18:01,6,1,1,0
8jtvw9,2018-05-16 10:35:57,78,r/HistoryMemes,2,2018-05-16 18:25:43,7,0,2,0
8jtvw9,2018-05-16 10:35:57,78,r/HistoryMemes,2,2018-05-16 15:12:01,3,1,29,0
8jtvw9,2018-05-16 10:35:57,78,r/HistoryMemes,2,2018-05-16 15:36:45,4,2,31,0
8jtvw9,2018-05-16 10:35:57,78,r/HistoryMemes,2,2018-05-16 15:50:19,5,1,19,0
8jtvw9,2018-05-16 10:35:57,78,r/HistoryMemes,2,2018-05-16 16:01:17,6,1,14,0
8jtvw9,2018-05-16 10:35:57,78,r/HistoryMemes,2,2018-05-16 17:59:10,7,0,3,0
8jtvw9,2018-05-16 10:35:57,78,r/HistoryMemes,2,2018-05-16 17:18:35,5,0,1,0
8jtvw9,2018-05-16 10:35:57,78,r/HistoryMemes,2,2018-05-16 15:29:34,2,4,8,0
8jtvw9,2018-05-16 10:35:57,78,r/HistoryMemes,2,2018-05-16 15:46:48,3,1,9,0
8jtvw9,2018-05-16 10:35:57,78,r/HistoryMemes,2,2018-05-16 17:45:27,4,0,2,0
8jtvw9,2018-05-16 10:35:57,78,r/HistoryMemes,2,2018-05-16 15:58:23,3,1,10,0
8jtvw9,2018-05-16 10:35:57,78,r/HistoryMemes,2,2018-05-16 17:44:12,4,0,3,0
8jtvw9,2018-05-16 10:35:57,78,r/HistoryMemes,2,2018-05-16 16:11:44,3,0,4,0
8jtvw9,2018-05-16 10:35:57,78,r/HistoryMemes,2,2018-05-16 17:31:17,3,1,2,0
8jtvw9,2018-05-16 10:35:57,78,r/HistoryMemes,2,2018-05-16 17:43:22,4,1,2,0
8jtvw9,2018-05-16 10:35:57,78,r/HistoryMemes,2,2018-05-16 18:17:11,5,0,1,0
8jtvw9,2018-05-16 10:35:57,78,r/HistoryMemes,2,2018-05-16 14:14:44,1,1,5,0
8jtvw9,2018-05-16 10:35:57,78,r/HistoryMemes,2,2018-05-16 14:23:05,2,1,5,0
8jtvw9,2018-05-16 10:35:57,78,r/HistoryMemes,2,2018-05-16 17:31:19,3,1,1,0
8jtvw9,2018-05-16 10:35:57,78,r/HistoryMemes,2,2018-05-16 18:27:31,4,0,1,0
8jtvw9,2018-05-16 10:35:57,78,r/HistoryMemes,2,2018-05-16 14:19:16,1,5,18,0
8jtvw9,2018-05-16 10:35:57,78,r/HistoryMemes,2,2018-05-16 15:06:10,2,0,34,0
8jtvw9,2018-05-16 10:35:57,78,r/HistoryMemes,2,2018-05-16 14:53:49,2,0,5,0
8jtvw9,2018-05-16 10:35:57,78,r/HistoryMemes,2,2018-05-16 15:55:08,2,0,2,0
8jtvw9,2018-05-16 10:35:57,78,r/HistoryMemes,2,2018-05-16 14:21:55,2,0,4,0
8jtvw9,2018-05-16 10:35:57,78,r/HistoryMemes,2,2018-05-16 14:31:18,2,0,1,0
8jtvw9,2018-05-16 10:35:57,78,r/HistoryMemes,2,2018-05-16 14:06:00,1,0,3,0
8jtvw9,2018-05-16 10:35:57,78,r/HistoryMemes,3,2018-05-16 14:31:02,0,0,15,0
8jtvw9,2018-05-16 10:35:57,78,r/HistoryMemes,4,2018-05-16 15:17:40,0,1,7,0
8jtvw9,2018-05-16 10:35:57,78,r/HistoryMemes,4,2018-05-16 15:31:00,1,1,7,0
8jtvw9,2018-05-16 10:35:57,78,r/HistoryMemes,4,2018-05-16 15:35:23,2,1,5,0
8jtvw9,2018-05-16 10:35:57,78,r/HistoryMemes,4,2018-05-16 15:40:51,3,1,7,0
8jtvw9,2018-05-16 10:35:57,78,r/HistoryMemes,4,2018-05-16 15:55:11,4,0,5,0
8jtvw9,2018-05-16 10:35:57,78,r/HistoryMemes,5,2018-05-16 15:46:24,0,0,1,0
8jtvw9,2018-05-16 10:35:57,78,r/HistoryMemes,6,2018-05-16 16:55:38,0,1,1,0
8jtvw9,2018-05-16 10:35:57,78,r/HistoryMemes,6,2018-05-16 17:10:09,1,1,2,0
8jtvw9,2018-05-16 10:35:57,78,r/HistoryMemes,6,2018-05-16 17:11:45,2,0,2,0
8ju5yv,2018-05-16 11:31:25,79,r/aww,0,2018-05-16 13:54:23,0,3,901,0
8ju5yv,2018-05-16 11:31:25,79,r/aww,0,2018-05-16 17:10:58,1,6,345,0
8ju5yv,2018-05-16 11:31:25,79,r/aww,0,2018-05-16 17:36:20,2,1,28,0
8ju5yv,2018-05-16 11:31:25,79,r/aww,0,2018-05-16 17:54:18,3,0,8,0
8ju5yv,2018-05-16 11:31:25,79,r/aww,0,2018-05-16 17:55:42,2,0,28,0
8ju5yv,2018-05-16 11:31:25,79,r/aww,0,2018-05-16 17:42:28,2,1,1,0
8ju5yv,2018-05-16 11:31:25,79,r/aww,0,2018-05-16 17:43:10,3,1,2,0
8ju5yv,2018-05-16 11:31:25,79,r/aww,0,2018-05-16 17:59:58,4,0,3,0
8ju5yv,2018-05-16 11:31:25,79,r/aww,0,2018-05-16 17:47:02,2,0,1,0
8ju5yv,2018-05-16 11:31:25,79,r/aww,0,2018-05-16 18:02:55,2,0,1,0
8ju5yv,2018-05-16 11:31:25,79,r/aww,0,2018-05-16 18:08:59,2,0,0,0
8ju5yv,2018-05-16 11:31:25,79,r/aww,0,2018-05-16 17:17:28,1,0,30,0
8ju5yv,2018-05-16 11:31:25,79,r/aww,0,2018-05-16 18:03:52,1,0,2,0
8ju5yv,2018-05-16 11:31:25,79,r/aww,1,2018-05-16 13:27:07,0,12,668,0
8ju5yv,2018-05-16 11:31:25,79,r/aww,1,2018-05-16 14:13:29,1,2,828,1
8ju5yv,2018-05-16 11:31:25,79,r/aww,1,2018-05-16 15:00:07,2,1,77,0
8ju5yv,2018-05-16 11:31:25,79,r/aww,1,2018-05-16 16:33:06,3,0,7,0
8ju5yv,2018-05-16 11:31:25,79,r/aww,1,2018-05-16 18:08:28,2,0,2,0
8ju5yv,2018-05-16 11:31:25,79,r/aww,1,2018-05-16 14:52:07,1,2,155,0
8ju5yv,2018-05-16 11:31:25,79,r/aww,1,2018-05-16 15:09:55,2,3,64,0
8ju5yv,2018-05-16 11:31:25,79,r/aww,1,2018-05-16 16:02:22,3,2,54,0
8ju5yv,2018-05-16 11:31:25,79,r/aww,1,2018-05-16 17:48:32,4,0,3,0
8ju5yv,2018-05-16 11:31:25,79,r/aww,1,2018-05-16 17:05:08,4,1,-3,0
8ju5yv,2018-05-16 11:31:25,79,r/aww,1,2018-05-16 17:07:02,5,0,12,0
8ju5yv,2018-05-16 11:31:25,79,r/aww,1,2018-05-16 15:44:56,3,1,8,0
8ju5yv,2018-05-16 11:31:25,79,r/aww,1,2018-05-16 16:38:07,4,1,-1,0
8ju5yv,2018-05-16 11:31:25,79,r/aww,1,2018-05-16 16:46:29,5,0,2,0
8ju5yv,2018-05-16 11:31:25,79,r/aww,1,2018-05-16 16:33:56,3,1,4,0
8ju5yv,2018-05-16 11:31:25,79,r/aww,1,2018-05-16 17:35:41,4,0,10,0
8ju5yv,2018-05-16 11:31:25,79,r/aww,1,2018-05-16 15:48:23,2,0,10,0
8ju5yv,2018-05-16 11:31:25,79,r/aww,1,2018-05-16 15:34:44,1,0,10,0
8ju5yv,2018-05-16 11:31:25,79,r/aww,1,2018-05-16 14:07:11,1,0,1,0
8ju5yv,2018-05-16 11:31:25,79,r/aww,1,2018-05-16 17:10:21,1,0,1,0
8ju5yv,2018-05-16 11:31:25,79,r/aww,1,2018-05-16 17:26:38,1,0,1,0
8ju5yv,2018-05-16 11:31:25,79,r/aww,1,2018-05-16 17:34:13,1,0,1,0
8ju5yv,2018-05-16 11:31:25,79,r/aww,1,2018-05-16 17:42:41,1,0,1,0
8ju5yv,2018-05-16 11:31:25,79,r/aww,1,2018-05-16 17:47:32,1,0,1,0
8ju5yv,2018-05-16 11:31:25,79,r/aww,1,2018-05-16 17:50:49,1,0,1,0
8ju5yv,2018-05-16 11:31:25,79,r/aww,1,2018-05-16 15:03:44,1,0,1,0
8ju5yv,2018-05-16 11:31:25,79,r/aww,1,2018-05-16 16:18:55,1,0,0,0
8ju5yv,2018-05-16 11:31:25,79,r/aww,2,2018-05-16 12:50:03,0,7,1070,0
8ju5yv,2018-05-16 11:31:25,79,r/aww,2,2018-05-16 14:11:02,1,4,834,0
8ju5yv,2018-05-16 11:31:25,79,r/aww,2,2018-05-16 14:12:17,2,6,444,0
8ju5yv,2018-05-16 11:31:25,79,r/aww,2,2018-05-16 14:17:28,3,1,304,0
8ju5yv,2018-05-16 11:31:25,79,r/aww,2,2018-05-16 17:24:33,4,1,15,0
8ju5yv,2018-05-16 11:31:25,79,r/aww,2,2018-05-16 17:43:25,5,2,2,0
8ju5yv,2018-05-16 11:31:25,79,r/aww,2,2018-05-16 18:23:11,6,1,1,0
8ju5yv,2018-05-16 11:31:25,79,r/aww,2,2018-05-16 18:26:35,7,0,1,0
8ju5yv,2018-05-16 11:31:25,79,r/aww,2,2018-05-16 18:24:06,6,0,1,0
8ju5yv,2018-05-16 11:31:25,79,r/aww,2,2018-05-16 14:29:30,3,1,29,0
8ju5yv,2018-05-16 11:31:25,79,r/aww,2,2018-05-16 14:59:11,4,1,27,0
8ju5yv,2018-05-16 11:31:25,79,r/aww,2,2018-05-16 17:11:43,5,2,7,0
8ju5yv,2018-05-16 11:31:25,79,r/aww,2,2018-05-16 17:13:26,6,2,3,0
8ju5yv,2018-05-16 11:31:25,79,r/aww,2,2018-05-16 17:24:57,7,1,1,0
8ju5yv,2018-05-16 11:31:25,79,r/aww,2,2018-05-16 17:25:41,8,2,1,0
8ju5yv,2018-05-16 11:31:25,79,r/aww,2,2018-05-16 17:39:12,9,0,1,0
8ju5yv,2018-05-16 11:31:25,79,r/aww,2,2018-05-16 18:23:47,9,0,1,0
8ju5yv,2018-05-16 11:31:25,79,r/aww,2,2018-05-16 18:20:37,7,0,1,0
8ju5yv,2018-05-16 11:31:25,79,r/aww,2,2018-05-16 17:51:58,6,0,1,0
8ju5yv,2018-05-16 11:31:25,79,r/aww,2,2018-05-16 17:04:07,3,3,22,0
8ju5yv,2018-05-16 11:31:25,79,r/aww,2,2018-05-16 17:12:41,4,1,7,0
8ju5yv,2018-05-16 11:31:25,79,r/aww,2,2018-05-16 17:30:16,5,0,5,0
8ju5yv,2018-05-16 11:31:25,79,r/aww,2,2018-05-16 17:23:26,4,0,2,0
8ju5yv,2018-05-16 11:31:25,79,r/aww,2,2018-05-16 17:36:33,4,0,2,0
8ju5yv,2018-05-16 11:31:25,79,r/aww,2,2018-05-16 17:39:28,3,0,4,0
8ju5yv,2018-05-16 11:31:25,79,r/aww,2,2018-05-16 17:04:56,3,1,2,0
8ju5yv,2018-05-16 11:31:25,79,r/aww,2,2018-05-16 17:14:26,4,0,1,0
8ju5yv,2018-05-16 11:31:25,79,r/aww,2,2018-05-16 17:42:16,3,0,2,0
8ju5yv,2018-05-16 11:31:25,79,r/aww,2,2018-05-16 15:12:34,2,0,6,0
8ju5yv,2018-05-16 11:31:25,79,r/aww,2,2018-05-16 17:16:30,2,0,1,0
8ju5yv,2018-05-16 11:31:25,79,r/aww,2,2018-05-16 17:49:08,2,0,1,0
8ju5yv,2018-05-16 11:31:25,79,r/aww,2,2018-05-16 14:18:52,1,1,23,0
8ju5yv,2018-05-16 11:31:25,79,r/aww,2,2018-05-16 17:30:14,2,0,1,0
8ju5yv,2018-05-16 11:31:25,79,r/aww,2,2018-05-16 17:08:44,1,0,8,0
8ju5yv,2018-05-16 11:31:25,79,r/aww,2,2018-05-16 14:43:23,1,1,16,0
8ju5yv,2018-05-16 11:31:25,79,r/aww,2,2018-05-16 18:10:17,2,0,2,0
8ju5yv,2018-05-16 11:31:25,79,r/aww,2,2018-05-16 17:42:34,1,0,1,0
8ju5yv,2018-05-16 11:31:25,79,r/aww,2,2018-05-16 17:53:30,1,0,1,0
8ju5yv,2018-05-16 11:31:25,79,r/aww,2,2018-05-16 18:02:51,1,0,1,0
8ju5yv,2018-05-16 11:31:25,79,r/aww,3,2018-05-16 14:38:22,0,2,271,0
8ju5yv,2018-05-16 11:31:25,79,r/aww,3,2018-05-16 16:55:48,1,1,72,0
8ju5yv,2018-05-16 11:31:25,79,r/aww,3,2018-05-16 17:27:27,2,0,56,0
8ju5yv,2018-05-16 11:31:25,79,r/aww,3,2018-05-16 17:09:49,1,0,22,0
8ju5yv,2018-05-16 11:31:25,79,r/aww,4,2018-05-16 12:33:52,0,2,293,0
8ju5yv,2018-05-16 11:31:25,79,r/aww,4,2018-05-16 17:19:56,1,4,45,0
8ju5yv,2018-05-16 11:31:25,79,r/aww,4,2018-05-16 17:38:20,2,2,19,0
8ju5yv,2018-05-16 11:31:25,79,r/aww,4,2018-05-16 17:56:37,3,0,14,0
8ju5yv,2018-05-16 11:31:25,79,r/aww,4,2018-05-16 17:57:02,3,0,5,0
8ju5yv,2018-05-16 11:31:25,79,r/aww,4,2018-05-16 17:40:47,2,0,10,0
8ju5yv,2018-05-16 11:31:25,79,r/aww,4,2018-05-16 17:44:49,2,0,1,0
8ju5yv,2018-05-16 11:31:25,79,r/aww,4,2018-05-16 17:50:33,2,0,-1,0
8ju5yv,2018-05-16 11:31:25,79,r/aww,4,2018-05-16 17:03:42,1,1,5,0
8ju5yv,2018-05-16 11:31:25,79,r/aww,4,2018-05-16 17:13:02,2,2,19,0
8ju5yv,2018-05-16 11:31:25,79,r/aww,4,2018-05-16 17:27:45,3,2,12,0
8ju5yv,2018-05-16 11:31:25,79,r/aww,4,2018-05-16 17:43:55,4,0,7,0
8ju5yv,2018-05-16 11:31:25,79,r/aww,4,2018-05-16 17:47:04,4,0,2,0
8ju5yv,2018-05-16 11:31:25,79,r/aww,4,2018-05-16 17:18:49,3,0,17,0
8ju5yv,2018-05-16 11:31:25,79,r/aww,5,2018-05-16 13:22:59,0,2,109,0
8ju5yv,2018-05-16 11:31:25,79,r/aww,5,2018-05-16 15:04:18,1,1,131,0
8ju5yv,2018-05-16 11:31:25,79,r/aww,5,2018-05-16 15:07:35,2,2,91,0
8ju5yv,2018-05-16 11:31:25,79,r/aww,5,2018-05-16 15:11:01,3,3,101,0
8ju5yv,2018-05-16 11:31:25,79,r/aww,5,2018-05-16 15:15:22,4,1,44,0
8ju5yv,2018-05-16 11:31:25,79,r/aww,5,2018-05-16 15:48:51,5,1,12,0
8ju5yv,2018-05-16 11:31:25,79,r/aww,5,2018-05-16 17:14:17,6,0,6,0
8ju5yv,2018-05-16 11:31:25,79,r/aww,5,2018-05-16 16:00:38,4,0,12,0
8ju5yv,2018-05-16 11:31:25,79,r/aww,5,2018-05-16 16:15:50,4,1,9,0
8ju5yv,2018-05-16 11:31:25,79,r/aww,5,2018-05-16 16:26:57,5,0,5,0
8ju5yv,2018-05-16 11:31:25,79,r/aww,5,2018-05-16 16:38:40,3,0,7,0
8ju5yv,2018-05-16 11:31:25,79,r/aww,5,2018-05-16 18:12:24,1,0,1,0
8ju5yv,2018-05-16 11:31:25,79,r/aww,6,2018-05-16 15:06:01,0,0,74,0
8ju5yv,2018-05-16 11:31:25,79,r/aww,7,2018-05-16 13:03:20,0,0,46,0
8ju5yv,2018-05-16 11:31:25,79,r/aww,8,2018-05-16 12:38:50,0,5,98,0
8ju5yv,2018-05-16 11:31:25,79,r/aww,8,2018-05-16 13:12:08,1,5,383,0
8ju5yv,2018-05-16 11:31:25,79,r/aww,8,2018-05-16 15:49:41,2,0,147,0
8ju5yv,2018-05-16 11:31:25,79,r/aww,8,2018-05-16 17:15:46,2,1,19,0
8ju5yv,2018-05-16 11:31:25,79,r/aww,8,2018-05-16 17:34:33,3,1,30,0
8ju5yv,2018-05-16 11:31:25,79,r/aww,8,2018-05-16 17:36:11,4,0,17,0
8ju5yv,2018-05-16 11:31:25,79,r/aww,8,2018-05-16 16:32:03,2,0,17,0
8ju5yv,2018-05-16 11:31:25,79,r/aww,8,2018-05-16 16:43:34,2,0,8,0
8ju5yv,2018-05-16 11:31:25,79,r/aww,8,2018-05-16 18:19:26,2,0,1,0
8ju5yv,2018-05-16 11:31:25,79,r/aww,8,2018-05-16 14:15:02,1,2,150,0
8ju5yv,2018-05-16 11:31:25,79,r/aww,8,2018-05-16 14:52:23,2,2,44,0
8ju5yv,2018-05-16 11:31:25,79,r/aww,8,2018-05-16 15:00:05,3,1,96,0
8ju5yv,2018-05-16 11:31:25,79,r/aww,8,2018-05-16 15:13:24,4,4,73,0
8ju5yv,2018-05-16 11:31:25,79,r/aww,8,2018-05-16 15:26:30,5,1,46,0
8ju5yv,2018-05-16 11:31:25,79,r/aww,8,2018-05-16 15:32:03,6,2,12,0
8ju5yv,2018-05-16 11:31:25,79,r/aww,8,2018-05-16 15:43:43,7,3,17,0
8ju5yv,2018-05-16 11:31:25,79,r/aww,8,2018-05-16 15:52:09,8,1,13,0
8ju5yv,2018-05-16 11:31:25,79,r/aww,8,2018-05-16 15:57:31,9,1,8,0
8ju5yv,2018-05-16 11:31:25,79,r/aww,8,2018-05-16 16:21:53,8,0,5,0
8ju5yv,2018-05-16 11:31:25,79,r/aww,8,2018-05-16 16:56:50,8,1,5,0
8ju5yv,2018-05-16 11:31:25,79,r/aww,8,2018-05-16 17:48:00,9,1,1,0
8ju5yv,2018-05-16 11:31:25,79,r/aww,8,2018-05-16 16:54:42,7,1,7,0
8ju5yv,2018-05-16 11:31:25,79,r/aww,8,2018-05-16 16:59:38,8,0,2,0
8ju5yv,2018-05-16 11:31:25,79,r/aww,8,2018-05-16 16:29:54,5,1,7,0
8ju5yv,2018-05-16 11:31:25,79,r/aww,8,2018-05-16 16:55:31,6,1,5,0
8ju5yv,2018-05-16 11:31:25,79,r/aww,8,2018-05-16 18:20:50,7,0,1,0
8ju5yv,2018-05-16 11:31:25,79,r/aww,8,2018-05-16 17:16:32,5,0,1,0
8ju5yv,2018-05-16 11:31:25,79,r/aww,8,2018-05-16 17:07:06,5,0,-3,0
8ju5yv,2018-05-16 11:31:25,79,r/aww,8,2018-05-16 15:16:17,3,2,-2,0
8ju5yv,2018-05-16 11:31:25,79,r/aww,8,2018-05-16 15:33:56,4,0,15,0
8ju5yv,2018-05-16 11:31:25,79,r/aww,8,2018-05-16 15:24:28,4,0,7,0
8ju5yv,2018-05-16 11:31:25,79,r/aww,8,2018-05-16 17:06:45,2,0,5,0
8ju5yv,2018-05-16 11:31:25,79,r/aww,8,2018-05-16 13:38:24,1,0,27,0
8ju5yv,2018-05-16 11:31:25,79,r/aww,8,2018-05-16 17:44:35,1,0,1,0
8ju5yv,2018-05-16 11:31:25,79,r/aww,8,2018-05-16 18:21:25,1,0,1,0
8ju5yv,2018-05-16 11:31:25,79,r/aww,9,2018-05-16 12:31:10,0,0,38,0
8ju5yv,2018-05-16 11:31:25,79,r/aww,10,2018-05-16 13:17:56,0,0,15,0
8ju5yv,2018-05-16 11:31:25,79,r/aww,11,2018-05-16 16:31:13,0,0,21,0
8ju5yv,2018-05-16 11:31:25,79,r/aww,12,2018-05-16 14:25:24,0,0,7,0
8ju5yv,2018-05-16 11:31:25,79,r/aww,13,2018-05-16 14:23:48,0,0,5,0
8ju5yv,2018-05-16 11:31:25,79,r/aww,14,2018-05-16 15:13:35,0,0,5,0
8ju5yv,2018-05-16 11:31:25,79,r/aww,15,2018-05-16 14:13:49,0,3,12,0
8ju5yv,2018-05-16 11:31:25,79,r/aww,15,2018-05-16 14:44:16,1,1,17,0
8ju5yv,2018-05-16 11:31:25,79,r/aww,15,2018-05-16 15:18:06,2,1,6,0
8ju5yv,2018-05-16 11:31:25,79,r/aww,15,2018-05-16 18:04:10,3,0,0,0
8ju5yv,2018-05-16 11:31:25,79,r/aww,15,2018-05-16 18:24:13,1,0,1,0
8ju5yv,2018-05-16 11:31:25,79,r/aww,15,2018-05-16 14:24:11,1,1,-2,0
8ju5yv,2018-05-16 11:31:25,79,r/aww,15,2018-05-16 14:44:37,2,2,9,0
8ju5yv,2018-05-16 11:31:25,79,r/aww,15,2018-05-16 16:23:55,3,0,4,0
8ju5yv,2018-05-16 11:31:25,79,r/aww,15,2018-05-16 14:45:14,3,2,5,0
8ju5yv,2018-05-16 11:31:25,79,r/aww,15,2018-05-16 17:51:39,4,0,2,0
8ju5yv,2018-05-16 11:31:25,79,r/aww,15,2018-05-16 17:14:31,4,1,1,0
8ju5yv,2018-05-16 11:31:25,79,r/aww,15,2018-05-16 18:10:37,5,0,1,0
8ju5yv,2018-05-16 11:31:25,79,r/aww,16,2018-05-16 14:01:01,0,0,6,0
8ju5yv,2018-05-16 11:31:25,79,r/aww,17,2018-05-16 14:19:28,0,2,6,0
8ju5yv,2018-05-16 11:31:25,79,r/aww,17,2018-05-16 14:50:07,1,1,5,0
8ju5yv,2018-05-16 11:31:25,79,r/aww,17,2018-05-16 14:55:29,2,1,4,0
8ju5yv,2018-05-16 11:31:25,79,r/aww,17,2018-05-16 15:53:22,3,1,4,0
8ju5yv,2018-05-16 11:31:25,79,r/aww,17,2018-05-16 15:59:56,4,0,1,0
8ju5yv,2018-05-16 11:31:25,79,r/aww,17,2018-05-16 17:46:27,1,0,1,0
8ju5yv,2018-05-16 11:31:25,79,r/aww,18,2018-05-16 14:30:42,0,0,3,0
8ju5yv,2018-05-16 11:31:25,79,r/aww,19,2018-05-16 13:47:59,0,0,4,0
8ju5yv,2018-05-16 11:31:25,79,r/aww,20,2018-05-16 14:36:17,0,2,2,0
8ju5yv,2018-05-16 11:31:25,79,r/aww,20,2018-05-16 14:48:25,1,1,6,0
8ju5yv,2018-05-16 11:31:25,79,r/aww,20,2018-05-16 14:49:07,2,0,1,0
8ju5yv,2018-05-16 11:31:25,79,r/aww,20,2018-05-16 14:58:39,1,0,3,0
8ju5yv,2018-05-16 11:31:25,79,r/aww,21,2018-05-16 15:06:09,0,0,2,0
8ju5yv,2018-05-16 11:31:25,79,r/aww,22,2018-05-16 15:11:16,0,0,2,0
8ju5yv,2018-05-16 11:31:25,79,r/aww,23,2018-05-16 17:26:28,0,0,2,0
8ju5yv,2018-05-16 11:31:25,79,r/aww,24,2018-05-16 18:08:03,0,0,2,0
8ju5yv,2018-05-16 11:31:25,79,r/aww,25,2018-05-16 18:08:20,0,0,2,0
8ju5yv,2018-05-16 11:31:25,79,r/aww,26,2018-05-16 18:09:20,0,0,2,0
8ju5yv,2018-05-16 11:31:25,79,r/aww,27,2018-05-16 18:11:27,0,0,2,0
8ju5yv,2018-05-16 11:31:25,79,r/aww,28,2018-05-16 18:14:29,0,0,2,0
8ju5yv,2018-05-16 11:31:25,79,r/aww,29,2018-05-16 18:18:05,0,0,2,0
8ju5yv,2018-05-16 11:31:25,79,r/aww,30,2018-05-16 14:07:51,0,0,3,0
8ju5yv,2018-05-16 11:31:25,79,r/aww,31,2018-05-16 13:40:34,0,0,2,0
8ju5yv,2018-05-16 11:31:25,79,r/aww,32,2018-05-16 14:25:21,0,0,1,0
8ju5yv,2018-05-16 11:31:25,79,r/aww,33,2018-05-16 14:39:00,0,0,1,0
8ju5yv,2018-05-16 11:31:25,79,r/aww,34,2018-05-16 14:43:34,0,0,1,0
8ju5yv,2018-05-16 11:31:25,79,r/aww,35,2018-05-16 14:47:49,0,0,1,0
8ju5yv,2018-05-16 11:31:25,79,r/aww,36,2018-05-16 14:52:51,0,0,1,0
8ju5yv,2018-05-16 11:31:25,79,r/aww,37,2018-05-16 14:52:56,0,0,1,0
8ju5yv,2018-05-16 11:31:25,79,r/aww,38,2018-05-16 14:54:01,0,0,1,0
8ju5yv,2018-05-16 11:31:25,79,r/aww,39,2018-05-16 14:54:39,0,1,1,0
8ju5yv,2018-05-16 11:31:25,79,r/aww,39,2018-05-16 17:07:53,1,0,2,0
8ju5yv,2018-05-16 11:31:25,79,r/aww,40,2018-05-16 14:55:27,0,0,1,0
8ju5yv,2018-05-16 11:31:25,79,r/aww,41,2018-05-16 15:00:06,0,1,1,0
8ju5yv,2018-05-16 11:31:25,79,r/aww,41,2018-05-16 15:19:06,1,1,2,0
8ju5yv,2018-05-16 11:31:25,79,r/aww,41,2018-05-16 15:19:55,2,1,1,0
8ju5yv,2018-05-16 11:31:25,79,r/aww,41,2018-05-16 15:48:54,3,0,2,0
8ju5yv,2018-05-16 11:31:25,79,r/aww,42,2018-05-16 15:05:09,0,0,1,0
8ju5yv,2018-05-16 11:31:25,79,r/aww,43,2018-05-16 15:09:58,0,0,1,0
8ju5yv,2018-05-16 11:31:25,79,r/aww,44,2018-05-16 15:29:35,0,0,1,0
8ju5yv,2018-05-16 11:31:25,79,r/aww,45,2018-05-16 15:31:26,0,0,1,0
8ju5yv,2018-05-16 11:31:25,79,r/aww,46,2018-05-16 15:34:23,0,0,1,0
8ju5yv,2018-05-16 11:31:25,79,r/aww,47,2018-05-16 15:36:47,0,0,1,0
8ju5yv,2018-05-16 11:31:25,79,r/aww,48,2018-05-16 15:43:33,0,0,1,0
8ju5yv,2018-05-16 11:31:25,79,r/aww,49,2018-05-16 15:45:47,0,0,1,0
8ju5yv,2018-05-16 11:31:25,79,r/aww,50,2018-05-16 15:47:18,0,0,1,0
8ju5yv,2018-05-16 11:31:25,79,r/aww,51,2018-05-16 15:56:37,0,0,1,0
8ju5yv,2018-05-16 11:31:25,79,r/aww,52,2018-05-16 15:58:34,0,0,1,0
8ju5yv,2018-05-16 11:31:25,79,r/aww,53,2018-05-16 16:01:45,0,0,1,0
8ju5yv,2018-05-16 11:31:25,79,r/aww,54,2018-05-16 16:02:06,0,0,1,0
8ju5yv,2018-05-16 11:31:25,79,r/aww,55,2018-05-16 16:18:51,0,0,1,0
8ju5yv,2018-05-16 11:31:25,79,r/aww,56,2018-05-16 16:18:59,0,0,1,0
8ju5yv,2018-05-16 11:31:25,79,r/aww,57,2018-05-16 16:19:33,0,0,1,0
8ju5yv,2018-05-16 11:31:25,79,r/aww,58,2018-05-16 16:21:07,0,0,1,0
8ju5yv,2018-05-16 11:31:25,79,r/aww,59,2018-05-16 16:22:09,0,0,1,0
8ju5yv,2018-05-16 11:31:25,79,r/aww,60,2018-05-16 16:23:56,0,0,1,0
8ju5yv,2018-05-16 11:31:25,79,r/aww,61,2018-05-16 16:48:13,0,0,1,0
8ju5yv,2018-05-16 11:31:25,79,r/aww,62,2018-05-16 16:48:24,0,0,1,0
8ju5yv,2018-05-16 11:31:25,79,r/aww,63,2018-05-16 16:50:24,0,0,1,0
8ju5yv,2018-05-16 11:31:25,79,r/aww,64,2018-05-16 16:50:59,0,0,1,0
8ju5yv,2018-05-16 11:31:25,79,r/aww,65,2018-05-16 17:00:21,0,1,1,0
8ju5yv,2018-05-16 11:31:25,79,r/aww,65,2018-05-16 17:05:33,1,0,1,0
8ju5yv,2018-05-16 11:31:25,79,r/aww,66,2018-05-16 17:01:47,0,0,1,0
8ju5yv,2018-05-16 11:31:25,79,r/aww,67,2018-05-16 17:02:14,0,0,1,0
8ju5yv,2018-05-16 11:31:25,79,r/aww,68,2018-05-16 17:02:34,0,0,1,0
8ju5yv,2018-05-16 11:31:25,79,r/aww,69,2018-05-16 17:05:43,0,0,1,0
8ju5yv,2018-05-16 11:31:25,79,r/aww,70,2018-05-16 17:06:54,0,0,1,0
8ju5yv,2018-05-16 11:31:25,79,r/aww,71,2018-05-16 17:08:10,0,0,1,0
8ju5yv,2018-05-16 11:31:25,79,r/aww,72,2018-05-16 17:09:11,0,0,1,0
8ju5yv,2018-05-16 11:31:25,79,r/aww,73,2018-05-16 17:09:12,0,0,1,0
8ju5yv,2018-05-16 11:31:25,79,r/aww,74,2018-05-16 17:09:19,0,0,1,0
8ju5yv,2018-05-16 11:31:25,79,r/aww,75,2018-05-16 17:11:23,0,0,1,0
8ju5yv,2018-05-16 11:31:25,79,r/aww,76,2018-05-16 17:12:12,0,0,1,0
8ju5yv,2018-05-16 11:31:25,79,r/aww,77,2018-05-16 17:12:13,0,0,1,0
8ju5yv,2018-05-16 11:31:25,79,r/aww,78,2018-05-16 17:13:54,0,0,1,0
8ju5yv,2018-05-16 11:31:25,79,r/aww,79,2018-05-16 17:14:44,0,0,1,0
8ju5yv,2018-05-16 11:31:25,79,r/aww,80,2018-05-16 17:15:21,0,0,1,0
8ju5yv,2018-05-16 11:31:25,79,r/aww,81,2018-05-16 17:16:03,0,0,1,0
8ju5yv,2018-05-16 11:31:25,79,r/aww,82,2018-05-16 17:18:44,0,0,1,0
8ju5yv,2018-05-16 11:31:25,79,r/aww,83,2018-05-16 17:20:06,0,0,1,0
8ju5yv,2018-05-16 11:31:25,79,r/aww,84,2018-05-16 17:23:22,0,0,1,0
8ju5yv,2018-05-16 11:31:25,79,r/aww,85,2018-05-16 17:23:24,0,0,1,0
8ju5yv,2018-05-16 11:31:25,79,r/aww,86,2018-05-16 17:25:25,0,0,1,0
8ju5yv,2018-05-16 11:31:25,79,r/aww,87,2018-05-16 17:26:12,0,0,1,0
8ju5yv,2018-05-16 11:31:25,79,r/aww,88,2018-05-16 17:27:11,0,0,1,0
8ju5yv,2018-05-16 11:31:25,79,r/aww,89,2018-05-16 17:32:11,0,0,1,0
8ju5yv,2018-05-16 11:31:25,79,r/aww,90,2018-05-16 17:32:12,0,0,1,0
8ju5yv,2018-05-16 11:31:25,79,r/aww,91,2018-05-16 17:32:34,0,0,1,0
8ju5yv,2018-05-16 11:31:25,79,r/aww,92,2018-05-16 17:32:51,0,0,1,0
8ju5yv,2018-05-16 11:31:25,79,r/aww,93,2018-05-16 17:39:14,0,0,1,0
8ju5yv,2018-05-16 11:31:25,79,r/aww,94,2018-05-16 17:40:18,0,0,1,0
8ju5yv,2018-05-16 11:31:25,79,r/aww,95,2018-05-16 17:40:23,0,0,1,0
8ju5yv,2018-05-16 11:31:25,79,r/aww,96,2018-05-16 17:42:46,0,0,1,0
8ju5yv,2018-05-16 11:31:25,79,r/aww,97,2018-05-16 17:45:03,0,0,2,0
8ju5yv,2018-05-16 11:31:25,79,r/aww,98,2018-05-16 17:49:17,0,0,1,0
8ju5yv,2018-05-16 11:31:25,79,r/aww,99,2018-05-16 17:49:25,0,0,1,0
8ju5yv,2018-05-16 11:31:25,79,r/aww,100,2018-05-16 17:50:00,0,0,1,0
8ju5yv,2018-05-16 11:31:25,79,r/aww,101,2018-05-16 17:50:26,0,0,1,0
8ju5yv,2018-05-16 11:31:25,79,r/aww,102,2018-05-16 17:50:48,0,0,1,0
8ju5yv,2018-05-16 11:31:25,79,r/aww,103,2018-05-16 17:54:20,0,0,1,0
8ju5yv,2018-05-16 11:31:25,79,r/aww,104,2018-05-16 17:55:08,0,0,1,0
8ju5yv,2018-05-16 11:31:25,79,r/aww,105,2018-05-16 17:57:28,0,1,1,0
8ju5yv,2018-05-16 11:31:25,79,r/aww,105,2018-05-16 17:57:40,1,0,1,0
8ju5yv,2018-05-16 11:31:25,79,r/aww,106,2018-05-16 17:57:53,0,0,1,0
8ju5yv,2018-05-16 11:31:25,79,r/aww,107,2018-05-16 18:03:05,0,0,1,0
8ju5yv,2018-05-16 11:31:25,79,r/aww,108,2018-05-16 18:04:05,0,0,1,0
8ju5yv,2018-05-16 11:31:25,79,r/aww,109,2018-05-16 18:04:07,0,0,1,0
8ju5yv,2018-05-16 11:31:25,79,r/aww,110,2018-05-16 18:05:20,0,0,1,0
8ju5yv,2018-05-16 11:31:25,79,r/aww,111,2018-05-16 18:05:49,0,0,1,0
8ju5yv,2018-05-16 11:31:25,79,r/aww,112,2018-05-16 18:06:43,0,0,1,0
8ju5yv,2018-05-16 11:31:25,79,r/aww,113,2018-05-16 18:07:44,0,0,1,0
8ju5yv,2018-05-16 11:31:25,79,r/aww,114,2018-05-16 18:09:30,0,0,1,0
8ju5yv,2018-05-16 11:31:25,79,r/aww,115,2018-05-16 18:10:02,0,0,1,0
8ju5yv,2018-05-16 11:31:25,79,r/aww,116,2018-05-16 18:11:17,0,0,1,0
8ju5yv,2018-05-16 11:31:25,79,r/aww,117,2018-05-16 18:22:12,0,0,1,0
8ju5yv,2018-05-16 11:31:25,79,r/aww,118,2018-05-16 18:29:22,0,0,1,0
8ju5yv,2018-05-16 11:31:25,79,r/aww,119,2018-05-16 13:58:37,0,0,1,0
8ju5yv,2018-05-16 11:31:25,79,r/aww,120,2018-05-16 14:11:55,0,0,1,0
8ju5yv,2018-05-16 11:31:25,79,r/aww,121,2018-05-16 15:50:50,0,0,1,0
8ju5yv,2018-05-16 11:31:25,79,r/aww,122,2018-05-16 14:12:11,0,0,0,0
8ju5yv,2018-05-16 11:31:25,79,r/aww,123,2018-05-16 14:14:45,0,1,-1,0
8ju5yv,2018-05-16 11:31:25,79,r/aww,123,2018-05-16 17:10:38,1,0,2,0
8ju5yv,2018-05-16 11:31:25,79,r/aww,124,2018-05-16 15:08:55,0,2,-7,0
8ju5yv,2018-05-16 11:31:25,79,r/aww,124,2018-05-16 17:04:04,1,0,3,0
8ju5yv,2018-05-16 11:31:25,79,r/aww,124,2018-05-16 15:19:55,1,0,5,0
8ju5yv,2018-05-16 11:31:25,79,r/aww,125,2018-05-16 14:24:04,0,0,-3,0
8ju5yv,2018-05-16 11:31:25,79,r/aww,126,2018-05-16 13:40:52,0,0,-2,0
8jw6he,2018-05-16 16:14:27,80,r/instant_regret,0,2018-05-16 16:18:33,0,3,463,0
8jw6he,2018-05-16 16:14:27,80,r/instant_regret,0,2018-05-16 17:13:30,1,1,191,0
8jw6he,2018-05-16 16:14:27,80,r/instant_regret,0,2018-05-16 18:06:27,2,1,11,0
8jw6he,2018-05-16 16:14:27,80,r/instant_regret,0,2018-05-16 18:10:47,3,1,6,0
8jw6he,2018-05-16 16:14:27,80,r/instant_regret,0,2018-05-16 18:23:51,4,0,2,0
8jw6he,2018-05-16 16:14:27,80,r/instant_regret,0,2018-05-16 17:47:32,1,1,71,0
8jw6he,2018-05-16 16:14:27,80,r/instant_regret,0,2018-05-16 17:48:41,2,2,13,0
8jw6he,2018-05-16 16:14:27,80,r/instant_regret,0,2018-05-16 18:06:26,3,0,3,0
8jw6he,2018-05-16 16:14:27,80,r/instant_regret,0,2018-05-16 18:06:55,3,0,3,0
8jw6he,2018-05-16 16:14:27,80,r/instant_regret,0,2018-05-16 18:09:09,1,0,9,0
8jw6he,2018-05-16 16:14:27,80,r/instant_regret,1,2018-05-16 17:05:49,0,3,372,0
8jw6he,2018-05-16 16:14:27,80,r/instant_regret,1,2018-05-16 17:12:47,1,2,51,0
8jw6he,2018-05-16 16:14:27,80,r/instant_regret,1,2018-05-16 17:38:23,2,1,15,0
8jw6he,2018-05-16 16:14:27,80,r/instant_regret,1,2018-05-16 18:13:19,3,1,6,0
8jw6he,2018-05-16 16:14:27,80,r/instant_regret,1,2018-05-16 18:19:59,4,0,1,0
8jw6he,2018-05-16 16:14:27,80,r/instant_regret,1,2018-05-16 17:52:24,2,1,7,0
8jw6he,2018-05-16 16:14:27,80,r/instant_regret,1,2018-05-16 18:03:15,3,1,3,0
8jw6he,2018-05-16 16:14:27,80,r/instant_regret,1,2018-05-16 18:09:42,4,0,2,0
8jw6he,2018-05-16 16:14:27,80,r/instant_regret,1,2018-05-16 17:12:09,1,1,12,0
8jw6he,2018-05-16 16:14:27,80,r/instant_regret,1,2018-05-16 17:51:35,2,1,3,0
8jw6he,2018-05-16 16:14:27,80,r/instant_regret,1,2018-05-16 17:52:52,3,1,2,0
8jw6he,2018-05-16 16:14:27,80,r/instant_regret,1,2018-05-16 18:20:30,4,0,1,0
8jw6he,2018-05-16 16:14:27,80,r/instant_regret,1,2018-05-16 17:49:24,1,0,1,0
8jw6he,2018-05-16 16:14:27,80,r/instant_regret,2,2018-05-16 16:39:26,0,2,108,0
8jw6he,2018-05-16 16:14:27,80,r/instant_regret,2,2018-05-16 16:47:53,1,0,53,0
8jw6he,2018-05-16 16:14:27,80,r/instant_regret,2,2018-05-16 17:09:19,1,1,8,0
8jw6he,2018-05-16 16:14:27,80,r/instant_regret,2,2018-05-16 18:21:45,2,0,2,0
8jw6he,2018-05-16 16:14:27,80,r/instant_regret,3,2018-05-16 16:53:26,0,0,35,0
8jw6he,2018-05-16 16:14:27,80,r/instant_regret,4,2018-05-16 17:18:57,0,0,26,0
8jw6he,2018-05-16 16:14:27,80,r/instant_regret,5,2018-05-16 16:40:18,0,1,46,0
8jw6he,2018-05-16 16:14:27,80,r/instant_regret,5,2018-05-16 18:22:32,1,0,1,0
8jw6he,2018-05-16 16:14:27,80,r/instant_regret,6,2018-05-16 17:09:39,0,1,18,0
8jw6he,2018-05-16 16:14:27,80,r/instant_regret,6,2018-05-16 17:49:36,1,2,13,0
8jw6he,2018-05-16 16:14:27,80,r/instant_regret,6,2018-05-16 18:10:23,2,0,4,0
8jw6he,2018-05-16 16:14:27,80,r/instant_regret,6,2018-05-16 18:15:57,2,0,1,0
8jw6he,2018-05-16 16:14:27,80,r/instant_regret,7,2018-05-16 16:42:29,0,0,17,0
8jw6he,2018-05-16 16:14:27,80,r/instant_regret,8,2018-05-16 17:47:42,0,0,8,0
8jw6he,2018-05-16 16:14:27,80,r/instant_regret,9,2018-05-16 17:30:06,0,0,6,0
8jw6he,2018-05-16 16:14:27,80,r/instant_regret,10,2018-05-16 16:21:34,0,0,9,0
8jw6he,2018-05-16 16:14:27,80,r/instant_regret,11,2018-05-16 17:48:10,0,0,4,0
8jw6he,2018-05-16 16:14:27,80,r/instant_regret,12,2018-05-16 17:50:08,0,0,3,0
8jw6he,2018-05-16 16:14:27,80,r/instant_regret,13,2018-05-16 17:23:17,0,0,2,0
8jw6he,2018-05-16 16:14:27,80,r/instant_regret,14,2018-05-16 17:31:18,0,0,2,0
8jw6he,2018-05-16 16:14:27,80,r/instant_regret,15,2018-05-16 17:50:03,0,0,2,0
8jw6he,2018-05-16 16:14:27,80,r/instant_regret,16,2018-05-16 18:11:53,0,0,2,0
8jw6he,2018-05-16 16:14:27,80,r/instant_regret,17,2018-05-16 18:14:11,0,0,2,0
8jw6he,2018-05-16 16:14:27,80,r/instant_regret,18,2018-05-16 17:38:29,0,0,1,0
8jw6he,2018-05-16 16:14:27,80,r/instant_regret,19,2018-05-16 17:42:39,0,0,1,0
8jw6he,2018-05-16 16:14:27,80,r/instant_regret,20,2018-05-16 17:45:49,0,0,1,0
8jw6he,2018-05-16 16:14:27,80,r/instant_regret,21,2018-05-16 17:50:18,0,1,1,0
8jw6he,2018-05-16 16:14:27,80,r/instant_regret,21,2018-05-16 18:22:27,1,0,1,0
8jw6he,2018-05-16 16:14:27,80,r/instant_regret,22,2018-05-16 17:52:44,0,0,1,0
8jw6he,2018-05-16 16:14:27,80,r/instant_regret,23,2018-05-16 17:55:43,0,0,1,0
8jw6he,2018-05-16 16:14:27,80,r/instant_regret,24,2018-05-16 18:00:09,0,0,1,0
8jw6he,2018-05-16 16:14:27,80,r/instant_regret,25,2018-05-16 18:02:09,0,0,1,0
8jw6he,2018-05-16 16:14:27,80,r/instant_regret,26,2018-05-16 18:04:22,0,0,1,0
8jw6he,2018-05-16 16:14:27,80,r/instant_regret,27,2018-05-16 18:07:32,0,0,1,0
8jw6he,2018-05-16 16:14:27,80,r/instant_regret,28,2018-05-16 18:11:19,0,0,1,0
8jw6he,2018-05-16 16:14:27,80,r/instant_regret,29,2018-05-16 18:12:29,0,0,1,0
8jw6he,2018-05-16 16:14:27,80,r/instant_regret,30,2018-05-16 18:16:23,0,0,1,0
8jw6he,2018-05-16 16:14:27,80,r/instant_regret,31,2018-05-16 18:17:44,0,0,1,0
8jw6he,2018-05-16 16:14:27,80,r/instant_regret,32,2018-05-16 18:19:10,0,0,1,0
8jw6he,2018-05-16 16:14:27,80,r/instant_regret,33,2018-05-16 18:23:05,0,0,1,0
8jw6he,2018-05-16 16:14:27,80,r/instant_regret,34,2018-05-16 18:23:39,0,0,1,0
8jw6he,2018-05-16 16:14:27,80,r/instant_regret,35,2018-05-16 16:40:49,0,0,1,0
8jw6he,2018-05-16 16:14:27,80,r/instant_regret,36,2018-05-16 17:31:53,0,0,1,0
8jw6he,2018-05-16 16:14:27,80,r/instant_regret,37,2018-05-16 17:09:14,0,1,0,0
8jw6he,2018-05-16 16:14:27,80,r/instant_regret,37,2018-05-16 18:03:47,1,0,1,0
8jw6he,2018-05-16 16:14:27,80,r/instant_regret,38,2018-05-16 17:04:28,0,1,-2,0
8jw6he,2018-05-16 16:14:27,80,r/instant_regret,38,2018-05-16 17:37:34,1,0,3,0
8jt8pi,2018-05-16 08:11:48,81,r/starterpacks,0,2018-05-16 11:57:18,0,5,1024,0
8jt8pi,2018-05-16 08:11:48,81,r/starterpacks,0,2018-05-16 12:32:42,1,2,150,0
8jt8pi,2018-05-16 08:11:48,81,r/starterpacks,0,2018-05-16 15:13:04,2,5,78,0
8jt8pi,2018-05-16 08:11:48,81,r/starterpacks,0,2018-05-16 15:21:54,3,1,29,0
8jt8pi,2018-05-16 08:11:48,81,r/starterpacks,0,2018-05-16 16:05:00,4,2,15,0
8jt8pi,2018-05-16 08:11:48,81,r/starterpacks,0,2018-05-16 16:51:06,5,0,9,0
8jt8pi,2018-05-16 08:11:48,81,r/starterpacks,0,2018-05-16 17:30:55,5,0,2,0
8jt8pi,2018-05-16 08:11:48,81,r/starterpacks,0,2018-05-16 15:55:34,3,0,2,0
8jt8pi,2018-05-16 08:11:48,81,r/starterpacks,0,2018-05-16 15:30:31,3,1,1,0
8jt8pi,2018-05-16 08:11:48,81,r/starterpacks,0,2018-05-16 15:57:15,4,0,2,0
8jt8pi,2018-05-16 08:11:48,81,r/starterpacks,0,2018-05-16 17:06:31,3,1,1,0
8jt8pi,2018-05-16 08:11:48,81,r/starterpacks,0,2018-05-16 17:19:54,4,0,1,0
8jt8pi,2018-05-16 08:11:48,81,r/starterpacks,0,2018-05-16 15:21:13,3,1,-2,0
8jt8pi,2018-05-16 08:11:48,81,r/starterpacks,0,2018-05-16 15:26:39,4,1,4,0
8jt8pi,2018-05-16 08:11:48,81,r/starterpacks,0,2018-05-16 15:06:37,2,0,3,0
8jt8pi,2018-05-16 08:11:48,81,r/starterpacks,0,2018-05-16 14:54:53,1,1,23,0
8jt8pi,2018-05-16 08:11:48,81,r/starterpacks,0,2018-05-16 15:27:26,2,0,8,0
8jt8pi,2018-05-16 08:11:48,81,r/starterpacks,0,2018-05-16 12:53:37,1,2,34,0
8jt8pi,2018-05-16 08:11:48,81,r/starterpacks,0,2018-05-16 13:41:46,2,9,67,0
8jt8pi,2018-05-16 08:11:48,81,r/starterpacks,0,2018-05-16 15:05:08,3,1,15,0
8jt8pi,2018-05-16 08:11:48,81,r/starterpacks,0,2018-05-16 17:02:55,4,0,3,0
8jt8pi,2018-05-16 08:11:48,81,r/starterpacks,0,2018-05-16 14:00:28,3,1,23,0
8jt8pi,2018-05-16 08:11:48,81,r/starterpacks,0,2018-05-16 14:13:30,4,1,27,0
8jt8pi,2018-05-16 08:11:48,81,r/starterpacks,0,2018-05-16 15:10:43,5,1,27,0
8jt8pi,2018-05-16 08:11:48,81,r/starterpacks,0,2018-05-16 17:38:16,6,0,2,0
8jt8pi,2018-05-16 08:11:48,81,r/starterpacks,0,2018-05-16 14:01:07,3,1,13,0
8jt8pi,2018-05-16 08:11:48,81,r/starterpacks,0,2018-05-16 16:07:52,4,1,5,0
8jt8pi,2018-05-16 08:11:48,81,r/starterpacks,0,2018-05-16 16:54:26,5,0,1,0
8jt8pi,2018-05-16 08:11:48,81,r/starterpacks,0,2018-05-16 14:20:21,3,0,12,0
8jt8pi,2018-05-16 08:11:48,81,r/starterpacks,0,2018-05-16 15:07:06,3,2,12,0
8jt8pi,2018-05-16 08:11:48,81,r/starterpacks,0,2018-05-16 16:33:31,4,0,3,0
8jt8pi,2018-05-16 08:11:48,81,r/starterpacks,0,2018-05-16 16:28:45,4,0,5,0
8jt8pi,2018-05-16 08:11:48,81,r/starterpacks,0,2018-05-16 16:06:43,3,0,8,0
8jt8pi,2018-05-16 08:11:48,81,r/starterpacks,0,2018-05-16 16:01:20,3,0,2,0
8jt8pi,2018-05-16 08:11:48,81,r/starterpacks,0,2018-05-16 15:14:27,3,1,2,0
8jt8pi,2018-05-16 08:11:48,81,r/starterpacks,0,2018-05-16 16:58:46,4,0,2,0
8jt8pi,2018-05-16 08:11:48,81,r/starterpacks,0,2018-05-16 16:51:17,3,0,1,0
8jt8pi,2018-05-16 08:11:48,81,r/starterpacks,0,2018-05-16 16:48:17,2,0,1,0
8jt8pi,2018-05-16 08:11:48,81,r/starterpacks,0,2018-05-16 16:57:24,1,0,1,0
8jt8pi,2018-05-16 08:11:48,81,r/starterpacks,0,2018-05-16 18:18:58,1,0,1,0
8jt8pi,2018-05-16 08:11:48,81,r/starterpacks,1,2018-05-16 09:37:34,0,7,1425,0
8jt8pi,2018-05-16 08:11:48,81,r/starterpacks,1,2018-05-16 12:04:53,1,7,787,0
8jt8pi,2018-05-16 08:11:48,81,r/starterpacks,1,2018-05-16 13:06:55,2,3,275,0
8jt8pi,2018-05-16 08:11:48,81,r/starterpacks,1,2018-05-16 15:06:14,3,3,92,0
8jt8pi,2018-05-16 08:11:48,81,r/starterpacks,1,2018-05-16 15:29:48,4,0,4,0
8jt8pi,2018-05-16 08:11:48,81,r/starterpacks,1,2018-05-16 16:01:25,4,0,2,0
8jt8pi,2018-05-16 08:11:48,81,r/starterpacks,1,2018-05-16 16:15:21,4,0,2,0
8jt8pi,2018-05-16 08:11:48,81,r/starterpacks,1,2018-05-16 15:53:11,3,0,7,0
8jt8pi,2018-05-16 08:11:48,81,r/starterpacks,1,2018-05-16 16:02:41,3,0,5,0
8jt8pi,2018-05-16 08:11:48,81,r/starterpacks,1,2018-05-16 14:31:39,2,0,35,0
8jt8pi,2018-05-16 08:11:48,81,r/starterpacks,1,2018-05-16 13:02:20,2,1,31,0
8jt8pi,2018-05-16 08:11:48,81,r/starterpacks,1,2018-05-16 14:57:27,3,0,8,0
8jt8pi,2018-05-16 08:11:48,81,r/starterpacks,1,2018-05-16 13:36:11,2,0,25,0
8jt8pi,2018-05-16 08:11:48,81,r/starterpacks,1,2018-05-16 15:53:11,2,0,2,0
8jt8pi,2018-05-16 08:11:48,81,r/starterpacks,1,2018-05-16 17:43:07,2,0,2,0
8jt8pi,2018-05-16 08:11:48,81,r/starterpacks,1,2018-05-16 17:47:42,2,0,1,0
8jt8pi,2018-05-16 08:11:48,81,r/starterpacks,1,2018-05-16 11:52:46,1,2,40,0
8jt8pi,2018-05-16 08:11:48,81,r/starterpacks,1,2018-05-16 14:32:43,2,0,15,0
8jt8pi,2018-05-16 08:11:48,81,r/starterpacks,1,2018-05-16 12:17:17,2,0,3,0
8jt8pi,2018-05-16 08:11:48,81,r/starterpacks,1,2018-05-16 11:59:18,1,0,29,0
8jt8pi,2018-05-16 08:11:48,81,r/starterpacks,1,2018-05-16 14:06:04,1,0,7,0
8jt8pi,2018-05-16 08:11:48,81,r/starterpacks,1,2018-05-16 15:13:14,1,0,2,0
8jt8pi,2018-05-16 08:11:48,81,r/starterpacks,1,2018-05-16 15:41:21,1,0,2,0
8jt8pi,2018-05-16 08:11:48,81,r/starterpacks,1,2018-05-16 15:07:18,1,0,2,0
8jt8pi,2018-05-16 08:11:48,81,r/starterpacks,2,2018-05-16 08:14:59,0,13,2675,0
8jt8pi,2018-05-16 08:11:48,81,r/starterpacks,2,2018-05-16 08:43:27,1,2,908,0
8jt8pi,2018-05-16 08:11:48,81,r/starterpacks,2,2018-05-16 11:28:47,2,5,1279,0
8jt8pi,2018-05-16 08:11:48,81,r/starterpacks,2,2018-05-16 13:17:46,3,2,289,0
8jt8pi,2018-05-16 08:11:48,81,r/starterpacks,2,2018-05-16 13:30:47,4,2,114,0
8jt8pi,2018-05-16 08:11:48,81,r/starterpacks,2,2018-05-16 13:39:24,5,1,32,0
8jt8pi,2018-05-16 08:11:48,81,r/starterpacks,2,2018-05-16 14:23:15,6,0,9,0
8jt8pi,2018-05-16 08:11:48,81,r/starterpacks,2,2018-05-16 13:46:13,5,1,15,0
8jt8pi,2018-05-16 08:11:48,81,r/starterpacks,2,2018-05-16 13:52:15,6,2,7,0
8jt8pi,2018-05-16 08:11:48,81,r/starterpacks,2,2018-05-16 14:01:21,7,2,13,0
8jt8pi,2018-05-16 08:11:48,81,r/starterpacks,2,2018-05-16 14:12:08,8,2,16,0
8jt8pi,2018-05-16 08:11:48,81,r/starterpacks,2,2018-05-16 15:31:27,9,1,3,0
8jt8pi,2018-05-16 08:11:48,81,r/starterpacks,2,2018-05-16 14:22:13,9,1,2,0
8jt8pi,2018-05-16 08:11:48,81,r/starterpacks,2,2018-05-16 14:36:59,8,0,2,0
8jt8pi,2018-05-16 08:11:48,81,r/starterpacks,2,2018-05-16 13:54:39,7,0,3,0
8jt8pi,2018-05-16 08:11:48,81,r/starterpacks,2,2018-05-16 18:28:28,4,0,1,0
8jt8pi,2018-05-16 08:11:48,81,r/starterpacks,2,2018-05-16 14:23:23,3,0,14,0
8jt8pi,2018-05-16 08:11:48,81,r/starterpacks,2,2018-05-16 13:26:04,3,0,6,0
8jt8pi,2018-05-16 08:11:48,81,r/starterpacks,2,2018-05-16 16:16:07,3,0,1,0
8jt8pi,2018-05-16 08:11:48,81,r/starterpacks,2,2018-05-16 17:16:48,3,0,1,0
8jt8pi,2018-05-16 08:11:48,81,r/starterpacks,2,2018-05-16 13:02:14,2,0,14,0
8jt8pi,2018-05-16 08:11:48,81,r/starterpacks,2,2018-05-16 13:16:58,1,5,228,0
8jt8pi,2018-05-16 08:11:48,81,r/starterpacks,2,2018-05-16 13:56:52,2,1,78,0
8jt8pi,2018-05-16 08:11:48,81,r/starterpacks,2,2018-05-16 14:18:26,3,1,69,0
8jt8pi,2018-05-16 08:11:48,81,r/starterpacks,2,2018-05-16 14:36:58,4,2,44,0
8jt8pi,2018-05-16 08:11:48,81,r/starterpacks,2,2018-05-16 14:57:39,5,1,39,0
8jt8pi,2018-05-16 08:11:48,81,r/starterpacks,2,2018-05-16 15:26:34,6,1,18,0
8jt8pi,2018-05-16 08:11:48,81,r/starterpacks,2,2018-05-16 16:42:57,7,0,5,0
8jt8pi,2018-05-16 08:11:48,81,r/starterpacks,2,2018-05-16 14:59:52,5,0,15,0
8jt8pi,2018-05-16 08:11:48,81,r/starterpacks,2,2018-05-16 14:22:19,2,2,63,0
8jt8pi,2018-05-16 08:11:48,81,r/starterpacks,2,2018-05-16 14:53:56,3,1,24,0
8jt8pi,2018-05-16 08:11:48,81,r/starterpacks,2,2018-05-16 15:51:55,4,0,24,0
8jt8pi,2018-05-16 08:11:48,81,r/starterpacks,2,2018-05-16 15:35:56,3,1,18,0
8jt8pi,2018-05-16 08:11:48,81,r/starterpacks,2,2018-05-16 16:19:06,4,0,7,0
8jt8pi,2018-05-16 08:11:48,81,r/starterpacks,2,2018-05-16 13:35:07,2,0,19,0
8jt8pi,2018-05-16 08:11:48,81,r/starterpacks,2,2018-05-16 13:43:39,2,1,77,0
8jt8pi,2018-05-16 08:11:48,81,r/starterpacks,2,2018-05-16 16:14:55,3,0,9,0
8jt8pi,2018-05-16 08:11:48,81,r/starterpacks,2,2018-05-16 13:56:27,2,0,17,0
8jt8pi,2018-05-16 08:11:48,81,r/starterpacks,2,2018-05-16 11:55:25,1,4,323,0
8jt8pi,2018-05-16 08:11:48,81,r/starterpacks,2,2018-05-16 12:53:42,2,3,101,0
8jt8pi,2018-05-16 08:11:48,81,r/starterpacks,2,2018-05-16 13:24:36,3,1,87,0
8jt8pi,2018-05-16 08:11:48,81,r/starterpacks,2,2018-05-16 13:27:18,4,1,20,0
8jt8pi,2018-05-16 08:11:48,81,r/starterpacks,2,2018-05-16 14:14:39,5,2,4,0
8jt8pi,2018-05-16 08:11:48,81,r/starterpacks,2,2018-05-16 15:01:34,6,0,1,0
8jt8pi,2018-05-16 08:11:48,81,r/starterpacks,2,2018-05-16 17:18:40,6,0,1,0
8jt8pi,2018-05-16 08:11:48,81,r/starterpacks,2,2018-05-16 14:14:21,3,0,3,0
8jt8pi,2018-05-16 08:11:48,81,r/starterpacks,2,2018-05-16 14:42:50,3,0,1,0
8jt8pi,2018-05-16 08:11:48,81,r/starterpacks,2,2018-05-16 13:49:58,2,1,26,0
8jt8pi,2018-05-16 08:11:48,81,r/starterpacks,2,2018-05-16 14:07:29,3,1,18,0
8jt8pi,2018-05-16 08:11:48,81,r/starterpacks,2,2018-05-16 14:13:29,4,1,6,0
8jt8pi,2018-05-16 08:11:48,81,r/starterpacks,2,2018-05-16 15:00:13,5,0,3,0
8jt8pi,2018-05-16 08:11:48,81,r/starterpacks,2,2018-05-16 14:12:50,2,1,4,0
8jt8pi,2018-05-16 08:11:48,81,r/starterpacks,2,2018-05-16 15:58:06,3,0,2,0
8jt8pi,2018-05-16 08:11:48,81,r/starterpacks,2,2018-05-16 16:07:21,2,0,1,0
8jt8pi,2018-05-16 08:11:48,81,r/starterpacks,2,2018-05-16 11:50:59,1,4,313,0
8jt8pi,2018-05-16 08:11:48,81,r/starterpacks,2,2018-05-16 12:25:10,2,3,136,0
8jt8pi,2018-05-16 08:11:48,81,r/starterpacks,2,2018-05-16 12:52:37,3,0,70,0
8jt8pi,2018-05-16 08:11:48,81,r/starterpacks,2,2018-05-16 13:07:02,3,0,10,0
8jt8pi,2018-05-16 08:11:48,81,r/starterpacks,2,2018-05-16 15:31:02,3,1,2,0
8jt8pi,2018-05-16 08:11:48,81,r/starterpacks,2,2018-05-16 16:01:18,4,0,1,0
8jt8pi,2018-05-16 08:11:48,81,r/starterpacks,2,2018-05-16 12:30:26,2,2,81,0
8jt8pi,2018-05-16 08:11:48,81,r/starterpacks,2,2018-05-16 12:41:03,3,1,23,0
8jt8pi,2018-05-16 08:11:48,81,r/starterpacks,2,2018-05-16 13:44:26,4,0,3,0
8jt8pi,2018-05-16 08:11:48,81,r/starterpacks,2,2018-05-16 13:43:40,3,0,1,0
8jt8pi,2018-05-16 08:11:48,81,r/starterpacks,2,2018-05-16 12:33:45,2,0,11,0
8jt8pi,2018-05-16 08:11:48,81,r/starterpacks,2,2018-05-16 13:22:56,1,2,34,0
8jt8pi,2018-05-16 08:11:48,81,r/starterpacks,2,2018-05-16 16:16:20,2,0,2,0
8jt8pi,2018-05-16 08:11:48,81,r/starterpacks,2,2018-05-16 18:25:35,2,0,1,0
8jt8pi,2018-05-16 08:11:48,81,r/starterpacks,2,2018-05-16 12:42:03,1,6,56,0
8jt8pi,2018-05-16 08:11:48,81,r/starterpacks,2,2018-05-16 13:16:39,2,2,26,0
8jt8pi,2018-05-16 08:11:48,81,r/starterpacks,2,2018-05-16 13:22:16,3,0,3,0
8jt8pi,2018-05-16 08:11:48,81,r/starterpacks,2,2018-05-16 14:05:38,3,3,2,0
8jt8pi,2018-05-16 08:11:48,81,r/starterpacks,2,2018-05-16 14:18:15,4,0,2,0
8jt8pi,2018-05-16 08:11:48,81,r/starterpacks,2,2018-05-16 14:14:27,4,0,3,0
8jt8pi,2018-05-16 08:11:48,81,r/starterpacks,2,2018-05-16 16:56:44,4,0,3,0
8jt8pi,2018-05-16 08:11:48,81,r/starterpacks,2,2018-05-16 14:25:53,2,0,9,0
8jt8pi,2018-05-16 08:11:48,81,r/starterpacks,2,2018-05-16 14:11:35,2,0,6,0
8jt8pi,2018-05-16 08:11:48,81,r/starterpacks,2,2018-05-16 15:48:49,2,0,3,0
8jt8pi,2018-05-16 08:11:48,81,r/starterpacks,2,2018-05-16 15:16:45,2,0,2,0
8jt8pi,2018-05-16 08:11:48,81,r/starterpacks,2,2018-05-16 17:11:59,2,0,1,0
8jt8pi,2018-05-16 08:11:48,81,r/starterpacks,2,2018-05-16 13:12:44,1,1,45,0
8jt8pi,2018-05-16 08:11:48,81,r/starterpacks,2,2018-05-16 13:24:55,2,1,24,0
8jt8pi,2018-05-16 08:11:48,81,r/starterpacks,2,2018-05-16 14:31:58,3,0,2,0
8jt8pi,2018-05-16 08:11:48,81,r/starterpacks,2,2018-05-16 13:20:24,1,0,14,0
8jt8pi,2018-05-16 08:11:48,81,r/starterpacks,2,2018-05-16 13:39:27,1,0,1,0
8jt8pi,2018-05-16 08:11:48,81,r/starterpacks,2,2018-05-16 15:29:23,1,0,1,0
8jt8pi,2018-05-16 08:11:48,81,r/starterpacks,2,2018-05-16 16:09:50,1,0,1,0
8jt8pi,2018-05-16 08:11:48,81,r/starterpacks,2,2018-05-16 16:22:32,1,0,1,0
8jt8pi,2018-05-16 08:11:48,81,r/starterpacks,3,2018-05-16 09:22:52,0,6,523,0
8jt8pi,2018-05-16 08:11:48,81,r/starterpacks,3,2018-05-16 12:29:54,1,23,360,0
8jt8pi,2018-05-16 08:11:48,81,r/starterpacks,3,2018-05-16 13:02:49,2,0,143,0
8jt8pi,2018-05-16 08:11:48,81,r/starterpacks,3,2018-05-16 13:16:33,2,0,96,0
8jt8pi,2018-05-16 08:11:48,81,r/starterpacks,3,2018-05-16 12:37:04,2,2,131,0
8jt8pi,2018-05-16 08:11:48,81,r/starterpacks,3,2018-05-16 13:30:21,3,2,92,0
8jt8pi,2018-05-16 08:11:48,81,r/starterpacks,3,2018-05-16 13:59:57,4,0,28,0
8jt8pi,2018-05-16 08:11:48,81,r/starterpacks,3,2018-05-16 16:06:55,4,0,1,0
8jt8pi,2018-05-16 08:11:48,81,r/starterpacks,3,2018-05-16 15:35:38,3,1,2,0
8jt8pi,2018-05-16 08:11:48,81,r/starterpacks,3,2018-05-16 15:36:31,4,1,2,0
8jt8pi,2018-05-16 08:11:48,81,r/starterpacks,3,2018-05-16 15:40:16,5,0,2,0
8jt8pi,2018-05-16 08:11:48,81,r/starterpacks,3,2018-05-16 12:51:13,2,1,39,0
8jt8pi,2018-05-16 08:11:48,81,r/starterpacks,3,2018-05-16 14:36:17,3,1,3,0
8jt8pi,2018-05-16 08:11:48,81,r/starterpacks,3,2018-05-16 17:29:58,4,0,1,0
8jt8pi,2018-05-16 08:11:48,81,r/starterpacks,3,2018-05-16 13:33:18,2,2,18,0
8jt8pi,2018-05-16 08:11:48,81,r/starterpacks,3,2018-05-16 13:51:59,3,0,24,0
8jt8pi,2018-05-16 08:11:48,81,r/starterpacks,3,2018-05-16 15:56:08,3,1,3,0
8jt8pi,2018-05-16 08:11:48,81,r/starterpacks,3,2018-05-16 16:42:16,4,0,3,0
8jt8pi,2018-05-16 08:11:48,81,r/starterpacks,3,2018-05-16 12:36:53,2,0,14,0
8jt8pi,2018-05-16 08:11:48,81,r/starterpacks,3,2018-05-16 13:59:11,2,0,13,0
8jt8pi,2018-05-16 08:11:48,81,r/starterpacks,3,2018-05-16 14:27:03,2,3,10,0
8jt8pi,2018-05-16 08:11:48,81,r/starterpacks,3,2018-05-16 14:44:29,3,0,2,0
8jt8pi,2018-05-16 08:11:48,81,r/starterpacks,3,2018-05-16 14:45:12,3,1,1,0
8jt8pi,2018-05-16 08:11:48,81,r/starterpacks,3,2018-05-16 14:46:02,4,0,1,0
8jt8pi,2018-05-16 08:11:48,81,r/starterpacks,3,2018-05-16 14:55:08,3,0,1,0
8jt8pi,2018-05-16 08:11:48,81,r/starterpacks,3,2018-05-16 13:00:26,2,0,8,0
8jt8pi,2018-05-16 08:11:48,81,r/starterpacks,3,2018-05-16 14:58:18,2,0,6,0
8jt8pi,2018-05-16 08:11:48,81,r/starterpacks,3,2018-05-16 15:28:08,2,0,3,0
8jt8pi,2018-05-16 08:11:48,81,r/starterpacks,3,2018-05-16 13:38:05,2,0,2,0
8jt8pi,2018-05-16 08:11:48,81,r/starterpacks,3,2018-05-16 13:51:30,2,0,1,0
8jt8pi,2018-05-16 08:11:48,81,r/starterpacks,3,2018-05-16 14:00:53,2,0,1,0
8jt8pi,2018-05-16 08:11:48,81,r/starterpacks,3,2018-05-16 15:20:39,2,0,1,0
8jt8pi,2018-05-16 08:11:48,81,r/starterpacks,3,2018-05-16 15:58:02,2,0,1,0
8jt8pi,2018-05-16 08:11:48,81,r/starterpacks,3,2018-05-16 16:01:54,2,0,1,0
8jt8pi,2018-05-16 08:11:48,81,r/starterpacks,3,2018-05-16 16:09:10,2,0,1,0
8jt8pi,2018-05-16 08:11:48,81,r/starterpacks,3,2018-05-16 16:18:48,2,0,1,0
8jt8pi,2018-05-16 08:11:48,81,r/starterpacks,3,2018-05-16 16:26:26,2,0,1,0
8jt8pi,2018-05-16 08:11:48,81,r/starterpacks,3,2018-05-16 16:36:43,2,0,1,0
8jt8pi,2018-05-16 08:11:48,81,r/starterpacks,3,2018-05-16 16:59:39,2,0,1,0
8jt8pi,2018-05-16 08:11:48,81,r/starterpacks,3,2018-05-16 13:42:27,2,1,0,0
8jt8pi,2018-05-16 08:11:48,81,r/starterpacks,3,2018-05-16 14:05:32,3,1,12,0
8jt8pi,2018-05-16 08:11:48,81,r/starterpacks,3,2018-05-16 14:54:18,4,0,0,0
8jt8pi,2018-05-16 08:11:48,81,r/starterpacks,3,2018-05-16 13:40:57,1,0,5,0
8jt8pi,2018-05-16 08:11:48,81,r/starterpacks,3,2018-05-16 14:02:15,1,3,3,0
8jt8pi,2018-05-16 08:11:48,81,r/starterpacks,3,2018-05-16 14:08:22,2,1,5,0
8jt8pi,2018-05-16 08:11:48,81,r/starterpacks,3,2018-05-16 14:37:20,3,0,2,0
8jt8pi,2018-05-16 08:11:48,81,r/starterpacks,3,2018-05-16 14:49:50,2,0,4,0
8jt8pi,2018-05-16 08:11:48,81,r/starterpacks,3,2018-05-16 16:21:56,2,0,1,0
8jt8pi,2018-05-16 08:11:48,81,r/starterpacks,3,2018-05-16 12:13:03,1,3,6,0
8jt8pi,2018-05-16 08:11:48,81,r/starterpacks,3,2018-05-16 12:20:07,2,0,6,0
8jt8pi,2018-05-16 08:11:48,81,r/starterpacks,3,2018-05-16 14:38:43,2,1,1,0
8jt8pi,2018-05-16 08:11:48,81,r/starterpacks,3,2018-05-16 15:09:04,3,0,1,0
8jt8pi,2018-05-16 08:11:48,81,r/starterpacks,3,2018-05-16 15:02:09,2,0,1,0
8jt8pi,2018-05-16 08:11:48,81,r/starterpacks,3,2018-05-16 14:57:34,1,0,2,0
8jt8pi,2018-05-16 08:11:48,81,r/starterpacks,3,2018-05-16 12:58:52,1,0,1,0
8jt8pi,2018-05-16 08:11:48,81,r/starterpacks,4,2018-05-16 11:13:56,0,4,487,0
8jt8pi,2018-05-16 08:11:48,81,r/starterpacks,4,2018-05-16 13:00:38,1,4,197,0
8jt8pi,2018-05-16 08:11:48,81,r/starterpacks,4,2018-05-16 13:13:55,2,1,101,0
8jt8pi,2018-05-16 08:11:48,81,r/starterpacks,4,2018-05-16 13:54:58,3,0,17,0
8jt8pi,2018-05-16 08:11:48,81,r/starterpacks,4,2018-05-16 14:17:31,2,1,14,0
8jt8pi,2018-05-16 08:11:48,81,r/starterpacks,4,2018-05-16 15:52:34,3,0,2,0
8jt8pi,2018-05-16 08:11:48,81,r/starterpacks,4,2018-05-16 13:12:25,2,2,2,0
8jt8pi,2018-05-16 08:11:48,81,r/starterpacks,4,2018-05-16 13:34:21,3,0,35,0
8jt8pi,2018-05-16 08:11:48,81,r/starterpacks,4,2018-05-16 14:00:29,3,1,12,0
8jt8pi,2018-05-16 08:11:48,81,r/starterpacks,4,2018-05-16 14:23:02,4,1,16,0
8jt8pi,2018-05-16 08:11:48,81,r/starterpacks,4,2018-05-16 17:25:48,5,0,1,0
8jt8pi,2018-05-16 08:11:48,81,r/starterpacks,4,2018-05-16 14:47:14,2,0,1,0
8jt8pi,2018-05-16 08:11:48,81,r/starterpacks,4,2018-05-16 15:21:14,1,0,1,0
8jt8pi,2018-05-16 08:11:48,81,r/starterpacks,4,2018-05-16 15:21:29,1,0,1,0
8jt8pi,2018-05-16 08:11:48,81,r/starterpacks,4,2018-05-16 17:27:21,1,0,1,0
8jt8pi,2018-05-16 08:11:48,81,r/starterpacks,5,2018-05-16 11:39:08,0,3,111,0
8jt8pi,2018-05-16 08:11:48,81,r/starterpacks,5,2018-05-16 14:49:25,1,1,33,0
8jt8pi,2018-05-16 08:11:48,81,r/starterpacks,5,2018-05-16 15:24:46,2,0,10,0
8jt8pi,2018-05-16 08:11:48,81,r/starterpacks,5,2018-05-16 16:01:30,1,0,4,0
8jt8pi,2018-05-16 08:11:48,81,r/starterpacks,5,2018-05-16 18:05:27,1,0,1,0
8jt8pi,2018-05-16 08:11:48,81,r/starterpacks,6,2018-05-16 09:03:10,0,3,398,0
8jt8pi,2018-05-16 08:11:48,81,r/starterpacks,6,2018-05-16 12:06:15,1,3,197,0
8jt8pi,2018-05-16 08:11:48,81,r/starterpacks,6,2018-05-16 12:41:52,2,2,79,0
8jt8pi,2018-05-16 08:11:48,81,r/starterpacks,6,2018-05-16 12:57:17,3,0,84,0
8jt8pi,2018-05-16 08:11:48,81,r/starterpacks,6,2018-05-16 12:41:55,3,4,19,0
8jt8pi,2018-05-16 08:11:48,81,r/starterpacks,6,2018-05-16 12:43:20,4,1,40,0
8jt8pi,2018-05-16 08:11:48,81,r/starterpacks,6,2018-05-16 12:52:47,5,2,29,0
8jt8pi,2018-05-16 08:11:48,81,r/starterpacks,6,2018-05-16 13:11:01,6,2,22,0
8jt8pi,2018-05-16 08:11:48,81,r/starterpacks,6,2018-05-16 13:28:25,7,1,12,0
8jt8pi,2018-05-16 08:11:48,81,r/starterpacks,6,2018-05-16 14:41:08,8,0,1,0
8jt8pi,2018-05-16 08:11:48,81,r/starterpacks,6,2018-05-16 13:43:18,7,1,9,0
8jt8pi,2018-05-16 08:11:48,81,r/starterpacks,6,2018-05-16 14:30:17,8,0,4,0
8jt8pi,2018-05-16 08:11:48,81,r/starterpacks,6,2018-05-16 13:11:17,6,0,2,0
8jt8pi,2018-05-16 08:11:48,81,r/starterpacks,6,2018-05-16 12:43:29,4,0,8,0
8jt8pi,2018-05-16 08:11:48,81,r/starterpacks,6,2018-05-16 13:06:33,4,0,2,0
8jt8pi,2018-05-16 08:11:48,81,r/starterpacks,6,2018-05-16 13:03:51,4,0,2,0
8jt8pi,2018-05-16 08:11:48,81,r/starterpacks,6,2018-05-16 12:18:35,2,1,75,0
8jt8pi,2018-05-16 08:11:48,81,r/starterpacks,6,2018-05-16 13:28:07,3,3,17,0
8jt8pi,2018-05-16 08:11:48,81,r/starterpacks,6,2018-05-16 13:41:28,4,1,11,0
8jt8pi,2018-05-16 08:11:48,81,r/starterpacks,6,2018-05-16 17:26:02,5,0,1,0
8jt8pi,2018-05-16 08:11:48,81,r/starterpacks,6,2018-05-16 15:01:25,4,0,2,0
8jt8pi,2018-05-16 08:11:48,81,r/starterpacks,6,2018-05-16 17:00:24,4,0,2,0
8jt8pi,2018-05-16 08:11:48,81,r/starterpacks,6,2018-05-16 14:42:38,2,1,2,0
8jt8pi,2018-05-16 08:11:48,81,r/starterpacks,6,2018-05-16 17:25:07,3,0,2,0
8jt8pi,2018-05-16 08:11:48,81,r/starterpacks,6,2018-05-16 14:06:31,1,1,2,0
8jt8pi,2018-05-16 08:11:48,81,r/starterpacks,6,2018-05-16 14:18:41,2,0,1,0
8jt8pi,2018-05-16 08:11:48,81,r/starterpacks,6,2018-05-16 17:45:36,1,0,1,0
8jt8pi,2018-05-16 08:11:48,81,r/starterpacks,7,2018-05-16 11:59:59,0,2,153,0
8jt8pi,2018-05-16 08:11:48,81,r/starterpacks,7,2018-05-16 12:40:13,1,2,46,0
8jt8pi,2018-05-16 08:11:48,81,r/starterpacks,7,2018-05-16 13:00:34,2,7,66,0
8jt8pi,2018-05-16 08:11:48,81,r/starterpacks,7,2018-05-16 13:01:44,3,1,29,0
8jt8pi,2018-05-16 08:11:48,81,r/starterpacks,7,2018-05-16 13:12:04,4,1,11,0
8jt8pi,2018-05-16 08:11:48,81,r/starterpacks,7,2018-05-16 13:29:16,5,2,10,0
8jt8pi,2018-05-16 08:11:48,81,r/starterpacks,7,2018-05-16 16:42:26,6,0,1,0
8jt8pi,2018-05-16 08:11:48,81,r/starterpacks,7,2018-05-16 17:32:57,6,0,1,0
8jt8pi,2018-05-16 08:11:48,81,r/starterpacks,7,2018-05-16 13:57:36,3,0,12,0
8jt8pi,2018-05-16 08:11:48,81,r/starterpacks,7,2018-05-16 13:38:33,3,1,10,0
8jt8pi,2018-05-16 08:11:48,81,r/starterpacks,7,2018-05-16 13:57:34,3,0,6,0
8jt8pi,2018-05-16 08:11:48,81,r/starterpacks,7,2018-05-16 14:11:36,3,0,1,0
8jt8pi,2018-05-16 08:11:48,81,r/starterpacks,7,2018-05-16 14:48:04,3,0,1,0
8jt8pi,2018-05-16 08:11:48,81,r/starterpacks,7,2018-05-16 14:52:12,3,0,1,0
8jt8pi,2018-05-16 08:11:48,81,r/starterpacks,7,2018-05-16 17:47:50,2,0,1,0
8jt8pi,2018-05-16 08:11:48,81,r/starterpacks,7,2018-05-16 14:47:55,1,0,1,0
8jt8pi,2018-05-16 08:11:48,81,r/starterpacks,8,2018-05-16 08:55:38,0,3,88,0
8jt8pi,2018-05-16 08:11:48,81,r/starterpacks,8,2018-05-16 12:05:48,1,0,51,0
8jt8pi,2018-05-16 08:11:48,81,r/starterpacks,8,2018-05-16 13:53:47,1,1,10,0
8jt8pi,2018-05-16 08:11:48,81,r/starterpacks,8,2018-05-16 16:24:08,2,0,1,0
8jt8pi,2018-05-16 08:11:48,81,r/starterpacks,8,2018-05-16 17:35:56,1,0,1,0
8jt8pi,2018-05-16 08:11:48,81,r/starterpacks,9,2018-05-16 12:05:32,0,1,43,0
8jt8pi,2018-05-16 08:11:48,81,r/starterpacks,9,2018-05-16 17:47:36,1,0,2,0
8jt8pi,2018-05-16 08:11:48,81,r/starterpacks,10,2018-05-16 12:21:03,0,1,39,0
8jt8pi,2018-05-16 08:11:48,81,r/starterpacks,10,2018-05-16 17:55:39,1,0,1,0
8jt8pi,2018-05-16 08:11:48,81,r/starterpacks,11,2018-05-16 13:12:09,0,4,34,0
8jt8pi,2018-05-16 08:11:48,81,r/starterpacks,11,2018-05-16 14:13:19,1,2,11,0
8jt8pi,2018-05-16 08:11:48,81,r/starterpacks,11,2018-05-16 16:44:40,2,1,2,0
8jt8pi,2018-05-16 08:11:48,81,r/starterpacks,11,2018-05-16 16:48:51,3,2,3,0
8jt8pi,2018-05-16 08:11:48,81,r/starterpacks,11,2018-05-16 17:30:43,4,1,2,0
8jt8pi,2018-05-16 08:11:48,81,r/starterpacks,11,2018-05-16 17:32:56,5,0,2,0
8jt8pi,2018-05-16 08:11:48,81,r/starterpacks,11,2018-05-16 17:51:45,4,0,2,0
8jt8pi,2018-05-16 08:11:48,81,r/starterpacks,11,2018-05-16 14:56:18,2,0,1,0
8jt8pi,2018-05-16 08:11:48,81,r/starterpacks,11,2018-05-16 15:06:35,1,1,7,0
8jt8pi,2018-05-16 08:11:48,81,r/starterpacks,11,2018-05-16 17:29:47,2,0,2,0
8jt8pi,2018-05-16 08:11:48,81,r/starterpacks,11,2018-05-16 14:18:03,1,0,2,0
8jt8pi,2018-05-16 08:11:48,81,r/starterpacks,11,2018-05-16 15:06:29,1,0,2,0
8jt8pi,2018-05-16 08:11:48,81,r/starterpacks,12,2018-05-16 10:26:39,0,11,164,0
8jt8pi,2018-05-16 08:11:48,81,r/starterpacks,12,2018-05-16 10:34:17,1,1,132,0
8jt8pi,2018-05-16 08:11:48,81,r/starterpacks,12,2018-05-16 10:41:40,2,3,67,0
8jt8pi,2018-05-16 08:11:48,81,r/starterpacks,12,2018-05-16 12:49:51,3,2,26,0
8jt8pi,2018-05-16 08:11:48,81,r/starterpacks,12,2018-05-16 13:02:18,4,0,27,0
8jt8pi,2018-05-16 08:11:48,81,r/starterpacks,12,2018-05-16 14:23:56,4,0,1,0
8jt8pi,2018-05-16 08:11:48,81,r/starterpacks,12,2018-05-16 13:42:34,3,0,3,0
8jt8pi,2018-05-16 08:11:48,81,r/starterpacks,12,2018-05-16 14:22:36,3,1,2,0
8jt8pi,2018-05-16 08:11:48,81,r/starterpacks,12,2018-05-16 14:24:37,4,0,2,0
8jt8pi,2018-05-16 08:11:48,81,r/starterpacks,12,2018-05-16 12:09:00,1,3,41,0
8jt8pi,2018-05-16 08:11:48,81,r/starterpacks,12,2018-05-16 13:47:04,2,0,30,0
8jt8pi,2018-05-16 08:11:48,81,r/starterpacks,12,2018-05-16 13:58:09,2,1,11,0
8jt8pi,2018-05-16 08:11:48,81,r/starterpacks,12,2018-05-16 17:51:41,3,0,2,0
8jt8pi,2018-05-16 08:11:48,81,r/starterpacks,12,2018-05-16 14:27:35,2,0,5,0
8jt8pi,2018-05-16 08:11:48,81,r/starterpacks,12,2018-05-16 12:35:26,1,3,65,0
8jt8pi,2018-05-16 08:11:48,81,r/starterpacks,12,2018-05-16 13:27:23,2,3,38,0
8jt8pi,2018-05-16 08:11:48,81,r/starterpacks,12,2018-05-16 13:39:58,3,3,6,0
8jt8pi,2018-05-16 08:11:48,81,r/starterpacks,12,2018-05-16 14:43:20,4,1,4,0
8jt8pi,2018-05-16 08:11:48,81,r/starterpacks,12,2018-05-16 14:50:46,5,0,2,0
8jt8pi,2018-05-16 08:11:48,81,r/starterpacks,12,2018-05-16 17:01:39,4,1,2,0
8jt8pi,2018-05-16 08:11:48,81,r/starterpacks,12,2018-05-16 17:51:44,5,0,2,0
8jt8pi,2018-05-16 08:11:48,81,r/starterpacks,12,2018-05-16 14:32:08,4,0,1,0
8jt8pi,2018-05-16 08:11:48,81,r/starterpacks,12,2018-05-16 16:09:57,3,0,3,0
8jt8pi,2018-05-16 08:11:48,81,r/starterpacks,12,2018-05-16 15:04:36,3,0,1,0
8jt8pi,2018-05-16 08:11:48,81,r/starterpacks,12,2018-05-16 13:33:28,2,2,3,0
8jt8pi,2018-05-16 08:11:48,81,r/starterpacks,12,2018-05-16 13:35:33,3,0,15,0
8jt8pi,2018-05-16 08:11:48,81,r/starterpacks,12,2018-05-16 14:54:50,3,0,3,0
8jt8pi,2018-05-16 08:11:48,81,r/starterpacks,12,2018-05-16 13:41:52,2,2,3,0
8jt8pi,2018-05-16 08:11:48,81,r/starterpacks,12,2018-05-16 14:05:37,3,0,1,0
8jt8pi,2018-05-16 08:11:48,81,r/starterpacks,12,2018-05-16 13:44:22,3,1,1,0
8jt8pi,2018-05-16 08:11:48,81,r/starterpacks,12,2018-05-16 13:45:46,4,2,1,0
8jt8pi,2018-05-16 08:11:48,81,r/starterpacks,12,2018-05-16 14:32:42,5,0,1,0
8jt8pi,2018-05-16 08:11:48,81,r/starterpacks,12,2018-05-16 14:17:55,1,0,5,0
8jt8pi,2018-05-16 08:11:48,81,r/starterpacks,12,2018-05-16 15:19:08,1,1,2,0
8jt8pi,2018-05-16 08:11:48,81,r/starterpacks,12,2018-05-16 17:07:16,2,1,1,0
8jt8pi,2018-05-16 08:11:48,81,r/starterpacks,12,2018-05-16 17:21:57,3,1,1,0
8jt8pi,2018-05-16 08:11:48,81,r/starterpacks,12,2018-05-16 17:55:17,4,0,1,0
8jt8pi,2018-05-16 08:11:48,81,r/starterpacks,12,2018-05-16 12:52:35,1,0,4,0
8jt8pi,2018-05-16 08:11:48,81,r/starterpacks,12,2018-05-16 13:53:04,1,1,1,0
8jt8pi,2018-05-16 08:11:48,81,r/starterpacks,12,2018-05-16 14:22:57,2,0,1,0
8jt8pi,2018-05-16 08:11:48,81,r/starterpacks,12,2018-05-16 14:12:31,1,0,1,0
8jt8pi,2018-05-16 08:11:48,81,r/starterpacks,12,2018-05-16 16:10:00,1,0,1,0
8jt8pi,2018-05-16 08:11:48,81,r/starterpacks,12,2018-05-16 17:02:12,1,0,1,0
8jt8pi,2018-05-16 08:11:48,81,r/starterpacks,12,2018-05-16 17:59:40,1,1,1,0
8jt8pi,2018-05-16 08:11:48,81,r/starterpacks,12,2018-05-16 18:05:42,2,1,1,0
8jt8pi,2018-05-16 08:11:48,81,r/starterpacks,12,2018-05-16 18:14:08,3,0,1,0
8jt8pi,2018-05-16 08:11:48,81,r/starterpacks,13,2018-05-16 12:15:07,0,1,24,0
8jt8pi,2018-05-16 08:11:48,81,r/starterpacks,13,2018-05-16 12:15:14,1,3,19,0
8jt8pi,2018-05-16 08:11:48,81,r/starterpacks,13,2018-05-16 12:35:28,2,1,8,0
8jt8pi,2018-05-16 08:11:48,81,r/starterpacks,13,2018-05-16 12:35:34,3,1,5,0
8jt8pi,2018-05-16 08:11:48,81,r/starterpacks,13,2018-05-16 12:50:46,4,0,6,0
8jt8pi,2018-05-16 08:11:48,81,r/starterpacks,13,2018-05-16 16:06:14,2,1,1,0
8jt8pi,2018-05-16 08:11:48,81,r/starterpacks,13,2018-05-16 12:56:58,2,0,1,0
8jt8pi,2018-05-16 08:11:48,81,r/starterpacks,14,2018-05-16 10:01:52,0,3,44,0
8jt8pi,2018-05-16 08:11:48,81,r/starterpacks,14,2018-05-16 13:07:36,1,0,18,0
8jt8pi,2018-05-16 08:11:48,81,r/starterpacks,14,2018-05-16 13:22:34,1,2,5,0
8jt8pi,2018-05-16 08:11:48,81,r/starterpacks,14,2018-05-16 14:15:58,2,3,4,0
8jt8pi,2018-05-16 08:11:48,81,r/starterpacks,14,2018-05-16 15:25:06,3,0,1,0
8jt8pi,2018-05-16 08:11:48,81,r/starterpacks,14,2018-05-16 15:56:07,3,0,1,0
8jt8pi,2018-05-16 08:11:48,81,r/starterpacks,14,2018-05-16 14:49:18,3,2,1,0
8jt8pi,2018-05-16 08:11:48,81,r/starterpacks,14,2018-05-16 17:02:15,4,0,2,0
8jt8pi,2018-05-16 08:11:48,81,r/starterpacks,14,2018-05-16 16:45:40,4,1,1,0
8jt8pi,2018-05-16 08:11:48,81,r/starterpacks,14,2018-05-16 18:28:30,5,0,1,0
8jt8pi,2018-05-16 08:11:48,81,r/starterpacks,14,2018-05-16 14:15:14,2,0,0,0
8jt8pi,2018-05-16 08:11:48,81,r/starterpacks,14,2018-05-16 14:17:35,1,0,1,0
8jt8pi,2018-05-16 08:11:48,81,r/starterpacks,15,2018-05-16 12:57:15,0,1,17,1
8jt8pi,2018-05-16 08:11:48,81,r/starterpacks,15,2018-05-16 18:10:58,1,0,2,0
8jt8pi,2018-05-16 08:11:48,81,r/starterpacks,16,2018-05-16 11:32:57,0,1,58,0
8jt8pi,2018-05-16 08:11:48,81,r/starterpacks,16,2018-05-16 13:21:17,1,2,26,0
8jt8pi,2018-05-16 08:11:48,81,r/starterpacks,16,2018-05-16 14:17:32,2,1,15,0
8jt8pi,2018-05-16 08:11:48,81,r/starterpacks,16,2018-05-16 15:20:26,3,2,6,0
8jt8pi,2018-05-16 08:11:48,81,r/starterpacks,16,2018-05-16 15:22:38,4,0,2,0
8jt8pi,2018-05-16 08:11:48,81,r/starterpacks,16,2018-05-16 16:27:46,4,0,1,0
8jt8pi,2018-05-16 08:11:48,81,r/starterpacks,16,2018-05-16 15:52:22,2,0,1,0
8jt8pi,2018-05-16 08:11:48,81,r/starterpacks,17,2018-05-16 12:08:27,0,0,15,0
8jt8pi,2018-05-16 08:11:48,81,r/starterpacks,18,2018-05-16 12:50:56,0,1,12,0
8jt8pi,2018-05-16 08:11:48,81,r/starterpacks,18,2018-05-16 13:34:27,1,2,3,0
8jt8pi,2018-05-16 08:11:48,81,r/starterpacks,18,2018-05-16 16:11:39,2,0,1,0
8jt8pi,2018-05-16 08:11:48,81,r/starterpacks,18,2018-05-16 13:35:43,2,0,1,0
8jt8pi,2018-05-16 08:11:48,81,r/starterpacks,19,2018-05-16 12:54:49,0,1,19,0
8jt8pi,2018-05-16 08:11:48,81,r/starterpacks,19,2018-05-16 14:38:52,1,0,1,0
8jt8pi,2018-05-16 08:11:48,81,r/starterpacks,20,2018-05-16 13:24:30,0,1,9,0
8jt8pi,2018-05-16 08:11:48,81,r/starterpacks,20,2018-05-16 15:05:05,1,0,2,0
8jt8pi,2018-05-16 08:11:48,81,r/starterpacks,21,2018-05-16 13:40:12,0,1,9,0
8jt8pi,2018-05-16 08:11:48,81,r/starterpacks,21,2018-05-16 17:44:31,1,0,1,0
8jt8pi,2018-05-16 08:11:48,81,r/starterpacks,22,2018-05-16 13:40:21,0,0,7,0
8jt8pi,2018-05-16 08:11:48,81,r/starterpacks,23,2018-05-16 13:07:07,0,1,23,0
8jt8pi,2018-05-16 08:11:48,81,r/starterpacks,23,2018-05-16 13:47:46,1,1,8,0
8jt8pi,2018-05-16 08:11:48,81,r/starterpacks,23,2018-05-16 14:35:54,2,0,2,0
8jt8pi,2018-05-16 08:11:48,81,r/starterpacks,24,2018-05-16 13:05:44,0,1,8,0
8jt8pi,2018-05-16 08:11:48,81,r/starterpacks,24,2018-05-16 14:56:49,1,0,1,0
8jt8pi,2018-05-16 08:11:48,81,r/starterpacks,25,2018-05-16 14:05:29,0,0,6,0
8jt8pi,2018-05-16 08:11:48,81,r/starterpacks,26,2018-05-16 09:02:21,0,0,11,0
8jt8pi,2018-05-16 08:11:48,81,r/starterpacks,27,2018-05-16 12:49:14,0,1,4,0
8jt8pi,2018-05-16 08:11:48,81,r/starterpacks,27,2018-05-16 13:35:33,1,1,2,0
8jt8pi,2018-05-16 08:11:48,81,r/starterpacks,27,2018-05-16 14:44:30,2,0,2,0
8jt8pi,2018-05-16 08:11:48,81,r/starterpacks,28,2018-05-16 15:24:16,0,0,5,0
8jt8pi,2018-05-16 08:11:48,81,r/starterpacks,29,2018-05-16 13:00:25,0,0,9,0
8jt8pi,2018-05-16 08:11:48,81,r/starterpacks,30,2018-05-16 12:30:34,0,1,3,0
8jt8pi,2018-05-16 08:11:48,81,r/starterpacks,30,2018-05-16 12:56:00,1,0,4,0
8jt8pi,2018-05-16 08:11:48,81,r/starterpacks,31,2018-05-16 13:07:28,0,0,4,0
8jt8pi,2018-05-16 08:11:48,81,r/starterpacks,32,2018-05-16 15:34:54,0,1,5,0
8jt8pi,2018-05-16 08:11:48,81,r/starterpacks,32,2018-05-16 15:40:58,1,0,2,0
8jt8pi,2018-05-16 08:11:48,81,r/starterpacks,33,2018-05-16 13:29:20,0,1,2,0
8jt8pi,2018-05-16 08:11:48,81,r/starterpacks,33,2018-05-16 14:50:43,1,0,3,0
8jt8pi,2018-05-16 08:11:48,81,r/starterpacks,34,2018-05-16 13:35:22,0,0,2,0
8jt8pi,2018-05-16 08:11:48,81,r/starterpacks,35,2018-05-16 13:41:14,0,0,2,0
8jt8pi,2018-05-16 08:11:48,81,r/starterpacks,36,2018-05-16 12:14:07,0,0,1,0
8jt8pi,2018-05-16 08:11:48,81,r/starterpacks,37,2018-05-16 13:07:29,0,0,1,0
8jt8pi,2018-05-16 08:11:48,81,r/starterpacks,38,2018-05-16 13:08:55,0,0,1,0
8jt8pi,2018-05-16 08:11:48,81,r/starterpacks,39,2018-05-16 13:14:23,0,0,1,0
8jt8pi,2018-05-16 08:11:48,81,r/starterpacks,40,2018-05-16 13:20:07,0,0,1,0
8jt8pi,2018-05-16 08:11:48,81,r/starterpacks,41,2018-05-16 13:20:31,0,0,1,0
8jt8pi,2018-05-16 08:11:48,81,r/starterpacks,42,2018-05-16 13:28:14,0,0,1,0
8jt8pi,2018-05-16 08:11:48,81,r/starterpacks,43,2018-05-16 13:29:15,0,0,1,0
8jt8pi,2018-05-16 08:11:48,81,r/starterpacks,44,2018-05-16 13:30:04,0,0,1,0
8jt8pi,2018-05-16 08:11:48,81,r/starterpacks,45,2018-05-16 13:30:09,0,0,1,0
8jt8pi,2018-05-16 08:11:48,81,r/starterpacks,46,2018-05-16 13:35:13,0,1,1,0
8jt8pi,2018-05-16 08:11:48,81,r/starterpacks,46,2018-05-16 15:05:47,1,1,1,0
8jt8pi,2018-05-16 08:11:48,81,r/starterpacks,46,2018-05-16 15:50:59,2,1,1,0
8jt8pi,2018-05-16 08:11:48,81,r/starterpacks,46,2018-05-16 15:56:59,3,0,1,0
8jt8pi,2018-05-16 08:11:48,81,r/starterpacks,47,2018-05-16 13:39:05,0,0,1,0
8jt8pi,2018-05-16 08:11:48,81,r/starterpacks,48,2018-05-16 13:42:54,0,0,1,0
8jt8pi,2018-05-16 08:11:48,81,r/starterpacks,49,2018-05-16 13:47:46,0,0,1,0
8jt8pi,2018-05-16 08:11:48,81,r/starterpacks,50,2018-05-16 13:56:32,0,0,1,0
8jt8pi,2018-05-16 08:11:48,81,r/starterpacks,51,2018-05-16 14:01:16,0,0,1,0
8jt8pi,2018-05-16 08:11:48,81,r/starterpacks,52,2018-05-16 14:03:05,0,0,1,0
8jt8pi,2018-05-16 08:11:48,81,r/starterpacks,53,2018-05-16 14:05:25,0,0,1,0
8jt8pi,2018-05-16 08:11:48,81,r/starterpacks,54,2018-05-16 14:05:50,0,0,1,0
8jt8pi,2018-05-16 08:11:48,81,r/starterpacks,55,2018-05-16 14:08:30,0,0,1,0
8jt8pi,2018-05-16 08:11:48,81,r/starterpacks,56,2018-05-16 14:11:51,0,0,1,0
8jt8pi,2018-05-16 08:11:48,81,r/starterpacks,57,2018-05-16 14:14:26,0,0,1,0
8jt8pi,2018-05-16 08:11:48,81,r/starterpacks,58,2018-05-16 14:16:02,0,0,1,0
8jt8pi,2018-05-16 08:11:48,81,r/starterpacks,59,2018-05-16 14:19:19,0,0,1,0
8jt8pi,2018-05-16 08:11:48,81,r/starterpacks,60,2018-05-16 14:20:43,0,0,1,0
8jt8pi,2018-05-16 08:11:48,81,r/starterpacks,61,2018-05-16 14:21:11,0,0,1,0
8jt8pi,2018-05-16 08:11:48,81,r/starterpacks,62,2018-05-16 14:24:54,0,0,1,0
8jt8pi,2018-05-16 08:11:48,81,r/starterpacks,63,2018-05-16 14:29:28,0,0,1,0
8jt8pi,2018-05-16 08:11:48,81,r/starterpacks,64,2018-05-16 14:38:44,0,0,1,0
8jt8pi,2018-05-16 08:11:48,81,r/starterpacks,65,2018-05-16 14:42:14,0,0,1,0
8jt8pi,2018-05-16 08:11:48,81,r/starterpacks,66,2018-05-16 14:43:34,0,0,1,0
8jt8pi,2018-05-16 08:11:48,81,r/starterpacks,67,2018-05-16 14:44:00,0,0,1,0
8jt8pi,2018-05-16 08:11:48,81,r/starterpacks,68,2018-05-16 14:45:58,0,0,1,0
8jt8pi,2018-05-16 08:11:48,81,r/starterpacks,69,2018-05-16 14:50:37,0,0,1,0
8jt8pi,2018-05-16 08:11:48,81,r/starterpacks,70,2018-05-16 14:53:45,0,0,1,0
8jt8pi,2018-05-16 08:11:48,81,r/starterpacks,71,2018-05-16 14:54:03,0,0,1,0
8jt8pi,2018-05-16 08:11:48,81,r/starterpacks,72,2018-05-16 14:59:49,0,0,1,0
8jt8pi,2018-05-16 08:11:48,81,r/starterpacks,73,2018-05-16 15:00:40,0,0,1,0
8jt8pi,2018-05-16 08:11:48,81,r/starterpacks,74,2018-05-16 15:01:25,0,0,1,0
8jt8pi,2018-05-16 08:11:48,81,r/starterpacks,75,2018-05-16 15:02:00,0,0,1,0
8jt8pi,2018-05-16 08:11:48,81,r/starterpacks,76,2018-05-16 15:04:02,0,0,1,0
8jt8pi,2018-05-16 08:11:48,81,r/starterpacks,77,2018-05-16 15:07:32,0,0,1,0
8jt8pi,2018-05-16 08:11:48,81,r/starterpacks,78,2018-05-16 15:09:13,0,0,1,0
8jt8pi,2018-05-16 08:11:48,81,r/starterpacks,79,2018-05-16 15:11:24,0,0,1,0
8jt8pi,2018-05-16 08:11:48,81,r/starterpacks,80,2018-05-16 15:11:42,0,0,1,0
8jt8pi,2018-05-16 08:11:48,81,r/starterpacks,81,2018-05-16 15:22:52,0,0,1,0
8jt8pi,2018-05-16 08:11:48,81,r/starterpacks,82,2018-05-16 15:24:17,0,0,1,0
8jt8pi,2018-05-16 08:11:48,81,r/starterpacks,83,2018-05-16 15:26:03,0,0,1,0
8jt8pi,2018-05-16 08:11:48,81,r/starterpacks,84,2018-05-16 15:26:37,0,0,1,0
8jt8pi,2018-05-16 08:11:48,81,r/starterpacks,85,2018-05-16 15:26:38,0,0,1,0
8jt8pi,2018-05-16 08:11:48,81,r/starterpacks,86,2018-05-16 15:27:20,0,0,1,0
8jt8pi,2018-05-16 08:11:48,81,r/starterpacks,87,2018-05-16 15:29:38,0,0,1,0
8jt8pi,2018-05-16 08:11:48,81,r/starterpacks,88,2018-05-16 15:30:56,0,0,1,0
8jt8pi,2018-05-16 08:11:48,81,r/starterpacks,89,2018-05-16 15:44:54,0,0,1,0
8jt8pi,2018-05-16 08:11:48,81,r/starterpacks,90,2018-05-16 15:45:46,0,0,1,0
8jt8pi,2018-05-16 08:11:48,81,r/starterpacks,91,2018-05-16 15:48:21,0,1,1,0
8jt8pi,2018-05-16 08:11:48,81,r/starterpacks,91,2018-05-16 16:01:07,1,0,1,0
8jt8pi,2018-05-16 08:11:48,81,r/starterpacks,92,2018-05-16 15:52:17,0,0,1,0
8jt8pi,2018-05-16 08:11:48,81,r/starterpacks,93,2018-05-16 15:56:08,0,0,1,0
8jt8pi,2018-05-16 08:11:48,81,r/starterpacks,94,2018-05-16 16:00:21,0,0,1,0
8jt8pi,2018-05-16 08:11:48,81,r/starterpacks,95,2018-05-16 16:07:59,0,0,1,0
8jt8pi,2018-05-16 08:11:48,81,r/starterpacks,96,2018-05-16 16:25:48,0,0,1,0
8jt8pi,2018-05-16 08:11:48,81,r/starterpacks,97,2018-05-16 16:28:37,0,0,1,0
8jt8pi,2018-05-16 08:11:48,81,r/starterpacks,98,2018-05-16 16:42:05,0,0,1,0
8jt8pi,2018-05-16 08:11:48,81,r/starterpacks,99,2018-05-16 16:42:50,0,0,1,0
8jt8pi,2018-05-16 08:11:48,81,r/starterpacks,100,2018-05-16 17:11:54,0,0,1,0
8jt8pi,2018-05-16 08:11:48,81,r/starterpacks,101,2018-05-16 17:15:33,0,0,1,0
8jt8pi,2018-05-16 08:11:48,81,r/starterpacks,102,2018-05-16 17:17:13,0,0,1,0
8jt8pi,2018-05-16 08:11:48,81,r/starterpacks,103,2018-05-16 17:17:27,0,0,1,0
8jt8pi,2018-05-16 08:11:48,81,r/starterpacks,104,2018-05-16 17:18:46,0,0,1,0
8jt8pi,2018-05-16 08:11:48,81,r/starterpacks,105,2018-05-16 17:19:06,0,1,1,0
8jt8pi,2018-05-16 08:11:48,81,r/starterpacks,105,2018-05-16 17:20:01,1,0,1,0
8jt8pi,2018-05-16 08:11:48,81,r/starterpacks,106,2018-05-16 17:19:42,0,0,1,0
8jt8pi,2018-05-16 08:11:48,81,r/starterpacks,107,2018-05-16 17:21:04,0,0,1,0
8jt8pi,2018-05-16 08:11:48,81,r/starterpacks,108,2018-05-16 17:22:53,0,0,1,0
8jt8pi,2018-05-16 08:11:48,81,r/starterpacks,109,2018-05-16 17:31:58,0,0,1,0
8jt8pi,2018-05-16 08:11:48,81,r/starterpacks,110,2018-05-16 17:43:27,0,0,1,0
8jt8pi,2018-05-16 08:11:48,81,r/starterpacks,111,2018-05-16 17:45:25,0,0,1,0
8jt8pi,2018-05-16 08:11:48,81,r/starterpacks,112,2018-05-16 17:52:47,0,0,1,0
8jt8pi,2018-05-16 08:11:48,81,r/starterpacks,113,2018-05-16 17:55:53,0,0,1,0
8jt8pi,2018-05-16 08:11:48,81,r/starterpacks,114,2018-05-16 17:56:14,0,0,1,0
8jt8pi,2018-05-16 08:11:48,81,r/starterpacks,115,2018-05-16 18:02:45,0,0,1,0
8jt8pi,2018-05-16 08:11:48,81,r/starterpacks,116,2018-05-16 18:05:52,0,0,1,0
8jt8pi,2018-05-16 08:11:48,81,r/starterpacks,117,2018-05-16 18:07:00,0,0,1,0
8jt8pi,2018-05-16 08:11:48,81,r/starterpacks,118,2018-05-16 18:16:49,0,0,1,0
8jt8pi,2018-05-16 08:11:48,81,r/starterpacks,119,2018-05-16 12:39:17,0,1,1,0
8jt8pi,2018-05-16 08:11:48,81,r/starterpacks,119,2018-05-16 13:04:46,1,0,3,0
8jt8pi,2018-05-16 08:11:48,81,r/starterpacks,120,2018-05-16 13:13:16,0,0,1,0
8jt8pi,2018-05-16 08:11:48,81,r/starterpacks,121,2018-05-16 13:45:17,0,1,1,0
8jt8pi,2018-05-16 08:11:48,81,r/starterpacks,121,2018-05-16 16:13:11,1,0,1,0
8jt8pi,2018-05-16 08:11:48,81,r/starterpacks,122,2018-05-16 13:36:59,0,0,0,0
8jt8pi,2018-05-16 08:11:48,81,r/starterpacks,123,2018-05-16 12:48:52,0,0,0,0
8juqzo,2018-05-16 13:05:53,82,r/dogpictures,0,2018-05-16 13:37:49,0,1,237,0
8juqzo,2018-05-16 13:05:53,82,r/dogpictures,0,2018-05-16 14:01:23,1,27,686,0
8juqzo,2018-05-16 13:05:53,82,r/dogpictures,0,2018-05-16 14:05:12,2,1,239,0
8juqzo,2018-05-16 13:05:53,82,r/dogpictures,0,2018-05-16 17:11:04,3,3,-91,0
8juqzo,2018-05-16 13:05:53,82,r/dogpictures,0,2018-05-16 17:30:10,4,1,40,0
8juqzo,2018-05-16 13:05:53,82,r/dogpictures,0,2018-05-16 17:37:17,5,4,-66,0
8juqzo,2018-05-16 13:05:53,82,r/dogpictures,0,2018-05-16 17:42:52,6,0,14,0
8juqzo,2018-05-16 13:05:53,82,r/dogpictures,0,2018-05-16 17:45:23,6,1,6,0
8juqzo,2018-05-16 13:05:53,82,r/dogpictures,0,2018-05-16 17:48:07,7,1,4,0
8juqzo,2018-05-16 13:05:53,82,r/dogpictures,0,2018-05-16 17:49:34,8,1,6,0
8juqzo,2018-05-16 13:05:53,82,r/dogpictures,0,2018-05-16 17:56:46,9,0,2,0
8juqzo,2018-05-16 13:05:53,82,r/dogpictures,0,2018-05-16 17:41:40,6,0,3,0
8juqzo,2018-05-16 13:05:53,82,r/dogpictures,0,2018-05-16 18:27:38,6,0,1,0
8juqzo,2018-05-16 13:05:53,82,r/dogpictures,0,2018-05-16 18:08:21,4,1,8,0
8juqzo,2018-05-16 13:05:53,82,r/dogpictures,0,2018-05-16 18:14:33,5,2,-10,0
8juqzo,2018-05-16 13:05:53,82,r/dogpictures,0,2018-05-16 18:18:52,6,0,3,0
8juqzo,2018-05-16 13:05:53,82,r/dogpictures,0,2018-05-16 18:23:16,6,0,3,0
8juqzo,2018-05-16 13:05:53,82,r/dogpictures,0,2018-05-16 17:58:22,4,0,4,0
8juqzo,2018-05-16 13:05:53,82,r/dogpictures,0,2018-05-16 14:11:34,2,0,81,0
8juqzo,2018-05-16 13:05:53,82,r/dogpictures,0,2018-05-16 14:20:00,2,0,23,0
8juqzo,2018-05-16 13:05:53,82,r/dogpictures,0,2018-05-16 15:48:35,2,2,22,0
8juqzo,2018-05-16 13:05:53,82,r/dogpictures,0,2018-05-16 15:59:45,3,3,18,0
8juqzo,2018-05-16 13:05:53,82,r/dogpictures,0,2018-05-16 16:06:28,4,0,9,0
8juqzo,2018-05-16 13:05:53,82,r/dogpictures,0,2018-05-16 17:42:37,4,1,6,0
8juqzo,2018-05-16 13:05:53,82,r/dogpictures,0,2018-05-16 18:04:28,5,0,2,0
8juqzo,2018-05-16 13:05:53,82,r/dogpictures,0,2018-05-16 16:29:17,4,1,5,0
8juqzo,2018-05-16 13:05:53,82,r/dogpictures,0,2018-05-16 17:51:20,5,0,-1,0
8juqzo,2018-05-16 13:05:53,82,r/dogpictures,0,2018-05-16 18:07:55,3,1,1,0
8juqzo,2018-05-16 13:05:53,82,r/dogpictures,0,2018-05-16 18:29:32,4,1,2,0
8juqzo,2018-05-16 13:05:53,82,r/dogpictures,0,2018-05-16 18:31:33,5,0,1,0
8juqzo,2018-05-16 13:05:53,82,r/dogpictures,0,2018-05-16 15:27:16,2,0,15,0
8juqzo,2018-05-16 13:05:53,82,r/dogpictures,0,2018-05-16 16:21:21,2,1,9,0
8juqzo,2018-05-16 13:05:53,82,r/dogpictures,0,2018-05-16 16:26:39,3,0,10,0
8juqzo,2018-05-16 13:05:53,82,r/dogpictures,0,2018-05-16 16:09:55,2,1,5,0
8juqzo,2018-05-16 13:05:53,82,r/dogpictures,0,2018-05-16 16:13:32,3,0,5,0
8juqzo,2018-05-16 13:05:53,82,r/dogpictures,0,2018-05-16 16:13:38,2,3,5,0
8juqzo,2018-05-16 13:05:53,82,r/dogpictures,0,2018-05-16 16:18:13,3,2,9,0
8juqzo,2018-05-16 13:05:53,82,r/dogpictures,0,2018-05-16 17:12:42,4,0,2,0
8juqzo,2018-05-16 13:05:53,82,r/dogpictures,0,2018-05-16 17:21:04,4,3,0,0
8juqzo,2018-05-16 13:05:53,82,r/dogpictures,0,2018-05-16 17:33:50,5,2,7,0
8juqzo,2018-05-16 13:05:53,82,r/dogpictures,0,2018-05-16 18:06:01,6,0,2,0
8juqzo,2018-05-16 13:05:53,82,r/dogpictures,0,2018-05-16 17:54:53,6,0,1,0
8juqzo,2018-05-16 13:05:53,82,r/dogpictures,0,2018-05-16 17:42:20,5,1,4,0
8juqzo,2018-05-16 13:05:53,82,r/dogpictures,0,2018-05-16 18:07:11,6,0,1,0
8juqzo,2018-05-16 13:05:53,82,r/dogpictures,0,2018-05-16 17:45:50,5,0,4,0
8juqzo,2018-05-16 13:05:53,82,r/dogpictures,0,2018-05-16 17:53:49,3,0,3,0
8juqzo,2018-05-16 13:05:53,82,r/dogpictures,0,2018-05-16 18:07:19,3,0,1,0
8juqzo,2018-05-16 13:05:53,82,r/dogpictures,0,2018-05-16 14:30:41,2,0,3,0
8juqzo,2018-05-16 13:05:53,82,r/dogpictures,0,2018-05-16 16:41:31,2,0,4,0
8juqzo,2018-05-16 13:05:53,82,r/dogpictures,0,2018-05-16 17:01:24,2,0,3,0
8juqzo,2018-05-16 13:05:53,82,r/dogpictures,0,2018-05-16 16:23:49,2,0,2,0
8juqzo,2018-05-16 13:05:53,82,r/dogpictures,0,2018-05-16 17:29:52,2,0,2,0
8juqzo,2018-05-16 13:05:53,82,r/dogpictures,0,2018-05-16 17:44:43,2,0,2,0
8juqzo,2018-05-16 13:05:53,82,r/dogpictures,0,2018-05-16 15:00:17,2,1,5,0
8juqzo,2018-05-16 13:05:53,82,r/dogpictures,0,2018-05-16 15:50:49,3,3,7,0
8juqzo,2018-05-16 13:05:53,82,r/dogpictures,0,2018-05-16 16:39:46,4,0,6,0
8juqzo,2018-05-16 13:05:53,82,r/dogpictures,0,2018-05-16 16:30:28,4,0,2,0
8juqzo,2018-05-16 13:05:53,82,r/dogpictures,0,2018-05-16 16:51:53,4,0,-12,0
8juqzo,2018-05-16 13:05:53,82,r/dogpictures,0,2018-05-16 15:10:51,2,0,2,0
8juqzo,2018-05-16 13:05:53,82,r/dogpictures,0,2018-05-16 15:44:31,2,0,1,0
8juqzo,2018-05-16 13:05:53,82,r/dogpictures,0,2018-05-16 15:46:06,2,0,1,0
8juqzo,2018-05-16 13:05:53,82,r/dogpictures,0,2018-05-16 15:59:42,2,0,1,0
8juqzo,2018-05-16 13:05:53,82,r/dogpictures,0,2018-05-16 16:34:59,2,0,1,0
8juqzo,2018-05-16 13:05:53,82,r/dogpictures,0,2018-05-16 16:48:59,2,0,1,0
8juqzo,2018-05-16 13:05:53,82,r/dogpictures,0,2018-05-16 16:52:49,2,0,1,0
8juqzo,2018-05-16 13:05:53,82,r/dogpictures,0,2018-05-16 16:55:20,2,0,1,0
8juqzo,2018-05-16 13:05:53,82,r/dogpictures,0,2018-05-16 17:22:34,2,0,1,0
8juqzo,2018-05-16 13:05:53,82,r/dogpictures,0,2018-05-16 18:00:27,2,0,1,0
8juqzo,2018-05-16 13:05:53,82,r/dogpictures,0,2018-05-16 18:01:02,2,0,1,0
8juqzo,2018-05-16 13:05:53,82,r/dogpictures,0,2018-05-16 16:27:49,2,1,-2,0
8juqzo,2018-05-16 13:05:53,82,r/dogpictures,0,2018-05-16 16:28:39,3,1,4,0
8juqzo,2018-05-16 13:05:53,82,r/dogpictures,0,2018-05-16 16:42:17,4,0,2,0
8juqzo,2018-05-16 13:05:53,82,r/dogpictures,1,2018-05-16 13:42:00,0,1,255,0
8juqzo,2018-05-16 13:05:53,82,r/dogpictures,1,2018-05-16 14:01:30,1,0,89,0
8juqzo,2018-05-16 13:05:53,82,r/dogpictures,2,2018-05-16 13:52:22,0,1,53,0
8juqzo,2018-05-16 13:05:53,82,r/dogpictures,2,2018-05-16 14:02:19,1,1,48,0
8juqzo,2018-05-16 13:05:53,82,r/dogpictures,2,2018-05-16 15:49:34,2,0,7,0
8juqzo,2018-05-16 13:05:53,82,r/dogpictures,3,2018-05-16 13:15:12,0,1,101,0
8juqzo,2018-05-16 13:05:53,82,r/dogpictures,3,2018-05-16 14:01:50,1,0,60,0
8juqzo,2018-05-16 13:05:53,82,r/dogpictures,4,2018-05-16 14:45:18,0,0,27,0
8juqzo,2018-05-16 13:05:53,82,r/dogpictures,5,2018-05-16 15:56:53,0,0,24,0
8juqzo,2018-05-16 13:05:53,82,r/dogpictures,6,2018-05-16 13:13:30,0,0,11,0
8juqzo,2018-05-16 13:05:53,82,r/dogpictures,7,2018-05-16 15:46:43,0,0,10,0
8juqzo,2018-05-16 13:05:53,82,r/dogpictures,8,2018-05-16 14:20:07,0,0,7,0
8juqzo,2018-05-16 13:05:53,82,r/dogpictures,9,2018-05-16 14:16:04,0,0,7,0
8juqzo,2018-05-16 13:05:53,82,r/dogpictures,10,2018-05-16 14:22:39,0,0,5,0
8juqzo,2018-05-16 13:05:53,82,r/dogpictures,11,2018-05-16 15:28:01,0,1,10,0
8juqzo,2018-05-16 13:05:53,82,r/dogpictures,11,2018-05-16 18:14:58,1,0,1,0
8juqzo,2018-05-16 13:05:53,82,r/dogpictures,12,2018-05-16 14:31:58,0,0,5,0
8juqzo,2018-05-16 13:05:53,82,r/dogpictures,13,2018-05-16 14:32:45,0,1,5,0
8juqzo,2018-05-16 13:05:53,82,r/dogpictures,13,2018-05-16 16:22:54,1,0,3,0
8juqzo,2018-05-16 13:05:53,82,r/dogpictures,14,2018-05-16 16:09:56,0,0,5,0
8juqzo,2018-05-16 13:05:53,82,r/dogpictures,15,2018-05-16 14:35:52,0,0,4,0
8juqzo,2018-05-16 13:05:53,82,r/dogpictures,16,2018-05-16 14:05:00,0,0,7,0
8juqzo,2018-05-16 13:05:53,82,r/dogpictures,17,2018-05-16 14:40:47,0,0,3,0
8juqzo,2018-05-16 13:05:53,82,r/dogpictures,18,2018-05-16 17:59:55,0,0,3,0
8juqzo,2018-05-16 13:05:53,82,r/dogpictures,19,2018-05-16 14:33:16,0,0,2,0
8juqzo,2018-05-16 13:05:53,82,r/dogpictures,20,2018-05-16 14:33:47,0,0,2,0
8juqzo,2018-05-16 13:05:53,82,r/dogpictures,21,2018-05-16 14:45:32,0,0,2,0
8juqzo,2018-05-16 13:05:53,82,r/dogpictures,22,2018-05-16 14:47:55,0,0,2,0
8juqzo,2018-05-16 13:05:53,82,r/dogpictures,23,2018-05-16 14:51:00,0,0,2,0
8juqzo,2018-05-16 13:05:53,82,r/dogpictures,24,2018-05-16 14:51:04,0,0,2,0
8juqzo,2018-05-16 13:05:53,82,r/dogpictures,25,2018-05-16 14:53:17,0,0,2,0
8juqzo,2018-05-16 13:05:53,82,r/dogpictures,26,2018-05-16 14:55:34,0,0,2,0
8juqzo,2018-05-16 13:05:53,82,r/dogpictures,27,2018-05-16 15:02:45,0,0,2,0
8juqzo,2018-05-16 13:05:53,82,r/dogpictures,28,2018-05-16 15:04:58,0,0,2,0
8juqzo,2018-05-16 13:05:53,82,r/dogpictures,29,2018-05-16 15:09:19,0,0,2,0
8juqzo,2018-05-16 13:05:53,82,r/dogpictures,30,2018-05-16 15:11:16,0,0,2,0
8juqzo,2018-05-16 13:05:53,82,r/dogpictures,31,2018-05-16 15:12:35,0,0,2,0
8juqzo,2018-05-16 13:05:53,82,r/dogpictures,32,2018-05-16 15:19:04,0,0,2,0
8juqzo,2018-05-16 13:05:53,82,r/dogpictures,33,2018-05-16 15:24:01,0,0,2,0
8juqzo,2018-05-16 13:05:53,82,r/dogpictures,34,2018-05-16 15:24:21,0,0,2,0
8juqzo,2018-05-16 13:05:53,82,r/dogpictures,35,2018-05-16 15:56:24,0,0,2,0
8juqzo,2018-05-16 13:05:53,82,r/dogpictures,36,2018-05-16 15:59:21,0,0,2,0
8juqzo,2018-05-16 13:05:53,82,r/dogpictures,37,2018-05-16 16:00:04,0,0,2,0
8juqzo,2018-05-16 13:05:53,82,r/dogpictures,38,2018-05-16 16:19:57,0,0,2,0
8juqzo,2018-05-16 13:05:53,82,r/dogpictures,39,2018-05-16 16:55:19,0,0,1,0
8juqzo,2018-05-16 13:05:53,82,r/dogpictures,40,2018-05-16 18:00:44,0,0,2,0
8juqzo,2018-05-16 13:05:53,82,r/dogpictures,41,2018-05-16 14:08:08,0,0,3,0
8juqzo,2018-05-16 13:05:53,82,r/dogpictures,42,2018-05-16 14:12:09,0,0,2,0
8juqzo,2018-05-16 13:05:53,82,r/dogpictures,43,2018-05-16 17:41:23,0,2,1,0
8juqzo,2018-05-16 13:05:53,82,r/dogpictures,43,2018-05-16 18:09:02,1,1,1,0
8juqzo,2018-05-16 13:05:53,82,r/dogpictures,43,2018-05-16 18:11:36,2,1,-1,0
8juqzo,2018-05-16 13:05:53,82,r/dogpictures,43,2018-05-16 18:11:59,3,0,1,0
8juqzo,2018-05-16 13:05:53,82,r/dogpictures,43,2018-05-16 18:11:04,1,0,-1,0
8juqzo,2018-05-16 13:05:53,82,r/dogpictures,44,2018-05-16 14:25:01,0,0,1,0
8juqzo,2018-05-16 13:05:53,82,r/dogpictures,45,2018-05-16 14:30:14,0,0,1,0
8juqzo,2018-05-16 13:05:53,82,r/dogpictures,46,2018-05-16 14:30:32,0,0,1,0
8juqzo,2018-05-16 13:05:53,82,r/dogpictures,47,2018-05-16 15:35:06,0,0,1,0
8juqzo,2018-05-16 13:05:53,82,r/dogpictures,48,2018-05-16 15:40:01,0,0,1,0
8juqzo,2018-05-16 13:05:53,82,r/dogpictures,49,2018-05-16 15:41:18,0,0,1,0
8juqzo,2018-05-16 13:05:53,82,r/dogpictures,50,2018-05-16 15:41:49,0,0,1,0
8juqzo,2018-05-16 13:05:53,82,r/dogpictures,51,2018-05-16 15:46:12,0,0,1,0
8juqzo,2018-05-16 13:05:53,82,r/dogpictures,52,2018-05-16 15:49:47,0,0,1,0
8juqzo,2018-05-16 13:05:53,82,r/dogpictures,53,2018-05-16 15:51:41,0,0,1,0
8juqzo,2018-05-16 13:05:53,82,r/dogpictures,54,2018-05-16 15:55:10,0,0,1,0
8juqzo,2018-05-16 13:05:53,82,r/dogpictures,55,2018-05-16 16:03:03,0,0,1,0
8juqzo,2018-05-16 13:05:53,82,r/dogpictures,56,2018-05-16 16:11:11,0,0,1,0
8juqzo,2018-05-16 13:05:53,82,r/dogpictures,57,2018-05-16 16:13:36,0,0,1,0
8juqzo,2018-05-16 13:05:53,82,r/dogpictures,58,2018-05-16 16:22:24,0,0,1,0
8juqzo,2018-05-16 13:05:53,82,r/dogpictures,59,2018-05-16 16:28:20,0,0,1,0
8juqzo,2018-05-16 13:05:53,82,r/dogpictures,60,2018-05-16 16:36:30,0,0,1,0
8juqzo,2018-05-16 13:05:53,82,r/dogpictures,61,2018-05-16 16:36:59,0,0,1,0
8juqzo,2018-05-16 13:05:53,82,r/dogpictures,62,2018-05-16 16:38:19,0,0,1,0
8juqzo,2018-05-16 13:05:53,82,r/dogpictures,63,2018-05-16 16:39:31,0,0,1,0
8juqzo,2018-05-16 13:05:53,82,r/dogpictures,64,2018-05-16 16:43:49,0,0,1,0
8juqzo,2018-05-16 13:05:53,82,r/dogpictures,65,2018-05-16 16:44:02,0,0,1,0
8juqzo,2018-05-16 13:05:53,82,r/dogpictures,66,2018-05-16 16:46:38,0,0,1,0
8juqzo,2018-05-16 13:05:53,82,r/dogpictures,67,2018-05-16 16:46:59,0,0,1,0
8juqzo,2018-05-16 13:05:53,82,r/dogpictures,68,2018-05-16 16:48:08,0,0,1,0
8juqzo,2018-05-16 13:05:53,82,r/dogpictures,69,2018-05-16 16:54:02,0,0,1,0
8juqzo,2018-05-16 13:05:53,82,r/dogpictures,70,2018-05-16 16:54:54,0,0,1,0
8juqzo,2018-05-16 13:05:53,82,r/dogpictures,71,2018-05-16 16:56:35,0,0,1,0
8juqzo,2018-05-16 13:05:53,82,r/dogpictures,72,2018-05-16 17:03:25,0,0,1,0
8juqzo,2018-05-16 13:05:53,82,r/dogpictures,73,2018-05-16 17:06:52,0,0,1,0
8juqzo,2018-05-16 13:05:53,82,r/dogpictures,74,2018-05-16 17:08:45,0,0,1,0
8juqzo,2018-05-16 13:05:53,82,r/dogpictures,75,2018-05-16 17:09:15,0,0,1,0
8juqzo,2018-05-16 13:05:53,82,r/dogpictures,76,2018-05-16 17:11:06,0,0,1,0
8juqzo,2018-05-16 13:05:53,82,r/dogpictures,77,2018-05-16 17:12:41,0,0,1,0
8juqzo,2018-05-16 13:05:53,82,r/dogpictures,78,2018-05-16 17:13:17,0,0,1,0
8juqzo,2018-05-16 13:05:53,82,r/dogpictures,79,2018-05-16 17:16:55,0,0,1,0
8juqzo,2018-05-16 13:05:53,82,r/dogpictures,80,2018-05-16 17:18:24,0,0,1,0
8juqzo,2018-05-16 13:05:53,82,r/dogpictures,81,2018-05-16 17:19:42,0,0,1,0
8juqzo,2018-05-16 13:05:53,82,r/dogpictures,82,2018-05-16 17:22:38,0,0,1,0
8juqzo,2018-05-16 13:05:53,82,r/dogpictures,83,2018-05-16 17:26:01,0,0,1,0
8juqzo,2018-05-16 13:05:53,82,r/dogpictures,84,2018-05-16 17:26:12,0,0,1,0
8juqzo,2018-05-16 13:05:53,82,r/dogpictures,85,2018-05-16 17:26:25,0,0,1,0
8juqzo,2018-05-16 13:05:53,82,r/dogpictures,86,2018-05-16 17:30:51,0,0,1,0
8juqzo,2018-05-16 13:05:53,82,r/dogpictures,87,2018-05-16 17:31:27,0,0,1,0
8juqzo,2018-05-16 13:05:53,82,r/dogpictures,88,2018-05-16 17:33:00,0,0,1,0
8juqzo,2018-05-16 13:05:53,82,r/dogpictures,89,2018-05-16 17:33:41,0,0,1,0
8juqzo,2018-05-16 13:05:53,82,r/dogpictures,90,2018-05-16 17:35:07,0,0,1,0
8juqzo,2018-05-16 13:05:53,82,r/dogpictures,91,2018-05-16 17:38:21,0,0,1,0
8juqzo,2018-05-16 13:05:53,82,r/dogpictures,92,2018-05-16 17:45:02,0,0,1,0
8juqzo,2018-05-16 13:05:53,82,r/dogpictures,93,2018-05-16 17:46:40,0,0,1,0
8juqzo,2018-05-16 13:05:53,82,r/dogpictures,94,2018-05-16 17:46:41,0,0,1,0
8juqzo,2018-05-16 13:05:53,82,r/dogpictures,95,2018-05-16 17:47:04,0,0,1,0
8juqzo,2018-05-16 13:05:53,82,r/dogpictures,96,2018-05-16 17:47:17,0,0,1,0
8juqzo,2018-05-16 13:05:53,82,r/dogpictures,97,2018-05-16 17:47:44,0,1,1,0
8juqzo,2018-05-16 13:05:53,82,r/dogpictures,97,2018-05-16 18:09:58,1,0,1,0
8juqzo,2018-05-16 13:05:53,82,r/dogpictures,98,2018-05-16 17:54:36,0,1,1,0
8juqzo,2018-05-16 13:05:53,82,r/dogpictures,98,2018-05-16 18:10:43,1,0,1,0
8juqzo,2018-05-16 13:05:53,82,r/dogpictures,99,2018-05-16 18:00:54,0,0,1,0
8juqzo,2018-05-16 13:05:53,82,r/dogpictures,100,2018-05-16 18:01:34,0,0,1,0
8juqzo,2018-05-16 13:05:53,82,r/dogpictures,101,2018-05-16 18:03:30,0,0,1,0
8juqzo,2018-05-16 13:05:53,82,r/dogpictures,102,2018-05-16 18:08:04,0,0,1,0
8juqzo,2018-05-16 13:05:53,82,r/dogpictures,103,2018-05-16 18:09:05,0,0,1,0
8juqzo,2018-05-16 13:05:53,82,r/dogpictures,104,2018-05-16 18:09:59,0,0,1,0
8juqzo,2018-05-16 13:05:53,82,r/dogpictures,105,2018-05-16 18:10:12,0,0,1,0
8juqzo,2018-05-16 13:05:53,82,r/dogpictures,106,2018-05-16 18:13:07,0,0,1,0
8juqzo,2018-05-16 13:05:53,82,r/dogpictures,107,2018-05-16 18:20:45,0,0,1,0
8juqzo,2018-05-16 13:05:53,82,r/dogpictures,108,2018-05-16 18:23:53,0,0,1,0
8juqzo,2018-05-16 13:05:53,82,r/dogpictures,109,2018-05-16 18:24:00,0,0,1,0
8juqzo,2018-05-16 13:05:53,82,r/dogpictures,110,2018-05-16 18:27:30,0,0,1,0
8juqzo,2018-05-16 13:05:53,82,r/dogpictures,111,2018-05-16 18:28:32,0,0,1,0
8juqzo,2018-05-16 13:05:53,82,r/dogpictures,112,2018-05-16 18:28:57,0,0,1,0
8juqzo,2018-05-16 13:05:53,82,r/dogpictures,113,2018-05-16 15:36:00,0,1,1,0
8juqzo,2018-05-16 13:05:53,82,r/dogpictures,113,2018-05-16 15:55:29,1,4,3,0
8juqzo,2018-05-16 13:05:53,82,r/dogpictures,113,2018-05-16 15:57:24,2,0,4,0
8juqzo,2018-05-16 13:05:53,82,r/dogpictures,113,2018-05-16 16:25:03,2,0,1,0
8juqzo,2018-05-16 13:05:53,82,r/dogpictures,113,2018-05-16 16:25:49,2,0,1,0
8juqzo,2018-05-16 13:05:53,82,r/dogpictures,113,2018-05-16 16:39:53,2,0,1,0
8juqzo,2018-05-16 13:05:53,82,r/dogpictures,114,2018-05-16 17:06:05,0,2,0,0
8juqzo,2018-05-16 13:05:53,82,r/dogpictures,114,2018-05-16 17:21:06,1,0,1,0
8juqzo,2018-05-16 13:05:53,82,r/dogpictures,114,2018-05-16 18:06:37,1,0,0,0
8juqzo,2018-05-16 13:05:53,82,r/dogpictures,115,2018-05-16 18:00:35,0,2,-1,0
8juqzo,2018-05-16 13:05:53,82,r/dogpictures,115,2018-05-16 18:11:10,1,0,2,0
8juqzo,2018-05-16 13:05:53,82,r/dogpictures,115,2018-05-16 18:04:04,1,1,1,0
8juqzo,2018-05-16 13:05:53,82,r/dogpictures,115,2018-05-16 18:05:13,2,1,-2,0
8juqzo,2018-05-16 13:05:53,82,r/dogpictures,115,2018-05-16 18:12:49,3,0,1,0
8juqzo,2018-05-16 13:05:53,82,r/dogpictures,116,2018-05-16 16:09:39,0,3,-8,0
8juqzo,2018-05-16 13:05:53,82,r/dogpictures,116,2018-05-16 16:23:35,1,0,3,0
8juqzo,2018-05-16 13:05:53,82,r/dogpictures,116,2018-05-16 16:32:45,1,1,2,0
8juqzo,2018-05-16 13:05:53,82,r/dogpictures,116,2018-05-16 16:34:15,2,0,0,0
8juqzo,2018-05-16 13:05:53,82,r/dogpictures,116,2018-05-16 16:37:54,1,1,1,0
8juqzo,2018-05-16 13:05:53,82,r/dogpictures,116,2018-05-16 18:26:23,2,0,1,0
8juqzo,2018-05-16 13:05:53,82,r/dogpictures,117,2018-05-16 14:32:18,0,3,-19,0
8juqzo,2018-05-16 13:05:53,82,r/dogpictures,117,2018-05-16 14:51:01,1,0,9,0
8juqzo,2018-05-16 13:05:53,82,r/dogpictures,117,2018-05-16 14:48:44,1,1,6,0
8juqzo,2018-05-16 13:05:53,82,r/dogpictures,117,2018-05-16 15:38:48,2,0,5,0
8juqzo,2018-05-16 13:05:53,82,r/dogpictures,117,2018-05-16 16:12:06,1,0,1,0
8juqzo,2018-05-16 13:05:53,82,r/dogpictures,118,2018-05-16 14:19:24,0,3,-31,0
8juqzo,2018-05-16 13:05:53,82,r/dogpictures,118,2018-05-16 14:33:54,1,1,13,0
8juqzo,2018-05-16 13:05:53,82,r/dogpictures,118,2018-05-16 14:58:47,2,0,-17,0
8juqzo,2018-05-16 13:05:53,82,r/dogpictures,118,2018-05-16 15:54:12,1,0,4,0
8juqzo,2018-05-16 13:05:53,82,r/dogpictures,118,2018-05-16 18:29:54,1,0,1,0
8jtkjd,2018-05-16 09:29:34,83,r/holdmybeer,0,2018-05-16 09:55:48,0,17,2345,0
8jtkjd,2018-05-16 09:29:34,83,r/holdmybeer,0,2018-05-16 11:16:38,1,7,1000,0
8jtkjd,2018-05-16 09:29:34,83,r/holdmybeer,0,2018-05-16 11:42:53,2,1,622,0
8jtkjd,2018-05-16 09:29:34,83,r/holdmybeer,0,2018-05-16 15:30:44,3,2,62,0
8jtkjd,2018-05-16 09:29:34,83,r/holdmybeer,0,2018-05-16 16:06:14,4,3,65,0
8jtkjd,2018-05-16 09:29:34,83,r/holdmybeer,0,2018-05-16 16:10:06,5,1,14,0
8jtkjd,2018-05-16 09:29:34,83,r/holdmybeer,0,2018-05-16 16:11:33,6,1,1,0
8jtkjd,2018-05-16 09:29:34,83,r/holdmybeer,0,2018-05-16 16:19:46,7,0,1,0
8jtkjd,2018-05-16 09:29:34,83,r/holdmybeer,0,2018-05-16 16:29:05,5,0,8,0
8jtkjd,2018-05-16 09:29:34,83,r/holdmybeer,0,2018-05-16 17:06:10,5,0,1,0
8jtkjd,2018-05-16 09:29:34,83,r/holdmybeer,0,2018-05-16 16:58:41,4,0,1,0
8jtkjd,2018-05-16 09:29:34,83,r/holdmybeer,0,2018-05-16 11:18:01,2,3,127,0
8jtkjd,2018-05-16 09:29:34,83,r/holdmybeer,0,2018-05-16 11:58:07,3,1,247,0
8jtkjd,2018-05-16 09:29:34,83,r/holdmybeer,0,2018-05-16 14:04:14,4,1,37,0
8jtkjd,2018-05-16 09:29:34,83,r/holdmybeer,0,2018-05-16 14:17:00,5,1,19,0
8jtkjd,2018-05-16 09:29:34,83,r/holdmybeer,0,2018-05-16 14:49:48,6,1,7,0
8jtkjd,2018-05-16 09:29:34,83,r/holdmybeer,0,2018-05-16 15:46:45,7,1,7,0
8jtkjd,2018-05-16 09:29:34,83,r/holdmybeer,0,2018-05-16 17:25:50,8,0,1,0
8jtkjd,2018-05-16 09:29:34,83,r/holdmybeer,0,2018-05-16 13:54:47,3,0,11,0
8jtkjd,2018-05-16 09:29:34,83,r/holdmybeer,0,2018-05-16 15:30:59,3,0,1,0
8jtkjd,2018-05-16 09:29:34,83,r/holdmybeer,0,2018-05-16 12:15:11,2,0,12,0
8jtkjd,2018-05-16 09:29:34,83,r/holdmybeer,0,2018-05-16 15:56:36,2,0,1,0
8jtkjd,2018-05-16 09:29:34,83,r/holdmybeer,0,2018-05-16 18:02:26,2,1,1,0
8jtkjd,2018-05-16 09:29:34,83,r/holdmybeer,0,2018-05-16 18:02:58,3,0,2,0
8jtkjd,2018-05-16 09:29:34,83,r/holdmybeer,0,2018-05-16 13:56:56,2,0,1,0
8jtkjd,2018-05-16 09:29:34,83,r/holdmybeer,0,2018-05-16 15:49:07,2,1,0,0
8jtkjd,2018-05-16 09:29:34,83,r/holdmybeer,0,2018-05-16 15:51:24,3,0,2,0
8jtkjd,2018-05-16 09:29:34,83,r/holdmybeer,0,2018-05-16 13:11:59,1,7,226,0
8jtkjd,2018-05-16 09:29:34,83,r/holdmybeer,0,2018-05-16 13:55:54,2,3,127,0
8jtkjd,2018-05-16 09:29:34,83,r/holdmybeer,0,2018-05-16 14:11:21,3,1,45,0
8jtkjd,2018-05-16 09:29:34,83,r/holdmybeer,0,2018-05-16 17:22:34,4,0,3,0
8jtkjd,2018-05-16 09:29:34,83,r/holdmybeer,0,2018-05-16 14:19:09,3,0,12,0
8jtkjd,2018-05-16 09:29:34,83,r/holdmybeer,0,2018-05-16 14:46:58,3,1,2,0
8jtkjd,2018-05-16 09:29:34,83,r/holdmybeer,0,2018-05-16 15:20:18,4,0,-1,0
8jtkjd,2018-05-16 09:29:34,83,r/holdmybeer,0,2018-05-16 15:58:52,2,0,11,0
8jtkjd,2018-05-16 09:29:34,83,r/holdmybeer,0,2018-05-16 14:57:40,2,1,6,0
8jtkjd,2018-05-16 09:29:34,83,r/holdmybeer,0,2018-05-16 14:58:52,3,1,8,0
8jtkjd,2018-05-16 09:29:34,83,r/holdmybeer,0,2018-05-16 16:34:03,4,1,1,0
8jtkjd,2018-05-16 09:29:34,83,r/holdmybeer,0,2018-05-16 18:13:21,5,0,1,0
8jtkjd,2018-05-16 09:29:34,83,r/holdmybeer,0,2018-05-16 13:49:33,2,1,2,0
8jtkjd,2018-05-16 09:29:34,83,r/holdmybeer,0,2018-05-16 15:49:59,3,0,-2,0
8jtkjd,2018-05-16 09:29:34,83,r/holdmybeer,0,2018-05-16 16:01:06,2,0,1,0
8jtkjd,2018-05-16 09:29:34,83,r/holdmybeer,0,2018-05-16 16:40:03,2,0,1,0
8jtkjd,2018-05-16 09:29:34,83,r/holdmybeer,0,2018-05-16 15:25:43,2,1,-1,0
8jtkjd,2018-05-16 09:29:34,83,r/holdmybeer,0,2018-05-16 15:29:36,3,1,0,0
8jtkjd,2018-05-16 09:29:34,83,r/holdmybeer,0,2018-05-16 15:35:30,4,1,2,0
8jtkjd,2018-05-16 09:29:34,83,r/holdmybeer,0,2018-05-16 15:38:36,5,0,0,0
8jtkjd,2018-05-16 09:29:34,83,r/holdmybeer,0,2018-05-16 12:23:08,1,0,16,0
8jtkjd,2018-05-16 09:29:34,83,r/holdmybeer,0,2018-05-16 12:55:33,1,1,11,0
8jtkjd,2018-05-16 09:29:34,83,r/holdmybeer,0,2018-05-16 13:50:15,2,1,-2,0
8jtkjd,2018-05-16 09:29:34,83,r/holdmybeer,0,2018-05-16 14:40:24,3,1,1,0
8jtkjd,2018-05-16 09:29:34,83,r/holdmybeer,0,2018-05-16 15:04:09,4,0,1,0
8jtkjd,2018-05-16 09:29:34,83,r/holdmybeer,0,2018-05-16 13:55:20,1,1,18,0
8jtkjd,2018-05-16 09:29:34,83,r/holdmybeer,0,2018-05-16 14:51:01,2,0,6,0
8jtkjd,2018-05-16 09:29:34,83,r/holdmybeer,0,2018-05-16 13:07:02,1,0,4,0
8jtkjd,2018-05-16 09:29:34,83,r/holdmybeer,0,2018-05-16 11:55:25,1,1,2,0
8jtkjd,2018-05-16 09:29:34,83,r/holdmybeer,0,2018-05-16 12:06:55,2,1,-14,0
8jtkjd,2018-05-16 09:29:34,83,r/holdmybeer,0,2018-05-16 13:07:17,3,0,0,0
8jtkjd,2018-05-16 09:29:34,83,r/holdmybeer,0,2018-05-16 15:09:21,1,0,1,0
8jtkjd,2018-05-16 09:29:34,83,r/holdmybeer,0,2018-05-16 15:32:13,1,0,1,0
8jtkjd,2018-05-16 09:29:34,83,r/holdmybeer,0,2018-05-16 16:20:37,1,0,1,0
8jtkjd,2018-05-16 09:29:34,83,r/holdmybeer,0,2018-05-16 16:44:51,1,0,1,0
8jtkjd,2018-05-16 09:29:34,83,r/holdmybeer,0,2018-05-16 16:50:17,1,0,1,0
8jtkjd,2018-05-16 09:29:34,83,r/holdmybeer,0,2018-05-16 17:17:19,1,0,1,0
8jtkjd,2018-05-16 09:29:34,83,r/holdmybeer,0,2018-05-16 17:34:18,1,0,1,0
8jtkjd,2018-05-16 09:29:34,83,r/holdmybeer,0,2018-05-16 18:01:22,1,0,1,0
8jtkjd,2018-05-16 09:29:34,83,r/holdmybeer,0,2018-05-16 18:30:12,1,0,1,0
8jtkjd,2018-05-16 09:29:34,83,r/holdmybeer,0,2018-05-16 12:10:29,1,0,-2,0
8jtkjd,2018-05-16 09:29:34,83,r/holdmybeer,1,2018-05-16 11:35:50,0,6,934,0
8jtkjd,2018-05-16 09:29:34,83,r/holdmybeer,1,2018-05-16 11:49:48,1,2,231,0
8jtkjd,2018-05-16 09:29:34,83,r/holdmybeer,1,2018-05-16 13:01:29,2,0,43,0
8jtkjd,2018-05-16 09:29:34,83,r/holdmybeer,1,2018-05-16 14:57:17,2,0,13,0
8jtkjd,2018-05-16 09:29:34,83,r/holdmybeer,1,2018-05-16 12:26:18,1,2,50,0
8jtkjd,2018-05-16 09:29:34,83,r/holdmybeer,1,2018-05-16 17:12:50,2,0,2,0
8jtkjd,2018-05-16 09:29:34,83,r/holdmybeer,1,2018-05-16 15:08:14,2,0,0,0
8jtkjd,2018-05-16 09:29:34,83,r/holdmybeer,1,2018-05-16 14:33:28,1,0,9,0
8jtkjd,2018-05-16 09:29:34,83,r/holdmybeer,1,2018-05-16 13:50:07,1,0,15,0
8jtkjd,2018-05-16 09:29:34,83,r/holdmybeer,1,2018-05-16 14:46:11,1,0,1,0
8jtkjd,2018-05-16 09:29:34,83,r/holdmybeer,1,2018-05-16 17:32:00,1,0,1,0
8jtkjd,2018-05-16 09:29:34,83,r/holdmybeer,2,2018-05-16 10:31:43,0,8,1038,0
8jtkjd,2018-05-16 09:29:34,83,r/holdmybeer,2,2018-05-16 11:56:26,1,1,312,0
8jtkjd,2018-05-16 09:29:34,83,r/holdmybeer,2,2018-05-16 11:59:25,2,0,25,0
8jtkjd,2018-05-16 09:29:34,83,r/holdmybeer,2,2018-05-16 13:27:13,1,2,145,0
8jtkjd,2018-05-16 09:29:34,83,r/holdmybeer,2,2018-05-16 13:47:48,2,3,89,0
8jtkjd,2018-05-16 09:29:34,83,r/holdmybeer,2,2018-05-16 14:10:02,3,2,38,0
8jtkjd,2018-05-16 09:29:34,83,r/holdmybeer,2,2018-05-16 14:22:14,4,1,24,0
8jtkjd,2018-05-16 09:29:34,83,r/holdmybeer,2,2018-05-16 15:02:00,5,1,14,0
8jtkjd,2018-05-16 09:29:34,83,r/holdmybeer,2,2018-05-16 17:17:18,6,0,1,0
8jtkjd,2018-05-16 09:29:34,83,r/holdmybeer,2,2018-05-16 14:41:29,4,1,10,0
8jtkjd,2018-05-16 09:29:34,83,r/holdmybeer,2,2018-05-16 16:58:12,5,1,3,0
8jtkjd,2018-05-16 09:29:34,83,r/holdmybeer,2,2018-05-16 17:03:01,6,0,2,0
8jtkjd,2018-05-16 09:29:34,83,r/holdmybeer,2,2018-05-16 15:21:43,3,1,12,0
8jtkjd,2018-05-16 09:29:34,83,r/holdmybeer,2,2018-05-16 16:19:54,4,1,2,0
8jtkjd,2018-05-16 09:29:34,83,r/holdmybeer,2,2018-05-16 16:20:34,5,1,3,0
8jtkjd,2018-05-16 09:29:34,83,r/holdmybeer,2,2018-05-16 17:26:56,6,0,1,0
8jtkjd,2018-05-16 09:29:34,83,r/holdmybeer,2,2018-05-16 15:48:02,3,0,2,0
8jtkjd,2018-05-16 09:29:34,83,r/holdmybeer,2,2018-05-16 16:58:01,2,0,1,0
8jtkjd,2018-05-16 09:29:34,83,r/holdmybeer,2,2018-05-16 14:00:25,1,2,9,0
8jtkjd,2018-05-16 09:29:34,83,r/holdmybeer,2,2018-05-16 14:03:38,2,0,2,0
8jtkjd,2018-05-16 09:29:34,83,r/holdmybeer,2,2018-05-16 15:53:37,2,0,1,0
8jtkjd,2018-05-16 09:29:34,83,r/holdmybeer,2,2018-05-16 14:34:46,1,0,6,0
8jtkjd,2018-05-16 09:29:34,83,r/holdmybeer,2,2018-05-16 15:05:53,1,1,11,0
8jtkjd,2018-05-16 09:29:34,83,r/holdmybeer,2,2018-05-16 15:39:44,2,0,1,0
8jtkjd,2018-05-16 09:29:34,83,r/holdmybeer,2,2018-05-16 13:28:29,1,1,22,0
8jtkjd,2018-05-16 09:29:34,83,r/holdmybeer,2,2018-05-16 13:33:45,2,1,14,0
8jtkjd,2018-05-16 09:29:34,83,r/holdmybeer,2,2018-05-16 13:39:58,3,1,25,0
8jtkjd,2018-05-16 09:29:34,83,r/holdmybeer,2,2018-05-16 14:07:21,4,0,7,0
8jtkjd,2018-05-16 09:29:34,83,r/holdmybeer,2,2018-05-16 13:50:01,1,0,10,0
8jtkjd,2018-05-16 09:29:34,83,r/holdmybeer,2,2018-05-16 15:34:24,1,1,3,0
8jtkjd,2018-05-16 09:29:34,83,r/holdmybeer,2,2018-05-16 16:30:39,2,0,1,0
8jtkjd,2018-05-16 09:29:34,83,r/holdmybeer,3,2018-05-16 11:01:49,0,6,1117,0
8jtkjd,2018-05-16 09:29:34,83,r/holdmybeer,3,2018-05-16 11:20:22,1,12,1957,0
8jtkjd,2018-05-16 09:29:34,83,r/holdmybeer,3,2018-05-16 11:32:08,2,1,234,0
8jtkjd,2018-05-16 09:29:34,83,r/holdmybeer,3,2018-05-16 12:46:58,3,4,190,0
8jtkjd,2018-05-16 09:29:34,83,r/holdmybeer,3,2018-05-16 12:56:20,4,1,60,0
8jtkjd,2018-05-16 09:29:34,83,r/holdmybeer,3,2018-05-16 15:29:40,5,3,9,0
8jtkjd,2018-05-16 09:29:34,83,r/holdmybeer,3,2018-05-16 15:35:22,6,2,11,0
8jtkjd,2018-05-16 09:29:34,83,r/holdmybeer,3,2018-05-16 17:45:50,7,0,3,0
8jtkjd,2018-05-16 09:29:34,83,r/holdmybeer,3,2018-05-16 16:30:45,7,0,1,0
8jtkjd,2018-05-16 09:29:34,83,r/holdmybeer,3,2018-05-16 16:30:10,6,1,5,0
8jtkjd,2018-05-16 09:29:34,83,r/holdmybeer,3,2018-05-16 17:59:03,7,0,1,0
8jtkjd,2018-05-16 09:29:34,83,r/holdmybeer,3,2018-05-16 15:48:06,6,0,2,0
8jtkjd,2018-05-16 09:29:34,83,r/holdmybeer,3,2018-05-16 14:30:30,4,0,8,0
8jtkjd,2018-05-16 09:29:34,83,r/holdmybeer,3,2018-05-16 13:36:36,4,1,14,0
8jtkjd,2018-05-16 09:29:34,83,r/holdmybeer,3,2018-05-16 14:08:37,5,1,13,0
8jtkjd,2018-05-16 09:29:34,83,r/holdmybeer,3,2018-05-16 14:23:11,6,1,10,0
8jtkjd,2018-05-16 09:29:34,83,r/holdmybeer,3,2018-05-16 14:41:05,7,2,7,0
8jtkjd,2018-05-16 09:29:34,83,r/holdmybeer,3,2018-05-16 14:50:57,8,1,6,0
8jtkjd,2018-05-16 09:29:34,83,r/holdmybeer,3,2018-05-16 15:27:29,9,1,2,0
8jtkjd,2018-05-16 09:29:34,83,r/holdmybeer,3,2018-05-16 16:06:42,8,0,0,0
8jtkjd,2018-05-16 09:29:34,83,r/holdmybeer,3,2018-05-16 17:52:29,4,0,1,0
8jtkjd,2018-05-16 09:29:34,83,r/holdmybeer,3,2018-05-16 11:58:20,2,0,28,0
8jtkjd,2018-05-16 09:29:34,83,r/holdmybeer,3,2018-05-16 13:27:01,2,0,9,0
8jtkjd,2018-05-16 09:29:34,83,r/holdmybeer,3,2018-05-16 12:54:23,2,1,6,0
8jtkjd,2018-05-16 09:29:34,83,r/holdmybeer,3,2018-05-16 16:16:50,3,0,1,0
8jtkjd,2018-05-16 09:29:34,83,r/holdmybeer,3,2018-05-16 12:54:04,2,0,5,0
8jtkjd,2018-05-16 09:29:34,83,r/holdmybeer,3,2018-05-16 13:04:45,2,0,3,0
8jtkjd,2018-05-16 09:29:34,83,r/holdmybeer,3,2018-05-16 14:15:05,2,0,2,0
8jtkjd,2018-05-16 09:29:34,83,r/holdmybeer,3,2018-05-16 13:38:06,2,0,4,0
8jtkjd,2018-05-16 09:29:34,83,r/holdmybeer,3,2018-05-16 15:35:25,2,0,1,0
8jtkjd,2018-05-16 09:29:34,83,r/holdmybeer,3,2018-05-16 15:54:55,2,0,1,0
8jtkjd,2018-05-16 09:29:34,83,r/holdmybeer,3,2018-05-16 17:44:20,2,0,1,0
8jtkjd,2018-05-16 09:29:34,83,r/holdmybeer,3,2018-05-16 18:09:51,2,0,1,0
8jtkjd,2018-05-16 09:29:34,83,r/holdmybeer,3,2018-05-16 11:32:20,1,2,85,0
8jtkjd,2018-05-16 09:29:34,83,r/holdmybeer,3,2018-05-16 12:37:47,2,0,28,0
8jtkjd,2018-05-16 09:29:34,83,r/holdmybeer,3,2018-05-16 16:15:53,2,0,0,0
8jtkjd,2018-05-16 09:29:34,83,r/holdmybeer,3,2018-05-16 14:53:54,1,0,7,0
8jtkjd,2018-05-16 09:29:34,83,r/holdmybeer,3,2018-05-16 14:29:40,1,0,5,0
8jtkjd,2018-05-16 09:29:34,83,r/holdmybeer,3,2018-05-16 13:46:45,1,2,1,0
8jtkjd,2018-05-16 09:29:34,83,r/holdmybeer,3,2018-05-16 16:21:18,2,0,0,0
8jtkjd,2018-05-16 09:29:34,83,r/holdmybeer,3,2018-05-16 14:46:35,2,3,-10,0
8jtkjd,2018-05-16 09:29:34,83,r/holdmybeer,3,2018-05-16 15:04:00,3,1,8,0
8jtkjd,2018-05-16 09:29:34,83,r/holdmybeer,3,2018-05-16 15:08:42,4,1,7,0
8jtkjd,2018-05-16 09:29:34,83,r/holdmybeer,3,2018-05-16 16:44:09,5,1,2,0
8jtkjd,2018-05-16 09:29:34,83,r/holdmybeer,3,2018-05-16 17:04:55,6,0,2,0
8jtkjd,2018-05-16 09:29:34,83,r/holdmybeer,3,2018-05-16 18:08:02,3,0,1,0
8jtkjd,2018-05-16 09:29:34,83,r/holdmybeer,3,2018-05-16 15:06:27,3,0,-1,0
8jtkjd,2018-05-16 09:29:34,83,r/holdmybeer,3,2018-05-16 14:52:40,1,0,0,0
8jtkjd,2018-05-16 09:29:34,83,r/holdmybeer,4,2018-05-16 11:44:41,0,4,187,0
8jtkjd,2018-05-16 09:29:34,83,r/holdmybeer,4,2018-05-16 12:28:43,1,2,77,0
8jtkjd,2018-05-16 09:29:34,83,r/holdmybeer,4,2018-05-16 13:06:51,2,1,23,0
8jtkjd,2018-05-16 09:29:34,83,r/holdmybeer,4,2018-05-16 13:11:47,3,1,22,0
8jtkjd,2018-05-16 09:29:34,83,r/holdmybeer,4,2018-05-16 14:36:52,4,1,2,0
8jtkjd,2018-05-16 09:29:34,83,r/holdmybeer,4,2018-05-16 16:11:05,5,0,1,0
8jtkjd,2018-05-16 09:29:34,83,r/holdmybeer,4,2018-05-16 15:10:47,2,0,1,0
8jtkjd,2018-05-16 09:29:34,83,r/holdmybeer,4,2018-05-16 13:40:54,1,0,7,0
8jtkjd,2018-05-16 09:29:34,83,r/holdmybeer,4,2018-05-16 16:54:11,1,0,1,0
8jtkjd,2018-05-16 09:29:34,83,r/holdmybeer,4,2018-05-16 14:58:20,1,0,0,0
8jtkjd,2018-05-16 09:29:34,83,r/holdmybeer,5,2018-05-16 11:43:06,0,3,674,0
8jtkjd,2018-05-16 09:29:34,83,r/holdmybeer,5,2018-05-16 14:01:07,1,5,75,0
8jtkjd,2018-05-16 09:29:34,83,r/holdmybeer,5,2018-05-16 14:30:17,2,1,26,0
8jtkjd,2018-05-16 09:29:34,83,r/holdmybeer,5,2018-05-16 14:47:26,3,1,10,0
8jtkjd,2018-05-16 09:29:34,83,r/holdmybeer,5,2018-05-16 16:39:23,4,0,1,0
8jtkjd,2018-05-16 09:29:34,83,r/holdmybeer,5,2018-05-16 14:27:32,2,2,15,0
8jtkjd,2018-05-16 09:29:34,83,r/holdmybeer,5,2018-05-16 14:55:38,3,0,10,0
8jtkjd,2018-05-16 09:29:34,83,r/holdmybeer,5,2018-05-16 14:47:18,3,1,6,0
8jtkjd,2018-05-16 09:29:34,83,r/holdmybeer,5,2018-05-16 14:57:34,4,0,6,0
8jtkjd,2018-05-16 09:29:34,83,r/holdmybeer,5,2018-05-16 14:18:30,2,0,44,0
8jtkjd,2018-05-16 09:29:34,83,r/holdmybeer,5,2018-05-16 14:47:56,2,0,1,0
8jtkjd,2018-05-16 09:29:34,83,r/holdmybeer,5,2018-05-16 15:43:04,2,0,1,0
8jtkjd,2018-05-16 09:29:34,83,r/holdmybeer,5,2018-05-16 12:29:38,1,0,20,0
8jtkjd,2018-05-16 09:29:34,83,r/holdmybeer,5,2018-05-16 15:49:22,1,0,1,0
8jtkjd,2018-05-16 09:29:34,83,r/holdmybeer,6,2018-05-16 11:47:03,0,2,136,0
8jtkjd,2018-05-16 09:29:34,83,r/holdmybeer,6,2018-05-16 13:57:39,1,1,22,0
8jtkjd,2018-05-16 09:29:34,83,r/holdmybeer,6,2018-05-16 16:16:39,2,1,-1,0
8jtkjd,2018-05-16 09:29:34,83,r/holdmybeer,6,2018-05-16 16:36:36,3,1,3,0
8jtkjd,2018-05-16 09:29:34,83,r/holdmybeer,6,2018-05-16 17:55:21,4,1,1,0
8jtkjd,2018-05-16 09:29:34,83,r/holdmybeer,6,2018-05-16 18:19:21,5,0,1,0
8jtkjd,2018-05-16 09:29:34,83,r/holdmybeer,6,2018-05-16 12:57:23,1,0,11,0
8jtkjd,2018-05-16 09:29:34,83,r/holdmybeer,7,2018-05-16 14:00:09,0,2,24,0
8jtkjd,2018-05-16 09:29:34,83,r/holdmybeer,7,2018-05-16 15:53:52,1,1,5,0
8jtkjd,2018-05-16 09:29:34,83,r/holdmybeer,7,2018-05-16 16:21:21,2,0,1,0
8jtkjd,2018-05-16 09:29:34,83,r/holdmybeer,7,2018-05-16 15:54:41,1,0,2,0
8jtkjd,2018-05-16 09:29:34,83,r/holdmybeer,8,2018-05-16 11:38:59,0,1,46,0
8jtkjd,2018-05-16 09:29:34,83,r/holdmybeer,8,2018-05-16 15:54:42,1,0,1,0
8jtkjd,2018-05-16 09:29:34,83,r/holdmybeer,9,2018-05-16 11:21:15,0,3,56,0
8jtkjd,2018-05-16 09:29:34,83,r/holdmybeer,9,2018-05-16 14:29:58,1,1,6,0
8jtkjd,2018-05-16 09:29:34,83,r/holdmybeer,9,2018-05-16 14:31:23,2,1,-1,0
8jtkjd,2018-05-16 09:29:34,83,r/holdmybeer,9,2018-05-16 16:25:47,3,0,10,0
8jtkjd,2018-05-16 09:29:34,83,r/holdmybeer,9,2018-05-16 11:41:31,1,0,8,0
8jtkjd,2018-05-16 09:29:34,83,r/holdmybeer,9,2018-05-16 14:25:54,1,1,2,0
8jtkjd,2018-05-16 09:29:34,83,r/holdmybeer,9,2018-05-16 14:39:31,2,0,1,0
8jtkjd,2018-05-16 09:29:34,83,r/holdmybeer,10,2018-05-16 09:58:30,0,3,96,0
8jtkjd,2018-05-16 09:29:34,83,r/holdmybeer,10,2018-05-16 12:53:40,1,1,26,0
8jtkjd,2018-05-16 09:29:34,83,r/holdmybeer,10,2018-05-16 13:50:40,2,0,5,0
8jtkjd,2018-05-16 09:29:34,83,r/holdmybeer,10,2018-05-16 13:41:06,1,0,16,0
8jtkjd,2018-05-16 09:29:34,83,r/holdmybeer,10,2018-05-16 12:04:22,1,4,49,0
8jtkjd,2018-05-16 09:29:34,83,r/holdmybeer,10,2018-05-16 12:14:32,2,1,65,0
8jtkjd,2018-05-16 09:29:34,83,r/holdmybeer,10,2018-05-16 12:46:02,3,0,19,0
8jtkjd,2018-05-16 09:29:34,83,r/holdmybeer,10,2018-05-16 12:42:53,2,1,19,0
8jtkjd,2018-05-16 09:29:34,83,r/holdmybeer,10,2018-05-16 12:48:51,3,1,11,0
8jtkjd,2018-05-16 09:29:34,83,r/holdmybeer,10,2018-05-16 14:26:31,4,0,1,0
8jtkjd,2018-05-16 09:29:34,83,r/holdmybeer,10,2018-05-16 12:21:46,2,1,9,0
8jtkjd,2018-05-16 09:29:34,83,r/holdmybeer,10,2018-05-16 12:29:37,3,2,-20,0
8jtkjd,2018-05-16 09:29:34,83,r/holdmybeer,10,2018-05-16 12:38:09,4,1,10,0
8jtkjd,2018-05-16 09:29:34,83,r/holdmybeer,10,2018-05-16 13:27:14,5,1,-3,0
8jtkjd,2018-05-16 09:29:34,83,r/holdmybeer,10,2018-05-16 13:31:13,6,0,1,0
8jtkjd,2018-05-16 09:29:34,83,r/holdmybeer,10,2018-05-16 12:44:26,4,1,3,0
8jtkjd,2018-05-16 09:29:34,83,r/holdmybeer,10,2018-05-16 12:51:37,5,2,6,0
8jtkjd,2018-05-16 09:29:34,83,r/holdmybeer,10,2018-05-16 12:53:52,6,0,2,0
8jtkjd,2018-05-16 09:29:34,83,r/holdmybeer,10,2018-05-16 14:19:59,6,0,1,0
8jtkjd,2018-05-16 09:29:34,83,r/holdmybeer,10,2018-05-16 12:18:40,2,1,-18,0
8jtkjd,2018-05-16 09:29:34,83,r/holdmybeer,10,2018-05-16 12:52:34,3,0,6,0
8jtkjd,2018-05-16 09:29:34,83,r/holdmybeer,11,2018-05-16 12:35:12,0,0,4,0
8jtkjd,2018-05-16 09:29:34,83,r/holdmybeer,12,2018-05-16 12:37:39,0,2,5,0
8jtkjd,2018-05-16 09:29:34,83,r/holdmybeer,12,2018-05-16 13:48:17,1,0,3,0
8jtkjd,2018-05-16 09:29:34,83,r/holdmybeer,12,2018-05-16 13:54:00,1,1,2,0
8jtkjd,2018-05-16 09:29:34,83,r/holdmybeer,12,2018-05-16 13:56:29,2,0,2,0
8jtkjd,2018-05-16 09:29:34,83,r/holdmybeer,13,2018-05-16 13:19:53,0,1,5,0
8jtkjd,2018-05-16 09:29:34,83,r/holdmybeer,13,2018-05-16 14:33:21,1,0,2,0
8jtkjd,2018-05-16 09:29:34,83,r/holdmybeer,14,2018-05-16 14:53:25,0,1,5,0
8jtkjd,2018-05-16 09:29:34,83,r/holdmybeer,14,2018-05-16 15:00:59,1,0,2,0
8jtkjd,2018-05-16 09:29:34,83,r/holdmybeer,15,2018-05-16 11:23:02,0,0,7,0
8jtkjd,2018-05-16 09:29:34,83,r/holdmybeer,16,2018-05-16 11:52:44,0,2,10,0
8jtkjd,2018-05-16 09:29:34,83,r/holdmybeer,16,2018-05-16 13:12:13,1,1,10,0
8jtkjd,2018-05-16 09:29:34,83,r/holdmybeer,16,2018-05-16 14:11:30,2,0,2,0
8jtkjd,2018-05-16 09:29:34,83,r/holdmybeer,16,2018-05-16 12:13:48,1,1,3,0
8jtkjd,2018-05-16 09:29:34,83,r/holdmybeer,16,2018-05-16 12:25:50,2,0,9,0
8jtkjd,2018-05-16 09:29:34,83,r/holdmybeer,17,2018-05-16 13:08:59,0,0,2,0
8jtkjd,2018-05-16 09:29:34,83,r/holdmybeer,18,2018-05-16 13:56:45,0,0,2,0
8jtkjd,2018-05-16 09:29:34,83,r/holdmybeer,19,2018-05-16 14:03:25,0,0,2,0
8jtkjd,2018-05-16 09:29:34,83,r/holdmybeer,20,2018-05-16 14:58:10,0,0,2,0
8jtkjd,2018-05-16 09:29:34,83,r/holdmybeer,21,2018-05-16 15:06:10,0,0,2,0
8jtkjd,2018-05-16 09:29:34,83,r/holdmybeer,22,2018-05-16 15:22:08,0,0,2,0
8jtkjd,2018-05-16 09:29:34,83,r/holdmybeer,23,2018-05-16 17:22:17,0,0,2,0
8jtkjd,2018-05-16 09:29:34,83,r/holdmybeer,24,2018-05-16 17:23:33,0,0,2,0
8jtkjd,2018-05-16 09:29:34,83,r/holdmybeer,25,2018-05-16 17:30:50,0,0,2,0
8jtkjd,2018-05-16 09:29:34,83,r/holdmybeer,26,2018-05-16 17:44:19,0,0,2,0
8jtkjd,2018-05-16 09:29:34,83,r/holdmybeer,27,2018-05-16 17:46:41,0,0,2,0
8jtkjd,2018-05-16 09:29:34,83,r/holdmybeer,28,2018-05-16 11:02:03,0,1,5,0
8jtkjd,2018-05-16 09:29:34,83,r/holdmybeer,28,2018-05-16 15:05:58,1,1,0,0
8jtkjd,2018-05-16 09:29:34,83,r/holdmybeer,28,2018-05-16 15:11:06,2,0,2,0
8jtkjd,2018-05-16 09:29:34,83,r/holdmybeer,29,2018-05-16 11:27:42,0,0,3,0
8jtkjd,2018-05-16 09:29:34,83,r/holdmybeer,30,2018-05-16 11:53:45,0,0,1,0
8jtkjd,2018-05-16 09:29:34,83,r/holdmybeer,31,2018-05-16 12:36:13,0,0,1,0
8jtkjd,2018-05-16 09:29:34,83,r/holdmybeer,32,2018-05-16 12:37:57,0,0,1,0
8jtkjd,2018-05-16 09:29:34,83,r/holdmybeer,33,2018-05-16 13:04:31,0,1,1,0
8jtkjd,2018-05-16 09:29:34,83,r/holdmybeer,33,2018-05-16 14:46:35,1,0,2,0
8jtkjd,2018-05-16 09:29:34,83,r/holdmybeer,34,2018-05-16 13:13:50,0,1,1,0
8jtkjd,2018-05-16 09:29:34,83,r/holdmybeer,34,2018-05-16 14:40:41,1,0,1,0
8jtkjd,2018-05-16 09:29:34,83,r/holdmybeer,35,2018-05-16 13:29:55,0,0,1,0
8jtkjd,2018-05-16 09:29:34,83,r/holdmybeer,36,2018-05-16 13:39:06,0,0,1,0
8jtkjd,2018-05-16 09:29:34,83,r/holdmybeer,37,2018-05-16 13:43:03,0,0,1,0
8jtkjd,2018-05-16 09:29:34,83,r/holdmybeer,38,2018-05-16 13:43:49,0,0,1,0
8jtkjd,2018-05-16 09:29:34,83,r/holdmybeer,39,2018-05-16 13:44:43,0,0,1,0
8jtkjd,2018-05-16 09:29:34,83,r/holdmybeer,40,2018-05-16 13:46:41,0,0,1,0
8jtkjd,2018-05-16 09:29:34,83,r/holdmybeer,41,2018-05-16 13:52:15,0,0,1,0
8jtkjd,2018-05-16 09:29:34,83,r/holdmybeer,42,2018-05-16 13:53:13,0,0,1,0
8jtkjd,2018-05-16 09:29:34,83,r/holdmybeer,43,2018-05-16 13:54:47,0,0,1,0
8jtkjd,2018-05-16 09:29:34,83,r/holdmybeer,44,2018-05-16 13:57:26,0,0,1,0
8jtkjd,2018-05-16 09:29:34,83,r/holdmybeer,45,2018-05-16 14:00:04,0,0,1,0
8jtkjd,2018-05-16 09:29:34,83,r/holdmybeer,46,2018-05-16 14:02:25,0,0,1,0
8jtkjd,2018-05-16 09:29:34,83,r/holdmybeer,47,2018-05-16 14:05:24,0,0,1,0
8jtkjd,2018-05-16 09:29:34,83,r/holdmybeer,48,2018-05-16 14:09:54,0,0,1,0
8jtkjd,2018-05-16 09:29:34,83,r/holdmybeer,49,2018-05-16 14:14:49,0,0,1,0
8jtkjd,2018-05-16 09:29:34,83,r/holdmybeer,50,2018-05-16 14:18:22,0,0,1,0
8jtkjd,2018-05-16 09:29:34,83,r/holdmybeer,51,2018-05-16 14:18:34,0,0,1,0
8jtkjd,2018-05-16 09:29:34,83,r/holdmybeer,52,2018-05-16 14:18:45,0,0,1,0
8jtkjd,2018-05-16 09:29:34,83,r/holdmybeer,53,2018-05-16 14:26:09,0,0,1,0
8jtkjd,2018-05-16 09:29:34,83,r/holdmybeer,54,2018-05-16 14:30:39,0,0,1,0
8jtkjd,2018-05-16 09:29:34,83,r/holdmybeer,55,2018-05-16 14:33:41,0,0,1,0
8jtkjd,2018-05-16 09:29:34,83,r/holdmybeer,56,2018-05-16 14:34:00,0,0,1,0
8jtkjd,2018-05-16 09:29:34,83,r/holdmybeer,57,2018-05-16 14:36:06,0,0,1,0
8jtkjd,2018-05-16 09:29:34,83,r/holdmybeer,58,2018-05-16 14:40:03,0,0,1,0
8jtkjd,2018-05-16 09:29:34,83,r/holdmybeer,59,2018-05-16 14:40:37,0,0,1,0
8jtkjd,2018-05-16 09:29:34,83,r/holdmybeer,60,2018-05-16 14:42:41,0,0,1,0
8jtkjd,2018-05-16 09:29:34,83,r/holdmybeer,61,2018-05-16 14:46:48,0,0,1,0
8jtkjd,2018-05-16 09:29:34,83,r/holdmybeer,62,2018-05-16 14:49:26,0,0,1,0
8jtkjd,2018-05-16 09:29:34,83,r/holdmybeer,63,2018-05-16 14:55:56,0,0,1,0
8jtkjd,2018-05-16 09:29:34,83,r/holdmybeer,64,2018-05-16 15:05:34,0,0,1,0
8jtkjd,2018-05-16 09:29:34,83,r/holdmybeer,65,2018-05-16 15:21:01,0,0,1,0
8jtkjd,2018-05-16 09:29:34,83,r/holdmybeer,66,2018-05-16 15:31:24,0,0,1,0
8jtkjd,2018-05-16 09:29:34,83,r/holdmybeer,67,2018-05-16 15:34:51,0,0,1,0
8jtkjd,2018-05-16 09:29:34,83,r/holdmybeer,68,2018-05-16 15:36:05,0,0,1,0
8jtkjd,2018-05-16 09:29:34,83,r/holdmybeer,69,2018-05-16 15:40:08,0,0,1,0
8jtkjd,2018-05-16 09:29:34,83,r/holdmybeer,70,2018-05-16 15:42:00,0,0,1,0
8jtkjd,2018-05-16 09:29:34,83,r/holdmybeer,71,2018-05-16 15:44:15,0,0,1,0
8jtkjd,2018-05-16 09:29:34,83,r/holdmybeer,72,2018-05-16 16:11:33,0,0,1,0
8jtkjd,2018-05-16 09:29:34,83,r/holdmybeer,73,2018-05-16 16:21:08,0,0,1,0
8jtkjd,2018-05-16 09:29:34,83,r/holdmybeer,74,2018-05-16 16:28:27,0,0,1,0
8jtkjd,2018-05-16 09:29:34,83,r/holdmybeer,75,2018-05-16 16:38:48,0,0,1,0
8jtkjd,2018-05-16 09:29:34,83,r/holdmybeer,76,2018-05-16 16:42:44,0,0,1,0
8jtkjd,2018-05-16 09:29:34,83,r/holdmybeer,77,2018-05-16 16:43:04,0,0,1,0
8jtkjd,2018-05-16 09:29:34,83,r/holdmybeer,78,2018-05-16 16:50:49,0,0,1,0
8jtkjd,2018-05-16 09:29:34,83,r/holdmybeer,79,2018-05-16 16:51:49,0,0,1,0
8jtkjd,2018-05-16 09:29:34,83,r/holdmybeer,80,2018-05-16 16:56:02,0,0,1,0
8jtkjd,2018-05-16 09:29:34,83,r/holdmybeer,81,2018-05-16 16:59:22,0,0,1,0
8jtkjd,2018-05-16 09:29:34,83,r/holdmybeer,82,2018-05-16 16:59:58,0,0,1,0
8jtkjd,2018-05-16 09:29:34,83,r/holdmybeer,83,2018-05-16 17:04:12,0,0,1,0
8jtkjd,2018-05-16 09:29:34,83,r/holdmybeer,84,2018-05-16 17:04:21,0,0,1,0
8jtkjd,2018-05-16 09:29:34,83,r/holdmybeer,85,2018-05-16 17:15:01,0,0,1,0
8jtkjd,2018-05-16 09:29:34,83,r/holdmybeer,86,2018-05-16 17:33:55,0,0,1,0
8jtkjd,2018-05-16 09:29:34,83,r/holdmybeer,87,2018-05-16 17:34:40,0,0,1,0
8jtkjd,2018-05-16 09:29:34,83,r/holdmybeer,88,2018-05-16 17:35:00,0,0,1,0
8jtkjd,2018-05-16 09:29:34,83,r/holdmybeer,89,2018-05-16 17:56:47,0,0,1,0
8jtkjd,2018-05-16 09:29:34,83,r/holdmybeer,90,2018-05-16 18:08:31,0,0,1,0
8jtkjd,2018-05-16 09:29:34,83,r/holdmybeer,91,2018-05-16 18:09:53,0,0,1,0
8jtkjd,2018-05-16 09:29:34,83,r/holdmybeer,92,2018-05-16 18:10:07,0,0,1,0
8jtkjd,2018-05-16 09:29:34,83,r/holdmybeer,93,2018-05-16 18:10:59,0,0,1,0
8jtkjd,2018-05-16 09:29:34,83,r/holdmybeer,94,2018-05-16 18:12:36,0,0,1,0
8jtkjd,2018-05-16 09:29:34,83,r/holdmybeer,95,2018-05-16 18:13:11,0,0,1,0
8jtkjd,2018-05-16 09:29:34,83,r/holdmybeer,96,2018-05-16 18:25:14,0,0,1,0
8jtkjd,2018-05-16 09:29:34,83,r/holdmybeer,97,2018-05-16 12:24:56,0,1,1,0
8jtkjd,2018-05-16 09:29:34,83,r/holdmybeer,97,2018-05-16 12:53:30,1,0,1,0
8jtkjd,2018-05-16 09:29:34,83,r/holdmybeer,98,2018-05-16 11:34:11,0,0,1,0
8jtkjd,2018-05-16 09:29:34,83,r/holdmybeer,99,2018-05-16 11:56:07,0,0,1,0
8jtkjd,2018-05-16 09:29:34,83,r/holdmybeer,100,2018-05-16 11:58:51,0,0,1,0
8jtkjd,2018-05-16 09:29:34,83,r/holdmybeer,101,2018-05-16 13:17:04,0,0,1,0
8jtkjd,2018-05-16 09:29:34,83,r/holdmybeer,102,2018-05-16 10:29:38,0,0,0,0
8jtkjd,2018-05-16 09:29:34,83,r/holdmybeer,103,2018-05-16 12:23:02,0,0,-1,0
8jtkjd,2018-05-16 09:29:34,83,r/holdmybeer,104,2018-05-16 11:46:42,0,1,0,0
8jtkjd,2018-05-16 09:29:34,83,r/holdmybeer,104,2018-05-16 12:07:57,1,1,0,0
8jtkjd,2018-05-16 09:29:34,83,r/holdmybeer,104,2018-05-16 13:50:08,2,0,1,0
8jtkjd,2018-05-16 09:29:34,83,r/holdmybeer,105,2018-05-16 11:59:31,0,0,0,0
8jtkjd,2018-05-16 09:29:34,83,r/holdmybeer,106,2018-05-16 13:07:20,0,0,0,0
8jtkjd,2018-05-16 09:29:34,83,r/holdmybeer,107,2018-05-16 13:18:43,0,1,0,0
8jtkjd,2018-05-16 09:29:34,83,r/holdmybeer,107,2018-05-16 13:18:50,1,0,1,0
8jvk0l,2018-05-16 14:56:36,84,r/TheLastAirbender,0,2018-05-16 15:13:12,0,2,151,0
8jvk0l,2018-05-16 14:56:36,84,r/TheLastAirbender,0,2018-05-16 15:40:05,1,1,60,0
8jvk0l,2018-05-16 14:56:36,84,r/TheLastAirbender,0,2018-05-16 16:32:29,2,0,34,0
8jvk0l,2018-05-16 14:56:36,84,r/TheLastAirbender,0,2018-05-16 18:07:14,1,1,1,0
8jvk0l,2018-05-16 14:56:36,84,r/TheLastAirbender,0,2018-05-16 18:20:11,2,1,3,0
8jvk0l,2018-05-16 14:56:36,84,r/TheLastAirbender,0,2018-05-16 18:31:10,3,0,1,0
8jvk0l,2018-05-16 14:56:36,84,r/TheLastAirbender,1,2018-05-16 16:32:25,0,2,84,0
8jvk0l,2018-05-16 14:56:36,84,r/TheLastAirbender,1,2018-05-16 16:38:30,1,0,35,0
8jvk0l,2018-05-16 14:56:36,84,r/TheLastAirbender,1,2018-05-16 18:07:33,1,0,2,0
8jvk0l,2018-05-16 14:56:36,84,r/TheLastAirbender,2,2018-05-16 16:49:52,0,2,26,0
8jvk0l,2018-05-16 14:56:36,84,r/TheLastAirbender,2,2018-05-16 17:24:40,1,0,11,0
8jvk0l,2018-05-16 14:56:36,84,r/TheLastAirbender,2,2018-05-16 18:00:55,1,0,3,0
8jvk0l,2018-05-16 14:56:36,84,r/TheLastAirbender,3,2018-05-16 16:51:27,0,2,12,0
8jvk0l,2018-05-16 14:56:36,84,r/TheLastAirbender,3,2018-05-16 16:53:46,1,1,-1,0
8jvk0l,2018-05-16 14:56:36,84,r/TheLastAirbender,3,2018-05-16 17:21:53,2,0,9,0
8jvk0l,2018-05-16 14:56:36,84,r/TheLastAirbender,3,2018-05-16 18:14:18,1,0,0,0
8jvk0l,2018-05-16 14:56:36,84,r/TheLastAirbender,4,2018-05-16 17:03:03,0,0,8,0
8jvk0l,2018-05-16 14:56:36,84,r/TheLastAirbender,5,2018-05-16 17:03:50,0,0,5,0
8jvk0l,2018-05-16 14:56:36,84,r/TheLastAirbender,6,2018-05-16 18:02:35,0,0,3,0
8jvk0l,2018-05-16 14:56:36,84,r/TheLastAirbender,7,2018-05-16 18:24:17,0,0,1,0
8jvk0l,2018-05-16 14:56:36,84,r/TheLastAirbender,8,2018-05-16 16:56:05,0,0,0,0
8jtqaq,2018-05-16 10:03:45,85,r/tattoos,0,2018-05-16 10:03:45,0,0,1,0
8jtqaq,2018-05-16 10:03:45,85,r/tattoos,1,2018-05-16 12:03:33,0,2,230,0
8jtqaq,2018-05-16 10:03:45,85,r/tattoos,1,2018-05-16 12:46:42,1,1,202,0
8jtqaq,2018-05-16 10:03:45,85,r/tattoos,1,2018-05-16 13:48:02,2,0,37,0
8jtqaq,2018-05-16 10:03:45,85,r/tattoos,1,2018-05-16 13:25:59,1,0,4,0
8jtqaq,2018-05-16 10:03:45,85,r/tattoos,2,2018-05-16 13:03:24,0,1,36,0
8jtqaq,2018-05-16 10:03:45,85,r/tattoos,2,2018-05-16 14:58:20,1,1,10,0
8jtqaq,2018-05-16 10:03:45,85,r/tattoos,2,2018-05-16 16:16:13,2,0,4,0
8jtqaq,2018-05-16 10:03:45,85,r/tattoos,3,2018-05-16 13:47:23,0,1,34,0
8jtqaq,2018-05-16 10:03:45,85,r/tattoos,3,2018-05-16 16:30:36,1,0,1,0
8jtqaq,2018-05-16 10:03:45,85,r/tattoos,4,2018-05-16 10:20:12,0,1,24,0
8jtqaq,2018-05-16 10:03:45,85,r/tattoos,4,2018-05-16 10:59:39,1,0,6,0
8jtqaq,2018-05-16 10:03:45,85,r/tattoos,5,2018-05-16 13:39:51,0,2,22,0
8jtqaq,2018-05-16 10:03:45,85,r/tattoos,5,2018-05-16 14:30:39,1,0,21,0
8jtqaq,2018-05-16 10:03:45,85,r/tattoos,5,2018-05-16 13:46:19,1,0,21,0
8jtqaq,2018-05-16 10:03:45,85,r/tattoos,6,2018-05-16 15:43:26,0,1,6,0
8jtqaq,2018-05-16 10:03:45,85,r/tattoos,6,2018-05-16 15:44:43,1,1,4,0
8jtqaq,2018-05-16 10:03:45,85,r/tattoos,6,2018-05-16 17:46:30,2,1,-3,0
8jtqaq,2018-05-16 10:03:45,85,r/tattoos,6,2018-05-16 17:59:59,3,0,1,0
8jtqaq,2018-05-16 10:03:45,85,r/tattoos,7,2018-05-16 13:54:57,0,1,11,0
8jtqaq,2018-05-16 10:03:45,85,r/tattoos,7,2018-05-16 15:17:49,1,1,-5,0
8jtqaq,2018-05-16 10:03:45,85,r/tattoos,7,2018-05-16 16:28:56,2,0,1,0
8jtqaq,2018-05-16 10:03:45,85,r/tattoos,8,2018-05-16 13:18:54,0,0,4,0
8jtqaq,2018-05-16 10:03:45,85,r/tattoos,9,2018-05-16 15:23:48,0,1,3,0
8jtqaq,2018-05-16 10:03:45,85,r/tattoos,9,2018-05-16 15:50:05,1,0,1,0
8jtqaq,2018-05-16 10:03:45,85,r/tattoos,10,2018-05-16 13:44:07,0,0,2,0
8jtqaq,2018-05-16 10:03:45,85,r/tattoos,11,2018-05-16 13:44:22,0,0,2,0
8jtqaq,2018-05-16 10:03:45,85,r/tattoos,12,2018-05-16 14:50:08,0,0,2,0
8jtqaq,2018-05-16 10:03:45,85,r/tattoos,13,2018-05-16 15:57:31,0,0,2,0
8jtqaq,2018-05-16 10:03:45,85,r/tattoos,14,2018-05-16 18:05:35,0,0,2,0
8jtqaq,2018-05-16 10:03:45,85,r/tattoos,15,2018-05-16 14:15:52,0,0,1,0
8jtqaq,2018-05-16 10:03:45,85,r/tattoos,16,2018-05-16 14:21:44,0,0,1,0
8jtqaq,2018-05-16 10:03:45,85,r/tattoos,17,2018-05-16 14:23:15,0,0,1,0
8jtqaq,2018-05-16 10:03:45,85,r/tattoos,18,2018-05-16 14:42:33,0,0,1,0
8jtqaq,2018-05-16 10:03:45,85,r/tattoos,19,2018-05-16 15:39:28,0,0,1,0
8jtqaq,2018-05-16 10:03:45,85,r/tattoos,20,2018-05-16 15:57:13,0,0,1,0
8jtqaq,2018-05-16 10:03:45,85,r/tattoos,21,2018-05-16 16:04:49,0,0,1,0
8jtqaq,2018-05-16 10:03:45,85,r/tattoos,22,2018-05-16 16:06:40,0,0,1,0
8jtqaq,2018-05-16 10:03:45,85,r/tattoos,23,2018-05-16 16:16:05,0,0,1,0
8jtqaq,2018-05-16 10:03:45,85,r/tattoos,24,2018-05-16 16:19:30,0,0,1,0
8jtqaq,2018-05-16 10:03:45,85,r/tattoos,25,2018-05-16 16:19:54,0,0,1,0
8jtqaq,2018-05-16 10:03:45,85,r/tattoos,26,2018-05-16 16:21:24,0,0,1,0
8jtqaq,2018-05-16 10:03:45,85,r/tattoos,27,2018-05-16 16:22:49,0,0,1,0
8jtqaq,2018-05-16 10:03:45,85,r/tattoos,28,2018-05-16 16:27:26,0,0,1,0
8jtqaq,2018-05-16 10:03:45,85,r/tattoos,29,2018-05-16 16:28:09,0,0,1,0
8jtqaq,2018-05-16 10:03:45,85,r/tattoos,30,2018-05-16 16:31:11,0,1,1,0
8jtqaq,2018-05-16 10:03:45,85,r/tattoos,30,2018-05-16 16:39:55,1,0,2,0
8jtqaq,2018-05-16 10:03:45,85,r/tattoos,31,2018-05-16 16:38:08,0,0,1,0
8jtqaq,2018-05-16 10:03:45,85,r/tattoos,32,2018-05-16 16:45:20,0,0,1,0
8jtqaq,2018-05-16 10:03:45,85,r/tattoos,33,2018-05-16 16:52:25,0,0,1,0
8jtqaq,2018-05-16 10:03:45,85,r/tattoos,34,2018-05-16 16:56:58,0,0,1,0
8jtqaq,2018-05-16 10:03:45,85,r/tattoos,35,2018-05-16 17:06:51,0,0,1,0
8jtqaq,2018-05-16 10:03:45,85,r/tattoos,36,2018-05-16 17:18:38,0,0,1,0
8jtqaq,2018-05-16 10:03:45,85,r/tattoos,37,2018-05-16 17:38:25,0,0,0,0
8jtqaq,2018-05-16 10:03:45,85,r/tattoos,38,2018-05-16 17:39:36,0,0,1,0
8jtqaq,2018-05-16 10:03:45,85,r/tattoos,39,2018-05-16 17:41:07,0,0,1,0
8jtqaq,2018-05-16 10:03:45,85,r/tattoos,40,2018-05-16 17:42:04,0,0,1,0
8jtqaq,2018-05-16 10:03:45,85,r/tattoos,41,2018-05-16 17:48:17,0,0,1,0
8jtqaq,2018-05-16 10:03:45,85,r/tattoos,42,2018-05-16 18:13:18,0,0,1,0
8jtqaq,2018-05-16 10:03:45,85,r/tattoos,43,2018-05-16 15:41:17,0,1,1,0
8jtqaq,2018-05-16 10:03:45,85,r/tattoos,43,2018-05-16 18:00:47,1,0,2,0
8jtqaq,2018-05-16 10:03:45,85,r/tattoos,44,2018-05-16 15:34:37,0,1,-14,0
8jtqaq,2018-05-16 10:03:45,85,r/tattoos,44,2018-05-16 15:40:52,1,0,9,0
8ju336,2018-05-16 11:16:31,86,r/absolutelynotme_irl,0,2018-05-16 12:51:20,0,4,589,0
8ju336,2018-05-16 11:16:31,86,r/absolutelynotme_irl,0,2018-05-16 16:01:34,1,2,31,0
8ju336,2018-05-16 11:16:31,86,r/absolutelynotme_irl,0,2018-05-16 16:09:20,2,0,12,0
8ju336,2018-05-16 11:16:31,86,r/absolutelynotme_irl,0,2018-05-16 16:12:40,2,0,6,0
8ju336,2018-05-16 11:16:31,86,r/absolutelynotme_irl,0,2018-05-16 16:16:01,1,0,8,0
8ju336,2018-05-16 11:16:31,86,r/absolutelynotme_irl,0,2018-05-16 18:29:57,1,0,1,0
8ju336,2018-05-16 11:16:31,86,r/absolutelynotme_irl,0,2018-05-16 15:38:11,1,6,-84,0
8ju336,2018-05-16 11:16:31,86,r/absolutelynotme_irl,0,2018-05-16 15:59:42,2,1,17,0
8ju336,2018-05-16 11:16:31,86,r/absolutelynotme_irl,0,2018-05-16 17:11:44,3,0,7,0
8ju336,2018-05-16 11:16:31,86,r/absolutelynotme_irl,0,2018-05-16 16:31:39,2,0,12,0
8ju336,2018-05-16 11:16:31,86,r/absolutelynotme_irl,0,2018-05-16 15:59:42,2,0,11,0
8ju336,2018-05-16 11:16:31,86,r/absolutelynotme_irl,0,2018-05-16 16:14:56,2,0,7,0
8ju336,2018-05-16 11:16:31,86,r/absolutelynotme_irl,0,2018-05-16 16:57:08,2,0,4,0
8ju336,2018-05-16 11:16:31,86,r/absolutelynotme_irl,0,2018-05-16 18:08:37,2,1,2,0
8ju336,2018-05-16 11:16:31,86,r/absolutelynotme_irl,0,2018-05-16 18:31:37,3,0,1,0
8ju336,2018-05-16 11:16:31,86,r/absolutelynotme_irl,1,2018-05-16 12:57:59,0,8,221,0
8ju336,2018-05-16 11:16:31,86,r/absolutelynotme_irl,1,2018-05-16 13:31:08,1,3,75,0
8ju336,2018-05-16 11:16:31,86,r/absolutelynotme_irl,1,2018-05-16 13:56:34,2,5,47,0
8ju336,2018-05-16 11:16:31,86,r/absolutelynotme_irl,1,2018-05-16 14:04:48,3,2,26,0
8ju336,2018-05-16 11:16:31,86,r/absolutelynotme_irl,1,2018-05-16 14:15:47,4,2,13,0
8ju336,2018-05-16 11:16:31,86,r/absolutelynotme_irl,1,2018-05-16 14:29:04,5,2,22,0
8ju336,2018-05-16 11:16:31,86,r/absolutelynotme_irl,1,2018-05-16 14:40:03,6,1,11,0
8ju336,2018-05-16 11:16:31,86,r/absolutelynotme_irl,1,2018-05-16 14:54:40,7,1,55,0
8ju336,2018-05-16 11:16:31,86,r/absolutelynotme_irl,1,2018-05-16 14:56:52,8,0,34,0
8ju336,2018-05-16 11:16:31,86,r/absolutelynotme_irl,1,2018-05-16 18:05:30,6,0,1,0
8ju336,2018-05-16 11:16:31,86,r/absolutelynotme_irl,1,2018-05-16 17:50:06,5,0,1,0
8ju336,2018-05-16 11:16:31,86,r/absolutelynotme_irl,1,2018-05-16 16:36:46,4,1,2,0
8ju336,2018-05-16 11:16:31,86,r/absolutelynotme_irl,1,2018-05-16 16:37:45,5,0,3,0
8ju336,2018-05-16 11:16:31,86,r/absolutelynotme_irl,1,2018-05-16 13:57:23,3,0,18,0
8ju336,2018-05-16 11:16:31,86,r/absolutelynotme_irl,1,2018-05-16 17:12:51,3,1,5,0
8ju336,2018-05-16 11:16:31,86,r/absolutelynotme_irl,1,2018-05-16 17:57:14,4,0,1,0
8ju336,2018-05-16 11:16:31,86,r/absolutelynotme_irl,1,2018-05-16 15:08:44,3,0,5,0
8ju336,2018-05-16 11:16:31,86,r/absolutelynotme_irl,1,2018-05-16 16:18:17,3,0,1,0
8ju336,2018-05-16 11:16:31,86,r/absolutelynotme_irl,1,2018-05-16 16:08:06,2,0,1,0
8ju336,2018-05-16 11:16:31,86,r/absolutelynotme_irl,1,2018-05-16 16:37:33,2,0,1,0
8ju336,2018-05-16 11:16:31,86,r/absolutelynotme_irl,1,2018-05-16 15:00:50,1,0,8,0
8ju336,2018-05-16 11:16:31,86,r/absolutelynotme_irl,1,2018-05-16 15:09:37,1,0,6,0
8ju336,2018-05-16 11:16:31,86,r/absolutelynotme_irl,1,2018-05-16 16:53:14,1,0,2,0
8ju336,2018-05-16 11:16:31,86,r/absolutelynotme_irl,1,2018-05-16 16:54:03,1,0,1,0
8ju336,2018-05-16 11:16:31,86,r/absolutelynotme_irl,1,2018-05-16 17:08:48,1,2,1,0
8ju336,2018-05-16 11:16:31,86,r/absolutelynotme_irl,1,2018-05-16 17:21:58,2,0,1,0
8ju336,2018-05-16 11:16:31,86,r/absolutelynotme_irl,1,2018-05-16 17:53:08,2,0,1,0
8ju336,2018-05-16 11:16:31,86,r/absolutelynotme_irl,1,2018-05-16 18:12:15,1,0,1,0
8ju336,2018-05-16 11:16:31,86,r/absolutelynotme_irl,1,2018-05-16 18:25:57,1,0,1,0
8ju336,2018-05-16 11:16:31,86,r/absolutelynotme_irl,2,2018-05-16 12:05:28,0,8,617,0
8ju336,2018-05-16 11:16:31,86,r/absolutelynotme_irl,2,2018-05-16 13:13:22,1,1,173,0
8ju336,2018-05-16 11:16:31,86,r/absolutelynotme_irl,2,2018-05-16 15:36:40,2,0,61,0
8ju336,2018-05-16 11:16:31,86,r/absolutelynotme_irl,2,2018-05-16 12:07:35,1,0,320,0
8ju336,2018-05-16 11:16:31,86,r/absolutelynotme_irl,2,2018-05-16 13:06:30,1,2,111,0
8ju336,2018-05-16 11:16:31,86,r/absolutelynotme_irl,2,2018-05-16 14:04:47,2,2,109,0
8ju336,2018-05-16 11:16:31,86,r/absolutelynotme_irl,2,2018-05-16 15:52:02,3,3,15,0
8ju336,2018-05-16 11:16:31,86,r/absolutelynotme_irl,2,2018-05-16 15:53:33,4,0,14,0
8ju336,2018-05-16 11:16:31,86,r/absolutelynotme_irl,2,2018-05-16 16:06:11,4,0,15,0
8ju336,2018-05-16 11:16:31,86,r/absolutelynotme_irl,2,2018-05-16 16:10:47,4,0,9,0
8ju336,2018-05-16 11:16:31,86,r/absolutelynotme_irl,2,2018-05-16 16:57:16,3,0,1,0
8ju336,2018-05-16 11:16:31,86,r/absolutelynotme_irl,2,2018-05-16 13:50:27,2,2,21,0
8ju336,2018-05-16 11:16:31,86,r/absolutelynotme_irl,2,2018-05-16 15:26:36,3,1,9,0
8ju336,2018-05-16 11:16:31,86,r/absolutelynotme_irl,2,2018-05-16 16:05:51,4,0,8,0
8ju336,2018-05-16 11:16:31,86,r/absolutelynotme_irl,2,2018-05-16 18:25:17,3,0,1,0
8ju336,2018-05-16 11:16:31,86,r/absolutelynotme_irl,2,2018-05-16 16:24:27,1,0,5,0
8ju336,2018-05-16 11:16:31,86,r/absolutelynotme_irl,2,2018-05-16 16:36:25,1,0,3,0
8ju336,2018-05-16 11:16:31,86,r/absolutelynotme_irl,2,2018-05-16 15:46:58,1,0,5,0
8ju336,2018-05-16 11:16:31,86,r/absolutelynotme_irl,2,2018-05-16 18:31:02,1,0,1,0
8ju336,2018-05-16 11:16:31,86,r/absolutelynotme_irl,2,2018-05-16 16:43:49,1,0,0,0
8ju336,2018-05-16 11:16:31,86,r/absolutelynotme_irl,3,2018-05-16 12:23:18,0,3,119,0
8ju336,2018-05-16 11:16:31,86,r/absolutelynotme_irl,3,2018-05-16 12:54:48,1,1,80,0
8ju336,2018-05-16 11:16:31,86,r/absolutelynotme_irl,3,2018-05-16 14:23:50,2,1,18,0
8ju336,2018-05-16 11:16:31,86,r/absolutelynotme_irl,3,2018-05-16 14:23:54,3,2,13,0
8ju336,2018-05-16 11:16:31,86,r/absolutelynotme_irl,3,2018-05-16 15:03:21,4,0,6,0
8ju336,2018-05-16 11:16:31,86,r/absolutelynotme_irl,3,2018-05-16 15:04:30,4,0,1,0
8ju336,2018-05-16 11:16:31,86,r/absolutelynotme_irl,3,2018-05-16 17:54:41,1,0,1,0
8ju336,2018-05-16 11:16:31,86,r/absolutelynotme_irl,3,2018-05-16 16:57:43,1,0,1,0
8ju336,2018-05-16 11:16:31,86,r/absolutelynotme_irl,4,2018-05-16 12:26:03,0,1,62,0
8ju336,2018-05-16 11:16:31,86,r/absolutelynotme_irl,4,2018-05-16 12:39:55,1,1,-103,0
8ju336,2018-05-16 11:16:31,86,r/absolutelynotme_irl,4,2018-05-16 13:57:29,2,0,47,0
8ju336,2018-05-16 11:16:31,86,r/absolutelynotme_irl,5,2018-05-16 15:46:09,0,0,11,0
8ju336,2018-05-16 11:16:31,86,r/absolutelynotme_irl,6,2018-05-16 13:32:10,0,0,42,0
8ju336,2018-05-16 11:16:31,86,r/absolutelynotme_irl,7,2018-05-16 14:32:31,0,1,4,0
8ju336,2018-05-16 11:16:31,86,r/absolutelynotme_irl,7,2018-05-16 15:30:45,1,2,13,0
8ju336,2018-05-16 11:16:31,86,r/absolutelynotme_irl,7,2018-05-16 15:32:37,2,0,5,0
8ju336,2018-05-16 11:16:31,86,r/absolutelynotme_irl,7,2018-05-16 17:01:20,2,0,2,0
8ju336,2018-05-16 11:16:31,86,r/absolutelynotme_irl,8,2018-05-16 15:44:11,0,0,6,0
8ju336,2018-05-16 11:16:31,86,r/absolutelynotme_irl,9,2018-05-16 13:47:18,0,1,6,0
8ju336,2018-05-16 11:16:31,86,r/absolutelynotme_irl,9,2018-05-16 15:36:57,1,0,-3,0
8ju336,2018-05-16 11:16:31,86,r/absolutelynotme_irl,10,2018-05-16 11:54:50,0,1,17,0
8ju336,2018-05-16 11:16:31,86,r/absolutelynotme_irl,10,2018-05-16 15:18:22,1,1,-7,0
8ju336,2018-05-16 11:16:31,86,r/absolutelynotme_irl,10,2018-05-16 15:37:03,2,0,-1,0
8ju336,2018-05-16 11:16:31,86,r/absolutelynotme_irl,11,2018-05-16 13:55:27,0,1,10,0
8ju336,2018-05-16 11:16:31,86,r/absolutelynotme_irl,11,2018-05-16 16:14:06,1,0,-4,0
8ju336,2018-05-16 11:16:31,86,r/absolutelynotme_irl,12,2018-05-16 14:59:00,0,0,3,0
8ju336,2018-05-16 11:16:31,86,r/absolutelynotme_irl,13,2018-05-16 16:57:20,0,0,3,0
8ju336,2018-05-16 11:16:31,86,r/absolutelynotme_irl,14,2018-05-16 17:02:27,0,0,3,0
8ju336,2018-05-16 11:16:31,86,r/absolutelynotme_irl,15,2018-05-16 14:45:36,0,1,4,0
8ju336,2018-05-16 11:16:31,86,r/absolutelynotme_irl,15,2018-05-16 16:26:17,1,0,1,0
8ju336,2018-05-16 11:16:31,86,r/absolutelynotme_irl,16,2018-05-16 14:31:38,0,0,5,0
8ju336,2018-05-16 11:16:31,86,r/absolutelynotme_irl,17,2018-05-16 14:47:38,0,0,5,0
8ju336,2018-05-16 11:16:31,86,r/absolutelynotme_irl,18,2018-05-16 15:13:26,0,0,2,0
8ju336,2018-05-16 11:16:31,86,r/absolutelynotme_irl,19,2018-05-16 16:09:45,0,0,2,0
8ju336,2018-05-16 11:16:31,86,r/absolutelynotme_irl,20,2018-05-16 16:10:13,0,0,2,0
8ju336,2018-05-16 11:16:31,86,r/absolutelynotme_irl,21,2018-05-16 16:27:17,0,0,2,0
8ju336,2018-05-16 11:16:31,86,r/absolutelynotme_irl,22,2018-05-16 16:27:50,0,0,2,0
8ju336,2018-05-16 11:16:31,86,r/absolutelynotme_irl,23,2018-05-16 16:29:33,0,0,2,0
8ju336,2018-05-16 11:16:31,86,r/absolutelynotme_irl,24,2018-05-16 17:07:02,0,0,2,0
8ju336,2018-05-16 11:16:31,86,r/absolutelynotme_irl,25,2018-05-16 14:54:27,0,1,3,0
8ju336,2018-05-16 11:16:31,86,r/absolutelynotme_irl,25,2018-05-16 15:03:24,1,0,0,0
8ju336,2018-05-16 11:16:31,86,r/absolutelynotme_irl,26,2018-05-16 15:24:21,0,0,2,0
8ju336,2018-05-16 11:16:31,86,r/absolutelynotme_irl,27,2018-05-16 15:46:11,0,1,3,0
8ju336,2018-05-16 11:16:31,86,r/absolutelynotme_irl,27,2018-05-16 15:49:15,1,0,1,0
8ju336,2018-05-16 11:16:31,86,r/absolutelynotme_irl,28,2018-05-16 14:48:40,0,0,1,0
8ju336,2018-05-16 11:16:31,86,r/absolutelynotme_irl,29,2018-05-16 14:57:06,0,0,1,0
8ju336,2018-05-16 11:16:31,86,r/absolutelynotme_irl,30,2018-05-16 15:59:34,0,0,1,0
8ju336,2018-05-16 11:16:31,86,r/absolutelynotme_irl,31,2018-05-16 16:02:52,0,1,1,0
8ju336,2018-05-16 11:16:31,86,r/absolutelynotme_irl,31,2018-05-16 16:09:58,1,0,2,0
8ju336,2018-05-16 11:16:31,86,r/absolutelynotme_irl,32,2018-05-16 16:18:51,0,0,1,0
8ju336,2018-05-16 11:16:31,86,r/absolutelynotme_irl,33,2018-05-16 16:20:33,0,0,1,0
8ju336,2018-05-16 11:16:31,86,r/absolutelynotme_irl,34,2018-05-16 16:28:46,0,0,1,0
8ju336,2018-05-16 11:16:31,86,r/absolutelynotme_irl,35,2018-05-16 16:30:11,0,0,1,0
8ju336,2018-05-16 11:16:31,86,r/absolutelynotme_irl,36,2018-05-16 16:32:02,0,0,1,0
8ju336,2018-05-16 11:16:31,86,r/absolutelynotme_irl,37,2018-05-16 16:37:18,0,0,1,0
8ju336,2018-05-16 11:16:31,86,r/absolutelynotme_irl,38,2018-05-16 16:39:02,0,0,1,0
8ju336,2018-05-16 11:16:31,86,r/absolutelynotme_irl,39,2018-05-16 16:42:11,0,1,1,0
8ju336,2018-05-16 11:16:31,86,r/absolutelynotme_irl,39,2018-05-16 16:51:55,1,0,1,0
8ju336,2018-05-16 11:16:31,86,r/absolutelynotme_irl,40,2018-05-16 16:53:37,0,0,1,0
8ju336,2018-05-16 11:16:31,86,r/absolutelynotme_irl,41,2018-05-16 16:56:15,0,0,1,0
8ju336,2018-05-16 11:16:31,86,r/absolutelynotme_irl,42,2018-05-16 17:26:47,0,0,1,0
8ju336,2018-05-16 11:16:31,86,r/absolutelynotme_irl,43,2018-05-16 17:32:27,0,0,1,0
8ju336,2018-05-16 11:16:31,86,r/absolutelynotme_irl,44,2018-05-16 17:34:44,0,0,1,0
8ju336,2018-05-16 11:16:31,86,r/absolutelynotme_irl,45,2018-05-16 17:41:01,0,0,1,0
8ju336,2018-05-16 11:16:31,86,r/absolutelynotme_irl,46,2018-05-16 17:51:59,0,0,1,0
8ju336,2018-05-16 11:16:31,86,r/absolutelynotme_irl,47,2018-05-16 17:53:44,0,0,1,0
8ju336,2018-05-16 11:16:31,86,r/absolutelynotme_irl,48,2018-05-16 17:56:55,0,0,1,0
8ju336,2018-05-16 11:16:31,86,r/absolutelynotme_irl,49,2018-05-16 18:05:33,0,0,1,0
8ju336,2018-05-16 11:16:31,86,r/absolutelynotme_irl,50,2018-05-16 18:11:33,0,0,1,0
8ju336,2018-05-16 11:16:31,86,r/absolutelynotme_irl,51,2018-05-16 18:11:45,0,0,1,0
8ju336,2018-05-16 11:16:31,86,r/absolutelynotme_irl,52,2018-05-16 18:17:31,0,0,1,0
8ju336,2018-05-16 11:16:31,86,r/absolutelynotme_irl,53,2018-05-16 18:18:54,0,0,1,0
8ju336,2018-05-16 11:16:31,86,r/absolutelynotme_irl,54,2018-05-16 18:29:08,0,0,1,0
8ju336,2018-05-16 11:16:31,86,r/absolutelynotme_irl,55,2018-05-16 15:54:09,0,0,1,0
8ju336,2018-05-16 11:16:31,86,r/absolutelynotme_irl,56,2018-05-16 14:33:53,0,1,-1,0
8ju336,2018-05-16 11:16:31,86,r/absolutelynotme_irl,56,2018-05-16 14:53:48,1,1,1,0
8ju336,2018-05-16 11:16:31,86,r/absolutelynotme_irl,56,2018-05-16 15:31:35,2,1,2,0
8ju336,2018-05-16 11:16:31,86,r/absolutelynotme_irl,56,2018-05-16 15:37:09,3,1,2,0
8ju336,2018-05-16 11:16:31,86,r/absolutelynotme_irl,56,2018-05-16 15:39:43,4,1,3,0
8ju336,2018-05-16 11:16:31,86,r/absolutelynotme_irl,56,2018-05-16 15:50:14,5,0,1,0
8ju336,2018-05-16 11:16:31,86,r/absolutelynotme_irl,57,2018-05-16 14:13:32,0,0,1,0
8ju336,2018-05-16 11:16:31,86,r/absolutelynotme_irl,58,2018-05-16 15:12:24,0,0,1,0
8ju336,2018-05-16 11:16:31,86,r/absolutelynotme_irl,59,2018-05-16 15:18:04,0,0,1,0
8ju336,2018-05-16 11:16:31,86,r/absolutelynotme_irl,60,2018-05-16 15:33:58,0,1,1,0
8ju336,2018-05-16 11:16:31,86,r/absolutelynotme_irl,60,2018-05-16 15:40:47,1,0,0,0
8ju336,2018-05-16 11:16:31,86,r/absolutelynotme_irl,61,2018-05-16 16:55:10,0,0,1,0
8ju336,2018-05-16 11:16:31,86,r/absolutelynotme_irl,62,2018-05-16 14:08:12,0,0,1,0
8ju336,2018-05-16 11:16:31,86,r/absolutelynotme_irl,63,2018-05-16 15:22:59,0,0,1,0
8ju336,2018-05-16 11:16:31,86,r/absolutelynotme_irl,64,2018-05-16 15:06:05,0,0,0,0
8ju336,2018-05-16 11:16:31,86,r/absolutelynotme_irl,65,2018-05-16 15:52:04,0,0,0,0
8ju336,2018-05-16 11:16:31,86,r/absolutelynotme_irl,66,2018-05-16 15:55:42,0,0,-2,0
8ju336,2018-05-16 11:16:31,86,r/absolutelynotme_irl,67,2018-05-16 16:57:33,0,0,-1,0
8ju336,2018-05-16 11:16:31,86,r/absolutelynotme_irl,68,2018-05-16 15:43:42,0,0,0,0
8ju336,2018-05-16 11:16:31,86,r/absolutelynotme_irl,69,2018-05-16 15:54:34,0,0,0,0
8ju336,2018-05-16 11:16:31,86,r/absolutelynotme_irl,70,2018-05-16 17:04:45,0,1,0,0
8ju336,2018-05-16 11:16:31,86,r/absolutelynotme_irl,70,2018-05-16 17:20:37,1,0,2,0
8ju336,2018-05-16 11:16:31,86,r/absolutelynotme_irl,71,2018-05-16 17:45:42,0,0,0,0
8ju336,2018-05-16 11:16:31,86,r/absolutelynotme_irl,72,2018-05-16 15:50:03,0,0,-1,0
8ju336,2018-05-16 11:16:31,86,r/absolutelynotme_irl,73,2018-05-16 14:07:49,0,0,-16,0
8ju336,2018-05-16 11:16:31,86,r/absolutelynotme_irl,74,2018-05-16 14:23:15,0,0,-1,0
8jtbuk,2018-05-16 08:32:03,87,r/books,0,2018-05-16 12:08:47,0,18,5193,0
8jtbuk,2018-05-16 08:32:03,87,r/books,0,2018-05-16 12:23:29,1,10,3502,0
8jtbuk,2018-05-16 08:32:03,87,r/books,0,2018-05-16 13:22:14,2,6,2528,0
8jtbuk,2018-05-16 08:32:03,87,r/books,0,2018-05-16 13:57:10,3,5,537,0
8jtbuk,2018-05-16 08:32:03,87,r/books,0,2018-05-16 14:28:04,4,6,531,0
8jtbuk,2018-05-16 08:32:03,87,r/books,0,2018-05-16 15:08:01,5,1,21,0
8jtbuk,2018-05-16 08:32:03,87,r/books,0,2018-05-16 15:14:08,6,1,20,0
8jtbuk,2018-05-16 08:32:03,87,r/books,0,2018-05-16 17:14:24,7,0,5,0
8jtbuk,2018-05-16 08:32:03,87,r/books,0,2018-05-16 15:25:32,5,0,5,0
8jtbuk,2018-05-16 08:32:03,87,r/books,0,2018-05-16 16:31:24,5,0,4,0
8jtbuk,2018-05-16 08:32:03,87,r/books,0,2018-05-16 17:03:41,5,0,3,0
8jtbuk,2018-05-16 08:32:03,87,r/books,0,2018-05-16 17:15:06,5,0,2,0
8jtbuk,2018-05-16 08:32:03,87,r/books,0,2018-05-16 14:32:51,4,1,171,0
8jtbuk,2018-05-16 08:32:03,87,r/books,0,2018-05-16 15:21:25,5,1,5,0
8jtbuk,2018-05-16 08:32:03,87,r/books,0,2018-05-16 15:28:45,6,0,4,0
8jtbuk,2018-05-16 08:32:03,87,r/books,0,2018-05-16 14:14:11,4,1,28,0
8jtbuk,2018-05-16 08:32:03,87,r/books,0,2018-05-16 16:44:50,5,1,2,0
8jtbuk,2018-05-16 08:32:03,87,r/books,0,2018-05-16 16:46:21,6,0,3,0
8jtbuk,2018-05-16 08:32:03,87,r/books,0,2018-05-16 14:55:18,4,0,2,0
8jtbuk,2018-05-16 08:32:03,87,r/books,0,2018-05-16 13:33:45,3,2,491,0
8jtbuk,2018-05-16 08:32:03,87,r/books,0,2018-05-16 14:12:40,4,3,281,0
8jtbuk,2018-05-16 08:32:03,87,r/books,0,2018-05-16 14:42:38,5,1,43,0
8jtbuk,2018-05-16 08:32:03,87,r/books,0,2018-05-16 15:05:35,6,3,14,0
8jtbuk,2018-05-16 08:32:03,87,r/books,0,2018-05-16 15:39:29,7,1,11,0
8jtbuk,2018-05-16 08:32:03,87,r/books,0,2018-05-16 18:08:32,7,0,1,0
8jtbuk,2018-05-16 08:32:03,87,r/books,0,2018-05-16 16:08:29,5,0,2,0
8jtbuk,2018-05-16 08:32:03,87,r/books,0,2018-05-16 13:49:17,3,1,131,0
8jtbuk,2018-05-16 08:32:03,87,r/books,0,2018-05-16 13:52:01,4,0,66,0
8jtbuk,2018-05-16 08:32:03,87,r/books,0,2018-05-16 13:54:20,3,0,6,0
8jtbuk,2018-05-16 08:32:03,87,r/books,0,2018-05-16 14:05:40,3,0,2,0
8jtbuk,2018-05-16 08:32:03,87,r/books,0,2018-05-16 13:03:37,2,3,53,0
8jtbuk,2018-05-16 08:32:03,87,r/books,0,2018-05-16 13:05:05,3,2,155,0
8jtbuk,2018-05-16 08:32:03,87,r/books,0,2018-05-16 13:56:27,4,2,81,0
8jtbuk,2018-05-16 08:32:03,87,r/books,0,2018-05-16 14:59:41,5,2,39,0
8jtbuk,2018-05-16 08:32:03,87,r/books,0,2018-05-16 15:23:31,6,2,9,0
8jtbuk,2018-05-16 08:32:03,87,r/books,0,2018-05-16 15:38:42,7,0,3,0
8jtbuk,2018-05-16 08:32:03,87,r/books,0,2018-05-16 15:25:00,5,0,2,0
8jtbuk,2018-05-16 08:32:03,87,r/books,0,2018-05-16 15:32:25,4,0,2,0
8jtbuk,2018-05-16 08:32:03,87,r/books,0,2018-05-16 13:57:17,3,0,2,0
8jtbuk,2018-05-16 08:32:03,87,r/books,0,2018-05-16 13:09:38,2,2,214,0
8jtbuk,2018-05-16 08:32:03,87,r/books,0,2018-05-16 14:03:15,3,4,47,0
8jtbuk,2018-05-16 08:32:03,87,r/books,0,2018-05-16 14:59:23,4,1,39,0
8jtbuk,2018-05-16 08:32:03,87,r/books,0,2018-05-16 15:20:15,4,1,9,0
8jtbuk,2018-05-16 08:32:03,87,r/books,0,2018-05-16 17:53:25,4,1,2,0
8jtbuk,2018-05-16 08:32:03,87,r/books,0,2018-05-16 17:58:10,5,1,2,0
8jtbuk,2018-05-16 08:32:03,87,r/books,0,2018-05-16 18:04:58,6,1,1,0
8jtbuk,2018-05-16 08:32:03,87,r/books,0,2018-05-16 13:04:10,2,5,580,0
8jtbuk,2018-05-16 08:32:03,87,r/books,0,2018-05-16 13:13:17,3,9,597,0
8jtbuk,2018-05-16 08:32:03,87,r/books,0,2018-05-16 13:25:46,4,5,371,0
8jtbuk,2018-05-16 08:32:03,87,r/books,0,2018-05-16 13:51:35,5,3,189,0
8jtbuk,2018-05-16 08:32:03,87,r/books,0,2018-05-16 14:04:39,6,3,111,0
8jtbuk,2018-05-16 08:32:03,87,r/books,0,2018-05-16 14:51:49,7,0,8,0
8jtbuk,2018-05-16 08:32:03,87,r/books,0,2018-05-16 15:31:09,7,0,2,0
8jtbuk,2018-05-16 08:32:03,87,r/books,0,2018-05-16 14:41:54,6,0,29,0
8jtbuk,2018-05-16 08:32:03,87,r/books,0,2018-05-16 14:17:12,6,0,5,0
8jtbuk,2018-05-16 08:32:03,87,r/books,0,2018-05-16 16:03:08,5,2,5,0
8jtbuk,2018-05-16 08:32:03,87,r/books,0,2018-05-16 17:45:34,6,0,3,0
8jtbuk,2018-05-16 08:32:03,87,r/books,0,2018-05-16 17:49:29,6,0,2,0
8jtbuk,2018-05-16 08:32:03,87,r/books,0,2018-05-16 14:22:25,5,0,3,0
8jtbuk,2018-05-16 08:32:03,87,r/books,0,2018-05-16 13:54:01,5,0,3,0
8jtbuk,2018-05-16 08:32:03,87,r/books,0,2018-05-16 13:24:54,4,6,118,0
8jtbuk,2018-05-16 08:32:03,87,r/books,0,2018-05-16 13:51:02,5,3,104,0
8jtbuk,2018-05-16 08:32:03,87,r/books,0,2018-05-16 15:15:47,6,0,15,0
8jtbuk,2018-05-16 08:32:03,87,r/books,0,2018-05-16 15:52:45,6,1,5,0
8jtbuk,2018-05-16 08:32:03,87,r/books,0,2018-05-16 16:32:44,7,0,2,0
8jtbuk,2018-05-16 08:32:03,87,r/books,0,2018-05-16 13:27:14,5,2,40,0
8jtbuk,2018-05-16 08:32:03,87,r/books,0,2018-05-16 13:51:12,6,0,35,0
8jtbuk,2018-05-16 08:32:03,87,r/books,0,2018-05-16 14:01:09,6,0,3,0
8jtbuk,2018-05-16 08:32:03,87,r/books,0,2018-05-16 14:01:12,5,1,4,0
8jtbuk,2018-05-16 08:32:03,87,r/books,0,2018-05-16 14:50:04,5,0,2,0
8jtbuk,2018-05-16 08:32:03,87,r/books,0,2018-05-16 14:53:44,5,0,2,0
8jtbuk,2018-05-16 08:32:03,87,r/books,0,2018-05-16 13:27:39,4,0,11,0
8jtbuk,2018-05-16 08:32:03,87,r/books,0,2018-05-16 13:47:58,4,0,5,0
8jtbuk,2018-05-16 08:32:03,87,r/books,0,2018-05-16 14:16:19,4,0,3,0
8jtbuk,2018-05-16 08:32:03,87,r/books,0,2018-05-16 14:27:32,4,0,3,0
8jtbuk,2018-05-16 08:32:03,87,r/books,0,2018-05-16 14:48:50,4,0,3,0
8jtbuk,2018-05-16 08:32:03,87,r/books,0,2018-05-16 13:47:11,4,0,2,0
8jtbuk,2018-05-16 08:32:03,87,r/books,0,2018-05-16 13:09:05,3,2,84,0
8jtbuk,2018-05-16 08:32:03,87,r/books,0,2018-05-16 14:54:48,4,0,5,0
8jtbuk,2018-05-16 08:32:03,87,r/books,0,2018-05-16 14:37:35,3,0,3,0
8jtbuk,2018-05-16 08:32:03,87,r/books,0,2018-05-16 14:56:19,3,0,2,0
8jtbuk,2018-05-16 08:32:03,87,r/books,0,2018-05-16 13:25:13,2,1,22,0
8jtbuk,2018-05-16 08:32:03,87,r/books,0,2018-05-16 15:02:26,3,0,19,0
8jtbuk,2018-05-16 08:32:03,87,r/books,0,2018-05-16 13:05:27,2,3,87,0
8jtbuk,2018-05-16 08:32:03,87,r/books,0,2018-05-16 13:45:35,3,2,80,0
8jtbuk,2018-05-16 08:32:03,87,r/books,0,2018-05-16 14:01:27,4,1,10,0
8jtbuk,2018-05-16 08:32:03,87,r/books,0,2018-05-16 14:46:39,4,0,2,0
8jtbuk,2018-05-16 08:32:03,87,r/books,0,2018-05-16 13:52:50,3,1,3,0
8jtbuk,2018-05-16 08:32:03,87,r/books,0,2018-05-16 13:30:37,3,0,8,0
8jtbuk,2018-05-16 08:32:03,87,r/books,0,2018-05-16 14:55:55,2,0,3,0
8jtbuk,2018-05-16 08:32:03,87,r/books,0,2018-05-16 15:06:54,2,0,2,0
8jtbuk,2018-05-16 08:32:03,87,r/books,0,2018-05-16 14:00:20,2,0,4,0
8jtbuk,2018-05-16 08:32:03,87,r/books,0,2018-05-16 13:30:52,1,1,203,0
8jtbuk,2018-05-16 08:32:03,87,r/books,0,2018-05-16 14:25:58,2,0,67,0
8jtbuk,2018-05-16 08:32:03,87,r/books,0,2018-05-16 13:02:52,1,5,491,0
8jtbuk,2018-05-16 08:32:03,87,r/books,0,2018-05-16 13:27:42,2,4,422,0
8jtbuk,2018-05-16 08:32:03,87,r/books,0,2018-05-16 14:22:14,3,1,197,0
8jtbuk,2018-05-16 08:32:03,87,r/books,0,2018-05-16 17:17:46,4,0,17,0
8jtbuk,2018-05-16 08:32:03,87,r/books,0,2018-05-16 14:05:54,3,4,146,0
8jtbuk,2018-05-16 08:32:03,87,r/books,0,2018-05-16 14:21:16,4,2,36,0
8jtbuk,2018-05-16 08:32:03,87,r/books,0,2018-05-16 14:34:59,5,1,8,0
8jtbuk,2018-05-16 08:32:03,87,r/books,0,2018-05-16 15:55:53,6,1,8,0
8jtbuk,2018-05-16 08:32:03,87,r/books,0,2018-05-16 15:10:52,5,0,2,0
8jtbuk,2018-05-16 08:32:03,87,r/books,0,2018-05-16 14:39:08,4,1,16,0
8jtbuk,2018-05-16 08:32:03,87,r/books,0,2018-05-16 18:08:57,5,0,1,0
8jtbuk,2018-05-16 08:32:03,87,r/books,0,2018-05-16 15:25:55,4,0,2,0
8jtbuk,2018-05-16 08:32:03,87,r/books,0,2018-05-16 14:54:23,3,2,28,0
8jtbuk,2018-05-16 08:32:03,87,r/books,0,2018-05-16 16:33:21,4,1,17,0
8jtbuk,2018-05-16 08:32:03,87,r/books,0,2018-05-16 13:52:27,2,1,114,0
8jtbuk,2018-05-16 08:32:03,87,r/books,0,2018-05-16 13:48:44,2,1,64,0
8jtbuk,2018-05-16 08:32:03,87,r/books,0,2018-05-16 14:44:21,3,1,19,0
8jtbuk,2018-05-16 08:32:03,87,r/books,0,2018-05-16 13:31:32,2,0,61,0
8jtbuk,2018-05-16 08:32:03,87,r/books,0,2018-05-16 13:31:43,1,4,342,0
8jtbuk,2018-05-16 08:32:03,87,r/books,0,2018-05-16 13:43:48,2,4,57,0
8jtbuk,2018-05-16 08:32:03,87,r/books,0,2018-05-16 14:01:52,3,0,20,0
8jtbuk,2018-05-16 08:32:03,87,r/books,0,2018-05-16 13:48:43,3,0,11,0
8jtbuk,2018-05-16 08:32:03,87,r/books,0,2018-05-16 13:53:16,3,0,4,0
8jtbuk,2018-05-16 08:32:03,87,r/books,0,2018-05-16 15:55:39,3,0,4,0
8jtbuk,2018-05-16 08:32:03,87,r/books,0,2018-05-16 16:00:50,2,1,3,0
8jtbuk,2018-05-16 08:32:03,87,r/books,0,2018-05-16 14:06:27,2,0,2,0
8jtbuk,2018-05-16 08:32:03,87,r/books,0,2018-05-16 12:22:38,1,0,48,0
8jtbuk,2018-05-16 08:32:03,87,r/books,0,2018-05-16 13:34:24,1,4,115,0
8jtbuk,2018-05-16 08:32:03,87,r/books,0,2018-05-16 13:58:26,2,0,95,0
8jtbuk,2018-05-16 08:32:03,87,r/books,0,2018-05-16 15:00:16,2,2,32,0
8jtbuk,2018-05-16 08:32:03,87,r/books,0,2018-05-16 15:40:14,3,1,4,0
8jtbuk,2018-05-16 08:32:03,87,r/books,0,2018-05-16 15:58:30,4,1,9,0
8jtbuk,2018-05-16 08:32:03,87,r/books,0,2018-05-16 17:57:32,5,0,3,0
8jtbuk,2018-05-16 08:32:03,87,r/books,0,2018-05-16 16:03:24,3,1,5,0
8jtbuk,2018-05-16 08:32:03,87,r/books,0,2018-05-16 16:15:45,4,0,6,0
8jtbuk,2018-05-16 08:32:03,87,r/books,0,2018-05-16 15:04:04,2,1,18,0
8jtbuk,2018-05-16 08:32:03,87,r/books,0,2018-05-16 15:33:46,3,0,10,0
8jtbuk,2018-05-16 08:32:03,87,r/books,0,2018-05-16 14:00:00,1,2,27,0
8jtbuk,2018-05-16 08:32:03,87,r/books,0,2018-05-16 15:34:07,2,1,20,0
8jtbuk,2018-05-16 08:32:03,87,r/books,0,2018-05-16 15:35:01,3,0,7,0
8jtbuk,2018-05-16 08:32:03,87,r/books,0,2018-05-16 14:06:21,1,1,17,0
8jtbuk,2018-05-16 08:32:03,87,r/books,0,2018-05-16 13:32:08,1,3,181,0
8jtbuk,2018-05-16 08:32:03,87,r/books,0,2018-05-16 13:47:54,2,5,82,0
8jtbuk,2018-05-16 08:32:03,87,r/books,0,2018-05-16 13:58:29,3,0,61,0
8jtbuk,2018-05-16 08:32:03,87,r/books,0,2018-05-16 16:25:58,3,1,10,0
8jtbuk,2018-05-16 08:32:03,87,r/books,0,2018-05-16 17:45:39,4,0,2,0
8jtbuk,2018-05-16 08:32:03,87,r/books,0,2018-05-16 14:26:06,3,1,5,0
8jtbuk,2018-05-16 08:32:03,87,r/books,0,2018-05-16 14:59:33,3,0,3,0
8jtbuk,2018-05-16 08:32:03,87,r/books,0,2018-05-16 13:49:13,2,0,4,0
8jtbuk,2018-05-16 08:32:03,87,r/books,0,2018-05-16 14:05:10,1,2,33,0
8jtbuk,2018-05-16 08:32:03,87,r/books,0,2018-05-16 15:28:31,2,0,4,0
8jtbuk,2018-05-16 08:32:03,87,r/books,0,2018-05-16 13:09:18,1,6,71,0
8jtbuk,2018-05-16 08:32:03,87,r/books,0,2018-05-16 13:25:26,2,0,244,0
8jtbuk,2018-05-16 08:32:03,87,r/books,0,2018-05-16 13:39:27,2,1,69,0
8jtbuk,2018-05-16 08:32:03,87,r/books,0,2018-05-16 14:19:37,3,0,35,0
8jtbuk,2018-05-16 08:32:03,87,r/books,0,2018-05-16 14:13:42,2,0,31,0
8jtbuk,2018-05-16 08:32:03,87,r/books,0,2018-05-16 14:15:55,2,2,11,0
8jtbuk,2018-05-16 08:32:03,87,r/books,0,2018-05-16 14:21:55,3,1,14,0
8jtbuk,2018-05-16 08:32:03,87,r/books,0,2018-05-16 15:00:38,3,1,3,0
8jtbuk,2018-05-16 08:32:03,87,r/books,0,2018-05-16 13:29:07,2,1,11,0
8jtbuk,2018-05-16 08:32:03,87,r/books,0,2018-05-16 14:38:22,3,0,5,0
8jtbuk,2018-05-16 08:32:03,87,r/books,0,2018-05-16 16:46:11,2,0,2,0
8jtbuk,2018-05-16 08:32:03,87,r/books,0,2018-05-16 13:24:38,1,8,70,0
8jtbuk,2018-05-16 08:32:03,87,r/books,0,2018-05-16 13:51:52,2,1,32,0
8jtbuk,2018-05-16 08:32:03,87,r/books,0,2018-05-16 14:14:27,3,0,9,0
8jtbuk,2018-05-16 08:32:03,87,r/books,0,2018-05-16 14:01:57,2,2,26,0
8jtbuk,2018-05-16 08:32:03,87,r/books,0,2018-05-16 14:24:54,3,4,7,0
8jtbuk,2018-05-16 08:32:03,87,r/books,0,2018-05-16 14:32:02,4,0,6,0
8jtbuk,2018-05-16 08:32:03,87,r/books,0,2018-05-16 15:23:43,4,0,2,0
8jtbuk,2018-05-16 08:32:03,87,r/books,0,2018-05-16 16:29:59,4,0,2,0
8jtbuk,2018-05-16 08:32:03,87,r/books,0,2018-05-16 13:41:13,2,5,38,0
8jtbuk,2018-05-16 08:32:03,87,r/books,0,2018-05-16 14:00:48,3,0,3,0
8jtbuk,2018-05-16 08:32:03,87,r/books,0,2018-05-16 16:53:26,3,0,3,0
8jtbuk,2018-05-16 08:32:03,87,r/books,0,2018-05-16 15:57:14,3,0,2,0
8jtbuk,2018-05-16 08:32:03,87,r/books,0,2018-05-16 15:44:49,3,0,3,0
8jtbuk,2018-05-16 08:32:03,87,r/books,0,2018-05-16 14:16:59,2,0,5,0
8jtbuk,2018-05-16 08:32:03,87,r/books,0,2018-05-16 14:14:35,2,0,3,0
8jtbuk,2018-05-16 08:32:03,87,r/books,0,2018-05-16 14:06:30,2,0,6,0
8jtbuk,2018-05-16 08:32:03,87,r/books,0,2018-05-16 14:04:14,2,1,3,0
8jtbuk,2018-05-16 08:32:03,87,r/books,0,2018-05-16 14:11:27,3,0,7,0
8jtbuk,2018-05-16 08:32:03,87,r/books,0,2018-05-16 13:44:18,1,1,10,0
8jtbuk,2018-05-16 08:32:03,87,r/books,0,2018-05-16 14:19:08,1,0,4,0
8jtbuk,2018-05-16 08:32:03,87,r/books,0,2018-05-16 14:36:20,1,0,4,0
8jtbuk,2018-05-16 08:32:03,87,r/books,0,2018-05-16 13:53:11,1,0,3,0
8jtbuk,2018-05-16 08:32:03,87,r/books,0,2018-05-16 15:31:48,1,0,2,0
8jtbuk,2018-05-16 08:32:03,87,r/books,1,2018-05-16 12:15:45,0,3,244,0
8jtbuk,2018-05-16 08:32:03,87,r/books,1,2018-05-16 13:11:18,1,0,21,0
8jtbuk,2018-05-16 08:32:03,87,r/books,1,2018-05-16 15:31:32,1,0,47,0
8jtbuk,2018-05-16 08:32:03,87,r/books,2,2018-05-16 10:26:20,0,5,6172,0
8jtbuk,2018-05-16 08:32:03,87,r/books,2,2018-05-16 10:59:42,1,7,3013,0
8jtbuk,2018-05-16 08:32:03,87,r/books,2,2018-05-16 11:24:27,2,4,1553,0
8jtbuk,2018-05-16 08:32:03,87,r/books,2,2018-05-16 12:06:56,3,2,1103,0
8jtbuk,2018-05-16 08:32:03,87,r/books,2,2018-05-16 13:10:52,4,8,142,0
8jtbuk,2018-05-16 08:32:03,87,r/books,2,2018-05-16 13:32:18,5,3,89,0
8jtbuk,2018-05-16 08:32:03,87,r/books,2,2018-05-16 14:10:49,6,1,3,0
8jtbuk,2018-05-16 08:32:03,87,r/books,2,2018-05-16 14:25:22,7,1,2,0
8jtbuk,2018-05-16 08:32:03,87,r/books,2,2018-05-16 15:55:56,6,0,2,0
8jtbuk,2018-05-16 08:32:03,87,r/books,2,2018-05-16 13:26:53,5,1,26,0
8jtbuk,2018-05-16 08:32:03,87,r/books,2,2018-05-16 13:39:07,6,1,2,0
8jtbuk,2018-05-16 08:32:03,87,r/books,2,2018-05-16 13:46:24,7,0,2,0
8jtbuk,2018-05-16 08:32:03,87,r/books,2,2018-05-16 13:34:59,5,4,254,0
8jtbuk,2018-05-16 08:32:03,87,r/books,2,2018-05-16 14:07:01,6,2,49,0
8jtbuk,2018-05-16 08:32:03,87,r/books,2,2018-05-16 14:12:48,7,2,16,0
8jtbuk,2018-05-16 08:32:03,87,r/books,2,2018-05-16 14:43:33,8,0,13,0
8jtbuk,2018-05-16 08:32:03,87,r/books,2,2018-05-16 14:51:26,6,0,5,0
8jtbuk,2018-05-16 08:32:03,87,r/books,2,2018-05-16 14:09:36,6,2,8,0
8jtbuk,2018-05-16 08:32:03,87,r/books,2,2018-05-16 14:19:48,7,2,10,0
8jtbuk,2018-05-16 08:32:03,87,r/books,2,2018-05-16 15:31:51,8,0,7,0
8jtbuk,2018-05-16 08:32:03,87,r/books,2,2018-05-16 13:35:14,5,0,24,0
8jtbuk,2018-05-16 08:32:03,87,r/books,2,2018-05-16 14:16:03,5,0,5,0
8jtbuk,2018-05-16 08:32:03,87,r/books,2,2018-05-16 14:26:06,5,0,6,0
8jtbuk,2018-05-16 08:32:03,87,r/books,2,2018-05-16 14:04:10,5,0,3,0
8jtbuk,2018-05-16 08:32:03,87,r/books,2,2018-05-16 12:28:38,3,3,79,0
8jtbuk,2018-05-16 08:32:03,87,r/books,2,2018-05-16 13:32:25,4,1,91,0
8jtbuk,2018-05-16 08:32:03,87,r/books,2,2018-05-16 15:16:23,5,0,44,0
8jtbuk,2018-05-16 08:32:03,87,r/books,2,2018-05-16 13:31:47,4,1,76,0
8jtbuk,2018-05-16 08:32:03,87,r/books,2,2018-05-16 16:11:42,5,0,5,0
8jtbuk,2018-05-16 08:32:03,87,r/books,2,2018-05-16 13:00:32,3,1,39,0
8jtbuk,2018-05-16 08:32:03,87,r/books,2,2018-05-16 13:13:09,4,0,66,0
8jtbuk,2018-05-16 08:32:03,87,r/books,2,2018-05-16 11:46:31,2,1,231,0
8jtbuk,2018-05-16 08:32:03,87,r/books,2,2018-05-16 13:17:10,3,2,71,0
8jtbuk,2018-05-16 08:32:03,87,r/books,2,2018-05-16 14:20:17,4,3,31,0
8jtbuk,2018-05-16 08:32:03,87,r/books,2,2018-05-16 14:43:42,5,1,5,0
8jtbuk,2018-05-16 08:32:03,87,r/books,2,2018-05-16 17:21:58,6,0,2,0
8jtbuk,2018-05-16 08:32:03,87,r/books,2,2018-05-16 14:41:56,5,0,3,0
8jtbuk,2018-05-16 08:32:03,87,r/books,2,2018-05-16 11:48:45,2,0,70,0
8jtbuk,2018-05-16 08:32:03,87,r/books,2,2018-05-16 11:08:07,2,2,135,0
8jtbuk,2018-05-16 08:32:03,87,r/books,2,2018-05-16 11:11:44,3,5,202,0
8jtbuk,2018-05-16 08:32:03,87,r/books,2,2018-05-16 12:02:13,4,1,22,0
8jtbuk,2018-05-16 08:32:03,87,r/books,2,2018-05-16 12:45:00,5,2,46,0
8jtbuk,2018-05-16 08:32:03,87,r/books,2,2018-05-16 13:09:36,6,1,19,0
8jtbuk,2018-05-16 08:32:03,87,r/books,2,2018-05-16 13:08:05,6,1,15,0
8jtbuk,2018-05-16 08:32:03,87,r/books,2,2018-05-16 11:27:52,4,6,54,0
8jtbuk,2018-05-16 08:32:03,87,r/books,2,2018-05-16 11:29:22,5,2,68,0
8jtbuk,2018-05-16 08:32:03,87,r/books,2,2018-05-16 11:49:44,6,1,117,0
8jtbuk,2018-05-16 08:32:03,87,r/books,2,2018-05-16 11:58:07,7,0,58,0
8jtbuk,2018-05-16 08:32:03,87,r/books,2,2018-05-16 13:43:43,6,0,4,0
8jtbuk,2018-05-16 08:32:03,87,r/books,2,2018-05-16 11:54:29,5,3,60,0
8jtbuk,2018-05-16 08:32:03,87,r/books,2,2018-05-16 13:18:50,6,0,35,0
8jtbuk,2018-05-16 08:32:03,87,r/books,2,2018-05-16 12:17:22,6,1,41,0
8jtbuk,2018-05-16 08:32:03,87,r/books,2,2018-05-16 14:42:31,5,0,3,0
8jtbuk,2018-05-16 08:32:03,87,r/books,2,2018-05-16 16:24:58,5,0,3,0
8jtbuk,2018-05-16 08:32:03,87,r/books,2,2018-05-16 12:46:30,5,1,4,0
8jtbuk,2018-05-16 08:32:03,87,r/books,2,2018-05-16 15:44:47,6,1,3,0
8jtbuk,2018-05-16 08:32:03,87,r/books,2,2018-05-16 15:54:11,7,0,4,0
8jtbuk,2018-05-16 08:32:03,87,r/books,2,2018-05-16 11:24:55,4,4,114,0
8jtbuk,2018-05-16 08:32:03,87,r/books,2,2018-05-16 11:48:22,5,2,64,0
8jtbuk,2018-05-16 08:32:03,87,r/books,2,2018-05-16 14:32:28,6,1,7,0
8jtbuk,2018-05-16 08:32:03,87,r/books,2,2018-05-16 13:42:36,5,2,23,0
8jtbuk,2018-05-16 08:32:03,87,r/books,2,2018-05-16 15:42:46,6,0,4,0
8jtbuk,2018-05-16 08:32:03,87,r/books,2,2018-05-16 12:11:54,5,0,49,0
8jtbuk,2018-05-16 08:32:03,87,r/books,2,2018-05-16 13:18:23,5,1,8,0
8jtbuk,2018-05-16 08:32:03,87,r/books,2,2018-05-16 13:24:20,6,0,33,0
8jtbuk,2018-05-16 08:32:03,87,r/books,2,2018-05-16 14:33:32,4,0,3,0
8jtbuk,2018-05-16 08:32:03,87,r/books,2,2018-05-16 15:14:58,3,1,2,0
8jtbuk,2018-05-16 08:32:03,87,r/books,2,2018-05-16 14:25:16,2,0,4,0
8jtbuk,2018-05-16 08:32:03,87,r/books,2,2018-05-16 14:23:22,2,1,2,0
8jtbuk,2018-05-16 08:32:03,87,r/books,2,2018-05-16 11:45:03,1,2,53,0
8jtbuk,2018-05-16 08:32:03,87,r/books,2,2018-05-16 11:49:12,2,2,58,0
8jtbuk,2018-05-16 08:32:03,87,r/books,2,2018-05-16 14:13:47,3,0,38,0
8jtbuk,2018-05-16 08:32:03,87,r/books,2,2018-05-16 14:49:08,2,0,3,0
8jtbuk,2018-05-16 08:32:03,87,r/books,2,2018-05-16 13:41:41,1,2,12,0
8jtbuk,2018-05-16 08:32:03,87,r/books,2,2018-05-16 14:14:02,2,1,4,0
8jtbuk,2018-05-16 08:32:03,87,r/books,2,2018-05-16 11:02:30,1,3,54,0
8jtbuk,2018-05-16 08:32:03,87,r/books,2,2018-05-16 13:30:01,2,2,71,0
8jtbuk,2018-05-16 08:32:03,87,r/books,2,2018-05-16 14:44:54,3,0,12,0
8jtbuk,2018-05-16 08:32:03,87,r/books,2,2018-05-16 16:15:45,3,0,2,0
8jtbuk,2018-05-16 08:32:03,87,r/books,2,2018-05-16 15:38:30,2,0,2,0
8jtbuk,2018-05-16 08:32:03,87,r/books,3,2018-05-16 10:53:19,0,9,1395,0
8jtbuk,2018-05-16 08:32:03,87,r/books,3,2018-05-16 11:21:50,1,1,60,0
8jtbuk,2018-05-16 08:32:03,87,r/books,3,2018-05-16 12:17:36,2,0,16,0
8jtbuk,2018-05-16 08:32:03,87,r/books,3,2018-05-16 11:17:02,1,3,351,0
8jtbuk,2018-05-16 08:32:03,87,r/books,3,2018-05-16 13:38:32,2,0,62,0
8jtbuk,2018-05-16 08:32:03,87,r/books,3,2018-05-16 11:41:33,2,1,65,0
8jtbuk,2018-05-16 08:32:03,87,r/books,3,2018-05-16 12:40:42,3,1,78,0
8jtbuk,2018-05-16 08:32:03,87,r/books,3,2018-05-16 10:59:58,1,2,57,0
8jtbuk,2018-05-16 08:32:03,87,r/books,3,2018-05-16 11:18:45,2,3,66,0
8jtbuk,2018-05-16 08:32:03,87,r/books,3,2018-05-16 11:27:30,3,1,66,0
8jtbuk,2018-05-16 08:32:03,87,r/books,3,2018-05-16 11:31:33,4,2,39,0
8jtbuk,2018-05-16 08:32:03,87,r/books,3,2018-05-16 11:49:46,5,2,19,0
8jtbuk,2018-05-16 08:32:03,87,r/books,3,2018-05-16 11:57:07,6,2,26,0
8jtbuk,2018-05-16 08:32:03,87,r/books,3,2018-05-16 12:02:12,7,2,16,0
8jtbuk,2018-05-16 08:32:03,87,r/books,3,2018-05-16 12:27:11,8,0,19,0
8jtbuk,2018-05-16 08:32:03,87,r/books,3,2018-05-16 13:49:58,8,0,5,0
8jtbuk,2018-05-16 08:32:03,87,r/books,3,2018-05-16 13:52:40,3,0,2,0
8jtbuk,2018-05-16 08:32:03,87,r/books,3,2018-05-16 11:03:23,2,0,3,0
8jtbuk,2018-05-16 08:32:03,87,r/books,3,2018-05-16 11:08:57,1,2,36,0
8jtbuk,2018-05-16 08:32:03,87,r/books,3,2018-05-16 11:17:40,2,0,21,0
8jtbuk,2018-05-16 08:32:03,87,r/books,3,2018-05-16 11:21:01,1,0,4,0
8jtbuk,2018-05-16 08:32:03,87,r/books,3,2018-05-16 11:33:55,1,3,35,0
8jtbuk,2018-05-16 08:32:03,87,r/books,3,2018-05-16 12:05:32,2,0,46,0
8jtbuk,2018-05-16 08:32:03,87,r/books,3,2018-05-16 11:52:03,2,0,19,0
8jtbuk,2018-05-16 08:32:03,87,r/books,3,2018-05-16 11:49:52,2,1,12,0
8jtbuk,2018-05-16 08:32:03,87,r/books,3,2018-05-16 12:46:09,3,1,17,0
8jtbuk,2018-05-16 08:32:03,87,r/books,3,2018-05-16 12:05:43,1,2,9,0
8jtbuk,2018-05-16 08:32:03,87,r/books,3,2018-05-16 13:52:26,2,1,3,0
8jtbuk,2018-05-16 08:32:03,87,r/books,3,2018-05-16 15:02:00,3,0,4,0
8jtbuk,2018-05-16 08:32:03,87,r/books,3,2018-05-16 12:27:06,1,0,2,0
8jtbuk,2018-05-16 08:32:03,87,r/books,4,2018-05-16 11:46:03,0,1,100,0
8jtbuk,2018-05-16 08:32:03,87,r/books,4,2018-05-16 12:20:03,1,1,84,0
8jtbuk,2018-05-16 08:32:03,87,r/books,4,2018-05-16 12:24:33,2,3,31,0
8jtbuk,2018-05-16 08:32:03,87,r/books,4,2018-05-16 12:38:31,3,1,31,0
8jtbuk,2018-05-16 08:32:03,87,r/books,4,2018-05-16 12:42:36,3,0,11,0
8jtbuk,2018-05-16 08:32:03,87,r/books,5,2018-05-16 11:55:12,0,6,409,0
8jtbuk,2018-05-16 08:32:03,87,r/books,5,2018-05-16 12:26:24,1,11,598,0
8jtbuk,2018-05-16 08:32:03,87,r/books,5,2018-05-16 12:32:36,2,1,193,0
8jtbuk,2018-05-16 08:32:03,87,r/books,5,2018-05-16 13:19:43,3,0,94,0
8jtbuk,2018-05-16 08:32:03,87,r/books,5,2018-05-16 13:09:26,2,1,28,0
8jtbuk,2018-05-16 08:32:03,87,r/books,5,2018-05-16 13:15:07,3,0,5,0
8jtbuk,2018-05-16 08:32:03,87,r/books,5,2018-05-16 12:37:54,2,3,124,0
8jtbuk,2018-05-16 08:32:03,87,r/books,5,2018-05-16 13:03:23,3,1,15,0
8jtbuk,2018-05-16 08:32:03,87,r/books,5,2018-05-16 14:06:26,4,1,8,0
8jtbuk,2018-05-16 08:32:03,87,r/books,5,2018-05-16 15:51:30,3,1,2,0
8jtbuk,2018-05-16 08:32:03,87,r/books,5,2018-05-16 13:01:51,3,2,7,0
8jtbuk,2018-05-16 08:32:03,87,r/books,5,2018-05-16 13:21:27,4,1,17,0
8jtbuk,2018-05-16 08:32:03,87,r/books,5,2018-05-16 13:10:25,2,0,16,0
8jtbuk,2018-05-16 08:32:03,87,r/books,5,2018-05-16 12:52:22,2,0,20,0
8jtbuk,2018-05-16 08:32:03,87,r/books,5,2018-05-16 12:45:19,2,1,20,0
8jtbuk,2018-05-16 08:32:03,87,r/books,5,2018-05-16 13:12:15,3,1,23,0
8jtbuk,2018-05-16 08:32:03,87,r/books,5,2018-05-16 12:53:35,2,1,6,0
8jtbuk,2018-05-16 08:32:03,87,r/books,5,2018-05-16 12:58:53,3,2,12,0
8jtbuk,2018-05-16 08:32:03,87,r/books,5,2018-05-16 13:31:15,4,1,2,0
8jtbuk,2018-05-16 08:32:03,87,r/books,5,2018-05-16 13:36:58,5,0,2,0
8jtbuk,2018-05-16 08:32:03,87,r/books,5,2018-05-16 13:02:43,2,0,2,0
8jtbuk,2018-05-16 08:32:03,87,r/books,5,2018-05-16 14:25:42,2,1,2,0
8jtbuk,2018-05-16 08:32:03,87,r/books,5,2018-05-16 14:34:24,3,0,2,0
8jtbuk,2018-05-16 08:32:03,87,r/books,5,2018-05-16 14:26:15,2,0,2,0
8jtbuk,2018-05-16 08:32:03,87,r/books,5,2018-05-16 12:07:06,1,0,76,0
8jtbuk,2018-05-16 08:32:03,87,r/books,5,2018-05-16 12:15:05,1,1,20,0
8jtbuk,2018-05-16 08:32:03,87,r/books,5,2018-05-16 12:57:59,2,0,14,0
8jtbuk,2018-05-16 08:32:03,87,r/books,5,2018-05-16 12:24:51,1,0,11,0
8jtbuk,2018-05-16 08:32:03,87,r/books,5,2018-05-16 12:50:57,1,1,11,0
8jtbuk,2018-05-16 08:32:03,87,r/books,5,2018-05-16 12:59:11,1,1,4,0
8jtbuk,2018-05-16 08:32:03,87,r/books,5,2018-05-16 13:31:15,2,0,2,0
8jtbuk,2018-05-16 08:32:03,87,r/books,6,2018-05-16 09:08:38,0,7,414,0
8jtbuk,2018-05-16 08:32:03,87,r/books,6,2018-05-16 10:56:08,1,11,349,0
8jtbuk,2018-05-16 08:32:03,87,r/books,6,2018-05-16 11:06:22,2,2,521,0
8jtbuk,2018-05-16 08:32:03,87,r/books,6,2018-05-16 11:48:48,3,1,114,0
8jtbuk,2018-05-16 08:32:03,87,r/books,6,2018-05-16 13:26:24,3,0,2,0
8jtbuk,2018-05-16 08:32:03,87,r/books,6,2018-05-16 10:59:57,2,0,44,0
8jtbuk,2018-05-16 08:32:03,87,r/books,6,2018-05-16 11:11:48,2,4,144,0
8jtbuk,2018-05-16 08:32:03,87,r/books,6,2018-05-16 12:15:44,3,3,164,0
8jtbuk,2018-05-16 08:32:03,87,r/books,6,2018-05-16 12:39:01,4,0,40,0
8jtbuk,2018-05-16 08:32:03,87,r/books,6,2018-05-16 13:12:49,4,0,12,0
8jtbuk,2018-05-16 08:32:03,87,r/books,6,2018-05-16 11:14:44,3,0,147,0
8jtbuk,2018-05-16 08:32:03,87,r/books,6,2018-05-16 13:08:27,3,0,21,0
8jtbuk,2018-05-16 08:32:03,87,r/books,6,2018-05-16 12:37:22,2,0,18,0
8jtbuk,2018-05-16 08:32:03,87,r/books,6,2018-05-16 11:26:08,2,2,30,0
8jtbuk,2018-05-16 08:32:03,87,r/books,6,2018-05-16 11:36:38,3,1,82,0
8jtbuk,2018-05-16 08:32:03,87,r/books,6,2018-05-16 12:17:01,4,2,64,0
8jtbuk,2018-05-16 08:32:03,87,r/books,6,2018-05-16 12:56:18,5,2,11,0
8jtbuk,2018-05-16 08:32:03,87,r/books,6,2018-05-16 14:21:32,6,1,4,0
8jtbuk,2018-05-16 08:32:03,87,r/books,6,2018-05-16 14:36:47,7,1,4,0
8jtbuk,2018-05-16 08:32:03,87,r/books,6,2018-05-16 14:37:18,8,0,2,0
8jtbuk,2018-05-16 08:32:03,87,r/books,6,2018-05-16 14:53:54,6,0,3,0
8jtbuk,2018-05-16 08:32:03,87,r/books,6,2018-05-16 13:01:25,5,0,7,0
8jtbuk,2018-05-16 08:32:03,87,r/books,6,2018-05-16 11:55:02,3,2,27,0
8jtbuk,2018-05-16 08:32:03,87,r/books,6,2018-05-16 12:07:24,4,1,9,0
8jtbuk,2018-05-16 08:32:03,87,r/books,6,2018-05-16 12:27:28,5,1,14,0
8jtbuk,2018-05-16 08:32:03,87,r/books,6,2018-05-16 12:54:36,6,0,3,0
8jtbuk,2018-05-16 08:32:03,87,r/books,6,2018-05-16 12:32:20,2,0,9,0
8jtbuk,2018-05-16 08:32:03,87,r/books,6,2018-05-16 12:44:30,2,0,7,0
8jtbuk,2018-05-16 08:32:03,87,r/books,6,2018-05-16 11:34:53,2,1,14,0
8jtbuk,2018-05-16 08:32:03,87,r/books,6,2018-05-16 12:01:46,3,0,2,0
8jtbuk,2018-05-16 08:32:03,87,r/books,6,2018-05-16 13:14:51,2,0,2,0
8jtbuk,2018-05-16 08:32:03,87,r/books,6,2018-05-16 15:36:46,2,1,2,0
8jtbuk,2018-05-16 08:32:03,87,r/books,6,2018-05-16 11:18:13,1,3,48,0
8jtbuk,2018-05-16 08:32:03,87,r/books,6,2018-05-16 11:42:16,2,2,13,0
8jtbuk,2018-05-16 08:32:03,87,r/books,6,2018-05-16 12:07:36,3,5,54,0
8jtbuk,2018-05-16 08:32:03,87,r/books,6,2018-05-16 12:31:18,4,0,29,0
8jtbuk,2018-05-16 08:32:03,87,r/books,6,2018-05-16 12:36:04,4,0,8,0
8jtbuk,2018-05-16 08:32:03,87,r/books,6,2018-05-16 12:16:57,4,3,6,0
8jtbuk,2018-05-16 08:32:03,87,r/books,6,2018-05-16 12:21:10,5,0,29,0
8jtbuk,2018-05-16 08:32:03,87,r/books,6,2018-05-16 12:40:50,5,0,7,0
8jtbuk,2018-05-16 08:32:03,87,r/books,6,2018-05-16 12:48:51,5,1,7,0
8jtbuk,2018-05-16 08:32:03,87,r/books,6,2018-05-16 13:24:12,4,0,2,0
8jtbuk,2018-05-16 08:32:03,87,r/books,6,2018-05-16 12:07:06,3,1,4,0
8jtbuk,2018-05-16 08:32:03,87,r/books,6,2018-05-16 12:13:56,4,0,14,0
8jtbuk,2018-05-16 08:32:03,87,r/books,6,2018-05-16 11:32:04,2,2,17,0
8jtbuk,2018-05-16 08:32:03,87,r/books,6,2018-05-16 11:37:39,3,1,5,0
8jtbuk,2018-05-16 08:32:03,87,r/books,6,2018-05-16 12:51:11,4,1,2,0
8jtbuk,2018-05-16 08:32:03,87,r/books,6,2018-05-16 13:31:04,5,1,3,0
8jtbuk,2018-05-16 08:32:03,87,r/books,6,2018-05-16 10:53:55,1,3,156,0
8jtbuk,2018-05-16 08:32:03,87,r/books,6,2018-05-16 11:16:44,2,1,18,0
8jtbuk,2018-05-16 08:32:03,87,r/books,6,2018-05-16 10:56:33,2,1,39,0
8jtbuk,2018-05-16 08:32:03,87,r/books,6,2018-05-16 11:08:12,3,1,55,0
8jtbuk,2018-05-16 08:32:03,87,r/books,6,2018-05-16 10:54:36,1,0,4,0
8jtbuk,2018-05-16 08:32:03,87,r/books,6,2018-05-16 12:01:13,1,0,2,0
8jtbuk,2018-05-16 08:32:03,87,r/books,6,2018-05-16 12:13:16,1,0,2,0
8jtbuk,2018-05-16 08:32:03,87,r/books,6,2018-05-16 15:57:12,1,0,2,0
8jtbuk,2018-05-16 08:32:03,87,r/books,7,2018-05-16 12:14:14,0,1,34,0
8jtbuk,2018-05-16 08:32:03,87,r/books,8,2018-05-16 12:26:06,0,3,75,0
8jtbuk,2018-05-16 08:32:03,87,r/books,8,2018-05-16 12:36:14,1,1,61,0
8jtbuk,2018-05-16 08:32:03,87,r/books,8,2018-05-16 14:00:35,2,1,5,0
8jtbuk,2018-05-16 08:32:03,87,r/books,8,2018-05-16 17:25:03,3,1,2,0
8jtbuk,2018-05-16 08:32:03,87,r/books,8,2018-05-16 17:00:34,1,1,2,0
8jtbuk,2018-05-16 08:32:03,87,r/books,9,2018-05-16 12:36:23,0,0,19,0
8jtbuk,2018-05-16 08:32:03,87,r/books,10,2018-05-16 11:46:33,0,1,53,0
8jtbuk,2018-05-16 08:32:03,87,r/books,11,2018-05-16 11:24:42,0,2,35,0
8jtbuk,2018-05-16 08:32:03,87,r/books,11,2018-05-16 12:04:21,1,4,61,0
8jtbuk,2018-05-16 08:32:03,87,r/books,11,2018-05-16 12:08:12,2,1,18,0
8jtbuk,2018-05-16 08:32:03,87,r/books,11,2018-05-16 12:30:12,3,1,18,0
8jtbuk,2018-05-16 08:32:03,87,r/books,11,2018-05-16 12:19:22,2,1,4,0
8jtbuk,2018-05-16 08:32:03,87,r/books,11,2018-05-16 12:57:17,2,0,3,0
8jtbuk,2018-05-16 08:32:03,87,r/books,12,2018-05-16 12:07:32,0,2,35,0
8jtbuk,2018-05-16 08:32:03,87,r/books,12,2018-05-16 13:39:50,1,1,15,0
8jtbuk,2018-05-16 08:32:03,87,r/books,12,2018-05-16 15:52:40,2,1,3,0
8jtbuk,2018-05-16 08:32:03,87,r/books,12,2018-05-16 15:56:23,3,0,2,0
8jtbuk,2018-05-16 08:32:03,87,r/books,13,2018-05-16 14:11:27,0,0,13,0
8jtbuk,2018-05-16 08:32:03,87,r/books,14,2018-05-16 11:59:46,0,2,39,0
8jtbuk,2018-05-16 08:32:03,87,r/books,14,2018-05-16 12:28:26,1,0,24,0
8jtbuk,2018-05-16 08:32:03,87,r/books,15,2018-05-16 11:49:28,0,3,142,0
8jtbuk,2018-05-16 08:32:03,87,r/books,15,2018-05-16 11:55:37,1,1,94,0
8jtbuk,2018-05-16 08:32:03,87,r/books,15,2018-05-16 12:04:17,2,1,28,0
8jtbuk,2018-05-16 08:32:03,87,r/books,15,2018-05-16 12:10:03,3,1,51,0
8jtbuk,2018-05-16 08:32:03,87,r/books,15,2018-05-16 12:19:30,4,2,12,0
8jtbuk,2018-05-16 08:32:03,87,r/books,15,2018-05-16 12:20:47,5,2,50,0
8jtbuk,2018-05-16 08:32:03,87,r/books,15,2018-05-16 12:22:41,6,0,8,0
8jtbuk,2018-05-16 08:32:03,87,r/books,15,2018-05-16 13:07:29,1,0,9,0
8jtbuk,2018-05-16 08:32:03,87,r/books,15,2018-05-16 15:21:29,1,1,3,0
8jtbuk,2018-05-16 08:32:03,87,r/books,16,2018-05-16 10:40:32,0,1,168,0
8jtbuk,2018-05-16 08:32:03,87,r/books,16,2018-05-16 12:36:30,1,1,106,0
8jtbuk,2018-05-16 08:32:03,87,r/books,17,2018-05-16 12:55:10,0,1,9,0
8jtbuk,2018-05-16 08:32:03,87,r/books,18,2018-05-16 11:31:23,0,2,7,0
8jtbuk,2018-05-16 08:32:03,87,r/books,18,2018-05-16 12:41:27,1,0,2,0
8jtbuk,2018-05-16 08:32:03,87,r/books,18,2018-05-16 12:56:32,1,1,2,0
8jtbuk,2018-05-16 08:32:03,87,r/books,18,2018-05-16 13:13:07,2,0,3,0
8jtbuk,2018-05-16 08:32:03,87,r/books,19,2018-05-16 14:06:12,0,0,6,0
8jtbuk,2018-05-16 08:32:03,87,r/books,20,2018-05-16 14:18:19,0,0,7,0
8jtbuk,2018-05-16 08:32:03,87,r/books,21,2018-05-16 13:04:27,0,0,6,0
8jtbuk,2018-05-16 08:32:03,87,r/books,22,2018-05-16 13:55:42,0,1,4,0
8jtbuk,2018-05-16 08:32:03,87,r/books,23,2018-05-16 14:24:29,0,0,4,0
8jtbuk,2018-05-16 08:32:03,87,r/books,24,2018-05-16 12:56:47,0,0,5,0
8jtbuk,2018-05-16 08:32:03,87,r/books,25,2018-05-16 13:51:46,0,0,4,0
8jtbuk,2018-05-16 08:32:03,87,r/books,26,2018-05-16 14:55:23,0,1,4,0
8jtbuk,2018-05-16 08:32:03,87,r/books,26,2018-05-16 16:53:42,1,0,3,0
8jtbuk,2018-05-16 08:32:03,87,r/books,27,2018-05-16 17:22:54,0,0,4,0
8jtbuk,2018-05-16 08:32:03,87,r/books,28,2018-05-16 13:03:51,0,1,7,0
8jtbuk,2018-05-16 08:32:03,87,r/books,28,2018-05-16 17:10:54,1,0,2,0
8jtbuk,2018-05-16 08:32:03,87,r/books,29,2018-05-16 13:28:17,0,0,6,0
8jtbuk,2018-05-16 08:32:03,87,r/books,30,2018-05-16 13:51:36,0,0,3,0
8jtbuk,2018-05-16 08:32:03,87,r/books,31,2018-05-16 14:28:58,0,0,3,0
8jtbuk,2018-05-16 08:32:03,87,r/books,32,2018-05-16 14:56:57,0,0,3,0
8jtbuk,2018-05-16 08:32:03,87,r/books,33,2018-05-16 15:00:17,0,0,3,0
8jtbuk,2018-05-16 08:32:03,87,r/books,34,2018-05-16 17:24:49,0,0,3,0
8jtbuk,2018-05-16 08:32:03,87,r/books,35,2018-05-16 12:19:27,0,0,5,0
8jtbuk,2018-05-16 08:32:03,87,r/books,36,2018-05-16 12:49:42,0,0,5,0
8jtbuk,2018-05-16 08:32:03,87,r/books,37,2018-05-16 13:35:12,0,1,5,0
8jtbuk,2018-05-16 08:32:03,87,r/books,38,2018-05-16 13:15:28,0,3,16,0
8jtbuk,2018-05-16 08:32:03,87,r/books,38,2018-05-16 13:45:55,1,1,4,0
8jtbuk,2018-05-16 08:32:03,87,r/books,38,2018-05-16 13:48:23,2,0,4,0
8jtbuk,2018-05-16 08:32:03,87,r/books,38,2018-05-16 13:44:45,1,3,2,0
8jtbuk,2018-05-16 08:32:03,87,r/books,38,2018-05-16 14:10:30,2,1,3,0
8jtbuk,2018-05-16 08:32:03,87,r/books,38,2018-05-16 14:11:03,3,1,7,0
8jtbuk,2018-05-16 08:32:03,87,r/books,38,2018-05-16 14:16:15,4,1,2,0
8jtbuk,2018-05-16 08:32:03,87,r/books,38,2018-05-16 14:17:27,5,0,2,0
8jtbuk,2018-05-16 08:32:03,87,r/books,38,2018-05-16 13:47:37,2,0,3,0
8jtbuk,2018-05-16 08:32:03,87,r/books,39,2018-05-16 11:22:14,0,2,15,0
8jtbuk,2018-05-16 08:32:03,87,r/books,39,2018-05-16 12:14:39,1,1,9,0
8jtbuk,2018-05-16 08:32:03,87,r/books,39,2018-05-16 12:40:47,2,1,3,0
8jtbuk,2018-05-16 08:32:03,87,r/books,39,2018-05-16 12:54:27,3,1,4,0
8jtbuk,2018-05-16 08:32:03,87,r/books,39,2018-05-16 12:48:39,1,2,4,0
8jtbuk,2018-05-16 08:32:03,87,r/books,39,2018-05-16 13:04:49,2,0,6,0
8jtbuk,2018-05-16 08:32:03,87,r/books,40,2018-05-16 13:22:36,0,1,15,0
8jtbuk,2018-05-16 08:32:03,87,r/books,41,2018-05-16 09:15:51,0,7,18,0
8jtbuk,2018-05-16 08:32:03,87,r/books,41,2018-05-16 09:27:10,1,3,96,0
8jtbuk,2018-05-16 08:32:03,87,r/books,41,2018-05-16 10:53:54,2,1,29,0
8jtbuk,2018-05-16 08:32:03,87,r/books,41,2018-05-16 12:05:49,3,0,11,0
8jtbuk,2018-05-16 08:32:03,87,r/books,41,2018-05-16 12:11:30,2,1,6,0
8jtbuk,2018-05-16 08:32:03,87,r/books,41,2018-05-16 12:19:34,3,0,10,0
8jtbuk,2018-05-16 08:32:03,87,r/books,41,2018-05-16 10:39:08,1,0,39,0
8jtbuk,2018-05-16 08:32:03,87,r/books,41,2018-05-16 10:30:23,1,1,57,0
8jtbuk,2018-05-16 08:32:03,87,r/books,41,2018-05-16 10:34:32,2,2,47,0
8jtbuk,2018-05-16 08:32:03,87,r/books,41,2018-05-16 12:20:35,3,0,8,0
8jtbuk,2018-05-16 08:32:03,87,r/books,41,2018-05-16 13:25:53,1,0,5,0
8jtbuk,2018-05-16 08:32:03,87,r/books,41,2018-05-16 09:33:11,1,0,19,0
8jtbuk,2018-05-16 08:32:03,87,r/books,41,2018-05-16 09:25:28,1,2,5,0
8jtbuk,2018-05-16 08:32:03,87,r/books,41,2018-05-16 15:35:15,2,0,2,0
8jtbuk,2018-05-16 08:32:03,87,r/books,41,2018-05-16 09:35:02,2,1,5,0
8jtbuk,2018-05-16 08:32:03,87,r/books,41,2018-05-16 10:42:25,3,0,4,0
8jtbuk,2018-05-16 08:32:03,87,r/books,42,2018-05-16 13:14:03,0,0,5,0
8jtbuk,2018-05-16 08:32:03,87,r/books,43,2018-05-16 09:25:21,0,1,29,0
8jtbuk,2018-05-16 08:32:03,87,r/books,43,2018-05-16 09:33:50,1,0,160,0
8jtbuk,2018-05-16 08:32:03,87,r/books,44,2018-05-16 13:02:25,0,1,2,0
8jtbuk,2018-05-16 08:32:03,87,r/books,44,2018-05-16 13:06:05,1,0,3,0
8jtbuk,2018-05-16 08:32:03,87,r/books,45,2018-05-16 14:00:28,0,0,2,0
8jtbuk,2018-05-16 08:32:03,87,r/books,46,2018-05-16 14:25:30,0,0,2,0
8jtbuk,2018-05-16 08:32:03,87,r/books,47,2018-05-16 15:00:33,0,0,2,0
8jtbuk,2018-05-16 08:32:03,87,r/books,48,2018-05-16 15:16:00,0,0,2,0
8jtbuk,2018-05-16 08:32:03,87,r/books,49,2018-05-16 15:16:17,0,0,2,0
8jtbuk,2018-05-16 08:32:03,87,r/books,50,2018-05-16 15:20:15,0,0,2,0
8jtbuk,2018-05-16 08:32:03,87,r/books,51,2018-05-16 15:21:55,0,0,2,0
8jtbuk,2018-05-16 08:32:03,87,r/books,52,2018-05-16 16:32:34,0,0,2,0
8jtbuk,2018-05-16 08:32:03,87,r/books,53,2018-05-16 17:13:16,0,0,2,0
8jtbuk,2018-05-16 08:32:03,87,r/books,54,2018-05-16 17:18:54,0,0,2,0
8jtbuk,2018-05-16 08:32:03,87,r/books,55,2018-05-16 17:20:26,0,0,2,0
8jtbuk,2018-05-16 08:32:03,87,r/books,56,2018-05-16 17:21:19,0,0,2,0
8jtbuk,2018-05-16 08:32:03,87,r/books,57,2018-05-16 17:25:56,0,0,2,0
8jtbuk,2018-05-16 08:32:03,87,r/books,58,2018-05-16 17:56:09,0,0,2,0
8jtbuk,2018-05-16 08:32:03,87,r/books,59,2018-05-16 18:04:02,0,0,1,0
8jtbuk,2018-05-16 08:32:03,87,r/books,60,2018-05-16 18:17:39,0,0,1,0
8jtbuk,2018-05-16 08:32:03,87,r/books,61,2018-05-16 12:22:28,0,0,9,0
8jtbuk,2018-05-16 08:32:03,87,r/books,62,2018-05-16 14:12:01,0,0,3,0
8jtbuk,2018-05-16 08:32:03,87,r/books,63,2018-05-16 13:36:09,0,0,3,0
8juzxd,2018-05-16 13:42:02,88,r/shittyfoodporn,0,2018-05-16 14:10:37,0,2,699,0
8juzxd,2018-05-16 13:42:02,88,r/shittyfoodporn,0,2018-05-16 14:55:28,1,5,366,0
8juzxd,2018-05-16 13:42:02,88,r/shittyfoodporn,0,2018-05-16 15:25:08,2,2,52,0
8juzxd,2018-05-16 13:42:02,88,r/shittyfoodporn,0,2018-05-16 15:44:43,3,0,35,0
8juzxd,2018-05-16 13:42:02,88,r/shittyfoodporn,0,2018-05-16 17:44:23,3,1,9,0
8juzxd,2018-05-16 13:42:02,88,r/shittyfoodporn,0,2018-05-16 18:25:30,4,0,1,0
8juzxd,2018-05-16 13:42:02,88,r/shittyfoodporn,0,2018-05-16 16:31:07,2,0,19,0
8juzxd,2018-05-16 13:42:02,88,r/shittyfoodporn,0,2018-05-16 17:24:29,2,0,3,0
8juzxd,2018-05-16 13:42:02,88,r/shittyfoodporn,0,2018-05-16 18:03:35,2,0,2,0
8juzxd,2018-05-16 13:42:02,88,r/shittyfoodporn,0,2018-05-16 17:53:41,2,0,1,0
8juzxd,2018-05-16 13:42:02,88,r/shittyfoodporn,0,2018-05-16 17:48:29,1,0,1,0
8juzxd,2018-05-16 13:42:02,88,r/shittyfoodporn,1,2018-05-16 14:29:50,0,1,153,0
8juzxd,2018-05-16 13:42:02,88,r/shittyfoodporn,1,2018-05-16 14:30:50,1,6,240,0
8juzxd,2018-05-16 13:42:02,88,r/shittyfoodporn,1,2018-05-16 14:36:27,2,3,248,0
8juzxd,2018-05-16 13:42:02,88,r/shittyfoodporn,1,2018-05-16 14:45:50,3,8,196,0
8juzxd,2018-05-16 13:42:02,88,r/shittyfoodporn,1,2018-05-16 14:46:16,4,1,32,0
8juzxd,2018-05-16 13:42:02,88,r/shittyfoodporn,1,2018-05-16 15:03:42,5,1,22,0
8juzxd,2018-05-16 13:42:02,88,r/shittyfoodporn,1,2018-05-16 15:04:16,6,1,21,0
8juzxd,2018-05-16 13:42:02,88,r/shittyfoodporn,1,2018-05-16 15:06:29,7,1,12,0
8juzxd,2018-05-16 13:42:02,88,r/shittyfoodporn,1,2018-05-16 15:06:53,8,1,5,0
8juzxd,2018-05-16 13:42:02,88,r/shittyfoodporn,1,2018-05-16 15:14:37,9,1,4,0
8juzxd,2018-05-16 13:42:02,88,r/shittyfoodporn,1,2018-05-16 15:32:58,4,1,8,0
8juzxd,2018-05-16 13:42:02,88,r/shittyfoodporn,1,2018-05-16 16:08:29,5,0,5,0
8juzxd,2018-05-16 13:42:02,88,r/shittyfoodporn,1,2018-05-16 17:24:29,4,1,4,0
8juzxd,2018-05-16 13:42:02,88,r/shittyfoodporn,1,2018-05-16 17:47:49,5,0,1,0
8juzxd,2018-05-16 13:42:02,88,r/shittyfoodporn,1,2018-05-16 15:34:55,4,0,3,0
8juzxd,2018-05-16 13:42:02,88,r/shittyfoodporn,1,2018-05-16 15:10:19,4,0,2,0
8juzxd,2018-05-16 13:42:02,88,r/shittyfoodporn,1,2018-05-16 16:19:24,4,0,1,0
8juzxd,2018-05-16 13:42:02,88,r/shittyfoodporn,1,2018-05-16 17:17:51,4,0,1,0
8juzxd,2018-05-16 13:42:02,88,r/shittyfoodporn,1,2018-05-16 16:08:20,4,0,1,0
8juzxd,2018-05-16 13:42:02,88,r/shittyfoodporn,1,2018-05-16 15:56:04,3,1,3,0
8juzxd,2018-05-16 13:42:02,88,r/shittyfoodporn,1,2018-05-16 15:56:32,4,0,3,0
8juzxd,2018-05-16 13:42:02,88,r/shittyfoodporn,1,2018-05-16 18:08:15,3,0,2,0
8juzxd,2018-05-16 13:42:02,88,r/shittyfoodporn,1,2018-05-16 15:26:19,2,0,3,0
8juzxd,2018-05-16 13:42:02,88,r/shittyfoodporn,1,2018-05-16 16:56:42,2,0,1,0
8juzxd,2018-05-16 13:42:02,88,r/shittyfoodporn,1,2018-05-16 17:02:44,2,0,1,0
8juzxd,2018-05-16 13:42:02,88,r/shittyfoodporn,1,2018-05-16 17:04:01,2,0,1,0
8juzxd,2018-05-16 13:42:02,88,r/shittyfoodporn,1,2018-05-16 17:53:11,2,0,0,0
8juzxd,2018-05-16 13:42:02,88,r/shittyfoodporn,2,2018-05-16 13:58:04,0,1,361,0
8juzxd,2018-05-16 13:42:02,88,r/shittyfoodporn,2,2018-05-16 13:59:00,1,2,191,0
8juzxd,2018-05-16 13:42:02,88,r/shittyfoodporn,2,2018-05-16 15:04:07,2,0,15,0
8juzxd,2018-05-16 13:42:02,88,r/shittyfoodporn,2,2018-05-16 16:06:11,2,0,13,0
8juzxd,2018-05-16 13:42:02,88,r/shittyfoodporn,3,2018-05-16 14:19:00,0,2,38,0
8juzxd,2018-05-16 13:42:02,88,r/shittyfoodporn,3,2018-05-16 14:33:10,1,1,94,0
8juzxd,2018-05-16 13:42:02,88,r/shittyfoodporn,3,2018-05-16 15:44:03,2,1,13,0
8juzxd,2018-05-16 13:42:02,88,r/shittyfoodporn,3,2018-05-16 16:24:45,3,1,19,0
8juzxd,2018-05-16 13:42:02,88,r/shittyfoodporn,3,2018-05-16 16:38:29,4,1,3,0
8juzxd,2018-05-16 13:42:02,88,r/shittyfoodporn,3,2018-05-16 16:53:53,5,1,4,0
8juzxd,2018-05-16 13:42:02,88,r/shittyfoodporn,3,2018-05-16 16:56:43,6,0,3,0
8juzxd,2018-05-16 13:42:02,88,r/shittyfoodporn,3,2018-05-16 15:51:20,1,0,1,0
8juzxd,2018-05-16 13:42:02,88,r/shittyfoodporn,4,2018-05-16 14:21:10,0,2,89,0
8juzxd,2018-05-16 13:42:02,88,r/shittyfoodporn,4,2018-05-16 14:32:30,1,6,91,0
8juzxd,2018-05-16 13:42:02,88,r/shittyfoodporn,4,2018-05-16 14:53:06,2,4,41,0
8juzxd,2018-05-16 13:42:02,88,r/shittyfoodporn,4,2018-05-16 16:25:10,3,0,11,0
8juzxd,2018-05-16 13:42:02,88,r/shittyfoodporn,4,2018-05-16 15:49:23,3,0,6,0
8juzxd,2018-05-16 13:42:02,88,r/shittyfoodporn,4,2018-05-16 17:12:43,3,1,4,0
8juzxd,2018-05-16 13:42:02,88,r/shittyfoodporn,4,2018-05-16 17:15:39,4,1,5,0
8juzxd,2018-05-16 13:42:02,88,r/shittyfoodporn,4,2018-05-16 17:56:13,5,0,2,0
8juzxd,2018-05-16 13:42:02,88,r/shittyfoodporn,4,2018-05-16 16:01:53,3,0,6,0
8juzxd,2018-05-16 13:42:02,88,r/shittyfoodporn,4,2018-05-16 14:36:36,2,1,20,0
8juzxd,2018-05-16 13:42:02,88,r/shittyfoodporn,4,2018-05-16 14:44:49,3,3,18,0
8juzxd,2018-05-16 13:42:02,88,r/shittyfoodporn,4,2018-05-16 14:53:59,4,3,21,0
8juzxd,2018-05-16 13:42:02,88,r/shittyfoodporn,4,2018-05-16 15:21:21,5,1,17,0
8juzxd,2018-05-16 13:42:02,88,r/shittyfoodporn,4,2018-05-16 16:03:26,6,1,4,0
8juzxd,2018-05-16 13:42:02,88,r/shittyfoodporn,4,2018-05-16 16:12:00,7,0,1,0
8juzxd,2018-05-16 13:42:02,88,r/shittyfoodporn,4,2018-05-16 15:30:05,5,1,10,0
8juzxd,2018-05-16 13:42:02,88,r/shittyfoodporn,4,2018-05-16 15:54:55,6,1,3,0
8juzxd,2018-05-16 13:42:02,88,r/shittyfoodporn,4,2018-05-16 18:15:54,7,0,2,0
8juzxd,2018-05-16 13:42:02,88,r/shittyfoodporn,4,2018-05-16 17:28:35,5,0,1,0
8juzxd,2018-05-16 13:42:02,88,r/shittyfoodporn,4,2018-05-16 14:53:15,4,0,3,0
8juzxd,2018-05-16 13:42:02,88,r/shittyfoodporn,4,2018-05-16 16:06:37,4,0,1,0
8juzxd,2018-05-16 13:42:02,88,r/shittyfoodporn,4,2018-05-16 15:29:31,2,0,4,0
8juzxd,2018-05-16 13:42:02,88,r/shittyfoodporn,4,2018-05-16 16:01:42,2,0,4,0
8juzxd,2018-05-16 13:42:02,88,r/shittyfoodporn,4,2018-05-16 15:55:13,2,0,2,0
8juzxd,2018-05-16 13:42:02,88,r/shittyfoodporn,4,2018-05-16 17:07:03,2,0,1,0
8juzxd,2018-05-16 13:42:02,88,r/shittyfoodporn,4,2018-05-16 16:26:59,1,1,3,0
8juzxd,2018-05-16 13:42:02,88,r/shittyfoodporn,4,2018-05-16 16:31:44,2,0,1,0
8juzxd,2018-05-16 13:42:02,88,r/shittyfoodporn,5,2018-05-16 14:44:09,0,2,25,0
8juzxd,2018-05-16 13:42:02,88,r/shittyfoodporn,5,2018-05-16 17:28:10,1,0,3,0
8juzxd,2018-05-16 13:42:02,88,r/shittyfoodporn,5,2018-05-16 17:48:37,1,0,1,0
8juzxd,2018-05-16 13:42:02,88,r/shittyfoodporn,6,2018-05-16 14:51:38,0,2,19,0
8juzxd,2018-05-16 13:42:02,88,r/shittyfoodporn,6,2018-05-16 14:54:30,1,1,24,0
8juzxd,2018-05-16 13:42:02,88,r/shittyfoodporn,6,2018-05-16 15:17:18,2,0,10,0
8juzxd,2018-05-16 13:42:02,88,r/shittyfoodporn,6,2018-05-16 15:57:41,1,0,2,0
8juzxd,2018-05-16 13:42:02,88,r/shittyfoodporn,7,2018-05-16 14:19:27,0,1,17,0
8juzxd,2018-05-16 13:42:02,88,r/shittyfoodporn,7,2018-05-16 14:32:50,1,2,25,0
8juzxd,2018-05-16 13:42:02,88,r/shittyfoodporn,7,2018-05-16 15:09:59,2,1,4,0
8juzxd,2018-05-16 13:42:02,88,r/shittyfoodporn,7,2018-05-16 16:25:37,3,0,3,0
8juzxd,2018-05-16 13:42:02,88,r/shittyfoodporn,7,2018-05-16 15:43:30,2,1,1,0
8juzxd,2018-05-16 13:42:02,88,r/shittyfoodporn,7,2018-05-16 16:25:46,3,0,1,0
8juzxd,2018-05-16 13:42:02,88,r/shittyfoodporn,8,2018-05-16 14:29:09,0,1,14,0
8juzxd,2018-05-16 13:42:02,88,r/shittyfoodporn,8,2018-05-16 14:31:34,1,1,28,0
8juzxd,2018-05-16 13:42:02,88,r/shittyfoodporn,8,2018-05-16 14:55:17,2,1,14,0
8juzxd,2018-05-16 13:42:02,88,r/shittyfoodporn,8,2018-05-16 15:12:15,3,2,7,0
8juzxd,2018-05-16 13:42:02,88,r/shittyfoodporn,8,2018-05-16 15:35:17,4,0,2,0
8juzxd,2018-05-16 13:42:02,88,r/shittyfoodporn,8,2018-05-16 15:57:16,4,1,2,0
8juzxd,2018-05-16 13:42:02,88,r/shittyfoodporn,8,2018-05-16 17:09:26,5,1,2,0
8juzxd,2018-05-16 13:42:02,88,r/shittyfoodporn,8,2018-05-16 17:47:19,6,1,3,0
8juzxd,2018-05-16 13:42:02,88,r/shittyfoodporn,8,2018-05-16 17:50:42,7,0,2,0
8juzxd,2018-05-16 13:42:02,88,r/shittyfoodporn,9,2018-05-16 16:24:32,0,1,13,0
8juzxd,2018-05-16 13:42:02,88,r/shittyfoodporn,9,2018-05-16 16:29:01,1,1,13,0
8juzxd,2018-05-16 13:42:02,88,r/shittyfoodporn,9,2018-05-16 16:29:45,2,0,1,0
8juzxd,2018-05-16 13:42:02,88,r/shittyfoodporn,10,2018-05-16 14:06:38,0,1,17,0
8juzxd,2018-05-16 13:42:02,88,r/shittyfoodporn,10,2018-05-16 14:34:05,1,1,29,0
8juzxd,2018-05-16 13:42:02,88,r/shittyfoodporn,10,2018-05-16 16:05:01,2,1,3,0
8juzxd,2018-05-16 13:42:02,88,r/shittyfoodporn,10,2018-05-16 16:26:25,3,0,4,0
8juzxd,2018-05-16 13:42:02,88,r/shittyfoodporn,11,2018-05-16 14:58:43,0,1,7,0
8juzxd,2018-05-16 13:42:02,88,r/shittyfoodporn,11,2018-05-16 15:00:23,1,1,23,0
8juzxd,2018-05-16 13:42:02,88,r/shittyfoodporn,11,2018-05-16 15:00:45,2,0,1,0
8juzxd,2018-05-16 13:42:02,88,r/shittyfoodporn,12,2018-05-16 17:37:45,0,0,4,0
8juzxd,2018-05-16 13:42:02,88,r/shittyfoodporn,13,2018-05-16 14:45:57,0,0,3,0
8juzxd,2018-05-16 13:42:02,88,r/shittyfoodporn,14,2018-05-16 15:09:14,0,0,3,0
8juzxd,2018-05-16 13:42:02,88,r/shittyfoodporn,15,2018-05-16 15:48:34,0,0,3,0
8juzxd,2018-05-16 13:42:02,88,r/shittyfoodporn,16,2018-05-16 15:24:39,0,0,4,0
8juzxd,2018-05-16 13:42:02,88,r/shittyfoodporn,17,2018-05-16 15:03:32,0,0,2,0
8juzxd,2018-05-16 13:42:02,88,r/shittyfoodporn,18,2018-05-16 15:05:57,0,2,2,0
8juzxd,2018-05-16 13:42:02,88,r/shittyfoodporn,18,2018-05-16 16:27:07,1,1,5,0
8juzxd,2018-05-16 13:42:02,88,r/shittyfoodporn,18,2018-05-16 16:30:58,2,0,2,0
8juzxd,2018-05-16 13:42:02,88,r/shittyfoodporn,18,2018-05-16 17:13:05,1,0,1,0
8juzxd,2018-05-16 13:42:02,88,r/shittyfoodporn,19,2018-05-16 15:09:36,0,0,2,0
8juzxd,2018-05-16 13:42:02,88,r/shittyfoodporn,20,2018-05-16 15:26:11,0,0,2,0
8juzxd,2018-05-16 13:42:02,88,r/shittyfoodporn,21,2018-05-16 16:09:59,0,0,2,0
8juzxd,2018-05-16 13:42:02,88,r/shittyfoodporn,22,2018-05-16 16:20:45,0,0,2,0
8juzxd,2018-05-16 13:42:02,88,r/shittyfoodporn,23,2018-05-16 17:00:04,0,0,2,0
8juzxd,2018-05-16 13:42:02,88,r/shittyfoodporn,24,2018-05-16 17:26:40,0,0,2,0
8juzxd,2018-05-16 13:42:02,88,r/shittyfoodporn,25,2018-05-16 17:34:39,0,0,2,0
8juzxd,2018-05-16 13:42:02,88,r/shittyfoodporn,26,2018-05-16 17:35:55,0,0,2,0
8juzxd,2018-05-16 13:42:02,88,r/shittyfoodporn,27,2018-05-16 17:46:58,0,0,2,0
8juzxd,2018-05-16 13:42:02,88,r/shittyfoodporn,28,2018-05-16 17:53:51,0,0,2,0
8juzxd,2018-05-16 13:42:02,88,r/shittyfoodporn,29,2018-05-16 17:58:28,0,0,2,0
8juzxd,2018-05-16 13:42:02,88,r/shittyfoodporn,30,2018-05-16 14:48:06,0,0,1,0
8juzxd,2018-05-16 13:42:02,88,r/shittyfoodporn,31,2018-05-16 15:05:14,0,0,1,0
8juzxd,2018-05-16 13:42:02,88,r/shittyfoodporn,32,2018-05-16 15:06:04,0,0,1,0
8juzxd,2018-05-16 13:42:02,88,r/shittyfoodporn,33,2018-05-16 15:15:53,0,0,1,0
8juzxd,2018-05-16 13:42:02,88,r/shittyfoodporn,34,2018-05-16 15:18:08,0,0,1,0
8juzxd,2018-05-16 13:42:02,88,r/shittyfoodporn,35,2018-05-16 15:19:52,0,0,1,0
8juzxd,2018-05-16 13:42:02,88,r/shittyfoodporn,36,2018-05-16 15:22:07,0,0,1,0
8juzxd,2018-05-16 13:42:02,88,r/shittyfoodporn,37,2018-05-16 15:32:38,0,0,1,0
8juzxd,2018-05-16 13:42:02,88,r/shittyfoodporn,38,2018-05-16 15:38:34,0,0,1,0
8juzxd,2018-05-16 13:42:02,88,r/shittyfoodporn,39,2018-05-16 15:41:14,0,0,1,0
8juzxd,2018-05-16 13:42:02,88,r/shittyfoodporn,40,2018-05-16 15:42:20,0,0,1,0
8juzxd,2018-05-16 13:42:02,88,r/shittyfoodporn,41,2018-05-16 15:45:30,0,0,1,0
8juzxd,2018-05-16 13:42:02,88,r/shittyfoodporn,42,2018-05-16 15:46:10,0,0,1,0
8juzxd,2018-05-16 13:42:02,88,r/shittyfoodporn,43,2018-05-16 15:52:00,0,0,1,0
8juzxd,2018-05-16 13:42:02,88,r/shittyfoodporn,44,2018-05-16 15:52:26,0,0,1,0
8juzxd,2018-05-16 13:42:02,88,r/shittyfoodporn,45,2018-05-16 15:57:46,0,0,1,0
8juzxd,2018-05-16 13:42:02,88,r/shittyfoodporn,46,2018-05-16 15:58:10,0,0,1,0
8juzxd,2018-05-16 13:42:02,88,r/shittyfoodporn,47,2018-05-16 15:59:18,0,0,1,0
8juzxd,2018-05-16 13:42:02,88,r/shittyfoodporn,48,2018-05-16 16:02:50,0,0,1,0
8juzxd,2018-05-16 13:42:02,88,r/shittyfoodporn,49,2018-05-16 16:07:29,0,0,1,0
8juzxd,2018-05-16 13:42:02,88,r/shittyfoodporn,50,2018-05-16 16:11:34,0,0,1,0
8juzxd,2018-05-16 13:42:02,88,r/shittyfoodporn,51,2018-05-16 16:15:25,0,0,1,0
8juzxd,2018-05-16 13:42:02,88,r/shittyfoodporn,52,2018-05-16 16:15:26,0,0,1,0
8juzxd,2018-05-16 13:42:02,88,r/shittyfoodporn,53,2018-05-16 16:16:31,0,0,1,0
8juzxd,2018-05-16 13:42:02,88,r/shittyfoodporn,54,2018-05-16 16:24:45,0,0,1,0
8juzxd,2018-05-16 13:42:02,88,r/shittyfoodporn,55,2018-05-16 16:30:33,0,0,1,0
8juzxd,2018-05-16 13:42:02,88,r/shittyfoodporn,56,2018-05-16 16:42:09,0,0,1,0
8juzxd,2018-05-16 13:42:02,88,r/shittyfoodporn,57,2018-05-16 16:48:04,0,0,1,0
8juzxd,2018-05-16 13:42:02,88,r/shittyfoodporn,58,2018-05-16 16:58:37,0,0,1,0
8juzxd,2018-05-16 13:42:02,88,r/shittyfoodporn,59,2018-05-16 17:01:23,0,0,1,0
8juzxd,2018-05-16 13:42:02,88,r/shittyfoodporn,60,2018-05-16 17:04:19,0,0,1,0
8juzxd,2018-05-16 13:42:02,88,r/shittyfoodporn,61,2018-05-16 17:47:10,0,0,1,0
8juzxd,2018-05-16 13:42:02,88,r/shittyfoodporn,62,2018-05-16 17:52:00,0,0,1,0
8juzxd,2018-05-16 13:42:02,88,r/shittyfoodporn,63,2018-05-16 17:55:53,0,0,1,0
8juzxd,2018-05-16 13:42:02,88,r/shittyfoodporn,64,2018-05-16 17:56:50,0,0,1,0
8juzxd,2018-05-16 13:42:02,88,r/shittyfoodporn,65,2018-05-16 17:56:50,0,0,1,0
8juzxd,2018-05-16 13:42:02,88,r/shittyfoodporn,66,2018-05-16 18:05:19,0,0,1,0
8juzxd,2018-05-16 13:42:02,88,r/shittyfoodporn,67,2018-05-16 18:06:01,0,0,1,0
8juzxd,2018-05-16 13:42:02,88,r/shittyfoodporn,68,2018-05-16 18:10:33,0,0,1,0
8juzxd,2018-05-16 13:42:02,88,r/shittyfoodporn,69,2018-05-16 18:13:36,0,0,1,0
8juzxd,2018-05-16 13:42:02,88,r/shittyfoodporn,70,2018-05-16 18:16:19,0,0,1,0
8juzxd,2018-05-16 13:42:02,88,r/shittyfoodporn,71,2018-05-16 18:19:40,0,0,1,0
8juzxd,2018-05-16 13:42:02,88,r/shittyfoodporn,72,2018-05-16 18:21:50,0,0,1,0
8juzxd,2018-05-16 13:42:02,88,r/shittyfoodporn,73,2018-05-16 18:27:46,0,0,1,0
8juzxd,2018-05-16 13:42:02,88,r/shittyfoodporn,74,2018-05-16 18:29:23,0,0,1,0
8juzxd,2018-05-16 13:42:02,88,r/shittyfoodporn,75,2018-05-16 14:48:57,0,0,1,0
8juzxd,2018-05-16 13:42:02,88,r/shittyfoodporn,76,2018-05-16 15:45:31,0,0,1,0
8juzxd,2018-05-16 13:42:02,88,r/shittyfoodporn,77,2018-05-16 16:04:48,0,1,1,0
8juzxd,2018-05-16 13:42:02,88,r/shittyfoodporn,77,2018-05-16 16:27:54,1,0,6,0
8juzxd,2018-05-16 13:42:02,88,r/shittyfoodporn,78,2018-05-16 17:07:22,0,0,0,0
8jtl5g,2018-05-16 09:33:32,89,r/likeus,0,2018-05-16 12:17:40,0,2,321,0
8jtl5g,2018-05-16 09:33:32,89,r/likeus,0,2018-05-16 14:02:24,1,2,43,0
8jtl5g,2018-05-16 09:33:32,89,r/likeus,0,2018-05-16 14:59:46,2,1,27,0
8jtl5g,2018-05-16 09:33:32,89,r/likeus,0,2018-05-16 15:27:42,3,0,7,0
8jtl5g,2018-05-16 09:33:32,89,r/likeus,0,2018-05-16 15:03:03,2,1,4,0
8jtl5g,2018-05-16 09:33:32,89,r/likeus,0,2018-05-16 15:23:15,3,1,3,0
8jtl5g,2018-05-16 09:33:32,89,r/likeus,0,2018-05-16 15:28:15,4,0,1,0
8jtl5g,2018-05-16 09:33:32,89,r/likeus,0,2018-05-16 13:35:56,1,1,47,0
8jtl5g,2018-05-16 09:33:32,89,r/likeus,0,2018-05-16 15:58:28,2,3,7,0
8jtl5g,2018-05-16 09:33:32,89,r/likeus,0,2018-05-16 16:19:42,3,0,5,0
8jtl5g,2018-05-16 09:33:32,89,r/likeus,0,2018-05-16 16:20:04,3,0,1,0
8jtl5g,2018-05-16 09:33:32,89,r/likeus,0,2018-05-16 16:37:34,3,0,1,0
8jtl5g,2018-05-16 09:33:32,89,r/likeus,1,2018-05-16 12:11:23,0,9,541,0
8jtl5g,2018-05-16 09:33:32,89,r/likeus,1,2018-05-16 12:15:48,1,7,437,0
8jtl5g,2018-05-16 09:33:32,89,r/likeus,1,2018-05-16 12:17:12,2,3,113,0
8jtl5g,2018-05-16 09:33:32,89,r/likeus,1,2018-05-16 12:34:27,3,2,163,0
8jtl5g,2018-05-16 09:33:32,89,r/likeus,1,2018-05-16 12:35:23,4,2,51,0
8jtl5g,2018-05-16 09:33:32,89,r/likeus,1,2018-05-16 13:14:48,5,1,19,0
8jtl5g,2018-05-16 09:33:32,89,r/likeus,1,2018-05-16 13:26:37,6,1,14,0
8jtl5g,2018-05-16 09:33:32,89,r/likeus,1,2018-05-16 13:48:07,7,1,21,0
8jtl5g,2018-05-16 09:33:32,89,r/likeus,1,2018-05-16 13:56:53,8,1,5,0
8jtl5g,2018-05-16 09:33:32,89,r/likeus,1,2018-05-16 15:01:07,9,0,5,0
8jtl5g,2018-05-16 09:33:32,89,r/likeus,1,2018-05-16 16:29:45,5,0,2,0
8jtl5g,2018-05-16 09:33:32,89,r/likeus,1,2018-05-16 13:14:12,4,0,12,0
8jtl5g,2018-05-16 09:33:32,89,r/likeus,1,2018-05-16 12:57:39,3,0,9,0
8jtl5g,2018-05-16 09:33:32,89,r/likeus,1,2018-05-16 14:15:51,3,0,3,0
8jtl5g,2018-05-16 09:33:32,89,r/likeus,1,2018-05-16 13:00:40,2,1,57,0
8jtl5g,2018-05-16 09:33:32,89,r/likeus,1,2018-05-16 13:13:25,3,1,15,0
8jtl5g,2018-05-16 09:33:32,89,r/likeus,1,2018-05-16 13:23:39,4,1,13,0
8jtl5g,2018-05-16 09:33:32,89,r/likeus,1,2018-05-16 15:55:21,5,0,1,0
8jtl5g,2018-05-16 09:33:32,89,r/likeus,1,2018-05-16 14:30:56,2,0,14,0
8jtl5g,2018-05-16 09:33:32,89,r/likeus,1,2018-05-16 13:23:57,2,2,6,0
8jtl5g,2018-05-16 09:33:32,89,r/likeus,1,2018-05-16 14:50:38,3,0,2,0
8jtl5g,2018-05-16 09:33:32,89,r/likeus,1,2018-05-16 13:43:02,3,0,1,0
8jtl5g,2018-05-16 09:33:32,89,r/likeus,1,2018-05-16 14:51:10,2,1,3,0
8jtl5g,2018-05-16 09:33:32,89,r/likeus,1,2018-05-16 15:04:00,3,0,5,0
8jtl5g,2018-05-16 09:33:32,89,r/likeus,1,2018-05-16 14:07:08,2,0,1,0
8jtl5g,2018-05-16 09:33:32,89,r/likeus,1,2018-05-16 14:32:50,2,1,1,0
8jtl5g,2018-05-16 09:33:32,89,r/likeus,1,2018-05-16 15:04:45,3,0,6,0
8jtl5g,2018-05-16 09:33:32,89,r/likeus,1,2018-05-16 12:48:30,1,2,80,0
8jtl5g,2018-05-16 09:33:32,89,r/likeus,1,2018-05-16 12:55:20,2,3,25,0
8jtl5g,2018-05-16 09:33:32,89,r/likeus,1,2018-05-16 15:22:15,3,0,14,0
8jtl5g,2018-05-16 09:33:32,89,r/likeus,1,2018-05-16 14:08:15,3,1,4,0
8jtl5g,2018-05-16 09:33:32,89,r/likeus,1,2018-05-16 14:46:22,4,0,3,0
8jtl5g,2018-05-16 09:33:32,89,r/likeus,1,2018-05-16 16:20:10,3,0,1,0
8jtl5g,2018-05-16 09:33:32,89,r/likeus,1,2018-05-16 14:09:39,2,0,3,0
8jtl5g,2018-05-16 09:33:32,89,r/likeus,1,2018-05-16 12:11:32,1,3,67,0
8jtl5g,2018-05-16 09:33:32,89,r/likeus,1,2018-05-16 12:52:58,2,3,42,0
8jtl5g,2018-05-16 09:33:32,89,r/likeus,1,2018-05-16 13:16:19,3,0,9,0
8jtl5g,2018-05-16 09:33:32,89,r/likeus,1,2018-05-16 14:02:28,3,1,8,0
8jtl5g,2018-05-16 09:33:32,89,r/likeus,1,2018-05-16 14:26:15,4,1,4,0
8jtl5g,2018-05-16 09:33:32,89,r/likeus,1,2018-05-16 14:34:40,5,0,1,0
8jtl5g,2018-05-16 09:33:32,89,r/likeus,1,2018-05-16 15:00:48,3,0,1,0
8jtl5g,2018-05-16 09:33:32,89,r/likeus,1,2018-05-16 14:59:52,2,0,3,0
8jtl5g,2018-05-16 09:33:32,89,r/likeus,1,2018-05-16 14:24:16,2,1,1,0
8jtl5g,2018-05-16 09:33:32,89,r/likeus,1,2018-05-16 14:37:11,3,1,13,0
8jtl5g,2018-05-16 09:33:32,89,r/likeus,1,2018-05-16 15:57:09,4,1,2,0
8jtl5g,2018-05-16 09:33:32,89,r/likeus,1,2018-05-16 15:59:03,5,1,2,0
8jtl5g,2018-05-16 09:33:32,89,r/likeus,1,2018-05-16 16:05:30,6,0,1,0
8jtl5g,2018-05-16 09:33:32,89,r/likeus,1,2018-05-16 12:44:32,1,3,27,0
8jtl5g,2018-05-16 09:33:32,89,r/likeus,1,2018-05-16 13:26:43,2,1,43,0
8jtl5g,2018-05-16 09:33:32,89,r/likeus,1,2018-05-16 17:14:03,3,0,1,0
8jtl5g,2018-05-16 09:33:32,89,r/likeus,1,2018-05-16 14:37:54,2,2,6,0
8jtl5g,2018-05-16 09:33:32,89,r/likeus,1,2018-05-16 14:42:01,3,2,12,0
8jtl5g,2018-05-16 09:33:32,89,r/likeus,1,2018-05-16 15:02:11,4,0,4,0
8jtl5g,2018-05-16 09:33:32,89,r/likeus,1,2018-05-16 15:39:04,4,0,1,0
8jtl5g,2018-05-16 09:33:32,89,r/likeus,1,2018-05-16 16:14:35,3,0,1,0
8jtl5g,2018-05-16 09:33:32,89,r/likeus,1,2018-05-16 15:08:38,2,1,2,0
8jtl5g,2018-05-16 09:33:32,89,r/likeus,1,2018-05-16 16:59:40,3,0,1,0
8jtl5g,2018-05-16 09:33:32,89,r/likeus,1,2018-05-16 13:14:15,1,1,10,0
8jtl5g,2018-05-16 09:33:32,89,r/likeus,1,2018-05-16 13:31:15,2,0,11,0
8jtl5g,2018-05-16 09:33:32,89,r/likeus,1,2018-05-16 12:11:30,1,0,4,0
8jtl5g,2018-05-16 09:33:32,89,r/likeus,1,2018-05-16 13:00:32,1,0,4,0
8jtl5g,2018-05-16 09:33:32,89,r/likeus,1,2018-05-16 14:55:32,1,0,2,0
8jtl5g,2018-05-16 09:33:32,89,r/likeus,1,2018-05-16 15:37:58,1,1,1,0
8jtl5g,2018-05-16 09:33:32,89,r/likeus,1,2018-05-16 16:15:47,2,0,2,0
8jtl5g,2018-05-16 09:33:32,89,r/likeus,2,2018-05-16 11:58:36,0,5,48,0
8jtl5g,2018-05-16 09:33:32,89,r/likeus,2,2018-05-16 13:14:32,1,2,49,0
8jtl5g,2018-05-16 09:33:32,89,r/likeus,2,2018-05-16 15:34:10,2,0,4,0
8jtl5g,2018-05-16 09:33:32,89,r/likeus,2,2018-05-16 16:30:31,2,0,3,0
8jtl5g,2018-05-16 09:33:32,89,r/likeus,2,2018-05-16 13:36:34,1,0,10,0
8jtl5g,2018-05-16 09:33:32,89,r/likeus,2,2018-05-16 13:53:08,1,1,5,0
8jtl5g,2018-05-16 09:33:32,89,r/likeus,2,2018-05-16 16:03:15,2,0,1,0
8jtl5g,2018-05-16 09:33:32,89,r/likeus,2,2018-05-16 13:01:59,1,0,2,0
8jtl5g,2018-05-16 09:33:32,89,r/likeus,2,2018-05-16 16:02:44,1,0,2,0
8jtl5g,2018-05-16 09:33:32,89,r/likeus,3,2018-05-16 13:19:02,0,0,20,0
8jtl5g,2018-05-16 09:33:32,89,r/likeus,4,2018-05-16 12:18:18,0,0,11,0
8jtl5g,2018-05-16 09:33:32,89,r/likeus,5,2018-05-16 11:30:09,0,1,25,0
8jtl5g,2018-05-16 09:33:32,89,r/likeus,5,2018-05-16 11:47:44,1,0,4,0
8jtl5g,2018-05-16 09:33:32,89,r/likeus,6,2018-05-16 12:53:14,0,0,4,0
8jtl5g,2018-05-16 09:33:32,89,r/likeus,7,2018-05-16 11:32:26,0,0,7,0
8jtl5g,2018-05-16 09:33:32,89,r/likeus,8,2018-05-16 13:30:27,0,1,3,0
8jtl5g,2018-05-16 09:33:32,89,r/likeus,8,2018-05-16 15:00:45,1,0,3,0
8jtl5g,2018-05-16 09:33:32,89,r/likeus,9,2018-05-16 13:55:16,0,1,3,0
8jtl5g,2018-05-16 09:33:32,89,r/likeus,9,2018-05-16 16:16:17,1,1,4,0
8jtl5g,2018-05-16 09:33:32,89,r/likeus,9,2018-05-16 16:34:45,2,0,1,0
8jtl5g,2018-05-16 09:33:32,89,r/likeus,10,2018-05-16 14:25:11,0,0,3,0
8jtl5g,2018-05-16 09:33:32,89,r/likeus,11,2018-05-16 13:32:00,0,0,3,0
8jtl5g,2018-05-16 09:33:32,89,r/likeus,12,2018-05-16 12:03:23,0,0,2,0
8jtl5g,2018-05-16 09:33:32,89,r/likeus,13,2018-05-16 12:50:42,0,0,1,0
8jtl5g,2018-05-16 09:33:32,89,r/likeus,14,2018-05-16 14:23:50,0,0,1,0
8jtl5g,2018-05-16 09:33:32,89,r/likeus,15,2018-05-16 16:29:02,0,0,1,0
8jtl5g,2018-05-16 09:33:32,89,r/likeus,16,2018-05-16 16:33:05,0,1,-1,0
8jtl5g,2018-05-16 09:33:32,89,r/likeus,16,2018-05-16 18:06:55,1,0,2,0
8jtl5g,2018-05-16 09:33:32,89,r/likeus,17,2018-05-16 16:44:14,0,0,0,0
8jtl5g,2018-05-16 09:33:32,89,r/likeus,18,2018-05-16 16:25:42,0,0,-2,0
8jtylr,2018-05-16 10:52:09,90,r/pics,0,2018-05-16 10:53:11,0,26,3504,0
8jtylr,2018-05-16 10:52:09,90,r/pics,0,2018-05-16 13:33:08,1,11,1462,0
8jtylr,2018-05-16 10:52:09,90,r/pics,0,2018-05-16 14:58:20,2,16,663,0
8jtylr,2018-05-16 10:52:09,90,r/pics,0,2018-05-16 16:21:06,3,6,416,0
8jtylr,2018-05-16 10:52:09,90,r/pics,0,2018-05-16 17:23:34,4,1,114,0
8jtylr,2018-05-16 10:52:09,90,r/pics,0,2018-05-16 18:01:01,5,2,1,0
8jtylr,2018-05-16 10:52:09,90,r/pics,0,2018-05-16 18:13:33,6,0,1,0
8jtylr,2018-05-16 10:52:09,90,r/pics,0,2018-05-16 18:05:12,6,1,1,0
8jtylr,2018-05-16 10:52:09,90,r/pics,0,2018-05-16 18:12:19,7,3,1,0
8jtylr,2018-05-16 10:52:09,90,r/pics,0,2018-05-16 18:20:12,8,0,1,0
8jtylr,2018-05-16 10:52:09,90,r/pics,0,2018-05-16 18:21:53,8,1,1,0
8jtylr,2018-05-16 10:52:09,90,r/pics,0,2018-05-16 18:25:20,9,0,1,0
8jtylr,2018-05-16 10:52:09,90,r/pics,0,2018-05-16 16:44:18,4,1,89,0
8jtylr,2018-05-16 10:52:09,90,r/pics,0,2018-05-16 17:41:23,5,0,1,0
8jtylr,2018-05-16 10:52:09,90,r/pics,0,2018-05-16 17:53:47,4,3,1,0
8jtylr,2018-05-16 10:52:09,90,r/pics,0,2018-05-16 18:06:46,5,0,1,0
8jtylr,2018-05-16 10:52:09,90,r/pics,0,2018-05-16 18:24:29,5,0,1,0
8jtylr,2018-05-16 10:52:09,90,r/pics,0,2018-05-16 18:26:41,5,1,1,0
8jtylr,2018-05-16 10:52:09,90,r/pics,0,2018-05-16 18:30:49,6,0,1,0
8jtylr,2018-05-16 10:52:09,90,r/pics,0,2018-05-16 17:55:22,4,2,1,0
8jtylr,2018-05-16 10:52:09,90,r/pics,0,2018-05-16 18:15:29,5,0,1,0
8jtylr,2018-05-16 10:52:09,90,r/pics,0,2018-05-16 18:03:29,5,0,1,0
8jtylr,2018-05-16 10:52:09,90,r/pics,0,2018-05-16 18:23:52,4,0,1,0
8jtylr,2018-05-16 10:52:09,90,r/pics,0,2018-05-16 17:46:24,4,1,1,0
8jtylr,2018-05-16 10:52:09,90,r/pics,0,2018-05-16 17:49:52,5,1,1,0
8jtylr,2018-05-16 10:52:09,90,r/pics,0,2018-05-16 17:58:19,6,0,1,0
8jtylr,2018-05-16 10:52:09,90,r/pics,0,2018-05-16 15:51:13,3,3,58,0
8jtylr,2018-05-16 10:52:09,90,r/pics,0,2018-05-16 15:59:40,4,0,62,0
8jtylr,2018-05-16 10:52:09,90,r/pics,0,2018-05-16 16:07:35,4,2,33,0
8jtylr,2018-05-16 10:52:09,90,r/pics,0,2018-05-16 16:54:47,5,1,46,0
8jtylr,2018-05-16 10:52:09,90,r/pics,0,2018-05-16 17:22:15,6,3,27,0
8jtylr,2018-05-16 10:52:09,90,r/pics,0,2018-05-16 17:28:42,7,0,4,0
8jtylr,2018-05-16 10:52:09,90,r/pics,0,2018-05-16 17:26:35,7,0,3,0
8jtylr,2018-05-16 10:52:09,90,r/pics,0,2018-05-16 18:12:47,7,0,1,0
8jtylr,2018-05-16 10:52:09,90,r/pics,0,2018-05-16 17:55:42,5,0,1,0
8jtylr,2018-05-16 10:52:09,90,r/pics,0,2018-05-16 17:59:38,4,0,1,0
8jtylr,2018-05-16 10:52:09,90,r/pics,0,2018-05-16 15:23:53,3,2,271,0
8jtylr,2018-05-16 10:52:09,90,r/pics,0,2018-05-16 15:40:46,4,4,330,0
8jtylr,2018-05-16 10:52:09,90,r/pics,0,2018-05-16 15:47:13,5,2,154,0
8jtylr,2018-05-16 10:52:09,90,r/pics,0,2018-05-16 16:27:24,6,4,205,0
8jtylr,2018-05-16 10:52:09,90,r/pics,0,2018-05-16 16:30:06,7,3,171,0
8jtylr,2018-05-16 10:52:09,90,r/pics,0,2018-05-16 17:00:24,8,3,65,0
8jtylr,2018-05-16 10:52:09,90,r/pics,0,2018-05-16 17:18:03,9,0,8,0
8jtylr,2018-05-16 10:52:09,90,r/pics,0,2018-05-16 17:26:43,9,1,6,0
8jtylr,2018-05-16 10:52:09,90,r/pics,0,2018-05-16 17:29:55,9,0,4,0
8jtylr,2018-05-16 10:52:09,90,r/pics,0,2018-05-16 16:35:05,8,5,96,0
8jtylr,2018-05-16 10:52:09,90,r/pics,0,2018-05-16 16:37:18,9,1,75,0
8jtylr,2018-05-16 10:52:09,90,r/pics,0,2018-05-16 17:45:03,9,0,1,0
8jtylr,2018-05-16 10:52:09,90,r/pics,0,2018-05-16 16:37:57,9,0,10,0
8jtylr,2018-05-16 10:52:09,90,r/pics,0,2018-05-16 17:04:42,9,0,4,0
8jtylr,2018-05-16 10:52:09,90,r/pics,0,2018-05-16 16:38:53,9,0,1,0
8jtylr,2018-05-16 10:52:09,90,r/pics,0,2018-05-16 17:54:27,8,0,1,0
8jtylr,2018-05-16 10:52:09,90,r/pics,0,2018-05-16 16:48:22,7,0,4,0
8jtylr,2018-05-16 10:52:09,90,r/pics,0,2018-05-16 16:31:24,7,0,4,0
8jtylr,2018-05-16 10:52:09,90,r/pics,0,2018-05-16 16:31:09,7,0,5,0
8jtylr,2018-05-16 10:52:09,90,r/pics,0,2018-05-16 17:59:08,6,0,1,0
8jtylr,2018-05-16 10:52:09,90,r/pics,0,2018-05-16 16:12:03,5,3,31,0
8jtylr,2018-05-16 10:52:09,90,r/pics,0,2018-05-16 16:17:17,6,0,18,0
8jtylr,2018-05-16 10:52:09,90,r/pics,0,2018-05-16 16:50:03,6,0,4,0
8jtylr,2018-05-16 10:52:09,90,r/pics,0,2018-05-16 17:57:22,6,0,1,0
8jtylr,2018-05-16 10:52:09,90,r/pics,0,2018-05-16 17:34:01,5,0,1,0
8jtylr,2018-05-16 10:52:09,90,r/pics,0,2018-05-16 17:36:59,5,0,1,0
8jtylr,2018-05-16 10:52:09,90,r/pics,0,2018-05-16 17:44:45,4,0,1,0
8jtylr,2018-05-16 10:52:09,90,r/pics,0,2018-05-16 15:46:37,3,3,29,0
8jtylr,2018-05-16 10:52:09,90,r/pics,0,2018-05-16 16:06:17,4,2,54,0
8jtylr,2018-05-16 10:52:09,90,r/pics,0,2018-05-16 16:32:39,5,1,43,0
8jtylr,2018-05-16 10:52:09,90,r/pics,0,2018-05-16 16:36:07,6,2,18,0
8jtylr,2018-05-16 10:52:09,90,r/pics,0,2018-05-16 16:48:32,7,0,5,0
8jtylr,2018-05-16 10:52:09,90,r/pics,0,2018-05-16 17:57:13,7,0,1,0
8jtylr,2018-05-16 10:52:09,90,r/pics,0,2018-05-16 16:47:17,5,2,4,0
8jtylr,2018-05-16 10:52:09,90,r/pics,0,2018-05-16 17:15:05,6,0,1,0
8jtylr,2018-05-16 10:52:09,90,r/pics,0,2018-05-16 17:31:21,6,0,1,0
8jtylr,2018-05-16 10:52:09,90,r/pics,0,2018-05-16 16:33:06,4,1,28,0
8jtylr,2018-05-16 10:52:09,90,r/pics,0,2018-05-16 17:58:04,5,0,1,0
8jtylr,2018-05-16 10:52:09,90,r/pics,0,2018-05-16 17:05:02,4,1,4,0
8jtylr,2018-05-16 10:52:09,90,r/pics,0,2018-05-16 17:07:03,3,1,20,0
8jtylr,2018-05-16 10:52:09,90,r/pics,0,2018-05-16 18:10:23,4,0,1,0
8jtylr,2018-05-16 10:52:09,90,r/pics,0,2018-05-16 16:11:37,3,2,15,0
8jtylr,2018-05-16 10:52:09,90,r/pics,0,2018-05-16 16:28:58,4,2,11,0
8jtylr,2018-05-16 10:52:09,90,r/pics,0,2018-05-16 16:48:18,5,1,28,0
8jtylr,2018-05-16 10:52:09,90,r/pics,0,2018-05-16 17:10:47,6,1,4,0
8jtylr,2018-05-16 10:52:09,90,r/pics,0,2018-05-16 17:12:03,7,1,1,0
8jtylr,2018-05-16 10:52:09,90,r/pics,0,2018-05-16 16:49:53,5,2,5,0
8jtylr,2018-05-16 10:52:09,90,r/pics,0,2018-05-16 17:08:40,6,1,3,0
8jtylr,2018-05-16 10:52:09,90,r/pics,0,2018-05-16 17:18:22,7,2,8,0
8jtylr,2018-05-16 10:52:09,90,r/pics,0,2018-05-16 17:25:35,8,0,1,0
8jtylr,2018-05-16 10:52:09,90,r/pics,0,2018-05-16 17:36:09,8,0,1,0
8jtylr,2018-05-16 10:52:09,90,r/pics,0,2018-05-16 17:19:14,6,0,1,0
8jtylr,2018-05-16 10:52:09,90,r/pics,0,2018-05-16 17:15:34,4,0,1,0
8jtylr,2018-05-16 10:52:09,90,r/pics,0,2018-05-16 16:15:43,3,0,13,0
8jtylr,2018-05-16 10:52:09,90,r/pics,0,2018-05-16 16:25:38,3,1,13,0
8jtylr,2018-05-16 10:52:09,90,r/pics,0,2018-05-16 17:29:23,4,0,1,0
8jtylr,2018-05-16 10:52:09,90,r/pics,0,2018-05-16 16:29:18,3,0,6,0
8jtylr,2018-05-16 10:52:09,90,r/pics,0,2018-05-16 16:54:24,3,0,5,0
8jtylr,2018-05-16 10:52:09,90,r/pics,0,2018-05-16 17:00:45,3,0,4,0
8jtylr,2018-05-16 10:52:09,90,r/pics,0,2018-05-16 17:08:18,3,0,3,0
8jtylr,2018-05-16 10:52:09,90,r/pics,0,2018-05-16 17:37:37,3,0,1,0
8jtylr,2018-05-16 10:52:09,90,r/pics,0,2018-05-16 17:42:40,3,0,1,0
8jtylr,2018-05-16 10:52:09,90,r/pics,0,2018-05-16 17:52:24,3,0,1,0
8jtylr,2018-05-16 10:52:09,90,r/pics,0,2018-05-16 18:07:04,3,0,1,0
8jtylr,2018-05-16 10:52:09,90,r/pics,0,2018-05-16 15:44:05,2,0,24,0
8jtylr,2018-05-16 10:52:09,90,r/pics,0,2018-05-16 16:32:27,2,2,10,0
8jtylr,2018-05-16 10:52:09,90,r/pics,0,2018-05-16 16:57:38,3,0,20,0
8jtylr,2018-05-16 10:52:09,90,r/pics,0,2018-05-16 16:57:06,3,0,6,0
8jtylr,2018-05-16 10:52:09,90,r/pics,0,2018-05-16 16:43:08,2,0,3,0
8jtylr,2018-05-16 10:52:09,90,r/pics,0,2018-05-16 17:11:16,2,0,3,0
8jtylr,2018-05-16 10:52:09,90,r/pics,0,2018-05-16 17:28:44,2,0,1,0
8jtylr,2018-05-16 10:52:09,90,r/pics,0,2018-05-16 17:35:40,2,0,1,0
8jtylr,2018-05-16 10:52:09,90,r/pics,0,2018-05-16 17:44:43,2,0,1,0
8jtylr,2018-05-16 10:52:09,90,r/pics,0,2018-05-16 17:53:27,2,0,1,0
8jtylr,2018-05-16 10:52:09,90,r/pics,0,2018-05-16 17:58:17,2,0,1,0
8jtylr,2018-05-16 10:52:09,90,r/pics,0,2018-05-16 18:12:25,2,0,1,0
8jtylr,2018-05-16 10:52:09,90,r/pics,0,2018-05-16 16:09:03,1,3,233,0
8jtylr,2018-05-16 10:52:09,90,r/pics,0,2018-05-16 16:28:10,2,0,15,0
8jtylr,2018-05-16 10:52:09,90,r/pics,0,2018-05-16 16:31:30,2,3,37,0
8jtylr,2018-05-16 10:52:09,90,r/pics,0,2018-05-16 16:42:32,3,0,44,0
8jtylr,2018-05-16 10:52:09,90,r/pics,0,2018-05-16 16:44:42,3,1,17,0
8jtylr,2018-05-16 10:52:09,90,r/pics,0,2018-05-16 16:50:27,4,1,8,0
8jtylr,2018-05-16 10:52:09,90,r/pics,0,2018-05-16 17:24:43,5,0,1,0
8jtylr,2018-05-16 10:52:09,90,r/pics,0,2018-05-16 16:50:14,3,0,6,0
8jtylr,2018-05-16 10:52:09,90,r/pics,0,2018-05-16 18:14:24,2,0,1,0
8jtylr,2018-05-16 10:52:09,90,r/pics,0,2018-05-16 15:15:55,1,1,58,0
8jtylr,2018-05-16 10:52:09,90,r/pics,0,2018-05-16 16:48:59,2,1,30,0
8jtylr,2018-05-16 10:52:09,90,r/pics,0,2018-05-16 17:02:53,3,1,20,0
8jtylr,2018-05-16 10:52:09,90,r/pics,0,2018-05-16 17:12:20,4,1,1,0
8jtylr,2018-05-16 10:52:09,90,r/pics,0,2018-05-16 17:14:42,5,3,-23,0
8jtylr,2018-05-16 10:52:09,90,r/pics,0,2018-05-16 17:28:20,6,1,17,0
8jtylr,2018-05-16 10:52:09,90,r/pics,0,2018-05-16 17:25:31,6,0,12,0
8jtylr,2018-05-16 10:52:09,90,r/pics,0,2018-05-16 16:05:50,1,4,45,0
8jtylr,2018-05-16 10:52:09,90,r/pics,0,2018-05-16 16:16:18,2,2,52,0
8jtylr,2018-05-16 10:52:09,90,r/pics,0,2018-05-16 16:17:30,3,2,18,0
8jtylr,2018-05-16 10:52:09,90,r/pics,0,2018-05-16 16:19:38,4,1,52,0
8jtylr,2018-05-16 10:52:09,90,r/pics,0,2018-05-16 17:06:39,5,2,0,0
8jtylr,2018-05-16 10:52:09,90,r/pics,0,2018-05-16 17:29:07,6,3,15,0
8jtylr,2018-05-16 10:52:09,90,r/pics,0,2018-05-16 18:02:41,7,0,1,0
8jtylr,2018-05-16 10:52:09,90,r/pics,0,2018-05-16 17:49:01,7,1,1,0
8jtylr,2018-05-16 10:52:09,90,r/pics,0,2018-05-16 18:07:50,7,0,1,0
8jtylr,2018-05-16 10:52:09,90,r/pics,0,2018-05-16 17:48:47,6,4,1,0
8jtylr,2018-05-16 10:52:09,90,r/pics,0,2018-05-16 17:59:24,7,1,1,0
8jtylr,2018-05-16 10:52:09,90,r/pics,0,2018-05-16 18:13:03,8,0,1,0
8jtylr,2018-05-16 10:52:09,90,r/pics,0,2018-05-16 18:03:36,7,0,1,0
8jtylr,2018-05-16 10:52:09,90,r/pics,0,2018-05-16 18:01:17,7,0,1,0
8jtylr,2018-05-16 10:52:09,90,r/pics,0,2018-05-16 18:08:10,7,0,1,0
8jtylr,2018-05-16 10:52:09,90,r/pics,0,2018-05-16 18:19:59,4,0,1,0
8jtylr,2018-05-16 10:52:09,90,r/pics,0,2018-05-16 18:11:59,3,1,1,0
8jtylr,2018-05-16 10:52:09,90,r/pics,0,2018-05-16 16:59:17,2,1,18,0
8jtylr,2018-05-16 10:52:09,90,r/pics,0,2018-05-16 17:46:53,3,1,1,0
8jtylr,2018-05-16 10:52:09,90,r/pics,0,2018-05-16 18:25:32,4,0,1,0
8jtylr,2018-05-16 10:52:09,90,r/pics,0,2018-05-16 16:42:34,2,1,4,0
8jtylr,2018-05-16 10:52:09,90,r/pics,0,2018-05-16 17:30:25,3,0,1,0
8jtylr,2018-05-16 10:52:09,90,r/pics,0,2018-05-16 17:54:38,2,0,1,0
8jtylr,2018-05-16 10:52:09,90,r/pics,0,2018-05-16 14:13:57,1,2,68,0
8jtylr,2018-05-16 10:52:09,90,r/pics,0,2018-05-16 15:14:25,2,1,37,0
8jtylr,2018-05-16 10:52:09,90,r/pics,0,2018-05-16 15:18:32,3,2,2,0
8jtylr,2018-05-16 10:52:09,90,r/pics,0,2018-05-16 15:20:07,4,4,7,0
8jtylr,2018-05-16 10:52:09,90,r/pics,0,2018-05-16 15:46:47,5,2,14,0
8jtylr,2018-05-16 10:52:09,90,r/pics,0,2018-05-16 15:52:47,6,2,7,0
8jtylr,2018-05-16 10:52:09,90,r/pics,0,2018-05-16 16:14:12,7,1,3,0
8jtylr,2018-05-16 10:52:09,90,r/pics,0,2018-05-16 17:00:27,8,1,1,0
8jtylr,2018-05-16 10:52:09,90,r/pics,0,2018-05-16 17:59:28,9,0,1,0
8jtylr,2018-05-16 10:52:09,90,r/pics,0,2018-05-16 15:55:05,7,1,5,0
8jtylr,2018-05-16 10:52:09,90,r/pics,0,2018-05-16 16:01:41,8,1,2,0
8jtylr,2018-05-16 10:52:09,90,r/pics,0,2018-05-16 16:03:27,9,0,1,0
8jtylr,2018-05-16 10:52:09,90,r/pics,0,2018-05-16 16:24:52,6,0,2,0
8jtylr,2018-05-16 10:52:09,90,r/pics,0,2018-05-16 16:47:54,5,0,3,0
8jtylr,2018-05-16 10:52:09,90,r/pics,0,2018-05-16 17:16:42,5,0,1,0
8jtylr,2018-05-16 10:52:09,90,r/pics,0,2018-05-16 15:27:26,5,1,1,0
8jtylr,2018-05-16 10:52:09,90,r/pics,0,2018-05-16 15:29:13,6,0,2,0
8jtylr,2018-05-16 10:52:09,90,r/pics,0,2018-05-16 17:19:29,4,1,1,0
8jtylr,2018-05-16 10:52:09,90,r/pics,0,2018-05-16 17:34:41,5,0,1,0
8jtylr,2018-05-16 10:52:09,90,r/pics,0,2018-05-16 16:39:45,2,0,1,0
8jtylr,2018-05-16 10:52:09,90,r/pics,0,2018-05-16 15:58:34,1,1,15,0
8jtylr,2018-05-16 10:52:09,90,r/pics,0,2018-05-16 16:56:31,2,1,19,0
8jtylr,2018-05-16 10:52:09,90,r/pics,0,2018-05-16 17:03:19,3,2,4,0
8jtylr,2018-05-16 10:52:09,90,r/pics,0,2018-05-16 17:20:18,4,1,7,0
8jtylr,2018-05-16 10:52:09,90,r/pics,0,2018-05-16 17:49:25,5,0,1,0
8jtylr,2018-05-16 10:52:09,90,r/pics,0,2018-05-16 18:02:08,4,0,1,0
8jtylr,2018-05-16 10:52:09,90,r/pics,0,2018-05-16 15:19:07,1,0,5,0
8jtylr,2018-05-16 10:52:09,90,r/pics,0,2018-05-16 15:35:36,1,0,7,0
8jtylr,2018-05-16 10:52:09,90,r/pics,0,2018-05-16 13:54:42,1,0,4,0
8jtylr,2018-05-16 10:52:09,90,r/pics,0,2018-05-16 16:22:06,1,0,4,0
8jtylr,2018-05-16 10:52:09,90,r/pics,0,2018-05-16 16:22:14,1,1,5,0
8jtylr,2018-05-16 10:52:09,90,r/pics,0,2018-05-16 17:08:53,2,1,8,0
8jtylr,2018-05-16 10:52:09,90,r/pics,0,2018-05-16 17:36:56,3,0,1,0
8jtylr,2018-05-16 10:52:09,90,r/pics,0,2018-05-16 16:37:44,1,1,7,0
8jtylr,2018-05-16 10:52:09,90,r/pics,0,2018-05-16 17:37:52,2,1,1,0
8jtylr,2018-05-16 10:52:09,90,r/pics,0,2018-05-16 17:47:40,3,0,1,0
8jtylr,2018-05-16 10:52:09,90,r/pics,0,2018-05-16 15:21:49,1,2,3,0
8jtylr,2018-05-16 10:52:09,90,r/pics,0,2018-05-16 15:43:24,2,1,26,0
8jtylr,2018-05-16 10:52:09,90,r/pics,0,2018-05-16 16:00:00,3,1,2,0
8jtylr,2018-05-16 10:52:09,90,r/pics,0,2018-05-16 16:15:37,4,1,12,0
8jtylr,2018-05-16 10:52:09,90,r/pics,0,2018-05-16 17:15:53,5,0,1,0
8jtylr,2018-05-16 10:52:09,90,r/pics,0,2018-05-16 17:07:00,2,0,1,0
8jtylr,2018-05-16 10:52:09,90,r/pics,0,2018-05-16 17:04:29,1,2,2,0
8jtylr,2018-05-16 10:52:09,90,r/pics,0,2018-05-16 17:28:50,2,1,5,0
8jtylr,2018-05-16 10:52:09,90,r/pics,0,2018-05-16 17:34:56,3,0,1,0
8jtylr,2018-05-16 10:52:09,90,r/pics,0,2018-05-16 18:24:20,2,0,1,0
8jtylr,2018-05-16 10:52:09,90,r/pics,0,2018-05-16 17:14:21,1,0,2,0
8jtylr,2018-05-16 10:52:09,90,r/pics,0,2018-05-16 16:41:45,1,0,1,0
8jtylr,2018-05-16 10:52:09,90,r/pics,0,2018-05-16 16:42:01,1,0,1,0
8jtylr,2018-05-16 10:52:09,90,r/pics,0,2018-05-16 16:49:54,1,0,1,0
8jtylr,2018-05-16 10:52:09,90,r/pics,0,2018-05-16 17:20:40,1,0,1,0
8jtylr,2018-05-16 10:52:09,90,r/pics,0,2018-05-16 17:32:34,1,0,1,0
8jtylr,2018-05-16 10:52:09,90,r/pics,0,2018-05-16 17:48:06,1,0,1,0
8jtylr,2018-05-16 10:52:09,90,r/pics,0,2018-05-16 17:50:30,1,0,1,0
8jtylr,2018-05-16 10:52:09,90,r/pics,0,2018-05-16 18:01:09,1,0,1,0
8jtylr,2018-05-16 10:52:09,90,r/pics,0,2018-05-16 18:05:16,1,0,1,0
8jtylr,2018-05-16 10:52:09,90,r/pics,0,2018-05-16 18:07:59,1,0,1,0
8jtylr,2018-05-16 10:52:09,90,r/pics,0,2018-05-16 18:13:08,1,0,1,0
8jtylr,2018-05-16 10:52:09,90,r/pics,1,2018-05-16 15:19:43,0,6,828,0
8jtylr,2018-05-16 10:52:09,90,r/pics,1,2018-05-16 15:24:42,1,2,702,0
8jtylr,2018-05-16 10:52:09,90,r/pics,1,2018-05-16 15:31:57,2,1,164,0
8jtylr,2018-05-16 10:52:09,90,r/pics,1,2018-05-16 17:22:40,3,1,91,0
8jtylr,2018-05-16 10:52:09,90,r/pics,1,2018-05-16 18:13:08,4,0,1,0
8jtylr,2018-05-16 10:52:09,90,r/pics,1,2018-05-16 16:15:19,2,0,48,0
8jtylr,2018-05-16 10:52:09,90,r/pics,1,2018-05-16 16:09:20,1,3,164,0
8jtylr,2018-05-16 10:52:09,90,r/pics,1,2018-05-16 16:19:33,2,0,71,0
8jtylr,2018-05-16 10:52:09,90,r/pics,1,2018-05-16 16:32:03,2,2,32,0
8jtylr,2018-05-16 10:52:09,90,r/pics,1,2018-05-16 16:52:06,3,4,32,0
8jtylr,2018-05-16 10:52:09,90,r/pics,1,2018-05-16 17:00:22,4,0,6,0
8jtylr,2018-05-16 10:52:09,90,r/pics,1,2018-05-16 17:00:39,4,0,11,0
8jtylr,2018-05-16 10:52:09,90,r/pics,1,2018-05-16 17:54:10,4,1,1,0
8jtylr,2018-05-16 10:52:09,90,r/pics,1,2018-05-16 18:02:25,5,0,1,0
8jtylr,2018-05-16 10:52:09,90,r/pics,1,2018-05-16 17:53:53,4,0,1,0
8jtylr,2018-05-16 10:52:09,90,r/pics,1,2018-05-16 16:51:45,3,0,4,0
8jtylr,2018-05-16 10:52:09,90,r/pics,1,2018-05-16 16:26:20,1,0,22,0
8jtylr,2018-05-16 10:52:09,90,r/pics,1,2018-05-16 16:07:54,1,0,19,0
8jtylr,2018-05-16 10:52:09,90,r/pics,1,2018-05-16 17:01:19,1,1,1,0
8jtylr,2018-05-16 10:52:09,90,r/pics,1,2018-05-16 17:30:40,2,0,4,0
8jtylr,2018-05-16 10:52:09,90,r/pics,1,2018-05-16 17:54:43,1,0,1,0
8jtylr,2018-05-16 10:52:09,90,r/pics,2,2018-05-16 16:06:02,0,2,222,0
8jtylr,2018-05-16 10:52:09,90,r/pics,2,2018-05-16 16:35:57,1,3,178,0
8jtylr,2018-05-16 10:52:09,90,r/pics,2,2018-05-16 16:52:17,2,4,114,0
8jtylr,2018-05-16 10:52:09,90,r/pics,2,2018-05-16 17:03:38,3,3,119,0
8jtylr,2018-05-16 10:52:09,90,r/pics,2,2018-05-16 18:13:14,4,0,1,0
8jtylr,2018-05-16 10:52:09,90,r/pics,2,2018-05-16 18:14:15,4,0,1,0
8jtylr,2018-05-16 10:52:09,90,r/pics,2,2018-05-16 17:42:23,3,0,1,0
8jtylr,2018-05-16 10:52:09,90,r/pics,2,2018-05-16 17:57:37,3,2,1,0
8jtylr,2018-05-16 10:52:09,90,r/pics,2,2018-05-16 18:11:11,4,2,1,0
8jtylr,2018-05-16 10:52:09,90,r/pics,2,2018-05-16 18:15:23,5,0,1,0
8jtylr,2018-05-16 10:52:09,90,r/pics,2,2018-05-16 18:07:19,4,1,1,0
8jtylr,2018-05-16 10:52:09,90,r/pics,2,2018-05-16 18:21:33,5,1,1,0
8jtylr,2018-05-16 10:52:09,90,r/pics,2,2018-05-16 18:27:46,6,0,1,0
8jtylr,2018-05-16 10:52:09,90,r/pics,2,2018-05-16 18:10:17,2,0,1,0
8jtylr,2018-05-16 10:52:09,90,r/pics,2,2018-05-16 18:25:42,2,0,1,0
8jtylr,2018-05-16 10:52:09,90,r/pics,2,2018-05-16 18:18:36,1,0,1,0
8jtylr,2018-05-16 10:52:09,90,r/pics,3,2018-05-16 11:58:30,0,8,624,0
8jtylr,2018-05-16 10:52:09,90,r/pics,3,2018-05-16 12:14:18,1,3,795,0
8jtylr,2018-05-16 10:52:09,90,r/pics,3,2018-05-16 16:09:30,2,3,200,0
8jtylr,2018-05-16 10:52:09,90,r/pics,3,2018-05-16 16:32:00,3,0,175,0
8jtylr,2018-05-16 10:52:09,90,r/pics,3,2018-05-16 16:43:05,3,2,135,0
8jtylr,2018-05-16 10:52:09,90,r/pics,3,2018-05-16 17:14:30,4,2,52,0
8jtylr,2018-05-16 10:52:09,90,r/pics,3,2018-05-16 17:53:33,5,0,1,0
8jtylr,2018-05-16 10:52:09,90,r/pics,3,2018-05-16 18:03:41,5,1,1,0
8jtylr,2018-05-16 10:52:09,90,r/pics,3,2018-05-16 18:13:15,6,0,1,0
8jtylr,2018-05-16 10:52:09,90,r/pics,3,2018-05-16 17:15:44,4,1,9,0
8jtylr,2018-05-16 10:52:09,90,r/pics,3,2018-05-16 17:34:02,5,1,1,0
8jtylr,2018-05-16 10:52:09,90,r/pics,3,2018-05-16 17:56:57,6,0,1,0
8jtylr,2018-05-16 10:52:09,90,r/pics,3,2018-05-16 16:14:07,3,1,17,0
8jtylr,2018-05-16 10:52:09,90,r/pics,3,2018-05-16 18:18:04,4,0,1,0
8jtylr,2018-05-16 10:52:09,90,r/pics,3,2018-05-16 17:12:35,2,0,7,0
8jtylr,2018-05-16 10:52:09,90,r/pics,3,2018-05-16 16:57:47,2,0,8,0
8jtylr,2018-05-16 10:52:09,90,r/pics,3,2018-05-16 15:12:56,1,1,89,0
8jtylr,2018-05-16 10:52:09,90,r/pics,3,2018-05-16 15:41:25,2,2,47,0
8jtylr,2018-05-16 10:52:09,90,r/pics,3,2018-05-16 16:18:23,3,2,12,0
8jtylr,2018-05-16 10:52:09,90,r/pics,3,2018-05-16 16:31:21,4,2,18,0
8jtylr,2018-05-16 10:52:09,90,r/pics,3,2018-05-16 16:57:06,5,0,7,0
8jtylr,2018-05-16 10:52:09,90,r/pics,3,2018-05-16 16:48:55,5,0,4,0
8jtylr,2018-05-16 10:52:09,90,r/pics,3,2018-05-16 18:20:46,4,0,1,0
8jtylr,2018-05-16 10:52:09,90,r/pics,3,2018-05-16 16:58:13,3,0,3,0
8jtylr,2018-05-16 10:52:09,90,r/pics,3,2018-05-16 15:16:54,1,3,40,0
8jtylr,2018-05-16 10:52:09,90,r/pics,3,2018-05-16 15:47:20,2,2,20,0
8jtylr,2018-05-16 10:52:09,90,r/pics,3,2018-05-16 18:17:32,3,0,1,0
8jtylr,2018-05-16 10:52:09,90,r/pics,3,2018-05-16 16:40:16,3,3,-8,0
8jtylr,2018-05-16 10:52:09,90,r/pics,3,2018-05-16 16:46:33,4,0,9,0
8jtylr,2018-05-16 10:52:09,90,r/pics,3,2018-05-16 17:02:06,4,0,4,0
8jtylr,2018-05-16 10:52:09,90,r/pics,3,2018-05-16 16:46:38,4,1,3,0
8jtylr,2018-05-16 10:52:09,90,r/pics,3,2018-05-16 17:22:25,5,1,-1,0
8jtylr,2018-05-16 10:52:09,90,r/pics,3,2018-05-16 17:53:19,6,1,1,0
8jtylr,2018-05-16 10:52:09,90,r/pics,3,2018-05-16 18:20:03,7,0,1,0
8jtylr,2018-05-16 10:52:09,90,r/pics,3,2018-05-16 16:58:54,2,1,2,0
8jtylr,2018-05-16 10:52:09,90,r/pics,3,2018-05-16 18:21:25,3,0,1,0
8jtylr,2018-05-16 10:52:09,90,r/pics,3,2018-05-16 18:03:17,2,0,1,0
8jtylr,2018-05-16 10:52:09,90,r/pics,3,2018-05-16 16:34:13,1,1,2,0
8jtylr,2018-05-16 10:52:09,90,r/pics,3,2018-05-16 17:21:23,2,1,3,0
8jtylr,2018-05-16 10:52:09,90,r/pics,3,2018-05-16 17:22:48,3,0,2,0
8jtylr,2018-05-16 10:52:09,90,r/pics,3,2018-05-16 16:54:14,1,0,1,0
8jtylr,2018-05-16 10:52:09,90,r/pics,3,2018-05-16 17:30:22,1,0,1,0
8jtylr,2018-05-16 10:52:09,90,r/pics,3,2018-05-16 17:58:53,1,0,1,0
8jtylr,2018-05-16 10:52:09,90,r/pics,3,2018-05-16 15:54:26,1,0,1,0
8jtylr,2018-05-16 10:52:09,90,r/pics,4,2018-05-16 16:33:55,0,1,117,0
8jtylr,2018-05-16 10:52:09,90,r/pics,4,2018-05-16 17:03:43,1,2,40,0
8jtylr,2018-05-16 10:52:09,90,r/pics,4,2018-05-16 17:04:47,2,0,25,0
8jtylr,2018-05-16 10:52:09,90,r/pics,4,2018-05-16 17:05:28,2,2,9,0
8jtylr,2018-05-16 10:52:09,90,r/pics,4,2018-05-16 17:07:15,3,1,10,0
8jtylr,2018-05-16 10:52:09,90,r/pics,4,2018-05-16 17:09:18,4,0,4,0
8jtylr,2018-05-16 10:52:09,90,r/pics,4,2018-05-16 17:52:48,3,1,1,0
8jtylr,2018-05-16 10:52:09,90,r/pics,4,2018-05-16 18:30:07,4,0,1,0
8jtylr,2018-05-16 10:52:09,90,r/pics,5,2018-05-16 13:26:49,0,3,273,0
8jtylr,2018-05-16 10:52:09,90,r/pics,5,2018-05-16 13:59:43,1,2,50,0
8jtylr,2018-05-16 10:52:09,90,r/pics,5,2018-05-16 14:18:05,2,1,30,0
8jtylr,2018-05-16 10:52:09,90,r/pics,5,2018-05-16 17:11:19,3,1,4,0
8jtylr,2018-05-16 10:52:09,90,r/pics,5,2018-05-16 17:12:39,4,0,4,0
8jtylr,2018-05-16 10:52:09,90,r/pics,5,2018-05-16 14:11:46,2,0,7,0
8jtylr,2018-05-16 10:52:09,90,r/pics,5,2018-05-16 17:00:47,1,0,2,0
8jtylr,2018-05-16 10:52:09,90,r/pics,5,2018-05-16 18:06:21,1,0,1,0
8jtylr,2018-05-16 10:52:09,90,r/pics,6,2018-05-16 10:53:35,0,0,46,0
8jtylr,2018-05-16 10:52:09,90,r/pics,7,2018-05-16 16:13:24,0,2,24,0
8jtylr,2018-05-16 10:52:09,90,r/pics,7,2018-05-16 16:31:37,1,0,18,0
8jtylr,2018-05-16 10:52:09,90,r/pics,7,2018-05-16 16:33:11,1,0,5,0
8jtylr,2018-05-16 10:52:09,90,r/pics,8,2018-05-16 16:34:03,0,6,24,0
8jtylr,2018-05-16 10:52:09,90,r/pics,8,2018-05-16 16:44:40,1,3,12,0
8jtylr,2018-05-16 10:52:09,90,r/pics,8,2018-05-16 16:59:34,2,1,14,0
8jtylr,2018-05-16 10:52:09,90,r/pics,8,2018-05-16 17:21:39,3,0,2,0
8jtylr,2018-05-16 10:52:09,90,r/pics,8,2018-05-16 17:09:01,2,1,6,0
8jtylr,2018-05-16 10:52:09,90,r/pics,8,2018-05-16 17:25:15,3,4,-1,0
8jtylr,2018-05-16 10:52:09,90,r/pics,8,2018-05-16 17:58:17,4,0,1,0
8jtylr,2018-05-16 10:52:09,90,r/pics,8,2018-05-16 18:15:37,4,0,1,0
8jtylr,2018-05-16 10:52:09,90,r/pics,8,2018-05-16 18:21:35,4,0,1,0
8jtylr,2018-05-16 10:52:09,90,r/pics,8,2018-05-16 17:41:08,4,0,1,0
8jtylr,2018-05-16 10:52:09,90,r/pics,8,2018-05-16 17:09:56,2,0,1,0
8jtylr,2018-05-16 10:52:09,90,r/pics,8,2018-05-16 16:53:00,1,0,3,0
8jtylr,2018-05-16 10:52:09,90,r/pics,8,2018-05-16 17:00:34,1,0,3,0
8jtylr,2018-05-16 10:52:09,90,r/pics,8,2018-05-16 17:02:02,1,0,1,0
8jtylr,2018-05-16 10:52:09,90,r/pics,8,2018-05-16 17:15:41,1,0,1,0
8jtylr,2018-05-16 10:52:09,90,r/pics,8,2018-05-16 17:40:15,1,0,1,0
8jtylr,2018-05-16 10:52:09,90,r/pics,9,2018-05-16 11:32:00,0,0,13,0
8jtylr,2018-05-16 10:52:09,90,r/pics,10,2018-05-16 14:40:44,0,0,18,0
8jtylr,2018-05-16 10:52:09,90,r/pics,11,2018-05-16 16:59:27,0,4,28,0
8jtylr,2018-05-16 10:52:09,90,r/pics,11,2018-05-16 17:03:02,1,1,21,0
8jtylr,2018-05-16 10:52:09,90,r/pics,11,2018-05-16 17:11:24,2,3,5,0
8jtylr,2018-05-16 10:52:09,90,r/pics,11,2018-05-16 17:17:17,3,2,26,0
8jtylr,2018-05-16 10:52:09,90,r/pics,11,2018-05-16 17:56:28,4,0,1,0
8jtylr,2018-05-16 10:52:09,90,r/pics,11,2018-05-16 17:19:24,4,1,-3,0
8jtylr,2018-05-16 10:52:09,90,r/pics,11,2018-05-16 17:43:59,5,2,1,0
8jtylr,2018-05-16 10:52:09,90,r/pics,11,2018-05-16 17:48:08,6,2,1,0
8jtylr,2018-05-16 10:52:09,90,r/pics,11,2018-05-16 18:12:34,7,1,1,0
8jtylr,2018-05-16 10:52:09,90,r/pics,11,2018-05-16 18:18:53,8,1,1,0
8jtylr,2018-05-16 10:52:09,90,r/pics,11,2018-05-16 18:22:49,9,1,1,0
8jtylr,2018-05-16 10:52:09,90,r/pics,11,2018-05-16 17:55:42,7,2,1,0
8jtylr,2018-05-16 10:52:09,90,r/pics,11,2018-05-16 18:19:42,8,0,1,0
8jtylr,2018-05-16 10:52:09,90,r/pics,11,2018-05-16 17:57:23,8,0,1,0
8jtylr,2018-05-16 10:52:09,90,r/pics,11,2018-05-16 17:55:57,6,0,1,0
8jtylr,2018-05-16 10:52:09,90,r/pics,11,2018-05-16 17:22:54,3,1,6,0
8jtylr,2018-05-16 10:52:09,90,r/pics,11,2018-05-16 17:49:24,4,0,1,0
8jtylr,2018-05-16 10:52:09,90,r/pics,11,2018-05-16 17:14:13,3,1,2,0
8jtylr,2018-05-16 10:52:09,90,r/pics,11,2018-05-16 18:23:48,1,0,1,0
8jtylr,2018-05-16 10:52:09,90,r/pics,11,2018-05-16 18:01:48,1,0,1,0
8jtylr,2018-05-16 10:52:09,90,r/pics,11,2018-05-16 17:44:28,1,1,1,0
8jtylr,2018-05-16 10:52:09,90,r/pics,11,2018-05-16 18:17:17,2,0,1,0
8jtylr,2018-05-16 10:52:09,90,r/pics,12,2018-05-16 16:49:53,0,0,4,0
8jtylr,2018-05-16 10:52:09,90,r/pics,13,2018-05-16 17:01:51,0,0,4,0
8jtylr,2018-05-16 10:52:09,90,r/pics,14,2018-05-16 17:37:09,0,0,1,0
8jtylr,2018-05-16 10:52:09,90,r/pics,15,2018-05-16 16:46:10,0,4,56,0
8jtylr,2018-05-16 10:52:09,90,r/pics,15,2018-05-16 16:52:06,1,4,8,0
8jtylr,2018-05-16 10:52:09,90,r/pics,15,2018-05-16 17:10:45,2,1,2,0
8jtylr,2018-05-16 10:52:09,90,r/pics,15,2018-05-16 17:28:26,3,1,12,0
8jtylr,2018-05-16 10:52:09,90,r/pics,15,2018-05-16 17:34:47,2,0,1,0
8jtylr,2018-05-16 10:52:09,90,r/pics,15,2018-05-16 17:12:18,2,0,-10,0
8jtylr,2018-05-16 10:52:09,90,r/pics,15,2018-05-16 17:58:36,1,0,1,0
8jtylr,2018-05-16 10:52:09,90,r/pics,15,2018-05-16 17:37:41,1,2,1,0
8jtylr,2018-05-16 10:52:09,90,r/pics,15,2018-05-16 17:44:00,2,1,1,0
8jtylr,2018-05-16 10:52:09,90,r/pics,15,2018-05-16 17:51:28,3,2,1,0
8jtylr,2018-05-16 10:52:09,90,r/pics,15,2018-05-16 18:29:06,4,0,1,0
8jtylr,2018-05-16 10:52:09,90,r/pics,15,2018-05-16 18:14:52,4,0,1,0
8jtylr,2018-05-16 10:52:09,90,r/pics,15,2018-05-16 17:49:12,2,0,1,0
8jtylr,2018-05-16 10:52:09,90,r/pics,16,2018-05-16 14:37:32,0,3,42,0
8jtylr,2018-05-16 10:52:09,90,r/pics,16,2018-05-16 17:10:03,1,0,2,0
8jtylr,2018-05-16 10:52:09,90,r/pics,16,2018-05-16 16:15:57,1,2,-21,0
8jtylr,2018-05-16 10:52:09,90,r/pics,16,2018-05-16 16:27:18,2,1,42,0
8jtylr,2018-05-16 10:52:09,90,r/pics,16,2018-05-16 16:38:17,3,4,-24,0
8jtylr,2018-05-16 10:52:09,90,r/pics,16,2018-05-16 17:07:06,4,0,9,0
8jtylr,2018-05-16 10:52:09,90,r/pics,16,2018-05-16 16:53:17,4,2,21,0
8jtylr,2018-05-16 10:52:09,90,r/pics,16,2018-05-16 17:09:00,5,1,-5,0
8jtylr,2018-05-16 10:52:09,90,r/pics,16,2018-05-16 17:59:43,6,0,1,0
8jtylr,2018-05-16 10:52:09,90,r/pics,16,2018-05-16 17:05:31,5,2,-8,0
8jtylr,2018-05-16 10:52:09,90,r/pics,16,2018-05-16 18:01:45,6,0,1,0
8jtylr,2018-05-16 10:52:09,90,r/pics,16,2018-05-16 18:11:52,6,0,1,0
8jtylr,2018-05-16 10:52:09,90,r/pics,16,2018-05-16 17:07:01,4,0,15,0
8jtylr,2018-05-16 10:52:09,90,r/pics,16,2018-05-16 17:06:55,4,0,9,0
8jtylr,2018-05-16 10:52:09,90,r/pics,16,2018-05-16 16:22:46,2,2,21,0
8jtylr,2018-05-16 10:52:09,90,r/pics,16,2018-05-16 18:06:31,3,1,1,0
8jtylr,2018-05-16 10:52:09,90,r/pics,16,2018-05-16 18:23:35,4,0,1,0
8jtylr,2018-05-16 10:52:09,90,r/pics,17,2018-05-16 16:52:54,0,0,3,0
8jtylr,2018-05-16 10:52:09,90,r/pics,18,2018-05-16 17:28:19,0,0,3,0
8jtylr,2018-05-16 10:52:09,90,r/pics,19,2018-05-16 17:35:58,0,0,1,0
8jtylr,2018-05-16 10:52:09,90,r/pics,20,2018-05-16 16:59:30,0,1,10,0
8jtylr,2018-05-16 10:52:09,90,r/pics,20,2018-05-16 17:51:16,1,1,1,0
8jtylr,2018-05-16 10:52:09,90,r/pics,20,2018-05-16 18:30:55,2,0,1,0
8jtylr,2018-05-16 10:52:09,90,r/pics,21,2018-05-16 17:04:47,0,0,7,0
8jtylr,2018-05-16 10:52:09,90,r/pics,22,2018-05-16 17:24:27,0,0,5,0
8jtylr,2018-05-16 10:52:09,90,r/pics,23,2018-05-16 17:08:23,0,0,9,0
8jtylr,2018-05-16 10:52:09,90,r/pics,24,2018-05-16 16:42:26,0,0,8,0
8jtylr,2018-05-16 10:52:09,90,r/pics,25,2018-05-16 12:32:14,0,1,4,0
8jtylr,2018-05-16 10:52:09,90,r/pics,25,2018-05-16 15:48:42,1,1,3,0
8jtylr,2018-05-16 10:52:09,90,r/pics,25,2018-05-16 15:49:57,2,0,7,0
8jtylr,2018-05-16 10:52:09,90,r/pics,26,2018-05-16 16:42:06,0,1,3,0
8jtylr,2018-05-16 10:52:09,90,r/pics,26,2018-05-16 18:09:39,1,0,1,0
8jtylr,2018-05-16 10:52:09,90,r/pics,27,2018-05-16 17:10:34,0,0,3,0
8jtylr,2018-05-16 10:52:09,90,r/pics,28,2018-05-16 16:13:25,0,1,2,0
8jtylr,2018-05-16 10:52:09,90,r/pics,28,2018-05-16 17:26:24,1,0,1,0
8jtylr,2018-05-16 10:52:09,90,r/pics,29,2018-05-16 16:48:35,0,0,2,0
8jtylr,2018-05-16 10:52:09,90,r/pics,30,2018-05-16 16:52:20,0,2,2,0
8jtylr,2018-05-16 10:52:09,90,r/pics,30,2018-05-16 17:01:12,1,0,4,0
8jtylr,2018-05-16 10:52:09,90,r/pics,30,2018-05-16 17:14:12,1,0,2,0
8jtylr,2018-05-16 10:52:09,90,r/pics,31,2018-05-16 16:56:39,0,0,2,0
8jtylr,2018-05-16 10:52:09,90,r/pics,32,2018-05-16 17:10:50,0,0,2,0
8jtylr,2018-05-16 10:52:09,90,r/pics,33,2018-05-16 17:11:39,0,0,2,0
8jtylr,2018-05-16 10:52:09,90,r/pics,34,2018-05-16 17:15:12,0,0,2,0
8jtylr,2018-05-16 10:52:09,90,r/pics,35,2018-05-16 17:18:53,0,0,2,0
8jtylr,2018-05-16 10:52:09,90,r/pics,36,2018-05-16 17:22:54,0,0,2,0
8jtylr,2018-05-16 10:52:09,90,r/pics,37,2018-05-16 17:26:12,0,0,2,0
8jtylr,2018-05-16 10:52:09,90,r/pics,38,2018-05-16 17:38:00,0,0,1,0
8jtylr,2018-05-16 10:52:09,90,r/pics,39,2018-05-16 17:38:01,0,0,1,0
8jtylr,2018-05-16 10:52:09,90,r/pics,40,2018-05-16 17:42:22,0,0,1,0
8jtylr,2018-05-16 10:52:09,90,r/pics,41,2018-05-16 17:44:51,0,0,1,0
8jtylr,2018-05-16 10:52:09,90,r/pics,42,2018-05-16 17:47:09,0,0,1,0
8jtylr,2018-05-16 10:52:09,90,r/pics,43,2018-05-16 17:47:52,0,0,1,0
8jtylr,2018-05-16 10:52:09,90,r/pics,44,2018-05-16 17:55:13,0,0,1,0
8jtylr,2018-05-16 10:52:09,90,r/pics,45,2018-05-16 18:00:06,0,0,1,0
8jtylr,2018-05-16 10:52:09,90,r/pics,46,2018-05-16 18:13:49,0,0,1,0
8jtylr,2018-05-16 10:52:09,90,r/pics,47,2018-05-16 17:06:27,0,0,5,0
8jtylr,2018-05-16 10:52:09,90,r/pics,48,2018-05-16 17:32:24,0,0,1,0
8jtylr,2018-05-16 10:52:09,90,r/pics,49,2018-05-16 15:51:10,0,0,5,0
8jtylr,2018-05-16 10:52:09,90,r/pics,50,2018-05-16 16:48:00,0,1,2,0
8jtylr,2018-05-16 10:52:09,90,r/pics,51,2018-05-16 16:07:43,0,2,2,0
8jtylr,2018-05-16 10:52:09,90,r/pics,51,2018-05-16 16:17:06,1,0,6,0
8jtylr,2018-05-16 10:52:09,90,r/pics,51,2018-05-16 16:46:42,1,0,2,0
8jtylr,2018-05-16 10:52:09,90,r/pics,52,2018-05-16 16:50:12,0,0,2,0
8jtylr,2018-05-16 10:52:09,90,r/pics,53,2018-05-16 17:21:01,0,1,2,0
8jtylr,2018-05-16 10:52:09,90,r/pics,53,2018-05-16 17:32:14,1,0,1,0
8jtylr,2018-05-16 10:52:09,90,r/pics,54,2018-05-16 17:52:54,0,0,1,0
8jtylr,2018-05-16 10:52:09,90,r/pics,55,2018-05-16 18:00:56,0,0,1,0
8jtylr,2018-05-16 10:52:09,90,r/pics,56,2018-05-16 15:51:07,0,1,0,0
8jtylr,2018-05-16 10:52:09,90,r/pics,56,2018-05-16 16:50:55,1,1,3,0
8jtylr,2018-05-16 10:52:09,90,r/pics,57,2018-05-16 16:14:53,0,0,1,0
8jtylr,2018-05-16 10:52:09,90,r/pics,58,2018-05-16 16:45:20,0,0,1,0
8jtylr,2018-05-16 10:52:09,90,r/pics,59,2018-05-16 16:57:36,0,1,1,0
8jtylr,2018-05-16 10:52:09,90,r/pics,59,2018-05-16 17:02:23,1,0,2,0
8jtylr,2018-05-16 10:52:09,90,r/pics,60,2018-05-16 16:59:05,0,0,1,0
8jtylr,2018-05-16 10:52:09,90,r/pics,61,2018-05-16 17:11:11,0,0,1,0
8jtylr,2018-05-16 10:52:09,90,r/pics,62,2018-05-16 17:13:06,0,0,0,0
8jtylr,2018-05-16 10:52:09,90,r/pics,63,2018-05-16 17:19:12,0,0,1,0
8jtylr,2018-05-16 10:52:09,90,r/pics,64,2018-05-16 17:26:48,0,0,1,0
8jtylr,2018-05-16 10:52:09,90,r/pics,65,2018-05-16 18:00:06,0,0,1,0
8jtylr,2018-05-16 10:52:09,90,r/pics,66,2018-05-16 18:02:21,0,0,1,0
8jtylr,2018-05-16 10:52:09,90,r/pics,67,2018-05-16 18:03:15,0,0,1,0
8jtylr,2018-05-16 10:52:09,90,r/pics,68,2018-05-16 18:03:54,0,0,1,0
8jtylr,2018-05-16 10:52:09,90,r/pics,69,2018-05-16 18:04:40,0,0,1,0
8jtylr,2018-05-16 10:52:09,90,r/pics,70,2018-05-16 18:10:15,0,0,1,0
8jtylr,2018-05-16 10:52:09,90,r/pics,71,2018-05-16 18:11:22,0,0,1,0
8jtylr,2018-05-16 10:52:09,90,r/pics,72,2018-05-16 18:13:04,0,0,1,0
8jtylr,2018-05-16 10:52:09,90,r/pics,73,2018-05-16 18:13:29,0,0,1,0
8jtylr,2018-05-16 10:52:09,90,r/pics,74,2018-05-16 18:21:27,0,0,1,0
8jtylr,2018-05-16 10:52:09,90,r/pics,75,2018-05-16 16:35:48,0,3,1,0
8jtylr,2018-05-16 10:52:09,90,r/pics,75,2018-05-16 17:26:36,1,0,5,0
8jtylr,2018-05-16 10:52:09,90,r/pics,75,2018-05-16 16:43:23,1,0,2,0
8jtylr,2018-05-16 10:52:09,90,r/pics,75,2018-05-16 16:45:59,1,0,2,0
8jtylr,2018-05-16 10:52:09,90,r/pics,76,2018-05-16 16:42:27,0,2,1,0
8jtylr,2018-05-16 10:52:09,90,r/pics,76,2018-05-16 17:47:46,1,1,1,0
8jtylr,2018-05-16 10:52:09,90,r/pics,76,2018-05-16 18:01:24,2,0,1,0
8jtylr,2018-05-16 10:52:09,90,r/pics,76,2018-05-16 16:45:27,1,1,1,0
8jtylr,2018-05-16 10:52:09,90,r/pics,76,2018-05-16 17:47:45,2,0,1,0
8jtylr,2018-05-16 10:52:09,90,r/pics,77,2018-05-16 16:42:43,0,0,1,0
8jtylr,2018-05-16 10:52:09,90,r/pics,78,2018-05-16 16:44:57,0,1,1,0
8jtylr,2018-05-16 10:52:09,90,r/pics,78,2018-05-16 17:04:19,1,1,2,0
8jtylr,2018-05-16 10:52:09,90,r/pics,78,2018-05-16 17:20:59,2,0,1,0
8jtylr,2018-05-16 10:52:09,90,r/pics,79,2018-05-16 17:12:30,0,0,0,0
8jtylr,2018-05-16 10:52:09,90,r/pics,80,2018-05-16 17:19:37,0,0,1,0
8jtylr,2018-05-16 10:52:09,90,r/pics,81,2018-05-16 17:42:42,0,1,1,0
8jtylr,2018-05-16 10:52:09,90,r/pics,81,2018-05-16 17:49:06,1,1,1,0
8jtylr,2018-05-16 10:52:09,90,r/pics,81,2018-05-16 17:55:35,2,0,1,0
8jtylr,2018-05-16 10:52:09,90,r/pics,82,2018-05-16 14:08:26,0,2,-7,0
8jtylr,2018-05-16 10:52:09,90,r/pics,82,2018-05-16 14:39:26,1,0,7,0
8jtylr,2018-05-16 10:52:09,90,r/pics,82,2018-05-16 15:44:55,1,1,4,0
8jtylr,2018-05-16 10:52:09,90,r/pics,82,2018-05-16 15:52:04,2,1,3,0
8jtylr,2018-05-16 10:52:09,90,r/pics,82,2018-05-16 16:30:58,3,1,1,0
8jtylr,2018-05-16 10:52:09,90,r/pics,82,2018-05-16 16:48:14,4,0,3,0
8jtylr,2018-05-16 10:52:09,90,r/pics,83,2018-05-16 15:39:39,0,0,0,0
8jtylr,2018-05-16 10:52:09,90,r/pics,84,2018-05-16 17:06:08,0,0,-1,0
8jtylr,2018-05-16 10:52:09,90,r/pics,85,2018-05-16 16:06:37,0,0,-3,0
8jtylr,2018-05-16 10:52:09,90,r/pics,86,2018-05-16 16:35:13,0,1,-1,0
8jtylr,2018-05-16 10:52:09,90,r/pics,86,2018-05-16 16:43:53,1,0,1,0
8jtylr,2018-05-16 10:52:09,90,r/pics,87,2018-05-16 17:24:25,0,1,-1,0
8jtylr,2018-05-16 10:52:09,90,r/pics,87,2018-05-16 18:11:53,1,1,1,0
8jtylr,2018-05-16 10:52:09,90,r/pics,87,2018-05-16 18:17:52,2,0,1,0
8juwf0,2018-05-16 13:27:54,91,r/Futurology,0,2018-05-16 15:34:34,0,3,272,0
8juwf0,2018-05-16 13:27:54,91,r/Futurology,0,2018-05-16 16:06:09,1,4,80,0
8juwf0,2018-05-16 13:27:54,91,r/Futurology,0,2018-05-16 16:31:59,2,2,1,0
8juwf0,2018-05-16 13:27:54,91,r/Futurology,0,2018-05-16 17:16:10,3,0,1,0
8juwf0,2018-05-16 13:27:54,91,r/Futurology,0,2018-05-16 17:05:53,3,3,1,0
8juwf0,2018-05-16 13:27:54,91,r/Futurology,0,2018-05-16 17:11:50,4,0,1,0
8juwf0,2018-05-16 13:27:54,91,r/Futurology,0,2018-05-16 17:45:16,4,1,1,0
8juwf0,2018-05-16 13:27:54,91,r/Futurology,0,2018-05-16 18:20:07,5,1,1,0
8juwf0,2018-05-16 13:27:54,91,r/Futurology,0,2018-05-16 18:21:46,6,0,1,0
8juwf0,2018-05-16 13:27:54,91,r/Futurology,0,2018-05-16 17:17:17,4,4,1,0
8juwf0,2018-05-16 13:27:54,91,r/Futurology,0,2018-05-16 17:23:55,5,1,1,0
8juwf0,2018-05-16 13:27:54,91,r/Futurology,0,2018-05-16 17:28:14,6,0,1,0
8juwf0,2018-05-16 13:27:54,91,r/Futurology,0,2018-05-16 17:38:18,5,0,1,0
8juwf0,2018-05-16 13:27:54,91,r/Futurology,0,2018-05-16 18:22:44,5,0,1,0
8juwf0,2018-05-16 13:27:54,91,r/Futurology,0,2018-05-16 17:39:19,5,0,1,0
8juwf0,2018-05-16 13:27:54,91,r/Futurology,0,2018-05-16 17:24:32,2,0,1,0
8juwf0,2018-05-16 13:27:54,91,r/Futurology,0,2018-05-16 16:43:35,2,0,1,0
8juwf0,2018-05-16 13:27:54,91,r/Futurology,0,2018-05-16 17:32:50,2,0,1,0
8juwf0,2018-05-16 13:27:54,91,r/Futurology,0,2018-05-16 16:15:56,1,0,5,0
8juwf0,2018-05-16 13:27:54,91,r/Futurology,0,2018-05-16 17:14:41,1,1,1,0
8juwf0,2018-05-16 13:27:54,91,r/Futurology,0,2018-05-16 17:57:47,2,1,1,0
8juwf0,2018-05-16 13:27:54,91,r/Futurology,0,2018-05-16 18:09:53,3,0,1,0
8juwf0,2018-05-16 13:27:54,91,r/Futurology,1,2018-05-16 16:04:40,0,5,65,0
8juwf0,2018-05-16 13:27:54,91,r/Futurology,1,2018-05-16 16:10:39,1,1,43,0
8juwf0,2018-05-16 13:27:54,91,r/Futurology,1,2018-05-16 16:42:35,2,1,1,0
8juwf0,2018-05-16 13:27:54,91,r/Futurology,1,2018-05-16 16:51:53,3,1,1,0
8juwf0,2018-05-16 13:27:54,91,r/Futurology,1,2018-05-16 17:16:03,4,3,1,0
8juwf0,2018-05-16 13:27:54,91,r/Futurology,1,2018-05-16 17:23:03,5,0,1,0
8juwf0,2018-05-16 13:27:54,91,r/Futurology,1,2018-05-16 18:02:21,5,0,1,0
8juwf0,2018-05-16 13:27:54,91,r/Futurology,1,2018-05-16 18:26:34,5,0,1,0
8juwf0,2018-05-16 13:27:54,91,r/Futurology,1,2018-05-16 16:10:11,1,1,5,0
8juwf0,2018-05-16 13:27:54,91,r/Futurology,1,2018-05-16 16:11:41,2,1,6,0
8juwf0,2018-05-16 13:27:54,91,r/Futurology,1,2018-05-16 18:23:17,3,0,1,0
8juwf0,2018-05-16 13:27:54,91,r/Futurology,1,2018-05-16 17:05:08,1,0,1,0
8juwf0,2018-05-16 13:27:54,91,r/Futurology,1,2018-05-16 16:44:55,1,1,1,0
8juwf0,2018-05-16 13:27:54,91,r/Futurology,1,2018-05-16 17:13:02,2,1,1,0
8juwf0,2018-05-16 13:27:54,91,r/Futurology,1,2018-05-16 17:19:32,3,0,1,0
8juwf0,2018-05-16 13:27:54,91,r/Futurology,1,2018-05-16 18:27:30,1,0,1,0
8juwf0,2018-05-16 13:27:54,91,r/Futurology,2,2018-05-16 16:44:19,0,0,1,0
8juwf0,2018-05-16 13:27:54,91,r/Futurology,3,2018-05-16 17:15:48,0,2,1,0
8juwf0,2018-05-16 13:27:54,91,r/Futurology,3,2018-05-16 17:44:13,1,1,1,0
8juwf0,2018-05-16 13:27:54,91,r/Futurology,3,2018-05-16 17:53:37,2,0,1,0
8juwf0,2018-05-16 13:27:54,91,r/Futurology,3,2018-05-16 17:21:44,1,0,1,0
8juwf0,2018-05-16 13:27:54,91,r/Futurology,4,2018-05-16 16:37:14,0,2,1,0
8juwf0,2018-05-16 13:27:54,91,r/Futurology,4,2018-05-16 18:03:42,1,2,1,0
8juwf0,2018-05-16 13:27:54,91,r/Futurology,4,2018-05-16 18:21:06,2,0,1,0
8juwf0,2018-05-16 13:27:54,91,r/Futurology,4,2018-05-16 18:28:10,2,0,1,0
8juwf0,2018-05-16 13:27:54,91,r/Futurology,4,2018-05-16 17:26:40,1,1,1,0
8juwf0,2018-05-16 13:27:54,91,r/Futurology,4,2018-05-16 18:30:45,2,0,1,0
8juwf0,2018-05-16 13:27:54,91,r/Futurology,5,2018-05-16 17:09:29,0,0,1,0
8juwf0,2018-05-16 13:27:54,91,r/Futurology,6,2018-05-16 17:09:33,0,2,1,0
8juwf0,2018-05-16 13:27:54,91,r/Futurology,6,2018-05-16 17:37:09,1,1,1,0
8juwf0,2018-05-16 13:27:54,91,r/Futurology,6,2018-05-16 17:37:58,2,1,1,0
8juwf0,2018-05-16 13:27:54,91,r/Futurology,6,2018-05-16 17:41:42,3,0,1,0
8juwf0,2018-05-16 13:27:54,91,r/Futurology,6,2018-05-16 18:23:31,1,0,1,0
8juwf0,2018-05-16 13:27:54,91,r/Futurology,7,2018-05-16 17:42:53,0,0,1,0
8juwf0,2018-05-16 13:27:54,91,r/Futurology,8,2018-05-16 16:56:54,0,1,1,0
8juwf0,2018-05-16 13:27:54,91,r/Futurology,8,2018-05-16 17:01:48,1,1,1,0
8juwf0,2018-05-16 13:27:54,91,r/Futurology,8,2018-05-16 17:57:51,2,0,1,0
8juwf0,2018-05-16 13:27:54,91,r/Futurology,9,2018-05-16 17:32:20,0,0,1,0
8juwf0,2018-05-16 13:27:54,91,r/Futurology,10,2018-05-16 16:37:00,0,0,1,0
8juwf0,2018-05-16 13:27:54,91,r/Futurology,11,2018-05-16 17:27:04,0,0,1,0
8juwf0,2018-05-16 13:27:54,91,r/Futurology,12,2018-05-16 17:42:23,0,1,1,0
8juwf0,2018-05-16 13:27:54,91,r/Futurology,12,2018-05-16 17:44:05,1,0,1,0
8juwf0,2018-05-16 13:27:54,91,r/Futurology,13,2018-05-16 17:46:56,0,0,1,0
8juwf0,2018-05-16 13:27:54,91,r/Futurology,14,2018-05-16 17:46:59,0,0,1,0
8juwf0,2018-05-16 13:27:54,91,r/Futurology,15,2018-05-16 17:49:57,0,0,1,0
8juwf0,2018-05-16 13:27:54,91,r/Futurology,16,2018-05-16 17:53:22,0,0,1,0
8juwf0,2018-05-16 13:27:54,91,r/Futurology,17,2018-05-16 17:59:29,0,0,1,0
8juwf0,2018-05-16 13:27:54,91,r/Futurology,18,2018-05-16 18:01:02,0,0,1,0
8juwf0,2018-05-16 13:27:54,91,r/Futurology,19,2018-05-16 18:11:06,0,0,1,0
8juwf0,2018-05-16 13:27:54,91,r/Futurology,20,2018-05-16 18:19:42,0,0,1,0
8juwf0,2018-05-16 13:27:54,91,r/Futurology,21,2018-05-16 18:26:48,0,0,1,0
8juwf0,2018-05-16 13:27:54,91,r/Futurology,22,2018-05-16 18:26:58,0,0,1,0
8juwf0,2018-05-16 13:27:54,91,r/Futurology,23,2018-05-16 17:36:10,0,0,1,0
8jvi9y,2018-05-16 14:50:09,92,r/insanepeoplefacebook,0,2018-05-16 14:56:40,0,6,444,0
8jvi9y,2018-05-16 14:50:09,92,r/insanepeoplefacebook,0,2018-05-16 14:57:21,1,1,123,0
8jvi9y,2018-05-16 14:50:09,92,r/insanepeoplefacebook,0,2018-05-16 15:44:10,2,2,52,0
8jvi9y,2018-05-16 14:50:09,92,r/insanepeoplefacebook,0,2018-05-16 16:09:10,3,1,23,0
8jvi9y,2018-05-16 14:50:09,92,r/insanepeoplefacebook,0,2018-05-16 17:05:02,4,0,18,0
8jvi9y,2018-05-16 14:50:09,92,r/insanepeoplefacebook,0,2018-05-16 18:28:10,3,1,1,0
8jvi9y,2018-05-16 14:50:09,92,r/insanepeoplefacebook,0,2018-05-16 18:31:23,4,0,1,0
8jvi9y,2018-05-16 14:50:09,92,r/insanepeoplefacebook,0,2018-05-16 16:01:24,1,3,24,0
8jvi9y,2018-05-16 14:50:09,92,r/insanepeoplefacebook,0,2018-05-16 17:44:48,2,1,10,0
8jvi9y,2018-05-16 14:50:09,92,r/insanepeoplefacebook,0,2018-05-16 17:50:06,3,0,3,0
8jvi9y,2018-05-16 14:50:09,92,r/insanepeoplefacebook,0,2018-05-16 17:46:55,2,1,6,0
8jvi9y,2018-05-16 14:50:09,92,r/insanepeoplefacebook,0,2018-05-16 17:51:19,3,0,-2,0
8jvi9y,2018-05-16 14:50:09,92,r/insanepeoplefacebook,0,2018-05-16 18:10:58,2,0,1,0
8jvi9y,2018-05-16 14:50:09,92,r/insanepeoplefacebook,0,2018-05-16 17:54:25,1,0,6,0
8jvi9y,2018-05-16 14:50:09,92,r/insanepeoplefacebook,0,2018-05-16 17:40:24,1,0,2,0
8jvi9y,2018-05-16 14:50:09,92,r/insanepeoplefacebook,0,2018-05-16 17:49:53,1,0,2,0
8jvi9y,2018-05-16 14:50:09,92,r/insanepeoplefacebook,0,2018-05-16 18:26:46,1,0,1,0
8jvi9y,2018-05-16 14:50:09,92,r/insanepeoplefacebook,1,2018-05-16 15:10:04,0,1,167,0
8jvi9y,2018-05-16 14:50:09,92,r/insanepeoplefacebook,1,2018-05-16 15:10:57,1,1,39,0
8jvi9y,2018-05-16 14:50:09,92,r/insanepeoplefacebook,1,2018-05-16 17:05:00,2,0,19,0
8jvi9y,2018-05-16 14:50:09,92,r/insanepeoplefacebook,2,2018-05-16 16:02:57,0,3,130,0
8jvi9y,2018-05-16 14:50:09,92,r/insanepeoplefacebook,2,2018-05-16 16:32:03,1,1,27,0
8jvi9y,2018-05-16 14:50:09,92,r/insanepeoplefacebook,2,2018-05-16 16:49:15,2,0,9,0
8jvi9y,2018-05-16 14:50:09,92,r/insanepeoplefacebook,2,2018-05-16 16:21:27,1,1,25,0
8jvi9y,2018-05-16 14:50:09,92,r/insanepeoplefacebook,2,2018-05-16 17:31:49,2,0,5,0
8jvi9y,2018-05-16 14:50:09,92,r/insanepeoplefacebook,2,2018-05-16 17:53:05,1,0,1,0
8jvi9y,2018-05-16 14:50:09,92,r/insanepeoplefacebook,3,2018-05-16 15:58:15,0,3,61,0
8jvi9y,2018-05-16 14:50:09,92,r/insanepeoplefacebook,3,2018-05-16 17:23:58,1,0,21,0
8jvi9y,2018-05-16 14:50:09,92,r/insanepeoplefacebook,3,2018-05-16 17:32:40,1,1,7,0
8jvi9y,2018-05-16 14:50:09,92,r/insanepeoplefacebook,3,2018-05-16 17:39:15,2,1,15,0
8jvi9y,2018-05-16 14:50:09,92,r/insanepeoplefacebook,3,2018-05-16 17:41:41,3,0,6,0
8jvi9y,2018-05-16 14:50:09,92,r/insanepeoplefacebook,3,2018-05-16 17:58:01,1,0,1,0
8jvi9y,2018-05-16 14:50:09,92,r/insanepeoplefacebook,4,2018-05-16 15:08:22,0,0,50,0
8jvi9y,2018-05-16 14:50:09,92,r/insanepeoplefacebook,5,2018-05-16 15:44:11,0,1,22,0
8jvi9y,2018-05-16 14:50:09,92,r/insanepeoplefacebook,5,2018-05-16 15:47:16,1,2,11,0
8jvi9y,2018-05-16 14:50:09,92,r/insanepeoplefacebook,5,2018-05-16 16:45:54,2,1,8,0
8jvi9y,2018-05-16 14:50:09,92,r/insanepeoplefacebook,5,2018-05-16 17:41:15,3,0,3,0
8jvi9y,2018-05-16 14:50:09,92,r/insanepeoplefacebook,5,2018-05-16 16:31:19,2,0,4,0
8jvi9y,2018-05-16 14:50:09,92,r/insanepeoplefacebook,6,2018-05-16 15:01:04,0,2,32,0
8jvi9y,2018-05-16 14:50:09,92,r/insanepeoplefacebook,6,2018-05-16 15:36:04,1,3,83,0
8jvi9y,2018-05-16 14:50:09,92,r/insanepeoplefacebook,6,2018-05-16 18:00:04,2,0,7,0
8jvi9y,2018-05-16 14:50:09,92,r/insanepeoplefacebook,6,2018-05-16 17:45:01,2,0,5,0
8jvi9y,2018-05-16 14:50:09,92,r/insanepeoplefacebook,6,2018-05-16 18:31:05,2,0,1,0
8jvi9y,2018-05-16 14:50:09,92,r/insanepeoplefacebook,6,2018-05-16 18:03:24,1,0,1,0
8jvi9y,2018-05-16 14:50:09,92,r/insanepeoplefacebook,7,2018-05-16 17:23:38,0,1,9,0
8jvi9y,2018-05-16 14:50:09,92,r/insanepeoplefacebook,7,2018-05-16 17:40:17,1,0,6,0
8jvi9y,2018-05-16 14:50:09,92,r/insanepeoplefacebook,8,2018-05-16 17:09:49,0,2,11,0
8jvi9y,2018-05-16 14:50:09,92,r/insanepeoplefacebook,8,2018-05-16 17:23:14,1,1,14,0
8jvi9y,2018-05-16 14:50:09,92,r/insanepeoplefacebook,8,2018-05-16 17:26:47,2,1,5,0
8jvi9y,2018-05-16 14:50:09,92,r/insanepeoplefacebook,8,2018-05-16 18:30:51,3,0,1,0
8jvi9y,2018-05-16 14:50:09,92,r/insanepeoplefacebook,8,2018-05-16 17:56:24,1,1,2,0
8jvi9y,2018-05-16 14:50:09,92,r/insanepeoplefacebook,8,2018-05-16 18:04:29,2,0,1,0
8jvi9y,2018-05-16 14:50:09,92,r/insanepeoplefacebook,9,2018-05-16 17:45:33,0,0,4,0
8jvi9y,2018-05-16 14:50:09,92,r/insanepeoplefacebook,10,2018-05-16 17:50:13,0,0,4,0
8jvi9y,2018-05-16 14:50:09,92,r/insanepeoplefacebook,11,2018-05-16 17:32:10,0,0,3,0
8jvi9y,2018-05-16 14:50:09,92,r/insanepeoplefacebook,12,2018-05-16 16:12:35,0,0,1,0
8jvi9y,2018-05-16 14:50:09,92,r/insanepeoplefacebook,13,2018-05-16 17:12:15,0,0,1,0
8jvi9y,2018-05-16 14:50:09,92,r/insanepeoplefacebook,14,2018-05-16 17:36:19,0,0,1,0
8jvi9y,2018-05-16 14:50:09,92,r/insanepeoplefacebook,15,2018-05-16 17:37:07,0,0,1,0
8jvi9y,2018-05-16 14:50:09,92,r/insanepeoplefacebook,16,2018-05-16 17:42:57,0,1,1,0
8jvi9y,2018-05-16 14:50:09,92,r/insanepeoplefacebook,16,2018-05-16 18:26:17,1,0,1,0
8jvi9y,2018-05-16 14:50:09,92,r/insanepeoplefacebook,17,2018-05-16 17:43:47,0,0,1,0
8jvi9y,2018-05-16 14:50:09,92,r/insanepeoplefacebook,18,2018-05-16 17:44:53,0,0,1,0
8jvi9y,2018-05-16 14:50:09,92,r/insanepeoplefacebook,19,2018-05-16 18:03:45,0,0,1,0
8jvi9y,2018-05-16 14:50:09,92,r/insanepeoplefacebook,20,2018-05-16 18:05:23,0,0,1,0
8jvi9y,2018-05-16 14:50:09,92,r/insanepeoplefacebook,21,2018-05-16 18:09:03,0,0,1,0
8jvi9y,2018-05-16 14:50:09,92,r/insanepeoplefacebook,22,2018-05-16 18:18:32,0,0,1,0
8jvi9y,2018-05-16 14:50:09,92,r/insanepeoplefacebook,23,2018-05-16 16:56:52,0,0,1,0
8jvi9y,2018-05-16 14:50:09,92,r/insanepeoplefacebook,24,2018-05-16 17:57:27,0,0,1,0
8jvi9y,2018-05-16 14:50:09,92,r/insanepeoplefacebook,25,2018-05-16 17:54:34,0,2,-6,0
8jvi9y,2018-05-16 14:50:09,92,r/insanepeoplefacebook,25,2018-05-16 18:17:32,1,1,1,0
8jvi9y,2018-05-16 14:50:09,92,r/insanepeoplefacebook,25,2018-05-16 18:30:36,2,0,1,0
8jvi9y,2018-05-16 14:50:09,92,r/insanepeoplefacebook,25,2018-05-16 18:27:08,1,0,1,0
8just3,2018-05-16 13:13:14,93,r/ScottishPeopleTwitter,0,2018-05-16 13:52:07,0,5,266,0
8just3,2018-05-16 13:13:14,93,r/ScottishPeopleTwitter,0,2018-05-16 14:33:55,1,0,95,0
8just3,2018-05-16 13:13:14,93,r/ScottishPeopleTwitter,0,2018-05-16 15:04:05,1,2,46,0
8just3,2018-05-16 13:13:14,93,r/ScottishPeopleTwitter,0,2018-05-16 16:42:06,2,2,1,0
8just3,2018-05-16 13:13:14,93,r/ScottishPeopleTwitter,0,2018-05-16 17:17:19,3,0,1,0
8just3,2018-05-16 13:13:14,93,r/ScottishPeopleTwitter,0,2018-05-16 18:13:21,3,1,1,0
8just3,2018-05-16 13:13:14,93,r/ScottishPeopleTwitter,0,2018-05-16 18:30:57,4,0,1,0
8just3,2018-05-16 13:13:14,93,r/ScottishPeopleTwitter,0,2018-05-16 16:26:37,2,1,7,0
8just3,2018-05-16 13:13:14,93,r/ScottishPeopleTwitter,0,2018-05-16 16:37:02,3,1,1,0
8just3,2018-05-16 13:13:14,93,r/ScottishPeopleTwitter,0,2018-05-16 16:44:17,4,1,1,0
8just3,2018-05-16 13:13:14,93,r/ScottishPeopleTwitter,0,2018-05-16 16:56:12,5,0,1,0
8just3,2018-05-16 13:13:14,93,r/ScottishPeopleTwitter,0,2018-05-16 15:30:40,1,0,6,0
8just3,2018-05-16 13:13:14,93,r/ScottishPeopleTwitter,0,2018-05-16 15:53:15,1,0,3,0
8just3,2018-05-16 13:13:14,93,r/ScottishPeopleTwitter,0,2018-05-16 16:14:52,1,0,1,0
8just3,2018-05-16 13:13:14,93,r/ScottishPeopleTwitter,1,2018-05-16 14:16:53,0,1,102,0
8just3,2018-05-16 13:13:14,93,r/ScottishPeopleTwitter,1,2018-05-16 14:45:15,1,1,30,0
8just3,2018-05-16 13:13:14,93,r/ScottishPeopleTwitter,1,2018-05-16 15:09:54,2,0,7,0
8just3,2018-05-16 13:13:14,93,r/ScottishPeopleTwitter,2,2018-05-16 14:43:49,0,1,37,0
8just3,2018-05-16 13:13:14,93,r/ScottishPeopleTwitter,2,2018-05-16 14:57:45,1,2,12,0
8just3,2018-05-16 13:13:14,93,r/ScottishPeopleTwitter,2,2018-05-16 15:05:04,2,0,13,0
8just3,2018-05-16 13:13:14,93,r/ScottishPeopleTwitter,2,2018-05-16 15:35:44,2,0,1,0
8just3,2018-05-16 13:13:14,93,r/ScottishPeopleTwitter,3,2018-05-16 15:22:59,0,3,34,0
8just3,2018-05-16 13:13:14,93,r/ScottishPeopleTwitter,3,2018-05-16 16:24:40,1,1,33,0
8just3,2018-05-16 13:13:14,93,r/ScottishPeopleTwitter,3,2018-05-16 18:09:37,2,1,1,0
8just3,2018-05-16 13:13:14,93,r/ScottishPeopleTwitter,3,2018-05-16 18:14:58,3,0,1,0
8just3,2018-05-16 13:13:14,93,r/ScottishPeopleTwitter,3,2018-05-16 16:59:04,1,0,1,0
8just3,2018-05-16 13:13:14,93,r/ScottishPeopleTwitter,3,2018-05-16 15:34:01,1,0,4,0
8just3,2018-05-16 13:13:14,93,r/ScottishPeopleTwitter,4,2018-05-16 14:05:59,0,3,61,0
8just3,2018-05-16 13:13:14,93,r/ScottishPeopleTwitter,4,2018-05-16 16:03:57,1,1,14,0
8just3,2018-05-16 13:13:14,93,r/ScottishPeopleTwitter,4,2018-05-16 18:04:04,2,0,1,0
8just3,2018-05-16 13:13:14,93,r/ScottishPeopleTwitter,4,2018-05-16 17:08:32,1,1,1,0
8just3,2018-05-16 13:13:14,93,r/ScottishPeopleTwitter,4,2018-05-16 17:09:01,2,0,1,0
8just3,2018-05-16 13:13:14,93,r/ScottishPeopleTwitter,4,2018-05-16 14:37:41,1,2,-7,0
8just3,2018-05-16 13:13:14,93,r/ScottishPeopleTwitter,4,2018-05-16 14:48:46,2,0,18,0
8just3,2018-05-16 13:13:14,93,r/ScottishPeopleTwitter,4,2018-05-16 15:15:08,2,0,18,0
8just3,2018-05-16 13:13:14,93,r/ScottishPeopleTwitter,5,2018-05-16 15:22:28,0,1,111,0
8just3,2018-05-16 13:13:14,93,r/ScottishPeopleTwitter,5,2018-05-16 16:17:44,1,6,72,0
8just3,2018-05-16 13:13:14,93,r/ScottishPeopleTwitter,5,2018-05-16 16:20:51,2,1,50,0
8just3,2018-05-16 13:13:14,93,r/ScottishPeopleTwitter,5,2018-05-16 16:21:58,3,3,35,0
8just3,2018-05-16 13:13:14,93,r/ScottishPeopleTwitter,5,2018-05-16 16:33:19,4,2,1,0
8just3,2018-05-16 13:13:14,93,r/ScottishPeopleTwitter,5,2018-05-16 16:44:26,5,1,1,0
8just3,2018-05-16 13:13:14,93,r/ScottishPeopleTwitter,5,2018-05-16 16:46:33,6,1,1,0
8just3,2018-05-16 13:13:14,93,r/ScottishPeopleTwitter,5,2018-05-16 16:53:55,7,0,1,0
8just3,2018-05-16 13:13:14,93,r/ScottishPeopleTwitter,5,2018-05-16 16:47:49,5,0,1,0
8just3,2018-05-16 13:13:14,93,r/ScottishPeopleTwitter,5,2018-05-16 17:30:41,4,0,1,0
8just3,2018-05-16 13:13:14,93,r/ScottishPeopleTwitter,5,2018-05-16 16:43:54,4,1,1,0
8just3,2018-05-16 13:13:14,93,r/ScottishPeopleTwitter,5,2018-05-16 16:46:27,5,1,1,0
8just3,2018-05-16 13:13:14,93,r/ScottishPeopleTwitter,5,2018-05-16 16:59:56,6,1,1,0
8just3,2018-05-16 13:13:14,93,r/ScottishPeopleTwitter,5,2018-05-16 17:04:20,7,1,1,0
8just3,2018-05-16 13:13:14,93,r/ScottishPeopleTwitter,5,2018-05-16 17:09:10,8,1,1,0
8just3,2018-05-16 13:13:14,93,r/ScottishPeopleTwitter,5,2018-05-16 17:10:00,9,1,1,0
8just3,2018-05-16 13:13:14,93,r/ScottishPeopleTwitter,5,2018-05-16 17:35:55,2,0,1,0
8just3,2018-05-16 13:13:14,93,r/ScottishPeopleTwitter,5,2018-05-16 16:38:00,2,3,1,0
8just3,2018-05-16 13:13:14,93,r/ScottishPeopleTwitter,5,2018-05-16 17:38:47,3,1,1,0
8just3,2018-05-16 13:13:14,93,r/ScottishPeopleTwitter,5,2018-05-16 18:19:00,4,0,1,0
8just3,2018-05-16 13:13:14,93,r/ScottishPeopleTwitter,5,2018-05-16 16:45:14,3,1,1,0
8just3,2018-05-16 13:13:14,93,r/ScottishPeopleTwitter,5,2018-05-16 16:53:06,4,0,1,0
8just3,2018-05-16 13:13:14,93,r/ScottishPeopleTwitter,5,2018-05-16 17:02:48,3,1,1,0
8just3,2018-05-16 13:13:14,93,r/ScottishPeopleTwitter,5,2018-05-16 18:16:55,4,0,1,0
8just3,2018-05-16 13:13:14,93,r/ScottishPeopleTwitter,5,2018-05-16 16:42:46,2,2,1,0
8just3,2018-05-16 13:13:14,93,r/ScottishPeopleTwitter,5,2018-05-16 16:43:32,3,1,1,0
8just3,2018-05-16 13:13:14,93,r/ScottishPeopleTwitter,5,2018-05-16 16:44:09,4,1,1,0
8just3,2018-05-16 13:13:14,93,r/ScottishPeopleTwitter,5,2018-05-16 17:01:48,5,1,1,0
8just3,2018-05-16 13:13:14,93,r/ScottishPeopleTwitter,5,2018-05-16 17:04:54,6,0,1,0
8just3,2018-05-16 13:13:14,93,r/ScottishPeopleTwitter,5,2018-05-16 17:47:25,3,0,1,0
8just3,2018-05-16 13:13:14,93,r/ScottishPeopleTwitter,5,2018-05-16 17:07:58,2,0,1,0
8just3,2018-05-16 13:13:14,93,r/ScottishPeopleTwitter,5,2018-05-16 16:57:19,2,1,1,0
8just3,2018-05-16 13:13:14,93,r/ScottishPeopleTwitter,5,2018-05-16 17:15:11,3,1,1,0
8just3,2018-05-16 13:13:14,93,r/ScottishPeopleTwitter,5,2018-05-16 17:43:14,4,0,1,0
8just3,2018-05-16 13:13:14,93,r/ScottishPeopleTwitter,6,2018-05-16 14:32:50,0,1,25,0
8just3,2018-05-16 13:13:14,93,r/ScottishPeopleTwitter,6,2018-05-16 14:34:31,1,1,2,0
8just3,2018-05-16 13:13:14,93,r/ScottishPeopleTwitter,6,2018-05-16 14:35:13,2,1,4,0
8just3,2018-05-16 13:13:14,93,r/ScottishPeopleTwitter,6,2018-05-16 14:46:08,3,0,5,0
8just3,2018-05-16 13:13:14,93,r/ScottishPeopleTwitter,7,2018-05-16 14:04:06,0,3,127,0
8just3,2018-05-16 13:13:14,93,r/ScottishPeopleTwitter,7,2018-05-16 14:39:26,1,2,50,0
8just3,2018-05-16 13:13:14,93,r/ScottishPeopleTwitter,7,2018-05-16 16:43:18,2,0,1,0
8just3,2018-05-16 13:13:14,93,r/ScottishPeopleTwitter,7,2018-05-16 14:40:22,2,0,11,0
8just3,2018-05-16 13:13:14,93,r/ScottishPeopleTwitter,7,2018-05-16 16:15:15,1,2,22,0
8just3,2018-05-16 13:13:14,93,r/ScottishPeopleTwitter,7,2018-05-16 17:34:58,2,2,1,0
8just3,2018-05-16 13:13:14,93,r/ScottishPeopleTwitter,7,2018-05-16 17:49:53,3,1,1,0
8just3,2018-05-16 13:13:14,93,r/ScottishPeopleTwitter,7,2018-05-16 18:18:10,4,0,1,0
8just3,2018-05-16 13:13:14,93,r/ScottishPeopleTwitter,7,2018-05-16 18:27:32,3,0,1,0
8just3,2018-05-16 13:13:14,93,r/ScottishPeopleTwitter,7,2018-05-16 18:17:35,2,0,1,0
8just3,2018-05-16 13:13:14,93,r/ScottishPeopleTwitter,7,2018-05-16 16:12:11,1,1,6,0
8just3,2018-05-16 13:13:14,93,r/ScottishPeopleTwitter,7,2018-05-16 16:14:45,2,0,1,0
8just3,2018-05-16 13:13:14,93,r/ScottishPeopleTwitter,8,2018-05-16 15:36:28,0,2,10,0
8just3,2018-05-16 13:13:14,93,r/ScottishPeopleTwitter,8,2018-05-16 17:15:56,1,0,1,0
8just3,2018-05-16 13:13:14,93,r/ScottishPeopleTwitter,8,2018-05-16 17:17:21,1,0,1,0
8just3,2018-05-16 13:13:14,93,r/ScottishPeopleTwitter,9,2018-05-16 14:25:54,0,0,6,0
8just3,2018-05-16 13:13:14,93,r/ScottishPeopleTwitter,10,2018-05-16 16:03:37,0,1,6,0
8just3,2018-05-16 13:13:14,93,r/ScottishPeopleTwitter,10,2018-05-16 16:39:42,1,1,1,0
8just3,2018-05-16 13:13:14,93,r/ScottishPeopleTwitter,10,2018-05-16 16:45:32,2,0,1,0
8just3,2018-05-16 13:13:14,93,r/ScottishPeopleTwitter,11,2018-05-16 17:51:56,0,0,1,0
8just3,2018-05-16 13:13:14,93,r/ScottishPeopleTwitter,12,2018-05-16 14:34:55,0,3,9,0
8just3,2018-05-16 13:13:14,93,r/ScottishPeopleTwitter,12,2018-05-16 14:58:42,1,0,42,0
8just3,2018-05-16 13:13:14,93,r/ScottishPeopleTwitter,12,2018-05-16 15:01:57,1,1,5,0
8just3,2018-05-16 13:13:14,93,r/ScottishPeopleTwitter,12,2018-05-16 15:22:33,2,3,22,0
8just3,2018-05-16 13:13:14,93,r/ScottishPeopleTwitter,12,2018-05-16 15:24:58,3,1,16,0
8just3,2018-05-16 13:13:14,93,r/ScottishPeopleTwitter,12,2018-05-16 18:18:56,4,0,1,0
8just3,2018-05-16 13:13:14,93,r/ScottishPeopleTwitter,12,2018-05-16 15:26:15,3,1,9,0
8just3,2018-05-16 13:13:14,93,r/ScottishPeopleTwitter,12,2018-05-16 15:33:11,4,0,2,0
8just3,2018-05-16 13:13:14,93,r/ScottishPeopleTwitter,12,2018-05-16 15:29:27,3,0,6,0
8just3,2018-05-16 13:13:14,93,r/ScottishPeopleTwitter,12,2018-05-16 15:06:32,1,0,3,0
8just3,2018-05-16 13:13:14,93,r/ScottishPeopleTwitter,13,2018-05-16 13:56:08,0,1,4,0
8just3,2018-05-16 13:13:14,93,r/ScottishPeopleTwitter,13,2018-05-16 14:31:46,1,0,6,0
8just3,2018-05-16 13:13:14,93,r/ScottishPeopleTwitter,14,2018-05-16 16:44:51,0,0,1,0
8just3,2018-05-16 13:13:14,93,r/ScottishPeopleTwitter,15,2018-05-16 17:07:41,0,0,1,0
8just3,2018-05-16 13:13:14,93,r/ScottishPeopleTwitter,16,2018-05-16 17:40:23,0,0,1,0
8just3,2018-05-16 13:13:14,93,r/ScottishPeopleTwitter,17,2018-05-16 17:58:54,0,0,1,0
8just3,2018-05-16 13:13:14,93,r/ScottishPeopleTwitter,18,2018-05-16 18:04:26,0,0,1,0
8just3,2018-05-16 13:13:14,93,r/ScottishPeopleTwitter,19,2018-05-16 18:05:07,0,0,1,0
8just3,2018-05-16 13:13:14,93,r/ScottishPeopleTwitter,20,2018-05-16 18:09:18,0,0,1,0
8just3,2018-05-16 13:13:14,93,r/ScottishPeopleTwitter,21,2018-05-16 18:19:55,0,0,1,0
8just3,2018-05-16 13:13:14,93,r/ScottishPeopleTwitter,22,2018-05-16 18:22:14,0,0,1,0
8just3,2018-05-16 13:13:14,93,r/ScottishPeopleTwitter,23,2018-05-16 15:39:49,0,0,1,0
8just3,2018-05-16 13:13:14,93,r/ScottishPeopleTwitter,24,2018-05-16 16:24:48,0,0,1,0
8just3,2018-05-16 13:13:14,93,r/ScottishPeopleTwitter,25,2018-05-16 16:35:47,0,0,1,0
8just3,2018-05-16 13:13:14,93,r/ScottishPeopleTwitter,26,2018-05-16 16:58:47,0,0,1,0
8just3,2018-05-16 13:13:14,93,r/ScottishPeopleTwitter,27,2018-05-16 13:30:02,0,0,-19,0
8just3,2018-05-16 13:13:14,93,r/ScottishPeopleTwitter,28,2018-05-16 15:20:21,0,0,-1,0
8just3,2018-05-16 13:13:14,93,r/ScottishPeopleTwitter,29,2018-05-16 16:40:47,0,0,1,0
8just3,2018-05-16 13:13:14,93,r/ScottishPeopleTwitter,30,2018-05-16 17:19:05,0,0,1,0
8just3,2018-05-16 13:13:14,93,r/ScottishPeopleTwitter,31,2018-05-16 15:48:00,0,1,-16,0
8just3,2018-05-16 13:13:14,93,r/ScottishPeopleTwitter,31,2018-05-16 16:09:36,1,2,5,0
8just3,2018-05-16 13:13:14,93,r/ScottishPeopleTwitter,31,2018-05-16 17:03:41,2,0,1,0
8just3,2018-05-16 13:13:14,93,r/ScottishPeopleTwitter,31,2018-05-16 16:28:04,2,1,-5,0
8just3,2018-05-16 13:13:14,93,r/ScottishPeopleTwitter,31,2018-05-16 18:20:05,3,0,1,0
8jutbs,2018-05-16 13:15:23,94,r/happycowgifs,0,2018-05-16 13:49:03,0,2,120,0
8jutbs,2018-05-16 13:15:23,94,r/happycowgifs,0,2018-05-16 16:06:47,1,0,8,0
8jutbs,2018-05-16 13:15:23,94,r/happycowgifs,0,2018-05-16 17:29:01,1,0,1,0
8jutbs,2018-05-16 13:15:23,94,r/happycowgifs,1,2018-05-16 13:48:04,0,0,30,0
8jutbs,2018-05-16 13:15:23,94,r/happycowgifs,2,2018-05-16 14:01:27,0,0,24,0
8jutbs,2018-05-16 13:15:23,94,r/happycowgifs,3,2018-05-16 13:47:30,0,3,56,0
8jutbs,2018-05-16 13:15:23,94,r/happycowgifs,3,2018-05-16 13:51:11,1,0,14,0
8jutbs,2018-05-16 13:15:23,94,r/happycowgifs,3,2018-05-16 14:03:22,1,1,3,0
8jutbs,2018-05-16 13:15:23,94,r/happycowgifs,3,2018-05-16 14:07:54,2,1,1,0
8jutbs,2018-05-16 13:15:23,94,r/happycowgifs,3,2018-05-16 14:09:33,3,0,5,0
8jutbs,2018-05-16 13:15:23,94,r/happycowgifs,3,2018-05-16 16:01:27,1,0,1,0
8jutbs,2018-05-16 13:15:23,94,r/happycowgifs,4,2018-05-16 15:25:41,0,0,11,0
8jutbs,2018-05-16 13:15:23,94,r/happycowgifs,5,2018-05-16 16:23:43,0,0,12,0
8jutbs,2018-05-16 13:15:23,94,r/happycowgifs,6,2018-05-16 15:06:33,0,0,10,0
8jutbs,2018-05-16 13:15:23,94,r/happycowgifs,7,2018-05-16 14:22:25,0,0,9,0
8jutbs,2018-05-16 13:15:23,94,r/happycowgifs,8,2018-05-16 13:45:37,0,1,17,0
8jutbs,2018-05-16 13:15:23,94,r/happycowgifs,8,2018-05-16 16:00:57,1,1,4,0
8jutbs,2018-05-16 13:15:23,94,r/happycowgifs,8,2018-05-16 16:18:26,2,1,4,0
8jutbs,2018-05-16 13:15:23,94,r/happycowgifs,8,2018-05-16 17:51:02,3,1,2,0
8jutbs,2018-05-16 13:15:23,94,r/happycowgifs,8,2018-05-16 18:04:43,4,0,1,0
8jutbs,2018-05-16 13:15:23,94,r/happycowgifs,9,2018-05-16 14:11:31,0,0,5,0
8jutbs,2018-05-16 13:15:23,94,r/happycowgifs,10,2018-05-16 16:16:22,0,0,4,0
8jutbs,2018-05-16 13:15:23,94,r/happycowgifs,11,2018-05-16 13:58:57,0,0,4,0
8jutbs,2018-05-16 13:15:23,94,r/happycowgifs,12,2018-05-16 15:44:57,0,0,5,0
8jutbs,2018-05-16 13:15:23,94,r/happycowgifs,13,2018-05-16 15:43:41,0,0,8,0
8jutbs,2018-05-16 13:15:23,94,r/happycowgifs,14,2018-05-16 13:59:36,0,0,3,0
8jutbs,2018-05-16 13:15:23,94,r/happycowgifs,15,2018-05-16 16:33:09,0,1,3,0
8jutbs,2018-05-16 13:15:23,94,r/happycowgifs,15,2018-05-16 17:06:26,1,1,5,0
8jutbs,2018-05-16 13:15:23,94,r/happycowgifs,15,2018-05-16 17:23:43,2,0,1,0
8jutbs,2018-05-16 13:15:23,94,r/happycowgifs,16,2018-05-16 16:44:59,0,0,2,0
8jutbs,2018-05-16 13:15:23,94,r/happycowgifs,17,2018-05-16 17:01:19,0,0,1,0
8jutbs,2018-05-16 13:15:23,94,r/happycowgifs,18,2018-05-16 17:31:50,0,0,1,0
8jutbs,2018-05-16 13:15:23,94,r/happycowgifs,19,2018-05-16 17:41:58,0,0,1,0
8jutbs,2018-05-16 13:15:23,94,r/happycowgifs,20,2018-05-16 17:45:20,0,0,1,0
8jutbs,2018-05-16 13:15:23,94,r/happycowgifs,21,2018-05-16 17:47:09,0,0,1,0
8jutbs,2018-05-16 13:15:23,94,r/happycowgifs,22,2018-05-16 18:11:55,0,0,1,0
8jvcrh,2018-05-16 14:29:49,95,r/gardening,0,2018-05-16 14:30:43,0,1,95,0
8jvcrh,2018-05-16 14:29:49,95,r/gardening,0,2018-05-16 18:19:39,1,0,2,0
8jvcrh,2018-05-16 14:29:49,95,r/gardening,1,2018-05-16 14:37:00,0,2,36,0
8jvcrh,2018-05-16 14:29:49,95,r/gardening,1,2018-05-16 14:39:12,1,2,28,0
8jvcrh,2018-05-16 14:29:49,95,r/gardening,1,2018-05-16 17:24:43,2,1,34,0
8jvcrh,2018-05-16 14:29:49,95,r/gardening,1,2018-05-16 17:54:09,3,0,2,0
8jvcrh,2018-05-16 14:29:49,95,r/gardening,1,2018-05-16 17:34:21,2,0,4,0
8jvcrh,2018-05-16 14:29:49,95,r/gardening,1,2018-05-16 15:40:13,1,0,4,0
8jvcrh,2018-05-16 14:29:49,95,r/gardening,2,2018-05-16 15:46:45,0,1,14,0
8jvcrh,2018-05-16 14:29:49,95,r/gardening,2,2018-05-16 16:10:01,1,1,11,0
8jvcrh,2018-05-16 14:29:49,95,r/gardening,2,2018-05-16 16:32:17,2,1,5,0
8jvcrh,2018-05-16 14:29:49,95,r/gardening,2,2018-05-16 16:38:21,3,0,7,0
8jvcrh,2018-05-16 14:29:49,95,r/gardening,3,2018-05-16 14:38:58,0,2,7,0
8jvcrh,2018-05-16 14:29:49,95,r/gardening,3,2018-05-16 14:40:05,1,1,10,0
8jvcrh,2018-05-16 14:29:49,95,r/gardening,3,2018-05-16 16:11:15,2,1,11,0
8jvcrh,2018-05-16 14:29:49,95,r/gardening,3,2018-05-16 16:25:20,3,1,6,0
8jvcrh,2018-05-16 14:29:49,95,r/gardening,3,2018-05-16 16:45:42,4,1,4,0
8jvcrh,2018-05-16 14:29:49,95,r/gardening,3,2018-05-16 17:32:36,5,0,1,0
8jvcrh,2018-05-16 14:29:49,95,r/gardening,3,2018-05-16 17:41:29,1,3,4,0
8jvcrh,2018-05-16 14:29:49,95,r/gardening,3,2018-05-16 17:47:31,2,0,4,0
8jvcrh,2018-05-16 14:29:49,95,r/gardening,3,2018-05-16 17:55:12,2,0,2,0
8jvcrh,2018-05-16 14:29:49,95,r/gardening,3,2018-05-16 18:10:36,2,0,2,0
8jvcrh,2018-05-16 14:29:49,95,r/gardening,4,2018-05-16 15:58:50,0,1,5,0
8jvcrh,2018-05-16 14:29:49,95,r/gardening,4,2018-05-16 16:14:54,1,2,4,0
8jvcrh,2018-05-16 14:29:49,95,r/gardening,4,2018-05-16 16:34:16,2,1,3,0
8jvcrh,2018-05-16 14:29:49,95,r/gardening,4,2018-05-16 16:43:15,3,0,2,0
8jvcrh,2018-05-16 14:29:49,95,r/gardening,4,2018-05-16 17:24:24,2,0,1,0
8jvcrh,2018-05-16 14:29:49,95,r/gardening,5,2018-05-16 15:29:54,0,0,3,0
8jvcrh,2018-05-16 14:29:49,95,r/gardening,6,2018-05-16 15:53:07,0,0,3,0
8jvcrh,2018-05-16 14:29:49,95,r/gardening,7,2018-05-16 16:19:38,0,0,4,0
8jvcrh,2018-05-16 14:29:49,95,r/gardening,8,2018-05-16 14:35:24,0,0,3,0
8jvcrh,2018-05-16 14:29:49,95,r/gardening,9,2018-05-16 15:04:29,0,0,3,0
8jvcrh,2018-05-16 14:29:49,95,r/gardening,10,2018-05-16 15:28:49,0,0,3,0
8jvcrh,2018-05-16 14:29:49,95,r/gardening,11,2018-05-16 17:46:00,0,1,3,0
8jvcrh,2018-05-16 14:29:49,95,r/gardening,11,2018-05-16 17:55:49,1,0,1,0
8jvcrh,2018-05-16 14:29:49,95,r/gardening,12,2018-05-16 15:50:10,0,0,2,0
8jvcrh,2018-05-16 14:29:49,95,r/gardening,13,2018-05-16 15:52:48,0,0,2,0
8jvcrh,2018-05-16 14:29:49,95,r/gardening,14,2018-05-16 16:01:38,0,0,2,0
8jvcrh,2018-05-16 14:29:49,95,r/gardening,15,2018-05-16 16:02:52,0,0,2,0
8jvcrh,2018-05-16 14:29:49,95,r/gardening,16,2018-05-16 16:09:06,0,1,2,0
8jvcrh,2018-05-16 14:29:49,95,r/gardening,16,2018-05-16 16:16:50,1,0,2,0
8jvcrh,2018-05-16 14:29:49,95,r/gardening,17,2018-05-16 16:17:16,0,0,2,0
8jvcrh,2018-05-16 14:29:49,95,r/gardening,18,2018-05-16 16:20:01,0,0,2,0
8jvcrh,2018-05-16 14:29:49,95,r/gardening,19,2018-05-16 16:20:58,0,1,2,0
8jvcrh,2018-05-16 14:29:49,95,r/gardening,19,2018-05-16 16:26:10,1,0,1,0
8jvcrh,2018-05-16 14:29:49,95,r/gardening,20,2018-05-16 16:21:36,0,0,2,0
8jvcrh,2018-05-16 14:29:49,95,r/gardening,21,2018-05-16 16:24:15,0,0,2,0
8jvcrh,2018-05-16 14:29:49,95,r/gardening,22,2018-05-16 16:24:19,0,1,2,0
8jvcrh,2018-05-16 14:29:49,95,r/gardening,22,2018-05-16 16:29:51,1,0,2,0
8jvcrh,2018-05-16 14:29:49,95,r/gardening,23,2018-05-16 16:25:32,0,1,2,0
8jvcrh,2018-05-16 14:29:49,95,r/gardening,23,2018-05-16 16:33:37,1,0,3,0
8jvcrh,2018-05-16 14:29:49,95,r/gardening,24,2018-05-16 16:36:14,0,1,2,0
8jvcrh,2018-05-16 14:29:49,95,r/gardening,24,2018-05-16 16:48:08,1,0,2,0
8jvcrh,2018-05-16 14:29:49,95,r/gardening,25,2018-05-16 16:36:18,0,0,2,0
8jvcrh,2018-05-16 14:29:49,95,r/gardening,26,2018-05-16 16:44:56,0,0,2,0
8jvcrh,2018-05-16 14:29:49,95,r/gardening,27,2018-05-16 16:47:21,0,0,2,0
8jvcrh,2018-05-16 14:29:49,95,r/gardening,28,2018-05-16 16:49:44,0,0,2,0
8jvcrh,2018-05-16 14:29:49,95,r/gardening,29,2018-05-16 16:52:14,0,0,2,0
8jvcrh,2018-05-16 14:29:49,95,r/gardening,30,2018-05-16 17:00:21,0,0,2,0
8jvcrh,2018-05-16 14:29:49,95,r/gardening,31,2018-05-16 17:03:28,0,0,2,0
8jvcrh,2018-05-16 14:29:49,95,r/gardening,32,2018-05-16 17:18:13,0,0,2,0
8jvcrh,2018-05-16 14:29:49,95,r/gardening,33,2018-05-16 17:24:23,0,1,2,0
8jvcrh,2018-05-16 14:29:49,95,r/gardening,33,2018-05-16 17:49:16,1,0,2,0
8jvcrh,2018-05-16 14:29:49,95,r/gardening,34,2018-05-16 17:33:02,0,0,2,0
8jvcrh,2018-05-16 14:29:49,95,r/gardening,35,2018-05-16 17:48:48,0,0,2,0
8jvcrh,2018-05-16 14:29:49,95,r/gardening,36,2018-05-16 17:50:13,0,0,2,0
8jvcrh,2018-05-16 14:29:49,95,r/gardening,37,2018-05-16 15:16:46,0,1,1,0
8jvcrh,2018-05-16 14:29:49,95,r/gardening,37,2018-05-16 15:19:11,1,1,10,0
8jvcrh,2018-05-16 14:29:49,95,r/gardening,37,2018-05-16 15:20:04,2,1,3,0
8jvcrh,2018-05-16 14:29:49,95,r/gardening,37,2018-05-16 15:24:29,3,1,4,0
8jvcrh,2018-05-16 14:29:49,95,r/gardening,37,2018-05-16 15:30:15,4,1,2,0
8jvcrh,2018-05-16 14:29:49,95,r/gardening,37,2018-05-16 16:11:56,5,1,1,0
8jvcrh,2018-05-16 14:29:49,95,r/gardening,37,2018-05-16 16:13:12,6,1,1,0
8jvcrh,2018-05-16 14:29:49,95,r/gardening,37,2018-05-16 16:23:59,7,1,1,0
8jvcrh,2018-05-16 14:29:49,95,r/gardening,37,2018-05-16 16:28:23,8,0,1,0
8jvcrh,2018-05-16 14:29:49,95,r/gardening,38,2018-05-16 17:25:27,0,1,1,0
8jvcrh,2018-05-16 14:29:49,95,r/gardening,38,2018-05-16 17:53:50,1,0,1,0
8jvcrh,2018-05-16 14:29:49,95,r/gardening,39,2018-05-16 17:43:54,0,1,1,0
8jvcrh,2018-05-16 14:29:49,95,r/gardening,39,2018-05-16 17:54:49,1,0,1,0
8jvcrh,2018-05-16 14:29:49,95,r/gardening,40,2018-05-16 17:57:33,0,0,1,0
8jvcrh,2018-05-16 14:29:49,95,r/gardening,41,2018-05-16 18:00:47,0,0,1,0
8jvcrh,2018-05-16 14:29:49,95,r/gardening,42,2018-05-16 18:01:02,0,0,1,0
8jvcrh,2018-05-16 14:29:49,95,r/gardening,43,2018-05-16 18:16:18,0,0,1,0
8jvcrh,2018-05-16 14:29:49,95,r/gardening,44,2018-05-16 18:22:33,0,0,1,0
8jupkg,2018-05-16 12:59:59,96,r/AccidentalWesAnderson,0,2018-05-16 14:07:19,0,3,61,0
8jupkg,2018-05-16 12:59:59,96,r/AccidentalWesAnderson,0,2018-05-16 15:28:49,1,3,38,0
8jupkg,2018-05-16 12:59:59,96,r/AccidentalWesAnderson,0,2018-05-16 15:53:35,2,1,5,0
8jupkg,2018-05-16 12:59:59,96,r/AccidentalWesAnderson,0,2018-05-16 16:02:21,3,1,5,0
8jupkg,2018-05-16 12:59:59,96,r/AccidentalWesAnderson,0,2018-05-16 16:08:10,4,1,3,0
8jupkg,2018-05-16 12:59:59,96,r/AccidentalWesAnderson,0,2018-05-16 16:16:20,5,1,1,0
8jupkg,2018-05-16 12:59:59,96,r/AccidentalWesAnderson,0,2018-05-16 16:27:04,6,1,1,0
8jupkg,2018-05-16 12:59:59,96,r/AccidentalWesAnderson,0,2018-05-16 16:29:24,7,0,1,0
8jupkg,2018-05-16 12:59:59,96,r/AccidentalWesAnderson,0,2018-05-16 17:04:17,2,0,1,0
8jupkg,2018-05-16 12:59:59,96,r/AccidentalWesAnderson,0,2018-05-16 16:53:09,2,0,-1,0
8jupkg,2018-05-16 12:59:59,96,r/AccidentalWesAnderson,0,2018-05-16 16:25:00,1,0,3,0
8jupkg,2018-05-16 12:59:59,96,r/AccidentalWesAnderson,0,2018-05-16 17:55:50,1,0,2,0
8jupkg,2018-05-16 12:59:59,96,r/AccidentalWesAnderson,1,2018-05-16 13:00:22,0,3,115,0
8jupkg,2018-05-16 12:59:59,96,r/AccidentalWesAnderson,1,2018-05-16 15:22:40,1,0,92,0
8jupkg,2018-05-16 12:59:59,96,r/AccidentalWesAnderson,1,2018-05-16 13:00:34,1,0,19,0
8jupkg,2018-05-16 12:59:59,96,r/AccidentalWesAnderson,1,2018-05-16 18:01:25,1,1,1,0
8jupkg,2018-05-16 12:59:59,96,r/AccidentalWesAnderson,1,2018-05-16 18:07:55,2,0,2,0
8jupkg,2018-05-16 12:59:59,96,r/AccidentalWesAnderson,2,2018-05-16 14:33:24,0,0,24,0
8jupkg,2018-05-16 12:59:59,96,r/AccidentalWesAnderson,3,2018-05-16 14:38:23,0,0,19,0
8jupkg,2018-05-16 12:59:59,96,r/AccidentalWesAnderson,4,2018-05-16 15:28:45,0,0,18,0
8jupkg,2018-05-16 12:59:59,96,r/AccidentalWesAnderson,5,2018-05-16 16:31:10,0,1,16,0
8jupkg,2018-05-16 12:59:59,96,r/AccidentalWesAnderson,5,2018-05-16 16:53:45,1,0,5,0
8jupkg,2018-05-16 12:59:59,96,r/AccidentalWesAnderson,6,2018-05-16 15:53:30,0,2,11,0
8jupkg,2018-05-16 12:59:59,96,r/AccidentalWesAnderson,6,2018-05-16 15:58:51,1,1,7,0
8jupkg,2018-05-16 12:59:59,96,r/AccidentalWesAnderson,6,2018-05-16 17:51:15,2,1,4,0
8jupkg,2018-05-16 12:59:59,96,r/AccidentalWesAnderson,6,2018-05-16 18:27:53,3,0,1,0
8jupkg,2018-05-16 12:59:59,96,r/AccidentalWesAnderson,6,2018-05-16 16:50:28,1,0,6,0
8jupkg,2018-05-16 12:59:59,96,r/AccidentalWesAnderson,7,2018-05-16 16:34:05,0,0,6,0
8jupkg,2018-05-16 12:59:59,96,r/AccidentalWesAnderson,8,2018-05-16 16:50:38,0,1,6,0
8jupkg,2018-05-16 12:59:59,96,r/AccidentalWesAnderson,8,2018-05-16 16:53:34,1,0,4,0
8jupkg,2018-05-16 12:59:59,96,r/AccidentalWesAnderson,9,2018-05-16 14:50:51,0,0,4,0
8jupkg,2018-05-16 12:59:59,96,r/AccidentalWesAnderson,10,2018-05-16 15:30:14,0,0,4,0
8jupkg,2018-05-16 12:59:59,96,r/AccidentalWesAnderson,11,2018-05-16 15:41:44,0,0,6,0
8jupkg,2018-05-16 12:59:59,96,r/AccidentalWesAnderson,12,2018-05-16 14:33:18,0,0,4,0
8jupkg,2018-05-16 12:59:59,96,r/AccidentalWesAnderson,13,2018-05-16 18:06:04,0,1,3,0
8jupkg,2018-05-16 12:59:59,96,r/AccidentalWesAnderson,13,2018-05-16 18:11:33,1,0,1,0
8jupkg,2018-05-16 12:59:59,96,r/AccidentalWesAnderson,14,2018-05-16 16:16:37,0,0,2,0
8jupkg,2018-05-16 12:59:59,96,r/AccidentalWesAnderson,15,2018-05-16 17:17:57,0,0,3,0
8jupkg,2018-05-16 12:59:59,96,r/AccidentalWesAnderson,16,2018-05-16 17:29:52,0,0,2,0
8jupkg,2018-05-16 12:59:59,96,r/AccidentalWesAnderson,17,2018-05-16 16:46:03,0,0,1,0
8jupkg,2018-05-16 12:59:59,96,r/AccidentalWesAnderson,18,2018-05-16 16:58:58,0,0,1,0
8jupkg,2018-05-16 12:59:59,96,r/AccidentalWesAnderson,19,2018-05-16 17:44:25,0,0,1,0
8jupkg,2018-05-16 12:59:59,96,r/AccidentalWesAnderson,20,2018-05-16 18:22:02,0,0,1,0
8jupkg,2018-05-16 12:59:59,96,r/AccidentalWesAnderson,21,2018-05-16 18:00:26,0,0,1,0
8jtw6u,2018-05-16 10:37:45,97,r/NintendoSwitch,0,2018-05-16 10:39:04,0,4,1409,0
8jtw6u,2018-05-16 10:37:45,97,r/NintendoSwitch,0,2018-05-16 11:10:26,1,4,753,0
8jtw6u,2018-05-16 10:37:45,97,r/NintendoSwitch,0,2018-05-16 11:25:44,2,8,329,0
8jtw6u,2018-05-16 10:37:45,97,r/NintendoSwitch,0,2018-05-16 11:56:34,3,7,650,0
8jtw6u,2018-05-16 10:37:45,97,r/NintendoSwitch,0,2018-05-16 13:55:40,4,2,50,0
8jtw6u,2018-05-16 10:37:45,97,r/NintendoSwitch,0,2018-05-16 17:45:31,5,0,1,0
8jtw6u,2018-05-16 10:37:45,97,r/NintendoSwitch,0,2018-05-16 14:50:09,4,0,17,0
8jtw6u,2018-05-16 10:37:45,97,r/NintendoSwitch,0,2018-05-16 12:16:40,4,7,202,0
8jtw6u,2018-05-16 10:37:45,97,r/NintendoSwitch,0,2018-05-16 12:25:35,5,1,207,0
8jtw6u,2018-05-16 10:37:45,97,r/NintendoSwitch,0,2018-05-16 12:32:31,6,1,103,0
8jtw6u,2018-05-16 10:37:45,97,r/NintendoSwitch,0,2018-05-16 12:42:19,7,1,49,0
8jtw6u,2018-05-16 10:37:45,97,r/NintendoSwitch,0,2018-05-16 17:19:49,8,1,2,0
8jtw6u,2018-05-16 10:37:45,97,r/NintendoSwitch,0,2018-05-16 12:39:00,5,0,15,0
8jtw6u,2018-05-16 10:37:45,97,r/NintendoSwitch,0,2018-05-16 13:14:33,5,0,9,0
8jtw6u,2018-05-16 10:37:45,97,r/NintendoSwitch,0,2018-05-16 13:29:20,5,0,5,0
8jtw6u,2018-05-16 10:37:45,97,r/NintendoSwitch,0,2018-05-16 14:38:06,5,0,3,0
8jtw6u,2018-05-16 10:37:45,97,r/NintendoSwitch,0,2018-05-16 14:46:56,5,0,3,0
8jtw6u,2018-05-16 10:37:45,97,r/NintendoSwitch,0,2018-05-16 13:05:41,4,1,10,0
8jtw6u,2018-05-16 10:37:45,97,r/NintendoSwitch,0,2018-05-16 16:25:47,5,2,7,0
8jtw6u,2018-05-16 10:37:45,97,r/NintendoSwitch,0,2018-05-16 17:41:40,6,0,1,0
8jtw6u,2018-05-16 10:37:45,97,r/NintendoSwitch,0,2018-05-16 13:01:04,4,0,3,0
8jtw6u,2018-05-16 10:37:45,97,r/NintendoSwitch,0,2018-05-16 14:14:28,4,0,2,0
8jtw6u,2018-05-16 10:37:45,97,r/NintendoSwitch,0,2018-05-16 11:46:58,3,3,37,0
8jtw6u,2018-05-16 10:37:45,97,r/NintendoSwitch,0,2018-05-16 13:24:07,4,0,2,0
8jtw6u,2018-05-16 10:37:45,97,r/NintendoSwitch,0,2018-05-16 14:21:32,4,1,2,0
8jtw6u,2018-05-16 10:37:45,97,r/NintendoSwitch,0,2018-05-16 14:43:40,4,0,2,0
8jtw6u,2018-05-16 10:37:45,97,r/NintendoSwitch,0,2018-05-16 11:36:38,3,0,30,0
8jtw6u,2018-05-16 10:37:45,97,r/NintendoSwitch,0,2018-05-16 11:53:51,3,0,9,0
8jtw6u,2018-05-16 10:37:45,97,r/NintendoSwitch,0,2018-05-16 12:06:27,3,0,2,0
8jtw6u,2018-05-16 10:37:45,97,r/NintendoSwitch,0,2018-05-16 13:47:02,3,0,2,0
8jtw6u,2018-05-16 10:37:45,97,r/NintendoSwitch,0,2018-05-16 16:14:54,3,0,2,0
8jtw6u,2018-05-16 10:37:45,97,r/NintendoSwitch,0,2018-05-16 11:33:53,2,2,30,0
8jtw6u,2018-05-16 10:37:45,97,r/NintendoSwitch,0,2018-05-16 12:33:03,3,3,24,0
8jtw6u,2018-05-16 10:37:45,97,r/NintendoSwitch,0,2018-05-16 14:24:37,4,0,21,0
8jtw6u,2018-05-16 10:37:45,97,r/NintendoSwitch,0,2018-05-16 15:21:37,4,0,4,0
8jtw6u,2018-05-16 10:37:45,97,r/NintendoSwitch,0,2018-05-16 11:49:39,3,0,6,0
8jtw6u,2018-05-16 10:37:45,97,r/NintendoSwitch,0,2018-05-16 11:40:51,2,1,13,0
8jtw6u,2018-05-16 10:37:45,97,r/NintendoSwitch,0,2018-05-16 12:02:26,1,2,32,0
8jtw6u,2018-05-16 10:37:45,97,r/NintendoSwitch,0,2018-05-16 12:08:29,2,0,9,0
8jtw6u,2018-05-16 10:37:45,97,r/NintendoSwitch,0,2018-05-16 16:43:50,2,0,3,0
8jtw6u,2018-05-16 10:37:45,97,r/NintendoSwitch,0,2018-05-16 14:57:53,1,0,5,0
8jtw6u,2018-05-16 10:37:45,97,r/NintendoSwitch,1,2018-05-16 11:44:10,0,4,807,0
8jtw6u,2018-05-16 10:37:45,97,r/NintendoSwitch,1,2018-05-16 12:33:23,1,5,231,0
8jtw6u,2018-05-16 10:37:45,97,r/NintendoSwitch,1,2018-05-16 12:45:47,2,1,69,0
8jtw6u,2018-05-16 10:37:45,97,r/NintendoSwitch,1,2018-05-16 16:38:36,3,1,9,0
8jtw6u,2018-05-16 10:37:45,97,r/NintendoSwitch,1,2018-05-16 16:53:26,4,1,5,0
8jtw6u,2018-05-16 10:37:45,97,r/NintendoSwitch,1,2018-05-16 17:35:09,5,0,1,0
8jtw6u,2018-05-16 10:37:45,97,r/NintendoSwitch,1,2018-05-16 13:15:55,2,0,14,0
8jtw6u,2018-05-16 10:37:45,97,r/NintendoSwitch,1,2018-05-16 13:41:41,2,2,3,0
8jtw6u,2018-05-16 10:37:45,97,r/NintendoSwitch,1,2018-05-16 13:51:37,3,0,6,0
8jtw6u,2018-05-16 10:37:45,97,r/NintendoSwitch,1,2018-05-16 13:06:56,2,0,8,0
8jtw6u,2018-05-16 10:37:45,97,r/NintendoSwitch,1,2018-05-16 11:50:01,1,2,35,0
8jtw6u,2018-05-16 10:37:45,97,r/NintendoSwitch,1,2018-05-16 12:10:04,2,1,63,0
8jtw6u,2018-05-16 10:37:45,97,r/NintendoSwitch,1,2018-05-16 13:36:19,2,0,13,0
8jtw6u,2018-05-16 10:37:45,97,r/NintendoSwitch,1,2018-05-16 12:58:21,1,2,31,0
8jtw6u,2018-05-16 10:37:45,97,r/NintendoSwitch,1,2018-05-16 17:34:00,2,0,1,0
8jtw6u,2018-05-16 10:37:45,97,r/NintendoSwitch,2,2018-05-16 14:02:04,0,8,99,0
8jtw6u,2018-05-16 10:37:45,97,r/NintendoSwitch,2,2018-05-16 15:06:55,1,0,24,0
8jtw6u,2018-05-16 10:37:45,97,r/NintendoSwitch,2,2018-05-16 15:31:48,1,2,9,0
8jtw6u,2018-05-16 10:37:45,97,r/NintendoSwitch,2,2018-05-16 15:50:02,2,2,34,0
8jtw6u,2018-05-16 10:37:45,97,r/NintendoSwitch,2,2018-05-16 16:47:29,3,1,9,0
8jtw6u,2018-05-16 10:37:45,97,r/NintendoSwitch,2,2018-05-16 17:16:57,3,2,3,0
8jtw6u,2018-05-16 10:37:45,97,r/NintendoSwitch,2,2018-05-16 17:20:45,4,1,5,0
8jtw6u,2018-05-16 10:37:45,97,r/NintendoSwitch,2,2018-05-16 14:50:28,1,1,8,0
8jtw6u,2018-05-16 10:37:45,97,r/NintendoSwitch,2,2018-05-16 16:44:03,2,0,6,0
8jtw6u,2018-05-16 10:37:45,97,r/NintendoSwitch,2,2018-05-16 16:14:56,1,0,3,0
8jtw6u,2018-05-16 10:37:45,97,r/NintendoSwitch,2,2018-05-16 16:39:56,1,1,2,0
8jtw6u,2018-05-16 10:37:45,97,r/NintendoSwitch,2,2018-05-16 16:44:15,2,1,6,0
8jtw6u,2018-05-16 10:37:45,97,r/NintendoSwitch,2,2018-05-16 16:49:18,3,0,2,0
8jtw6u,2018-05-16 10:37:45,97,r/NintendoSwitch,2,2018-05-16 16:52:18,1,0,2,0
8jtw6u,2018-05-16 10:37:45,97,r/NintendoSwitch,2,2018-05-16 17:24:54,1,1,2,0
8jtw6u,2018-05-16 10:37:45,97,r/NintendoSwitch,2,2018-05-16 17:41:05,2,0,1,0
8jtw6u,2018-05-16 10:37:45,97,r/NintendoSwitch,3,2018-05-16 11:06:51,0,14,1840,0
8jtw6u,2018-05-16 10:37:45,97,r/NintendoSwitch,3,2018-05-16 11:54:00,1,4,501,0
8jtw6u,2018-05-16 10:37:45,97,r/NintendoSwitch,3,2018-05-16 12:34:12,2,5,129,0
8jtw6u,2018-05-16 10:37:45,97,r/NintendoSwitch,3,2018-05-16 12:39:06,3,6,200,0
8jtw6u,2018-05-16 10:37:45,97,r/NintendoSwitch,3,2018-05-16 12:52:41,4,4,211,0
8jtw6u,2018-05-16 10:37:45,97,r/NintendoSwitch,3,2018-05-16 13:03:37,5,3,62,0
8jtw6u,2018-05-16 10:37:45,97,r/NintendoSwitch,3,2018-05-16 13:10:03,6,1,121,0
8jtw6u,2018-05-16 10:37:45,97,r/NintendoSwitch,3,2018-05-16 13:36:46,6,1,47,0
8jtw6u,2018-05-16 10:37:45,97,r/NintendoSwitch,3,2018-05-16 15:48:04,5,1,3,0
8jtw6u,2018-05-16 10:37:45,97,r/NintendoSwitch,3,2018-05-16 14:57:47,5,0,2,0
8jtw6u,2018-05-16 10:37:45,97,r/NintendoSwitch,3,2018-05-16 14:03:14,4,2,24,0
8jtw6u,2018-05-16 10:37:45,97,r/NintendoSwitch,3,2018-05-16 16:07:31,5,0,3,0
8jtw6u,2018-05-16 10:37:45,97,r/NintendoSwitch,3,2018-05-16 13:59:41,4,1,10,0
8jtw6u,2018-05-16 10:37:45,97,r/NintendoSwitch,3,2018-05-16 15:02:11,5,1,3,0
8jtw6u,2018-05-16 10:37:45,97,r/NintendoSwitch,3,2018-05-16 16:10:15,6,0,5,0
8jtw6u,2018-05-16 10:37:45,97,r/NintendoSwitch,3,2018-05-16 14:36:47,4,2,10,0
8jtw6u,2018-05-16 10:37:45,97,r/NintendoSwitch,3,2018-05-16 14:38:04,5,1,7,0
8jtw6u,2018-05-16 10:37:45,97,r/NintendoSwitch,3,2018-05-16 16:13:09,6,1,2,0
8jtw6u,2018-05-16 10:37:45,97,r/NintendoSwitch,3,2018-05-16 17:38:38,7,1,1,0
8jtw6u,2018-05-16 10:37:45,97,r/NintendoSwitch,3,2018-05-16 13:40:28,4,0,6,0
8jtw6u,2018-05-16 10:37:45,97,r/NintendoSwitch,3,2018-05-16 13:41:41,3,0,6,0
8jtw6u,2018-05-16 10:37:45,97,r/NintendoSwitch,3,2018-05-16 14:22:13,3,0,3,0
8jtw6u,2018-05-16 10:37:45,97,r/NintendoSwitch,3,2018-05-16 14:02:41,3,0,2,0
8jtw6u,2018-05-16 10:37:45,97,r/NintendoSwitch,3,2018-05-16 13:03:25,2,2,13,0
8jtw6u,2018-05-16 10:37:45,97,r/NintendoSwitch,3,2018-05-16 13:29:40,3,1,4,0
8jtw6u,2018-05-16 10:37:45,97,r/NintendoSwitch,3,2018-05-16 13:49:14,4,1,7,0
8jtw6u,2018-05-16 10:37:45,97,r/NintendoSwitch,3,2018-05-16 15:01:50,5,1,2,0
8jtw6u,2018-05-16 10:37:45,97,r/NintendoSwitch,3,2018-05-16 14:13:37,2,0,3,0
8jtw6u,2018-05-16 10:37:45,97,r/NintendoSwitch,3,2018-05-16 11:41:39,1,4,134,0
8jtw6u,2018-05-16 10:37:45,97,r/NintendoSwitch,3,2018-05-16 12:27:55,2,4,53,0
8jtw6u,2018-05-16 10:37:45,97,r/NintendoSwitch,3,2018-05-16 12:38:07,3,2,195,0
8jtw6u,2018-05-16 10:37:45,97,r/NintendoSwitch,3,2018-05-16 12:44:06,4,2,36,0
8jtw6u,2018-05-16 10:37:45,97,r/NintendoSwitch,3,2018-05-16 12:53:01,5,0,7,0
8jtw6u,2018-05-16 10:37:45,97,r/NintendoSwitch,3,2018-05-16 13:09:23,3,2,30,0
8jtw6u,2018-05-16 10:37:45,97,r/NintendoSwitch,3,2018-05-16 13:10:38,4,2,35,0
8jtw6u,2018-05-16 10:37:45,97,r/NintendoSwitch,3,2018-05-16 13:11:48,5,2,18,0
8jtw6u,2018-05-16 10:37:45,97,r/NintendoSwitch,3,2018-05-16 13:22:18,6,2,30,0
8jtw6u,2018-05-16 10:37:45,97,r/NintendoSwitch,3,2018-05-16 13:36:22,7,2,14,0
8jtw6u,2018-05-16 10:37:45,97,r/NintendoSwitch,3,2018-05-16 15:35:41,8,0,4,0
8jtw6u,2018-05-16 10:37:45,97,r/NintendoSwitch,3,2018-05-16 17:02:18,8,1,2,0
8jtw6u,2018-05-16 10:37:45,97,r/NintendoSwitch,3,2018-05-16 13:32:24,3,3,6,0
8jtw6u,2018-05-16 10:37:45,97,r/NintendoSwitch,3,2018-05-16 13:36:43,4,1,3,0
8jtw6u,2018-05-16 10:37:45,97,r/NintendoSwitch,3,2018-05-16 16:08:18,4,0,2,0
8jtw6u,2018-05-16 10:37:45,97,r/NintendoSwitch,3,2018-05-16 15:47:01,2,0,2,0
8jtw6u,2018-05-16 10:37:45,97,r/NintendoSwitch,3,2018-05-16 17:53:40,2,0,1,0
8jtw6u,2018-05-16 10:37:45,97,r/NintendoSwitch,3,2018-05-16 11:34:22,1,3,167,0
8jtw6u,2018-05-16 10:37:45,97,r/NintendoSwitch,3,2018-05-16 11:38:10,2,5,75,0
8jtw6u,2018-05-16 10:37:45,97,r/NintendoSwitch,3,2018-05-16 11:44:48,3,3,41,0
8jtw6u,2018-05-16 10:37:45,97,r/NintendoSwitch,3,2018-05-16 12:42:40,4,3,15,0
8jtw6u,2018-05-16 10:37:45,97,r/NintendoSwitch,3,2018-05-16 13:25:52,5,1,11,0
8jtw6u,2018-05-16 10:37:45,97,r/NintendoSwitch,3,2018-05-16 14:04:28,6,0,13,0
8jtw6u,2018-05-16 10:37:45,97,r/NintendoSwitch,3,2018-05-16 15:12:31,5,0,3,0
8jtw6u,2018-05-16 10:37:45,97,r/NintendoSwitch,3,2018-05-16 11:56:46,4,1,15,0
8jtw6u,2018-05-16 10:37:45,97,r/NintendoSwitch,3,2018-05-16 12:47:33,5,2,23,0
8jtw6u,2018-05-16 10:37:45,97,r/NintendoSwitch,3,2018-05-16 12:49:44,6,1,9,0
8jtw6u,2018-05-16 10:37:45,97,r/NintendoSwitch,3,2018-05-16 13:00:20,3,0,2,0
8jtw6u,2018-05-16 10:37:45,97,r/NintendoSwitch,3,2018-05-16 13:15:19,3,0,2,0
8jtw6u,2018-05-16 10:37:45,97,r/NintendoSwitch,3,2018-05-16 13:50:31,3,0,2,0
8jtw6u,2018-05-16 10:37:45,97,r/NintendoSwitch,3,2018-05-16 12:28:26,2,0,3,0
8jtw6u,2018-05-16 10:37:45,97,r/NintendoSwitch,3,2018-05-16 11:39:32,1,3,141,0
8jtw6u,2018-05-16 10:37:45,97,r/NintendoSwitch,3,2018-05-16 12:04:03,2,2,95,0
8jtw6u,2018-05-16 10:37:45,97,r/NintendoSwitch,3,2018-05-16 12:49:15,3,1,138,0
8jtw6u,2018-05-16 10:37:45,97,r/NintendoSwitch,3,2018-05-16 12:07:10,2,3,32,0
8jtw6u,2018-05-16 10:37:45,97,r/NintendoSwitch,3,2018-05-16 12:32:03,3,3,15,0
8jtw6u,2018-05-16 10:37:45,97,r/NintendoSwitch,3,2018-05-16 13:49:18,4,3,20,0
8jtw6u,2018-05-16 10:37:45,97,r/NintendoSwitch,3,2018-05-16 16:09:56,5,0,7,0
8jtw6u,2018-05-16 10:37:45,97,r/NintendoSwitch,3,2018-05-16 15:14:51,5,0,5,0
8jtw6u,2018-05-16 10:37:45,97,r/NintendoSwitch,3,2018-05-16 14:16:23,4,1,2,0
8jtw6u,2018-05-16 10:37:45,97,r/NintendoSwitch,3,2018-05-16 15:36:58,5,0,2,0
8jtw6u,2018-05-16 10:37:45,97,r/NintendoSwitch,3,2018-05-16 12:40:55,3,0,4,0
8jtw6u,2018-05-16 10:37:45,97,r/NintendoSwitch,3,2018-05-16 14:06:09,1,0,4,0
8jtw6u,2018-05-16 10:37:45,97,r/NintendoSwitch,3,2018-05-16 14:32:20,1,0,3,0
8jtw6u,2018-05-16 10:37:45,97,r/NintendoSwitch,3,2018-05-16 15:36:59,1,0,3,0
8jtw6u,2018-05-16 10:37:45,97,r/NintendoSwitch,3,2018-05-16 12:01:44,1,1,4,0
8jtw6u,2018-05-16 10:37:45,97,r/NintendoSwitch,3,2018-05-16 14:51:31,1,0,2,0
8jtw6u,2018-05-16 10:37:45,97,r/NintendoSwitch,3,2018-05-16 15:08:26,1,0,2,0
8jtw6u,2018-05-16 10:37:45,97,r/NintendoSwitch,3,2018-05-16 15:30:23,1,0,2,0
8jtw6u,2018-05-16 10:37:45,97,r/NintendoSwitch,3,2018-05-16 11:55:24,1,0,3,0
8jtw6u,2018-05-16 10:37:45,97,r/NintendoSwitch,3,2018-05-16 12:26:34,1,0,4,0
8jtw6u,2018-05-16 10:37:45,97,r/NintendoSwitch,4,2018-05-16 13:55:15,0,2,159,0
8jtw6u,2018-05-16 10:37:45,97,r/NintendoSwitch,4,2018-05-16 13:57:26,1,2,76,0
8jtw6u,2018-05-16 10:37:45,97,r/NintendoSwitch,4,2018-05-16 15:19:52,2,1,54,0
8jtw6u,2018-05-16 10:37:45,97,r/NintendoSwitch,4,2018-05-16 17:19:54,3,0,2,0
8jtw6u,2018-05-16 10:37:45,97,r/NintendoSwitch,4,2018-05-16 16:02:07,1,1,18,0
8jtw6u,2018-05-16 10:37:45,97,r/NintendoSwitch,5,2018-05-16 10:41:23,0,3,693,0
8jtw6u,2018-05-16 10:37:45,97,r/NintendoSwitch,5,2018-05-16 10:53:59,1,5,428,0
8jtw6u,2018-05-16 10:37:45,97,r/NintendoSwitch,5,2018-05-16 10:57:05,2,1,171,0
8jtw6u,2018-05-16 10:37:45,97,r/NintendoSwitch,5,2018-05-16 11:06:01,3,2,75,0
8jtw6u,2018-05-16 10:37:45,97,r/NintendoSwitch,5,2018-05-16 12:11:30,4,1,111,0
8jtw6u,2018-05-16 10:37:45,97,r/NintendoSwitch,5,2018-05-16 13:43:51,5,2,22,0
8jtw6u,2018-05-16 10:37:45,97,r/NintendoSwitch,5,2018-05-16 14:07:43,6,1,11,0
8jtw6u,2018-05-16 10:37:45,97,r/NintendoSwitch,5,2018-05-16 14:17:53,7,1,13,0
8jtw6u,2018-05-16 10:37:45,97,r/NintendoSwitch,5,2018-05-16 15:32:36,8,1,4,0
8jtw6u,2018-05-16 10:37:45,97,r/NintendoSwitch,5,2018-05-16 13:06:53,2,3,30,0
8jtw6u,2018-05-16 10:37:45,97,r/NintendoSwitch,5,2018-05-16 14:44:52,3,1,15,0
8jtw6u,2018-05-16 10:37:45,97,r/NintendoSwitch,5,2018-05-16 16:15:32,3,1,4,0
8jtw6u,2018-05-16 10:37:45,97,r/NintendoSwitch,5,2018-05-16 17:04:17,4,0,3,0
8jtw6u,2018-05-16 10:37:45,97,r/NintendoSwitch,5,2018-05-16 14:24:29,2,1,11,0
8jtw6u,2018-05-16 10:37:45,97,r/NintendoSwitch,5,2018-05-16 15:40:39,3,1,3,0
8jtw6u,2018-05-16 10:37:45,97,r/NintendoSwitch,5,2018-05-16 12:32:31,2,1,7,0
8jtw6u,2018-05-16 10:37:45,97,r/NintendoSwitch,5,2018-05-16 10:54:13,1,1,6,0
8jtw6u,2018-05-16 10:37:45,97,r/NintendoSwitch,5,2018-05-16 10:57:04,2,1,14,0
8jtw6u,2018-05-16 10:37:45,97,r/NintendoSwitch,6,2018-05-16 11:28:28,0,1,153,0
8jtw6u,2018-05-16 10:37:45,97,r/NintendoSwitch,6,2018-05-16 13:36:23,1,4,74,0
8jtw6u,2018-05-16 10:37:45,97,r/NintendoSwitch,6,2018-05-16 15:10:19,2,0,16,0
8jtw6u,2018-05-16 10:37:45,97,r/NintendoSwitch,6,2018-05-16 15:25:24,2,0,9,0
8jtw6u,2018-05-16 10:37:45,97,r/NintendoSwitch,6,2018-05-16 15:01:32,2,0,8,0
8jtw6u,2018-05-16 10:37:45,97,r/NintendoSwitch,7,2018-05-16 15:26:14,0,4,54,0
8jtw6u,2018-05-16 10:37:45,97,r/NintendoSwitch,7,2018-05-16 16:28:14,1,0,7,0
8jtw6u,2018-05-16 10:37:45,97,r/NintendoSwitch,7,2018-05-16 17:28:30,1,0,3,0
8jtw6u,2018-05-16 10:37:45,97,r/NintendoSwitch,7,2018-05-16 17:58:20,1,0,1,0
8jtw6u,2018-05-16 10:37:45,97,r/NintendoSwitch,8,2018-05-16 11:39:30,0,3,264,0
8jtw6u,2018-05-16 10:37:45,97,r/NintendoSwitch,8,2018-05-16 13:30:02,1,2,94,0
8jtw6u,2018-05-16 10:37:45,97,r/NintendoSwitch,8,2018-05-16 14:06:27,2,1,45,0
8jtw6u,2018-05-16 10:37:45,97,r/NintendoSwitch,8,2018-05-16 14:53:00,2,0,9,0
8jtw6u,2018-05-16 10:37:45,97,r/NintendoSwitch,8,2018-05-16 15:59:30,1,1,2,0
8jtw6u,2018-05-16 10:37:45,97,r/NintendoSwitch,9,2018-05-16 11:11:38,0,1,87,0
8jtw6u,2018-05-16 10:37:45,97,r/NintendoSwitch,10,2018-05-16 12:34:59,0,1,41,0
8jtw6u,2018-05-16 10:37:45,97,r/NintendoSwitch,10,2018-05-16 14:01:31,1,1,30,0
8jtw6u,2018-05-16 10:37:45,97,r/NintendoSwitch,11,2018-05-16 10:45:41,0,1,527,0
8jtw6u,2018-05-16 10:37:45,97,r/NintendoSwitch,11,2018-05-16 10:59:12,1,3,203,0
8jtw6u,2018-05-16 10:37:45,97,r/NintendoSwitch,11,2018-05-16 12:11:42,2,4,204,0
8jtw6u,2018-05-16 10:37:45,97,r/NintendoSwitch,11,2018-05-16 12:46:32,3,2,122,0
8jtw6u,2018-05-16 10:37:45,97,r/NintendoSwitch,11,2018-05-16 14:29:24,4,1,40,0
8jtw6u,2018-05-16 10:37:45,97,r/NintendoSwitch,11,2018-05-16 14:14:32,4,1,4,0
8jtw6u,2018-05-16 10:37:45,97,r/NintendoSwitch,11,2018-05-16 13:28:08,3,4,96,0
8jtw6u,2018-05-16 10:37:45,97,r/NintendoSwitch,11,2018-05-16 14:41:13,4,1,54,0
8jtw6u,2018-05-16 10:37:45,97,r/NintendoSwitch,11,2018-05-16 15:26:22,5,0,8,0
8jtw6u,2018-05-16 10:37:45,97,r/NintendoSwitch,11,2018-05-16 14:26:13,4,2,30,0
8jtw6u,2018-05-16 10:37:45,97,r/NintendoSwitch,11,2018-05-16 15:26:01,5,2,7,0
8jtw6u,2018-05-16 10:37:45,97,r/NintendoSwitch,11,2018-05-16 16:05:25,6,1,5,0
8jtw6u,2018-05-16 10:37:45,97,r/NintendoSwitch,11,2018-05-16 15:47:24,6,0,2,0
8jtw6u,2018-05-16 10:37:45,97,r/NintendoSwitch,11,2018-05-16 13:37:52,4,1,5,0
8jtw6u,2018-05-16 10:37:45,97,r/NintendoSwitch,11,2018-05-16 13:55:12,5,1,6,0
8jtw6u,2018-05-16 10:37:45,97,r/NintendoSwitch,11,2018-05-16 14:15:09,3,1,2,0
8jtw6u,2018-05-16 10:37:45,97,r/NintendoSwitch,11,2018-05-16 12:14:54,2,3,33,0
8jtw6u,2018-05-16 10:37:45,97,r/NintendoSwitch,11,2018-05-16 12:32:52,3,3,2,0
8jtw6u,2018-05-16 10:37:45,97,r/NintendoSwitch,11,2018-05-16 12:36:18,4,2,11,0
8jtw6u,2018-05-16 10:37:45,97,r/NintendoSwitch,11,2018-05-16 12:54:05,5,0,9,0
8jtw6u,2018-05-16 10:37:45,97,r/NintendoSwitch,11,2018-05-16 13:04:21,5,0,2,0
8jtw6u,2018-05-16 10:37:45,97,r/NintendoSwitch,11,2018-05-16 13:29:13,4,1,4,0
8jtw6u,2018-05-16 10:37:45,97,r/NintendoSwitch,11,2018-05-16 16:08:05,4,0,4,0
8jtw6u,2018-05-16 10:37:45,97,r/NintendoSwitch,11,2018-05-16 14:34:46,3,0,2,0
8jtw6u,2018-05-16 10:37:45,97,r/NintendoSwitch,12,2018-05-16 11:11:14,0,8,212,0
8jtw6u,2018-05-16 10:37:45,97,r/NintendoSwitch,12,2018-05-16 11:13:00,1,1,82,0
8jtw6u,2018-05-16 10:37:45,97,r/NintendoSwitch,12,2018-05-16 11:17:25,2,6,177,0
8jtw6u,2018-05-16 10:37:45,97,r/NintendoSwitch,12,2018-05-16 11:32:56,3,3,69,0
8jtw6u,2018-05-16 10:37:45,97,r/NintendoSwitch,12,2018-05-16 13:00:03,4,2,40,0
8jtw6u,2018-05-16 10:37:45,97,r/NintendoSwitch,12,2018-05-16 16:14:43,5,0,3,0
8jtw6u,2018-05-16 10:37:45,97,r/NintendoSwitch,12,2018-05-16 15:12:11,5,1,4,0
8jtw6u,2018-05-16 10:37:45,97,r/NintendoSwitch,12,2018-05-16 17:02:29,6,1,2,0
8jtw6u,2018-05-16 10:37:45,97,r/NintendoSwitch,12,2018-05-16 17:10:39,7,0,5,0
8jtw6u,2018-05-16 10:37:45,97,r/NintendoSwitch,12,2018-05-16 12:39:45,4,3,28,0
8jtw6u,2018-05-16 10:37:45,97,r/NintendoSwitch,12,2018-05-16 12:47:52,5,1,47,0
8jtw6u,2018-05-16 10:37:45,97,r/NintendoSwitch,12,2018-05-16 13:48:18,6,0,2,0
8jtw6u,2018-05-16 10:37:45,97,r/NintendoSwitch,12,2018-05-16 15:42:13,5,0,4,0
8jtw6u,2018-05-16 10:37:45,97,r/NintendoSwitch,12,2018-05-16 12:43:33,3,3,33,0
8jtw6u,2018-05-16 10:37:45,97,r/NintendoSwitch,12,2018-05-16 14:03:45,4,0,3,0
8jtw6u,2018-05-16 10:37:45,97,r/NintendoSwitch,12,2018-05-16 17:42:22,4,0,1,0
8jtw6u,2018-05-16 10:37:45,97,r/NintendoSwitch,12,2018-05-16 13:06:16,3,1,9,0
8jtw6u,2018-05-16 10:37:45,97,r/NintendoSwitch,12,2018-05-16 13:08:08,4,0,3,0
8jtw6u,2018-05-16 10:37:45,97,r/NintendoSwitch,12,2018-05-16 12:49:14,3,2,16,0
8jtw6u,2018-05-16 10:37:45,97,r/NintendoSwitch,12,2018-05-16 14:51:40,4,0,5,0
8jtw6u,2018-05-16 10:37:45,97,r/NintendoSwitch,12,2018-05-16 14:28:43,3,1,2,0
8jtw6u,2018-05-16 10:37:45,97,r/NintendoSwitch,12,2018-05-16 11:30:13,1,3,12,0
8jtw6u,2018-05-16 10:37:45,97,r/NintendoSwitch,12,2018-05-16 12:33:13,2,4,79,0
8jtw6u,2018-05-16 10:37:45,97,r/NintendoSwitch,12,2018-05-16 12:44:56,3,3,37,0
8jtw6u,2018-05-16 10:37:45,97,r/NintendoSwitch,12,2018-05-16 13:16:51,4,1,21,0
8jtw6u,2018-05-16 10:37:45,97,r/NintendoSwitch,12,2018-05-16 14:29:05,5,0,2,0
8jtw6u,2018-05-16 10:37:45,97,r/NintendoSwitch,12,2018-05-16 13:25:11,4,0,3,0
8jtw6u,2018-05-16 10:37:45,97,r/NintendoSwitch,12,2018-05-16 15:05:42,3,1,3,0
8jtw6u,2018-05-16 10:37:45,97,r/NintendoSwitch,12,2018-05-16 15:10:07,4,2,2,0
8jtw6u,2018-05-16 10:37:45,97,r/NintendoSwitch,12,2018-05-16 16:36:34,5,0,2,0
8jtw6u,2018-05-16 10:37:45,97,r/NintendoSwitch,12,2018-05-16 15:11:44,3,0,3,0
8jtw6u,2018-05-16 10:37:45,97,r/NintendoSwitch,12,2018-05-16 15:46:50,3,1,2,0
8jtw6u,2018-05-16 10:37:45,97,r/NintendoSwitch,12,2018-05-16 11:35:47,2,1,15,0
8jtw6u,2018-05-16 10:37:45,97,r/NintendoSwitch,12,2018-05-16 14:18:50,2,0,2,0
8jtw6u,2018-05-16 10:37:45,97,r/NintendoSwitch,12,2018-05-16 11:43:04,1,1,9,0
8jtw6u,2018-05-16 10:37:45,97,r/NintendoSwitch,12,2018-05-16 15:10:20,2,1,2,0
8jtw6u,2018-05-16 10:37:45,97,r/NintendoSwitch,12,2018-05-16 16:38:41,3,1,2,0
8jtw6u,2018-05-16 10:37:45,97,r/NintendoSwitch,12,2018-05-16 17:01:55,4,0,2,0
8jtw6u,2018-05-16 10:37:45,97,r/NintendoSwitch,12,2018-05-16 11:46:17,1,5,45,0
8jtw6u,2018-05-16 10:37:45,97,r/NintendoSwitch,12,2018-05-16 12:44:13,2,2,29,0
8jtw6u,2018-05-16 10:37:45,97,r/NintendoSwitch,12,2018-05-16 15:45:40,3,1,6,0
8jtw6u,2018-05-16 10:37:45,97,r/NintendoSwitch,12,2018-05-16 15:41:44,3,1,2,0
8jtw6u,2018-05-16 10:37:45,97,r/NintendoSwitch,12,2018-05-16 15:29:58,2,0,3,0
8jtw6u,2018-05-16 10:37:45,97,r/NintendoSwitch,12,2018-05-16 12:01:42,2,1,12,0
8jtw6u,2018-05-16 10:37:45,97,r/NintendoSwitch,12,2018-05-16 12:11:58,2,0,15,0
8jtw6u,2018-05-16 10:37:45,97,r/NintendoSwitch,12,2018-05-16 12:38:32,1,1,15,0
8jtw6u,2018-05-16 10:37:45,97,r/NintendoSwitch,12,2018-05-16 11:16:44,1,2,15,0
8jtw6u,2018-05-16 10:37:45,97,r/NintendoSwitch,12,2018-05-16 11:25:05,2,1,38,0
8jtw6u,2018-05-16 10:37:45,97,r/NintendoSwitch,12,2018-05-16 12:40:21,3,1,25,0
8jtw6u,2018-05-16 10:37:45,97,r/NintendoSwitch,12,2018-05-16 12:42:40,1,0,5,0
8jtw6u,2018-05-16 10:37:45,97,r/NintendoSwitch,13,2018-05-16 10:40:44,0,7,389,0
8jtw6u,2018-05-16 10:37:45,97,r/NintendoSwitch,13,2018-05-16 10:43:39,1,3,642,0
8jtw6u,2018-05-16 10:37:45,97,r/NintendoSwitch,13,2018-05-16 10:47:19,2,2,210,0
8jtw6u,2018-05-16 10:37:45,97,r/NintendoSwitch,13,2018-05-16 12:46:30,3,1,21,0
8jtw6u,2018-05-16 10:37:45,97,r/NintendoSwitch,13,2018-05-16 11:46:23,3,1,21,0
8jtw6u,2018-05-16 10:37:45,97,r/NintendoSwitch,13,2018-05-16 13:27:23,4,0,7,0
8jtw6u,2018-05-16 10:37:45,97,r/NintendoSwitch,13,2018-05-16 10:47:44,2,6,102,0
8jtw6u,2018-05-16 10:37:45,97,r/NintendoSwitch,13,2018-05-16 12:38:00,3,2,35,0
8jtw6u,2018-05-16 10:37:45,97,r/NintendoSwitch,13,2018-05-16 13:08:47,4,0,12,0
8jtw6u,2018-05-16 10:37:45,97,r/NintendoSwitch,13,2018-05-16 10:50:14,3,1,51,0
8jtw6u,2018-05-16 10:37:45,97,r/NintendoSwitch,13,2018-05-16 11:39:17,4,5,57,0
8jtw6u,2018-05-16 10:37:45,97,r/NintendoSwitch,13,2018-05-16 11:42:26,5,0,26,0
8jtw6u,2018-05-16 10:37:45,97,r/NintendoSwitch,13,2018-05-16 11:42:18,5,1,15,0
8jtw6u,2018-05-16 10:37:45,97,r/NintendoSwitch,13,2018-05-16 12:24:49,6,0,4,0
8jtw6u,2018-05-16 10:37:45,97,r/NintendoSwitch,13,2018-05-16 14:27:28,5,0,2,0
8jtw6u,2018-05-16 10:37:45,97,r/NintendoSwitch,13,2018-05-16 16:46:25,5,0,2,0
8jtw6u,2018-05-16 10:37:45,97,r/NintendoSwitch,13,2018-05-16 15:08:10,3,0,2,0
8jtw6u,2018-05-16 10:37:45,97,r/NintendoSwitch,13,2018-05-16 15:55:16,3,0,2,0
8jtw6u,2018-05-16 10:37:45,97,r/NintendoSwitch,13,2018-05-16 16:43:48,3,0,2,0
8jtw6u,2018-05-16 10:37:45,97,r/NintendoSwitch,13,2018-05-16 10:47:33,1,2,14,0
8jtw6u,2018-05-16 10:37:45,97,r/NintendoSwitch,13,2018-05-16 11:03:12,2,0,4,0
8jtw6u,2018-05-16 10:37:45,97,r/NintendoSwitch,13,2018-05-16 13:26:09,2,1,2,0
8jtw6u,2018-05-16 10:37:45,97,r/NintendoSwitch,13,2018-05-16 13:38:26,3,0,6,0
8jtw6u,2018-05-16 10:37:45,97,r/NintendoSwitch,13,2018-05-16 10:49:56,1,3,65,0
8jtw6u,2018-05-16 10:37:45,97,r/NintendoSwitch,13,2018-05-16 10:53:20,2,1,84,0
8jtw6u,2018-05-16 10:37:45,97,r/NintendoSwitch,13,2018-05-16 10:54:27,3,1,43,0
8jtw6u,2018-05-16 10:37:45,97,r/NintendoSwitch,13,2018-05-16 10:57:54,4,2,26,0
8jtw6u,2018-05-16 10:37:45,97,r/NintendoSwitch,13,2018-05-16 11:01:22,5,2,27,0
8jtw6u,2018-05-16 10:37:45,97,r/NintendoSwitch,13,2018-05-16 11:13:39,6,4,21,0
8jtw6u,2018-05-16 10:37:45,97,r/NintendoSwitch,13,2018-05-16 12:26:38,7,1,14,0
8jtw6u,2018-05-16 10:37:45,97,r/NintendoSwitch,13,2018-05-16 14:03:01,7,0,3,0
8jtw6u,2018-05-16 10:37:45,97,r/NintendoSwitch,13,2018-05-16 14:09:23,7,0,3,0
8jtw6u,2018-05-16 10:37:45,97,r/NintendoSwitch,13,2018-05-16 11:52:51,5,0,2,0
8jtw6u,2018-05-16 10:37:45,97,r/NintendoSwitch,13,2018-05-16 11:58:21,2,0,2,0
8jtw6u,2018-05-16 10:37:45,97,r/NintendoSwitch,13,2018-05-16 10:52:43,1,0,7,0
8jtw6u,2018-05-16 10:37:45,97,r/NintendoSwitch,13,2018-05-16 11:02:48,1,3,12,0
8jtw6u,2018-05-16 10:37:45,97,r/NintendoSwitch,13,2018-05-16 11:10:53,2,1,48,0
8jtw6u,2018-05-16 10:37:45,97,r/NintendoSwitch,13,2018-05-16 11:40:52,3,1,7,0
8jtw6u,2018-05-16 10:37:45,97,r/NintendoSwitch,13,2018-05-16 16:08:46,4,0,2,0
8jtw6u,2018-05-16 10:37:45,97,r/NintendoSwitch,13,2018-05-16 12:00:22,2,0,2,0
8jtw6u,2018-05-16 10:37:45,97,r/NintendoSwitch,13,2018-05-16 15:55:06,1,0,2,0
8jtw6u,2018-05-16 10:37:45,97,r/NintendoSwitch,14,2018-05-16 11:26:21,0,1,21,0
8jtw6u,2018-05-16 10:37:45,97,r/NintendoSwitch,14,2018-05-16 11:31:45,1,0,15,0
8jtw6u,2018-05-16 10:37:45,97,r/NintendoSwitch,15,2018-05-16 16:26:43,0,0,22,0
8jtw6u,2018-05-16 10:37:45,97,r/NintendoSwitch,16,2018-05-16 12:32:57,0,0,42,0
8jtw6u,2018-05-16 10:37:45,97,r/NintendoSwitch,17,2018-05-16 11:40:45,0,9,128,0
8jtw6u,2018-05-16 10:37:45,97,r/NintendoSwitch,17,2018-05-16 12:35:41,1,0,13,0
8jtw6u,2018-05-16 10:37:45,97,r/NintendoSwitch,17,2018-05-16 15:07:03,1,0,3,0
8jtw6u,2018-05-16 10:37:45,97,r/NintendoSwitch,17,2018-05-16 15:32:43,1,0,3,0
8jtw6u,2018-05-16 10:37:45,97,r/NintendoSwitch,17,2018-05-16 12:54:39,1,2,31,0
8jtw6u,2018-05-16 10:37:45,97,r/NintendoSwitch,17,2018-05-16 13:36:30,2,1,27,0
8jtw6u,2018-05-16 10:37:45,97,r/NintendoSwitch,17,2018-05-16 14:58:42,3,0,2,0
8jtw6u,2018-05-16 10:37:45,97,r/NintendoSwitch,17,2018-05-16 12:53:34,1,1,14,0
8jtw6u,2018-05-16 10:37:45,97,r/NintendoSwitch,17,2018-05-16 13:05:53,1,1,23,0
8jtw6u,2018-05-16 10:37:45,97,r/NintendoSwitch,17,2018-05-16 14:23:03,2,0,19,0
8jtw6u,2018-05-16 10:37:45,97,r/NintendoSwitch,17,2018-05-16 14:41:58,1,0,4,0
8jtw6u,2018-05-16 10:37:45,97,r/NintendoSwitch,17,2018-05-16 13:05:34,1,0,2,0
8jtw6u,2018-05-16 10:37:45,97,r/NintendoSwitch,18,2018-05-16 11:53:34,0,5,271,0
8jtw6u,2018-05-16 10:37:45,97,r/NintendoSwitch,18,2018-05-16 12:21:30,1,1,150,0
8jtw6u,2018-05-16 10:37:45,97,r/NintendoSwitch,18,2018-05-16 12:33:48,2,1,38,0
8jtw6u,2018-05-16 10:37:45,97,r/NintendoSwitch,18,2018-05-16 14:11:03,3,0,3,0
8jtw6u,2018-05-16 10:37:45,97,r/NintendoSwitch,18,2018-05-16 12:29:08,1,2,21,0
8jtw6u,2018-05-16 10:37:45,97,r/NintendoSwitch,18,2018-05-16 12:55:24,2,1,12,0
8jtw6u,2018-05-16 10:37:45,97,r/NintendoSwitch,18,2018-05-16 14:14:04,1,0,7,0
8jtw6u,2018-05-16 10:37:45,97,r/NintendoSwitch,18,2018-05-16 15:33:22,1,0,2,0
8jtw6u,2018-05-16 10:37:45,97,r/NintendoSwitch,19,2018-05-16 12:46:49,0,2,30,0
8jtw6u,2018-05-16 10:37:45,97,r/NintendoSwitch,19,2018-05-16 13:58:50,1,2,9,0
8jtw6u,2018-05-16 10:37:45,97,r/NintendoSwitch,19,2018-05-16 14:30:40,2,1,9,0
8jtw6u,2018-05-16 10:37:45,97,r/NintendoSwitch,19,2018-05-16 17:41:08,2,0,1,0
8jtw6u,2018-05-16 10:37:45,97,r/NintendoSwitch,20,2018-05-16 12:05:36,0,4,52,0
8jtw6u,2018-05-16 10:37:45,97,r/NintendoSwitch,20,2018-05-16 12:29:12,1,0,27,0
8jtw6u,2018-05-16 10:37:45,97,r/NintendoSwitch,20,2018-05-16 12:38:36,1,2,8,0
8jtw6u,2018-05-16 10:37:45,97,r/NintendoSwitch,20,2018-05-16 14:31:20,2,0,6,0
8jtw6u,2018-05-16 10:37:45,97,r/NintendoSwitch,20,2018-05-16 13:25:24,2,0,5,0
8jtw6u,2018-05-16 10:37:45,97,r/NintendoSwitch,20,2018-05-16 17:20:33,1,0,2,0
8jtw6u,2018-05-16 10:37:45,97,r/NintendoSwitch,20,2018-05-16 18:02:34,1,0,1,0
8jtw6u,2018-05-16 10:37:45,97,r/NintendoSwitch,21,2018-05-16 10:55:05,0,1,33,0
8jtw6u,2018-05-16 10:37:45,97,r/NintendoSwitch,22,2018-05-16 11:51:45,0,0,39,0
8jtw6u,2018-05-16 10:37:45,97,r/NintendoSwitch,23,2018-05-16 13:07:02,0,5,49,0
8jtw6u,2018-05-16 10:37:45,97,r/NintendoSwitch,23,2018-05-16 13:55:56,1,0,16,0
8jtw6u,2018-05-16 10:37:45,97,r/NintendoSwitch,23,2018-05-16 15:25:38,1,0,4,0
8jtw6u,2018-05-16 10:37:45,97,r/NintendoSwitch,23,2018-05-16 16:02:06,1,0,3,0
8jtw6u,2018-05-16 10:37:45,97,r/NintendoSwitch,23,2018-05-16 16:20:09,1,0,3,0
8jtw6u,2018-05-16 10:37:45,97,r/NintendoSwitch,23,2018-05-16 17:20:46,1,0,2,0
8jtw6u,2018-05-16 10:37:45,97,r/NintendoSwitch,24,2018-05-16 13:58:32,0,2,26,0
8jtw6u,2018-05-16 10:37:45,97,r/NintendoSwitch,24,2018-05-16 16:23:32,1,0,5,0
8jtw6u,2018-05-16 10:37:45,97,r/NintendoSwitch,25,2018-05-16 13:43:08,0,1,11,0
8jtw6u,2018-05-16 10:37:45,97,r/NintendoSwitch,25,2018-05-16 13:50:57,1,3,6,0
8jtw6u,2018-05-16 10:37:45,97,r/NintendoSwitch,25,2018-05-16 14:07:00,2,0,4,0
8jtw6u,2018-05-16 10:37:45,97,r/NintendoSwitch,25,2018-05-16 15:03:24,2,0,4,0
8jtw6u,2018-05-16 10:37:45,97,r/NintendoSwitch,26,2018-05-16 11:20:55,0,2,37,0
8jtw6u,2018-05-16 10:37:45,97,r/NintendoSwitch,26,2018-05-16 11:47:00,1,1,29,0
8jtw6u,2018-05-16 10:37:45,97,r/NintendoSwitch,26,2018-05-16 14:27:40,2,1,5,0
8jtw6u,2018-05-16 10:37:45,97,r/NintendoSwitch,26,2018-05-16 14:35:00,1,0,3,0
8jtw6u,2018-05-16 10:37:45,97,r/NintendoSwitch,27,2018-05-16 11:58:22,0,1,30,0
8jtw6u,2018-05-16 10:37:45,97,r/NintendoSwitch,28,2018-05-16 12:30:42,0,3,31,0
8jtw6u,2018-05-16 10:37:45,97,r/NintendoSwitch,28,2018-05-16 15:01:35,1,0,3,0
8jtw6u,2018-05-16 10:37:45,97,r/NintendoSwitch,28,2018-05-16 17:07:53,1,0,2,0
8jtw6u,2018-05-16 10:37:45,97,r/NintendoSwitch,29,2018-05-16 10:40:36,0,1,62,0
8jtw6u,2018-05-16 10:37:45,97,r/NintendoSwitch,29,2018-05-16 10:42:19,1,2,50,0
8jtw6u,2018-05-16 10:37:45,97,r/NintendoSwitch,29,2018-05-16 11:22:35,2,1,23,0
8jtw6u,2018-05-16 10:37:45,97,r/NintendoSwitch,29,2018-05-16 11:23:18,3,0,5,0
8jtw6u,2018-05-16 10:37:45,97,r/NintendoSwitch,29,2018-05-16 12:18:40,2,2,12,0
8jtw6u,2018-05-16 10:37:45,97,r/NintendoSwitch,29,2018-05-16 12:25:50,3,0,3,0
8jtw6u,2018-05-16 10:37:45,97,r/NintendoSwitch,30,2018-05-16 11:36:30,0,2,19,0
8jtw6u,2018-05-16 10:37:45,97,r/NintendoSwitch,30,2018-05-16 12:36:36,1,1,21,0
8jtw6u,2018-05-16 10:37:45,97,r/NintendoSwitch,30,2018-05-16 16:15:39,2,1,10,0
8jtw6u,2018-05-16 10:37:45,97,r/NintendoSwitch,30,2018-05-16 16:16:58,3,0,6,0
8jtw6u,2018-05-16 10:37:45,97,r/NintendoSwitch,31,2018-05-16 16:54:22,0,1,10,0
8jtw6u,2018-05-16 10:37:45,97,r/NintendoSwitch,31,2018-05-16 18:05:20,1,0,1,0
8jtw6u,2018-05-16 10:37:45,97,r/NintendoSwitch,32,2018-05-16 11:52:12,0,2,67,0
8jtw6u,2018-05-16 10:37:45,97,r/NintendoSwitch,32,2018-05-16 12:52:39,1,1,16,0
8jtw6u,2018-05-16 10:37:45,97,r/NintendoSwitch,32,2018-05-16 13:15:10,2,0,4,0
8jtw6u,2018-05-16 10:37:45,97,r/NintendoSwitch,33,2018-05-16 12:10:15,0,0,17,0
8jtw6u,2018-05-16 10:37:45,97,r/NintendoSwitch,34,2018-05-16 13:03:13,0,1,9,0
8jtw6u,2018-05-16 10:37:45,97,r/NintendoSwitch,35,2018-05-16 13:30:17,0,0,8,0
8jtw6u,2018-05-16 10:37:45,97,r/NintendoSwitch,36,2018-05-16 13:30:38,0,0,7,0
8jtw6u,2018-05-16 10:37:45,97,r/NintendoSwitch,37,2018-05-16 16:07:36,0,0,9,0
8jtw6u,2018-05-16 10:37:45,97,r/NintendoSwitch,38,2018-05-16 11:40:27,0,3,32,0
8jtw6u,2018-05-16 10:37:45,97,r/NintendoSwitch,38,2018-05-16 11:52:51,1,1,48,0
8jtw6u,2018-05-16 10:37:45,97,r/NintendoSwitch,38,2018-05-16 14:31:59,1,1,5,0
8jtw6u,2018-05-16 10:37:45,97,r/NintendoSwitch,38,2018-05-16 15:26:47,2,0,5,0
8jtw6u,2018-05-16 10:37:45,97,r/NintendoSwitch,39,2018-05-16 12:28:00,0,1,16,0
8jtw6u,2018-05-16 10:37:45,97,r/NintendoSwitch,40,2018-05-16 12:55:48,0,2,13,0
8jtw6u,2018-05-16 10:37:45,97,r/NintendoSwitch,40,2018-05-16 12:59:03,1,0,9,0
8jtw6u,2018-05-16 10:37:45,97,r/NintendoSwitch,40,2018-05-16 15:05:39,1,1,5,0
8jtw6u,2018-05-16 10:37:45,97,r/NintendoSwitch,40,2018-05-16 15:06:34,2,1,2,0
8jtw6u,2018-05-16 10:37:45,97,r/NintendoSwitch,41,2018-05-16 11:05:24,0,9,105,0
8jtw6u,2018-05-16 10:37:45,97,r/NintendoSwitch,41,2018-05-16 11:26:51,1,1,108,0
8jtw6u,2018-05-16 10:37:45,97,r/NintendoSwitch,41,2018-05-16 12:47:05,1,0,15,0
8jtw6u,2018-05-16 10:37:45,97,r/NintendoSwitch,41,2018-05-16 12:53:23,1,1,23,0
8jtw6u,2018-05-16 10:37:45,97,r/NintendoSwitch,41,2018-05-16 11:40:21,1,3,30,0
8jtw6u,2018-05-16 10:37:45,97,r/NintendoSwitch,41,2018-05-16 11:54:58,2,2,16,0
8jtw6u,2018-05-16 10:37:45,97,r/NintendoSwitch,41,2018-05-16 14:32:55,3,0,2,0
8jtw6u,2018-05-16 10:37:45,97,r/NintendoSwitch,41,2018-05-16 12:46:46,2,1,7,0
8jtw6u,2018-05-16 10:37:45,97,r/NintendoSwitch,41,2018-05-16 13:04:29,1,0,7,0
8jtw6u,2018-05-16 10:37:45,97,r/NintendoSwitch,41,2018-05-16 11:40:40,1,1,18,0
8jtw6u,2018-05-16 10:37:45,97,r/NintendoSwitch,41,2018-05-16 11:39:22,1,0,3,0
8jtw6u,2018-05-16 10:37:45,97,r/NintendoSwitch,41,2018-05-16 13:18:31,1,0,2,0
8jtw6u,2018-05-16 10:37:45,97,r/NintendoSwitch,42,2018-05-16 10:41:13,0,1,13,0
8jtw6u,2018-05-16 10:37:45,97,r/NintendoSwitch,42,2018-05-16 10:41:50,1,0,12,0
8jtw6u,2018-05-16 10:37:45,97,r/NintendoSwitch,43,2018-05-16 12:53:16,0,0,7,0
8jtw6u,2018-05-16 10:37:45,97,r/NintendoSwitch,44,2018-05-16 13:31:13,0,5,25,0
8jtw6u,2018-05-16 10:37:45,97,r/NintendoSwitch,44,2018-05-16 14:06:21,1,0,5,0
8jtw6u,2018-05-16 10:37:45,97,r/NintendoSwitch,44,2018-05-16 14:12:05,1,0,4,0
8jtw6u,2018-05-16 10:37:45,97,r/NintendoSwitch,44,2018-05-16 14:08:39,1,0,3,0
8jtw6u,2018-05-16 10:37:45,97,r/NintendoSwitch,44,2018-05-16 16:17:05,1,0,2,0
8jtw6u,2018-05-16 10:37:45,97,r/NintendoSwitch,45,2018-05-16 10:50:12,0,5,49,0
8jtw6u,2018-05-16 10:37:45,97,r/NintendoSwitch,45,2018-05-16 12:14:54,1,2,49,0
8jtw6u,2018-05-16 10:37:45,97,r/NintendoSwitch,45,2018-05-16 16:32:27,2,1,4,0
8jtw6u,2018-05-16 10:37:45,97,r/NintendoSwitch,45,2018-05-16 12:16:08,1,2,21,0
8jtw6u,2018-05-16 10:37:45,97,r/NintendoSwitch,45,2018-05-16 13:57:41,2,1,7,0
8jtw6u,2018-05-16 10:37:45,97,r/NintendoSwitch,45,2018-05-16 15:49:03,2,1,3,0
8jtw6u,2018-05-16 10:37:45,97,r/NintendoSwitch,45,2018-05-16 11:06:01,1,1,16,0
8jtw6u,2018-05-16 10:37:45,97,r/NintendoSwitch,45,2018-05-16 11:51:28,2,0,14,0
8jtw6u,2018-05-16 10:37:45,97,r/NintendoSwitch,45,2018-05-16 11:22:38,1,2,4,0
8jtw6u,2018-05-16 10:37:45,97,r/NintendoSwitch,45,2018-05-16 12:00:04,2,0,3,0
8jtw6u,2018-05-16 10:37:45,97,r/NintendoSwitch,46,2018-05-16 10:39:49,0,0,42,0
8jtw6u,2018-05-16 10:37:45,97,r/NintendoSwitch,47,2018-05-16 13:00:12,0,1,18,0
8jtw6u,2018-05-16 10:37:45,97,r/NintendoSwitch,47,2018-05-16 13:57:08,1,1,11,0
8jtw6u,2018-05-16 10:37:45,97,r/NintendoSwitch,47,2018-05-16 14:06:46,2,1,5,0
8jtw6u,2018-05-16 10:37:45,97,r/NintendoSwitch,48,2018-05-16 12:59:09,0,2,5,0
8jtw6u,2018-05-16 10:37:45,97,r/NintendoSwitch,48,2018-05-16 17:37:07,1,0,1,0
8jtw6u,2018-05-16 10:37:45,97,r/NintendoSwitch,49,2018-05-16 16:55:16,0,1,5,0
8jtw6u,2018-05-16 10:37:45,97,r/NintendoSwitch,50,2018-05-16 14:13:07,0,1,12,0
8jtw6u,2018-05-16 10:37:45,97,r/NintendoSwitch,51,2018-05-16 12:46:08,0,2,12,0
8jtw6u,2018-05-16 10:37:45,97,r/NintendoSwitch,51,2018-05-16 13:59:23,1,1,7,0
8jtw6u,2018-05-16 10:37:45,97,r/NintendoSwitch,51,2018-05-16 14:47:32,2,0,3,0
8jtw6u,2018-05-16 10:37:45,97,r/NintendoSwitch,51,2018-05-16 14:47:22,1,0,2,0
8jtw6u,2018-05-16 10:37:45,97,r/NintendoSwitch,52,2018-05-16 13:24:16,0,2,17,0
8jtw6u,2018-05-16 10:37:45,97,r/NintendoSwitch,52,2018-05-16 16:33:29,1,0,3,0
8jtw6u,2018-05-16 10:37:45,97,r/NintendoSwitch,52,2018-05-16 14:13:43,1,0,2,0
8jtw6u,2018-05-16 10:37:45,97,r/NintendoSwitch,53,2018-05-16 12:47:14,0,0,4,0
8jtw6u,2018-05-16 10:37:45,97,r/NintendoSwitch,54,2018-05-16 13:03:04,0,0,3,0
8jtw6u,2018-05-16 10:37:45,97,r/NintendoSwitch,55,2018-05-16 17:42:29,0,1,1,0
8jtw6u,2018-05-16 10:37:45,97,r/NintendoSwitch,55,2018-05-16 18:00:03,1,0,1,0
8jtw6u,2018-05-16 10:37:45,97,r/NintendoSwitch,56,2018-05-16 15:43:18,0,0,7,0
8jtw6u,2018-05-16 10:37:45,97,r/NintendoSwitch,57,2018-05-16 10:55:39,0,2,27,0
8jtw6u,2018-05-16 10:37:45,97,r/NintendoSwitch,57,2018-05-16 11:32:57,1,0,13,0
8jtw6u,2018-05-16 10:37:45,97,r/NintendoSwitch,58,2018-05-16 11:01:51,0,0,9,0
8jtw6u,2018-05-16 10:37:45,97,r/NintendoSwitch,59,2018-05-16 12:17:47,0,1,9,0
8jtw6u,2018-05-16 10:37:45,97,r/NintendoSwitch,60,2018-05-16 12:27:40,0,0,6,0
8jtw6u,2018-05-16 10:37:45,97,r/NintendoSwitch,61,2018-05-16 13:09:46,0,2,6,0
8jtw6u,2018-05-16 10:37:45,97,r/NintendoSwitch,61,2018-05-16 13:10:54,1,1,13,0
8jtw6u,2018-05-16 10:37:45,97,r/NintendoSwitch,61,2018-05-16 13:19:22,2,0,2,0
8jtw6u,2018-05-16 10:37:45,97,r/NintendoSwitch,62,2018-05-16 10:58:32,0,3,17,0
8jtw6u,2018-05-16 10:37:45,97,r/NintendoSwitch,62,2018-05-16 12:16:00,1,1,3,0
8jtw6u,2018-05-16 10:37:45,97,r/NintendoSwitch,62,2018-05-16 11:08:26,1,2,8,0
8jtw6u,2018-05-16 10:37:45,97,r/NintendoSwitch,62,2018-05-16 11:38:33,2,1,8,0
8jtw6u,2018-05-16 10:37:45,97,r/NintendoSwitch,62,2018-05-16 11:40:34,3,2,3,0
8jtw6u,2018-05-16 10:37:45,97,r/NintendoSwitch,62,2018-05-16 11:45:40,4,1,8,0
8jtw6u,2018-05-16 10:37:45,97,r/NintendoSwitch,62,2018-05-16 11:41:48,2,0,5,0
8jtw6u,2018-05-16 10:37:45,97,r/NintendoSwitch,63,2018-05-16 13:47:22,0,1,3,0
8jtw6u,2018-05-16 10:37:45,97,r/NintendoSwitch,63,2018-05-16 14:29:51,1,0,3,0
8jtw6u,2018-05-16 10:37:45,97,r/NintendoSwitch,64,2018-05-16 14:08:42,0,0,3,0
8jtw6u,2018-05-16 10:37:45,97,r/NintendoSwitch,65,2018-05-16 14:15:12,0,0,3,0
8jtw6u,2018-05-16 10:37:45,97,r/NintendoSwitch,66,2018-05-16 14:24:56,0,0,3,0
8jtw6u,2018-05-16 10:37:45,97,r/NintendoSwitch,67,2018-05-16 14:30:29,0,0,3,0
8jtw6u,2018-05-16 10:37:45,97,r/NintendoSwitch,68,2018-05-16 16:19:18,0,1,3,0
8jtw6u,2018-05-16 10:37:45,97,r/NintendoSwitch,69,2018-05-16 16:42:31,0,0,3,0
8jtw6u,2018-05-16 10:37:45,97,r/NintendoSwitch,70,2018-05-16 16:50:22,0,0,3,0
8jtw6u,2018-05-16 10:37:45,97,r/NintendoSwitch,71,2018-05-16 13:41:37,0,1,11,0
8jtw6u,2018-05-16 10:37:45,97,r/NintendoSwitch,72,2018-05-16 12:27:32,0,1,7,0
8jtw6u,2018-05-16 10:37:45,97,r/NintendoSwitch,72,2018-05-16 13:06:02,1,0,4,0
8jtw6u,2018-05-16 10:37:45,97,r/NintendoSwitch,73,2018-05-16 10:52:14,0,1,17,0
8jtw6u,2018-05-16 10:37:45,97,r/NintendoSwitch,73,2018-05-16 11:05:15,1,1,5,0
8jtw6u,2018-05-16 10:37:45,97,r/NintendoSwitch,74,2018-05-16 12:12:05,0,0,10,0
8jtw6u,2018-05-16 10:37:45,97,r/NintendoSwitch,75,2018-05-16 11:00:38,0,0,2,0
8jtw6u,2018-05-16 10:37:45,97,r/NintendoSwitch,76,2018-05-16 11:00:51,0,0,2,0
8jtw6u,2018-05-16 10:37:45,97,r/NintendoSwitch,77,2018-05-16 12:23:52,0,1,2,0
8jtw6u,2018-05-16 10:37:45,97,r/NintendoSwitch,77,2018-05-16 12:39:50,1,1,2,0
8jtw6u,2018-05-16 10:37:45,97,r/NintendoSwitch,78,2018-05-16 13:00:49,0,0,2,0
8jtw6u,2018-05-16 10:37:45,97,r/NintendoSwitch,79,2018-05-16 13:05:18,0,0,2,0
8jtw6u,2018-05-16 10:37:45,97,r/NintendoSwitch,80,2018-05-16 13:14:37,0,0,2,0
8jtw6u,2018-05-16 10:37:45,97,r/NintendoSwitch,81,2018-05-16 13:21:26,0,0,2,0
8jtw6u,2018-05-16 10:37:45,97,r/NintendoSwitch,82,2018-05-16 13:25:03,0,1,2,0
8jtw6u,2018-05-16 10:37:45,97,r/NintendoSwitch,82,2018-05-16 13:29:19,1,1,5,0
8jtw6u,2018-05-16 10:37:45,97,r/NintendoSwitch,83,2018-05-16 13:55:05,0,0,2,0
8jtw6u,2018-05-16 10:37:45,97,r/NintendoSwitch,84,2018-05-16 13:55:30,0,0,2,0
8jtw6u,2018-05-16 10:37:45,97,r/NintendoSwitch,85,2018-05-16 14:23:04,0,0,2,0
8jtw6u,2018-05-16 10:37:45,97,r/NintendoSwitch,86,2018-05-16 14:28:44,0,0,2,0
8jtw6u,2018-05-16 10:37:45,97,r/NintendoSwitch,87,2018-05-16 14:29:48,0,0,2,0
8jtw6u,2018-05-16 10:37:45,97,r/NintendoSwitch,88,2018-05-16 15:21:22,0,0,2,0
8jtw6u,2018-05-16 10:37:45,97,r/NintendoSwitch,89,2018-05-16 15:21:25,0,0,2,0
8jtw6u,2018-05-16 10:37:45,97,r/NintendoSwitch,90,2018-05-16 16:11:16,0,0,2,0
8jtw6u,2018-05-16 10:37:45,97,r/NintendoSwitch,91,2018-05-16 16:15:01,0,0,2,0
8jtw6u,2018-05-16 10:37:45,97,r/NintendoSwitch,92,2018-05-16 16:34:58,0,0,2,0
8jtw6u,2018-05-16 10:37:45,97,r/NintendoSwitch,93,2018-05-16 17:12:45,0,0,2,0
8jtw6u,2018-05-16 10:37:45,97,r/NintendoSwitch,94,2018-05-16 17:26:26,0,0,2,0
8jtw6u,2018-05-16 10:37:45,97,r/NintendoSwitch,95,2018-05-16 17:29:02,0,1,2,0
8jtw6u,2018-05-16 10:37:45,97,r/NintendoSwitch,96,2018-05-16 17:31:51,0,0,2,0
8jtw6u,2018-05-16 10:37:45,97,r/NintendoSwitch,97,2018-05-16 17:33:38,0,0,1,0
8jtw6u,2018-05-16 10:37:45,97,r/NintendoSwitch,98,2018-05-16 13:02:18,0,0,5,0
8jtw6u,2018-05-16 10:37:45,97,r/NintendoSwitch,99,2018-05-16 13:43:16,0,2,7,0
8jtw6u,2018-05-16 10:37:45,97,r/NintendoSwitch,99,2018-05-16 16:19:07,1,0,3,0
8jtevg,2018-05-16 08:52:21,98,r/Art,0,2018-05-16 12:24:43,0,1,233,0
8jtevg,2018-05-16 08:52:21,98,r/Art,0,2018-05-16 13:22:59,1,2,67,0
8jtevg,2018-05-16 08:52:21,98,r/Art,0,2018-05-16 14:22:10,2,2,17,0
8jtevg,2018-05-16 08:52:21,98,r/Art,0,2018-05-16 14:35:16,3,0,17,0
8jtevg,2018-05-16 08:52:21,98,r/Art,0,2018-05-16 15:10:18,3,1,3,0
8jtevg,2018-05-16 08:52:21,98,r/Art,0,2018-05-16 15:24:32,4,1,20,0
8jtevg,2018-05-16 08:52:21,98,r/Art,0,2018-05-16 18:13:09,5,0,1,0
8jtevg,2018-05-16 08:52:21,98,r/Art,0,2018-05-16 17:21:51,2,1,3,0
8jtevg,2018-05-16 08:52:21,98,r/Art,0,2018-05-16 17:35:52,3,0,2,0
8jtevg,2018-05-16 08:52:21,98,r/Art,1,2018-05-16 12:39:46,0,2,96,0
8jtevg,2018-05-16 08:52:21,98,r/Art,1,2018-05-16 14:21:55,1,2,35,0
8jtevg,2018-05-16 08:52:21,98,r/Art,1,2018-05-16 14:55:30,2,0,7,0
8jtevg,2018-05-16 08:52:21,98,r/Art,1,2018-05-16 15:52:00,2,0,3,0
8jtevg,2018-05-16 08:52:21,98,r/Art,1,2018-05-16 13:54:34,1,0,8,0
8jtevg,2018-05-16 08:52:21,98,r/Art,2,2018-05-16 13:10:31,0,1,24,0
8jtevg,2018-05-16 08:52:21,98,r/Art,2,2018-05-16 13:22:38,1,2,9,0
8jtevg,2018-05-16 08:52:21,98,r/Art,2,2018-05-16 13:24:43,2,0,3,0
8jtevg,2018-05-16 08:52:21,98,r/Art,2,2018-05-16 14:01:22,2,0,1,0
8jtevg,2018-05-16 08:52:21,98,r/Art,3,2018-05-16 12:56:05,0,1,45,0
8jtevg,2018-05-16 08:52:21,98,r/Art,3,2018-05-16 13:34:00,1,1,6,0
8jtevg,2018-05-16 08:52:21,98,r/Art,3,2018-05-16 15:45:44,2,1,2,0
8jtevg,2018-05-16 08:52:21,98,r/Art,3,2018-05-16 15:47:33,3,0,1,0
8jtevg,2018-05-16 08:52:21,98,r/Art,4,2018-05-16 12:35:54,0,0,16,0
8jtevg,2018-05-16 08:52:21,98,r/Art,5,2018-05-16 16:05:02,0,2,5,0
8jtevg,2018-05-16 08:52:21,98,r/Art,5,2018-05-16 16:40:33,1,0,3,0
8jtevg,2018-05-16 08:52:21,98,r/Art,5,2018-05-16 16:47:23,1,0,1,0
8jtevg,2018-05-16 08:52:21,98,r/Art,6,2018-05-16 14:27:00,0,1,6,0
8jtevg,2018-05-16 08:52:21,98,r/Art,6,2018-05-16 17:48:46,1,0,1,0
8jtevg,2018-05-16 08:52:21,98,r/Art,7,2018-05-16 14:54:59,0,1,6,0
8jtevg,2018-05-16 08:52:21,98,r/Art,7,2018-05-16 16:10:23,1,0,3,0
8jtevg,2018-05-16 08:52:21,98,r/Art,8,2018-05-16 12:55:41,0,2,11,0
8jtevg,2018-05-16 08:52:21,98,r/Art,8,2018-05-16 13:52:01,1,0,5,0
8jtevg,2018-05-16 08:52:21,98,r/Art,8,2018-05-16 14:40:01,1,0,3,0
8jtevg,2018-05-16 08:52:21,98,r/Art,9,2018-05-16 13:34:11,0,0,4,0
8jtevg,2018-05-16 08:52:21,98,r/Art,10,2018-05-16 14:40:20,0,0,4,0
8jtevg,2018-05-16 08:52:21,98,r/Art,11,2018-05-16 14:08:35,0,0,3,0
8jtevg,2018-05-16 08:52:21,98,r/Art,12,2018-05-16 13:53:45,0,0,2,0
8jtevg,2018-05-16 08:52:21,98,r/Art,13,2018-05-16 13:55:20,0,0,2,0
8jtevg,2018-05-16 08:52:21,98,r/Art,14,2018-05-16 14:43:59,0,0,2,0
8jtevg,2018-05-16 08:52:21,98,r/Art,15,2018-05-16 15:10:02,0,0,2,0
8jtevg,2018-05-16 08:52:21,98,r/Art,16,2018-05-16 13:05:51,0,2,4,0
8jtevg,2018-05-16 08:52:21,98,r/Art,16,2018-05-16 13:27:40,1,1,14,0
8jtevg,2018-05-16 08:52:21,98,r/Art,16,2018-05-16 13:58:26,2,1,14,0
8jtevg,2018-05-16 08:52:21,98,r/Art,16,2018-05-16 14:56:50,3,0,3,0
8jtevg,2018-05-16 08:52:21,98,r/Art,16,2018-05-16 13:08:06,1,0,7,0
8jtevg,2018-05-16 08:52:21,98,r/Art,17,2018-05-16 13:10:35,0,0,1,0
8jtevg,2018-05-16 08:52:21,98,r/Art,18,2018-05-16 12:58:28,0,0,2,0
8jtevg,2018-05-16 08:52:21,98,r/Art,19,2018-05-16 13:34:58,0,0,1,0
8jtevg,2018-05-16 08:52:21,98,r/Art,20,2018-05-16 13:39:35,0,0,1,0
8jtevg,2018-05-16 08:52:21,98,r/Art,21,2018-05-16 13:42:06,0,0,1,0
8jtevg,2018-05-16 08:52:21,98,r/Art,22,2018-05-16 14:20:22,0,0,1,0
8jtevg,2018-05-16 08:52:21,98,r/Art,23,2018-05-16 14:25:05,0,0,1,0
8jtevg,2018-05-16 08:52:21,98,r/Art,24,2018-05-16 14:49:03,0,0,1,0
8jtevg,2018-05-16 08:52:21,98,r/Art,25,2018-05-16 14:53:50,0,0,1,0
8jtevg,2018-05-16 08:52:21,98,r/Art,26,2018-05-16 14:53:56,0,0,1,0
8jtevg,2018-05-16 08:52:21,98,r/Art,27,2018-05-16 15:06:03,0,0,1,0
8jtevg,2018-05-16 08:52:21,98,r/Art,28,2018-05-16 15:22:58,0,0,1,0
8jtevg,2018-05-16 08:52:21,98,r/Art,29,2018-05-16 15:23:25,0,0,1,0
8jtevg,2018-05-16 08:52:21,98,r/Art,30,2018-05-16 15:26:44,0,0,1,0
8jtevg,2018-05-16 08:52:21,98,r/Art,31,2018-05-16 15:37:50,0,0,1,0
8jtevg,2018-05-16 08:52:21,98,r/Art,32,2018-05-16 15:40:07,0,0,1,0
8jtevg,2018-05-16 08:52:21,98,r/Art,33,2018-05-16 15:43:16,0,0,1,0
8jtevg,2018-05-16 08:52:21,98,r/Art,34,2018-05-16 15:50:46,0,0,1,0
8jtevg,2018-05-16 08:52:21,98,r/Art,35,2018-05-16 15:54:48,0,0,1,0
8jtevg,2018-05-16 08:52:21,98,r/Art,36,2018-05-16 16:27:36,0,0,1,0
8jtevg,2018-05-16 08:52:21,98,r/Art,37,2018-05-16 16:35:20,0,0,1,0
8jtevg,2018-05-16 08:52:21,98,r/Art,38,2018-05-16 16:49:25,0,0,1,0
8jtevg,2018-05-16 08:52:21,98,r/Art,39,2018-05-16 16:56:06,0,0,1,0
8jtevg,2018-05-16 08:52:21,98,r/Art,40,2018-05-16 17:12:21,0,0,1,0
8jtevg,2018-05-16 08:52:21,98,r/Art,41,2018-05-16 17:19:49,0,0,1,0
8jtevg,2018-05-16 08:52:21,98,r/Art,42,2018-05-16 17:25:48,0,0,1,0
8jtevg,2018-05-16 08:52:21,98,r/Art,43,2018-05-16 17:32:59,0,0,1,0
8jtevg,2018-05-16 08:52:21,98,r/Art,44,2018-05-16 17:36:51,0,0,1,0
8jtevg,2018-05-16 08:52:21,98,r/Art,45,2018-05-16 17:41:42,0,0,1,0
8jtevg,2018-05-16 08:52:21,98,r/Art,46,2018-05-16 17:59:41,0,0,1,0
8jtevg,2018-05-16 08:52:21,98,r/Art,47,2018-05-16 18:11:09,0,0,1,0
8jtevg,2018-05-16 08:52:21,98,r/Art,48,2018-05-16 18:31:51,0,0,1,0
8jtevg,2018-05-16 08:52:21,98,r/Art,49,2018-05-16 13:13:17,0,0,1,0
8jtevg,2018-05-16 08:52:21,98,r/Art,50,2018-05-16 14:58:26,0,1,1,0
8jtevg,2018-05-16 08:52:21,98,r/Art,50,2018-05-16 14:58:36,1,1,4,0
8jtevg,2018-05-16 08:52:21,98,r/Art,50,2018-05-16 16:40:35,2,0,2,0
8jtevg,2018-05-16 08:52:21,98,r/Art,51,2018-05-16 13:28:18,0,0,0,0
8jtevg,2018-05-16 08:52:21,98,r/Art,52,2018-05-16 13:31:05,0,0,0,0
8jtxr4,2018-05-16 10:46:54,99,r/gifs,0,2018-05-16 11:18:57,0,6,3640,0
8jtxr4,2018-05-16 10:46:54,99,r/gifs,0,2018-05-16 13:06:25,1,6,1431,0
8jtxr4,2018-05-16 10:46:54,99,r/gifs,0,2018-05-16 14:23:33,2,1,378,0
8jtxr4,2018-05-16 10:46:54,99,r/gifs,0,2018-05-16 16:23:21,3,2,32,0
8jtxr4,2018-05-16 10:46:54,99,r/gifs,0,2018-05-16 17:18:21,4,0,1,0
8jtxr4,2018-05-16 10:46:54,99,r/gifs,0,2018-05-16 17:34:32,4,0,1,0
8jtxr4,2018-05-16 10:46:54,99,r/gifs,0,2018-05-16 15:21:22,2,1,57,0
8jtxr4,2018-05-16 10:46:54,99,r/gifs,0,2018-05-16 15:28:45,3,2,64,0
8jtxr4,2018-05-16 10:46:54,99,r/gifs,0,2018-05-16 16:16:09,4,3,46,0
8jtxr4,2018-05-16 10:46:54,99,r/gifs,0,2018-05-16 16:23:50,5,1,18,0
8jtxr4,2018-05-16 10:46:54,99,r/gifs,0,2018-05-16 16:25:40,6,1,17,0
8jtxr4,2018-05-16 10:46:54,99,r/gifs,0,2018-05-16 16:49:37,7,0,1,0
8jtxr4,2018-05-16 10:46:54,99,r/gifs,0,2018-05-16 16:40:54,5,0,4,0
8jtxr4,2018-05-16 10:46:54,99,r/gifs,0,2018-05-16 16:48:06,5,0,1,0
8jtxr4,2018-05-16 10:46:54,99,r/gifs,0,2018-05-16 15:40:08,4,3,19,0
8jtxr4,2018-05-16 10:46:54,99,r/gifs,0,2018-05-16 15:51:59,5,2,26,0
8jtxr4,2018-05-16 10:46:54,99,r/gifs,0,2018-05-16 15:58:51,6,3,19,0
8jtxr4,2018-05-16 10:46:54,99,r/gifs,0,2018-05-16 16:26:02,7,0,5,0
8jtxr4,2018-05-16 10:46:54,99,r/gifs,0,2018-05-16 17:07:01,7,0,1,0
8jtxr4,2018-05-16 10:46:54,99,r/gifs,0,2018-05-16 16:26:46,7,0,1,0
8jtxr4,2018-05-16 10:46:54,99,r/gifs,0,2018-05-16 16:26:10,6,0,2,0
8jtxr4,2018-05-16 10:46:54,99,r/gifs,0,2018-05-16 15:57:50,5,1,6,0
8jtxr4,2018-05-16 10:46:54,99,r/gifs,0,2018-05-16 16:00:14,6,1,14,0
8jtxr4,2018-05-16 10:46:54,99,r/gifs,0,2018-05-16 16:06:01,7,1,3,0
8jtxr4,2018-05-16 10:46:54,99,r/gifs,0,2018-05-16 16:43:35,8,0,1,0
8jtxr4,2018-05-16 10:46:54,99,r/gifs,0,2018-05-16 16:25:44,5,0,1,0
8jtxr4,2018-05-16 10:46:54,99,r/gifs,0,2018-05-16 15:53:40,2,0,15,0
8jtxr4,2018-05-16 10:46:54,99,r/gifs,0,2018-05-16 16:31:28,2,0,3,0
8jtxr4,2018-05-16 10:46:54,99,r/gifs,0,2018-05-16 16:18:08,2,0,2,0
8jtxr4,2018-05-16 10:46:54,99,r/gifs,0,2018-05-16 17:17:36,2,0,1,0
8jtxr4,2018-05-16 10:46:54,99,r/gifs,0,2018-05-16 16:16:58,1,0,22,0
8jtxr4,2018-05-16 10:46:54,99,r/gifs,0,2018-05-16 16:16:43,1,1,11,0
8jtxr4,2018-05-16 10:46:54,99,r/gifs,0,2018-05-16 17:03:49,2,0,1,0
8jtxr4,2018-05-16 10:46:54,99,r/gifs,0,2018-05-16 15:44:30,1,1,29,0
8jtxr4,2018-05-16 10:46:54,99,r/gifs,0,2018-05-16 16:18:26,2,0,16,0
8jtxr4,2018-05-16 10:46:54,99,r/gifs,0,2018-05-16 16:44:51,1,1,3,0
8jtxr4,2018-05-16 10:46:54,99,r/gifs,0,2018-05-16 18:21:56,2,0,1,0
8jtxr4,2018-05-16 10:46:54,99,r/gifs,0,2018-05-16 16:26:23,1,0,0,0
8jtxr4,2018-05-16 10:46:54,99,r/gifs,1,2018-05-16 11:43:50,0,2,1136,0
8jtxr4,2018-05-16 10:46:54,99,r/gifs,1,2018-05-16 16:03:18,1,4,47,0
8jtxr4,2018-05-16 10:46:54,99,r/gifs,1,2018-05-16 16:09:11,2,5,146,0
8jtxr4,2018-05-16 10:46:54,99,r/gifs,1,2018-05-16 16:13:12,3,5,109,0
8jtxr4,2018-05-16 10:46:54,99,r/gifs,1,2018-05-16 16:24:21,4,6,82,0
8jtxr4,2018-05-16 10:46:54,99,r/gifs,1,2018-05-16 16:33:53,5,0,59,0
8jtxr4,2018-05-16 10:46:54,99,r/gifs,1,2018-05-16 16:38:59,5,0,40,0
8jtxr4,2018-05-16 10:46:54,99,r/gifs,1,2018-05-16 16:45:04,5,1,10,0
8jtxr4,2018-05-16 10:46:54,99,r/gifs,1,2018-05-16 16:58:25,6,4,1,0
8jtxr4,2018-05-16 10:46:54,99,r/gifs,1,2018-05-16 17:56:16,7,0,1,0
8jtxr4,2018-05-16 10:46:54,99,r/gifs,1,2018-05-16 17:21:05,7,0,1,0
8jtxr4,2018-05-16 10:46:54,99,r/gifs,1,2018-05-16 18:25:25,7,0,1,0
8jtxr4,2018-05-16 10:46:54,99,r/gifs,1,2018-05-16 17:16:03,7,1,1,0
8jtxr4,2018-05-16 10:46:54,99,r/gifs,1,2018-05-16 17:23:35,8,1,1,0
8jtxr4,2018-05-16 10:46:54,99,r/gifs,1,2018-05-16 17:27:47,9,1,1,0
8jtxr4,2018-05-16 10:46:54,99,r/gifs,1,2018-05-16 16:44:11,5,1,7,0
8jtxr4,2018-05-16 10:46:54,99,r/gifs,1,2018-05-16 17:44:47,6,0,1,0
8jtxr4,2018-05-16 10:46:54,99,r/gifs,1,2018-05-16 17:38:20,5,0,1,0
8jtxr4,2018-05-16 10:46:54,99,r/gifs,1,2018-05-16 18:16:45,5,0,1,0
8jtxr4,2018-05-16 10:46:54,99,r/gifs,1,2018-05-16 16:16:41,4,2,31,0
8jtxr4,2018-05-16 10:46:54,99,r/gifs,1,2018-05-16 16:23:52,5,0,4,0
8jtxr4,2018-05-16 10:46:54,99,r/gifs,1,2018-05-16 17:11:19,5,0,1,0
8jtxr4,2018-05-16 10:46:54,99,r/gifs,1,2018-05-16 16:21:26,4,0,3,0
8jtxr4,2018-05-16 10:46:54,99,r/gifs,1,2018-05-16 16:31:40,4,0,1,0
8jtxr4,2018-05-16 10:46:54,99,r/gifs,1,2018-05-16 18:19:04,4,0,1,0
8jtxr4,2018-05-16 10:46:54,99,r/gifs,1,2018-05-16 16:25:11,3,1,14,0
8jtxr4,2018-05-16 10:46:54,99,r/gifs,1,2018-05-16 16:29:18,4,2,9,0
8jtxr4,2018-05-16 10:46:54,99,r/gifs,1,2018-05-16 16:39:10,5,0,10,0
8jtxr4,2018-05-16 10:46:54,99,r/gifs,1,2018-05-16 16:39:30,5,0,6,0
8jtxr4,2018-05-16 10:46:54,99,r/gifs,1,2018-05-16 16:36:47,3,1,5,0
8jtxr4,2018-05-16 10:46:54,99,r/gifs,1,2018-05-16 17:18:46,4,2,1,0
8jtxr4,2018-05-16 10:46:54,99,r/gifs,1,2018-05-16 18:09:28,5,0,1,0
8jtxr4,2018-05-16 10:46:54,99,r/gifs,1,2018-05-16 18:15:00,5,0,1,0
8jtxr4,2018-05-16 10:46:54,99,r/gifs,1,2018-05-16 16:36:58,3,1,5,0
8jtxr4,2018-05-16 10:46:54,99,r/gifs,1,2018-05-16 16:57:27,4,1,1,0
8jtxr4,2018-05-16 10:46:54,99,r/gifs,1,2018-05-16 17:02:04,5,1,1,0
8jtxr4,2018-05-16 10:46:54,99,r/gifs,1,2018-05-16 17:16:19,6,0,1,0
8jtxr4,2018-05-16 10:46:54,99,r/gifs,1,2018-05-16 16:32:57,3,1,2,0
8jtxr4,2018-05-16 10:46:54,99,r/gifs,1,2018-05-16 16:39:35,4,0,2,0
8jtxr4,2018-05-16 10:46:54,99,r/gifs,1,2018-05-16 16:28:39,2,2,22,0
8jtxr4,2018-05-16 10:46:54,99,r/gifs,1,2018-05-16 16:34:22,3,4,17,0
8jtxr4,2018-05-16 10:46:54,99,r/gifs,1,2018-05-16 16:41:34,4,2,19,0
8jtxr4,2018-05-16 10:46:54,99,r/gifs,1,2018-05-16 17:13:03,5,1,1,0
8jtxr4,2018-05-16 10:46:54,99,r/gifs,1,2018-05-16 17:20:42,6,0,1,0
8jtxr4,2018-05-16 10:46:54,99,r/gifs,1,2018-05-16 17:26:28,5,0,1,0
8jtxr4,2018-05-16 10:46:54,99,r/gifs,1,2018-05-16 17:05:23,4,3,1,0
8jtxr4,2018-05-16 10:46:54,99,r/gifs,1,2018-05-16 17:14:00,5,0,1,0
8jtxr4,2018-05-16 10:46:54,99,r/gifs,1,2018-05-16 17:24:57,5,0,1,0
8jtxr4,2018-05-16 10:46:54,99,r/gifs,1,2018-05-16 18:27:14,5,0,1,0
8jtxr4,2018-05-16 10:46:54,99,r/gifs,1,2018-05-16 17:17:55,4,0,1,0
8jtxr4,2018-05-16 10:46:54,99,r/gifs,1,2018-05-16 17:51:20,4,0,1,0
8jtxr4,2018-05-16 10:46:54,99,r/gifs,1,2018-05-16 16:40:12,3,0,7,0
8jtxr4,2018-05-16 10:46:54,99,r/gifs,1,2018-05-16 16:39:33,2,0,5,0
8jtxr4,2018-05-16 10:46:54,99,r/gifs,1,2018-05-16 18:14:54,2,0,1,0
8jtxr4,2018-05-16 10:46:54,99,r/gifs,1,2018-05-16 16:00:17,1,1,102,0
8jtxr4,2018-05-16 10:46:54,99,r/gifs,1,2018-05-16 16:26:23,2,0,1,0
8jtxr4,2018-05-16 10:46:54,99,r/gifs,2,2018-05-16 14:28:35,0,7,926,0
8jtxr4,2018-05-16 10:46:54,99,r/gifs,2,2018-05-16 15:15:40,1,1,204,0
8jtxr4,2018-05-16 10:46:54,99,r/gifs,2,2018-05-16 17:19:13,2,0,1,0
8jtxr4,2018-05-16 10:46:54,99,r/gifs,2,2018-05-16 15:40:02,1,2,40,0
8jtxr4,2018-05-16 10:46:54,99,r/gifs,2,2018-05-16 16:25:01,2,1,11,0
8jtxr4,2018-05-16 10:46:54,99,r/gifs,2,2018-05-16 17:43:41,3,2,1,0
8jtxr4,2018-05-16 10:46:54,99,r/gifs,2,2018-05-16 17:57:17,4,0,1,0
8jtxr4,2018-05-16 10:46:54,99,r/gifs,2,2018-05-16 18:22:24,4,0,1,0
8jtxr4,2018-05-16 10:46:54,99,r/gifs,2,2018-05-16 16:45:52,2,0,2,0
8jtxr4,2018-05-16 10:46:54,99,r/gifs,2,2018-05-16 16:19:26,1,0,3,0
8jtxr4,2018-05-16 10:46:54,99,r/gifs,2,2018-05-16 16:11:38,1,0,3,0
8jtxr4,2018-05-16 10:46:54,99,r/gifs,2,2018-05-16 16:00:18,1,0,1,0
8jtxr4,2018-05-16 10:46:54,99,r/gifs,2,2018-05-16 17:11:09,1,0,1,0
8jtxr4,2018-05-16 10:46:54,99,r/gifs,2,2018-05-16 18:06:19,1,0,1,0
8jtxr4,2018-05-16 10:46:54,99,r/gifs,3,2018-05-16 13:51:14,0,4,523,0
8jtxr4,2018-05-16 10:46:54,99,r/gifs,3,2018-05-16 15:31:51,1,1,19,0
8jtxr4,2018-05-16 10:46:54,99,r/gifs,3,2018-05-16 15:36:10,2,2,24,0
8jtxr4,2018-05-16 10:46:54,99,r/gifs,3,2018-05-16 16:31:15,3,0,2,0
8jtxr4,2018-05-16 10:46:54,99,r/gifs,3,2018-05-16 15:50:38,3,1,2,0
8jtxr4,2018-05-16 10:46:54,99,r/gifs,3,2018-05-16 16:25:05,4,0,4,0
8jtxr4,2018-05-16 10:46:54,99,r/gifs,3,2018-05-16 15:49:08,1,2,14,0
8jtxr4,2018-05-16 10:46:54,99,r/gifs,3,2018-05-16 16:06:03,2,0,4,0
8jtxr4,2018-05-16 10:46:54,99,r/gifs,3,2018-05-16 18:19:57,2,0,1,0
8jtxr4,2018-05-16 10:46:54,99,r/gifs,3,2018-05-16 15:50:19,1,5,33,0
8jtxr4,2018-05-16 10:46:54,99,r/gifs,3,2018-05-16 15:56:04,2,2,23,0
8jtxr4,2018-05-16 10:46:54,99,r/gifs,3,2018-05-16 16:14:02,3,0,6,0
8jtxr4,2018-05-16 10:46:54,99,r/gifs,3,2018-05-16 16:26:54,3,1,2,0
8jtxr4,2018-05-16 10:46:54,99,r/gifs,3,2018-05-16 16:30:59,4,0,4,0
8jtxr4,2018-05-16 10:46:54,99,r/gifs,3,2018-05-16 16:01:59,2,2,4,0
8jtxr4,2018-05-16 10:46:54,99,r/gifs,3,2018-05-16 16:27:39,3,0,1,0
8jtxr4,2018-05-16 10:46:54,99,r/gifs,3,2018-05-16 17:27:14,3,0,1,0
8jtxr4,2018-05-16 10:46:54,99,r/gifs,3,2018-05-16 15:56:27,2,1,5,0
8jtxr4,2018-05-16 10:46:54,99,r/gifs,3,2018-05-16 16:11:06,3,0,1,0
8jtxr4,2018-05-16 10:46:54,99,r/gifs,3,2018-05-16 16:20:18,2,1,3,0
8jtxr4,2018-05-16 10:46:54,99,r/gifs,3,2018-05-16 16:30:50,3,0,-1,0
8jtxr4,2018-05-16 10:46:54,99,r/gifs,3,2018-05-16 17:08:12,2,0,1,0
8jtxr4,2018-05-16 10:46:54,99,r/gifs,3,2018-05-16 15:49:07,1,0,2,0
8jtxr4,2018-05-16 10:46:54,99,r/gifs,4,2018-05-16 15:02:08,0,2,360,0
8jtxr4,2018-05-16 10:46:54,99,r/gifs,4,2018-05-16 15:47:34,1,4,27,0
8jtxr4,2018-05-16 10:46:54,99,r/gifs,4,2018-05-16 16:22:13,2,0,16,0
8jtxr4,2018-05-16 10:46:54,99,r/gifs,4,2018-05-16 16:51:29,2,0,3,0
8jtxr4,2018-05-16 10:46:54,99,r/gifs,4,2018-05-16 16:08:21,2,0,6,0
8jtxr4,2018-05-16 10:46:54,99,r/gifs,4,2018-05-16 18:27:22,2,0,1,0
8jtxr4,2018-05-16 10:46:54,99,r/gifs,4,2018-05-16 15:47:10,1,0,-1,0
8jtxr4,2018-05-16 10:46:54,99,r/gifs,5,2018-05-16 12:58:14,0,1,152,0
8jtxr4,2018-05-16 10:46:54,99,r/gifs,5,2018-05-16 18:03:28,1,0,1,0
8jtxr4,2018-05-16 10:46:54,99,r/gifs,6,2018-05-16 15:16:23,0,7,303,0
8jtxr4,2018-05-16 10:46:54,99,r/gifs,6,2018-05-16 16:04:26,1,1,65,0
8jtxr4,2018-05-16 10:46:54,99,r/gifs,6,2018-05-16 16:35:56,2,2,23,0
8jtxr4,2018-05-16 10:46:54,99,r/gifs,6,2018-05-16 16:54:12,3,0,1,0
8jtxr4,2018-05-16 10:46:54,99,r/gifs,6,2018-05-16 17:28:44,3,1,1,0
8jtxr4,2018-05-16 10:46:54,99,r/gifs,6,2018-05-16 18:07:48,4,1,1,0
8jtxr4,2018-05-16 10:46:54,99,r/gifs,6,2018-05-16 18:31:06,5,0,1,0
8jtxr4,2018-05-16 10:46:54,99,r/gifs,6,2018-05-16 15:52:55,1,2,48,0
8jtxr4,2018-05-16 10:46:54,99,r/gifs,6,2018-05-16 16:31:34,2,0,3,0
8jtxr4,2018-05-16 10:46:54,99,r/gifs,6,2018-05-16 16:15:54,2,0,2,0
8jtxr4,2018-05-16 10:46:54,99,r/gifs,6,2018-05-16 15:59:25,1,1,14,0
8jtxr4,2018-05-16 10:46:54,99,r/gifs,6,2018-05-16 16:15:18,2,2,21,0
8jtxr4,2018-05-16 10:46:54,99,r/gifs,6,2018-05-16 17:41:31,3,1,1,0
8jtxr4,2018-05-16 10:46:54,99,r/gifs,6,2018-05-16 17:45:37,4,0,1,0
8jtxr4,2018-05-16 10:46:54,99,r/gifs,6,2018-05-16 18:10:19,3,0,1,0
8jtxr4,2018-05-16 10:46:54,99,r/gifs,6,2018-05-16 17:08:36,1,0,1,0
8jtxr4,2018-05-16 10:46:54,99,r/gifs,6,2018-05-16 17:22:36,1,0,1,0
8jtxr4,2018-05-16 10:46:54,99,r/gifs,6,2018-05-16 18:13:40,1,0,1,0
8jtxr4,2018-05-16 10:46:54,99,r/gifs,6,2018-05-16 18:31:16,1,0,1,0
8jtxr4,2018-05-16 10:46:54,99,r/gifs,7,2018-05-16 15:19:34,0,4,53,0
8jtxr4,2018-05-16 10:46:54,99,r/gifs,7,2018-05-16 15:46:16,1,2,11,0
8jtxr4,2018-05-16 10:46:54,99,r/gifs,7,2018-05-16 15:50:28,2,2,26,0
8jtxr4,2018-05-16 10:46:54,99,r/gifs,7,2018-05-16 16:13:50,3,1,15,0
8jtxr4,2018-05-16 10:46:54,99,r/gifs,7,2018-05-16 18:18:05,4,0,1,0
8jtxr4,2018-05-16 10:46:54,99,r/gifs,7,2018-05-16 15:56:08,3,2,11,0
8jtxr4,2018-05-16 10:46:54,99,r/gifs,7,2018-05-16 16:02:53,4,0,3,0
8jtxr4,2018-05-16 10:46:54,99,r/gifs,7,2018-05-16 16:13:59,4,0,1,0
8jtxr4,2018-05-16 10:46:54,99,r/gifs,7,2018-05-16 16:00:07,2,1,0,0
8jtxr4,2018-05-16 10:46:54,99,r/gifs,7,2018-05-16 16:05:29,3,0,2,0
8jtxr4,2018-05-16 10:46:54,99,r/gifs,7,2018-05-16 16:40:54,1,0,5,0
8jtxr4,2018-05-16 10:46:54,99,r/gifs,7,2018-05-16 16:22:47,1,1,1,0
8jtxr4,2018-05-16 10:46:54,99,r/gifs,7,2018-05-16 16:40:53,2,0,2,0
8jtxr4,2018-05-16 10:46:54,99,r/gifs,7,2018-05-16 17:01:17,1,0,1,0
8jtxr4,2018-05-16 10:46:54,99,r/gifs,8,2018-05-16 14:49:49,0,0,35,0
8jtxr4,2018-05-16 10:46:54,99,r/gifs,9,2018-05-16 11:28:39,0,3,208,0
8jtxr4,2018-05-16 10:46:54,99,r/gifs,9,2018-05-16 15:49:51,1,1,31,0
8jtxr4,2018-05-16 10:46:54,99,r/gifs,9,2018-05-16 16:18:03,2,1,8,0
8jtxr4,2018-05-16 10:46:54,99,r/gifs,9,2018-05-16 16:46:24,3,0,2,0
8jtxr4,2018-05-16 10:46:54,99,r/gifs,9,2018-05-16 16:38:55,1,2,3,0
8jtxr4,2018-05-16 10:46:54,99,r/gifs,9,2018-05-16 16:42:42,2,1,1,0
8jtxr4,2018-05-16 10:46:54,99,r/gifs,9,2018-05-16 16:44:48,3,0,2,0
8jtxr4,2018-05-16 10:46:54,99,r/gifs,9,2018-05-16 16:49:06,2,1,0,0
8jtxr4,2018-05-16 10:46:54,99,r/gifs,9,2018-05-16 17:31:36,3,0,1,0
8jtxr4,2018-05-16 10:46:54,99,r/gifs,9,2018-05-16 17:40:01,1,0,1,0
8jtxr4,2018-05-16 10:46:54,99,r/gifs,10,2018-05-16 11:05:58,0,3,353,0
8jtxr4,2018-05-16 10:46:54,99,r/gifs,10,2018-05-16 13:49:37,1,2,51,0
8jtxr4,2018-05-16 10:46:54,99,r/gifs,10,2018-05-16 14:06:09,2,1,49,0
8jtxr4,2018-05-16 10:46:54,99,r/gifs,10,2018-05-16 15:43:54,3,2,17,0
8jtxr4,2018-05-16 10:46:54,99,r/gifs,10,2018-05-16 16:09:26,4,0,11,0
8jtxr4,2018-05-16 10:46:54,99,r/gifs,10,2018-05-16 15:49:12,4,1,13,0
8jtxr4,2018-05-16 10:46:54,99,r/gifs,10,2018-05-16 16:05:32,5,0,7,0
8jtxr4,2018-05-16 10:46:54,99,r/gifs,10,2018-05-16 15:16:11,2,2,1,0
8jtxr4,2018-05-16 10:46:54,99,r/gifs,10,2018-05-16 15:30:49,3,2,9,0
8jtxr4,2018-05-16 10:46:54,99,r/gifs,10,2018-05-16 15:40:43,4,0,5,0
8jtxr4,2018-05-16 10:46:54,99,r/gifs,10,2018-05-16 17:54:22,4,1,1,0
8jtxr4,2018-05-16 10:46:54,99,r/gifs,10,2018-05-16 18:05:07,5,0,1,0
8jtxr4,2018-05-16 10:46:54,99,r/gifs,10,2018-05-16 15:16:22,3,1,-4,0
8jtxr4,2018-05-16 10:46:54,99,r/gifs,10,2018-05-16 16:07:43,4,0,2,0
8jtxr4,2018-05-16 10:46:54,99,r/gifs,10,2018-05-16 11:12:14,1,1,105,0
8jtxr4,2018-05-16 10:46:54,99,r/gifs,10,2018-05-16 15:30:16,2,1,52,0
8jtxr4,2018-05-16 10:46:54,99,r/gifs,10,2018-05-16 15:39:06,3,0,26,0
8jtxr4,2018-05-16 10:46:54,99,r/gifs,10,2018-05-16 16:11:29,1,0,4,0
8jtxr4,2018-05-16 10:46:54,99,r/gifs,11,2018-05-16 15:31:33,0,1,26,0
8jtxr4,2018-05-16 10:46:54,99,r/gifs,11,2018-05-16 15:50:07,1,0,3,0
8jtxr4,2018-05-16 10:46:54,99,r/gifs,12,2018-05-16 11:33:56,0,0,24,0
8jtxr4,2018-05-16 10:46:54,99,r/gifs,13,2018-05-16 15:14:09,0,0,22,0
8jtxr4,2018-05-16 10:46:54,99,r/gifs,14,2018-05-16 15:01:33,0,1,16,0
8jtxr4,2018-05-16 10:46:54,99,r/gifs,14,2018-05-16 15:59:22,1,0,4,0
8jtxr4,2018-05-16 10:46:54,99,r/gifs,15,2018-05-16 12:44:55,0,0,32,0
8jtxr4,2018-05-16 10:46:54,99,r/gifs,16,2018-05-16 15:15:19,0,0,12,0
8jtxr4,2018-05-16 10:46:54,99,r/gifs,17,2018-05-16 15:03:53,0,0,20,0
8jtxr4,2018-05-16 10:46:54,99,r/gifs,18,2018-05-16 14:28:03,0,1,17,0
8jtxr4,2018-05-16 10:46:54,99,r/gifs,18,2018-05-16 16:04:27,1,0,1,0
8jtxr4,2018-05-16 10:46:54,99,r/gifs,19,2018-05-16 14:55:51,0,0,8,0
8jtxr4,2018-05-16 10:46:54,99,r/gifs,20,2018-05-16 12:05:19,0,0,7,0
8jtxr4,2018-05-16 10:46:54,99,r/gifs,21,2018-05-16 15:59:25,0,0,18,0
8jtxr4,2018-05-16 10:46:54,99,r/gifs,22,2018-05-16 15:39:42,0,0,6,0
8jtxr4,2018-05-16 10:46:54,99,r/gifs,23,2018-05-16 11:46:30,0,1,8,0
8jtxr4,2018-05-16 10:46:54,99,r/gifs,23,2018-05-16 13:31:24,1,1,3,0
8jtxr4,2018-05-16 10:46:54,99,r/gifs,23,2018-05-16 14:59:41,2,1,3,0
8jtxr4,2018-05-16 10:46:54,99,r/gifs,23,2018-05-16 15:36:40,3,2,2,0
8jtxr4,2018-05-16 10:46:54,99,r/gifs,23,2018-05-16 15:48:01,4,1,2,0
8jtxr4,2018-05-16 10:46:54,99,r/gifs,23,2018-05-16 16:25:41,5,0,1,0
8jtxr4,2018-05-16 10:46:54,99,r/gifs,23,2018-05-16 15:51:30,4,0,1,0
8jtxr4,2018-05-16 10:46:54,99,r/gifs,24,2018-05-16 14:48:25,0,0,5,0
8jtxr4,2018-05-16 10:46:54,99,r/gifs,25,2018-05-16 16:03:06,0,1,5,0
8jtxr4,2018-05-16 10:46:54,99,r/gifs,25,2018-05-16 16:33:24,1,0,5,0
8jtxr4,2018-05-16 10:46:54,99,r/gifs,26,2018-05-16 15:14:40,0,0,4,0
8jtxr4,2018-05-16 10:46:54,99,r/gifs,27,2018-05-16 15:34:05,0,0,4,0
8jtxr4,2018-05-16 10:46:54,99,r/gifs,28,2018-05-16 15:48:26,0,0,3,0
8jtxr4,2018-05-16 10:46:54,99,r/gifs,29,2018-05-16 16:11:52,0,0,4,0
8jtxr4,2018-05-16 10:46:54,99,r/gifs,30,2018-05-16 11:12:53,0,1,40,0
8jtxr4,2018-05-16 10:46:54,99,r/gifs,30,2018-05-16 11:17:52,1,1,5,0
8jtxr4,2018-05-16 10:46:54,99,r/gifs,30,2018-05-16 12:37:37,2,2,-5,0
8jtxr4,2018-05-16 10:46:54,99,r/gifs,30,2018-05-16 15:15:57,3,0,2,0
8jtxr4,2018-05-16 10:46:54,99,r/gifs,30,2018-05-16 15:25:25,3,0,-5,0
8jtxr4,2018-05-16 10:46:54,99,r/gifs,31,2018-05-16 16:29:16,0,0,3,0
8jtxr4,2018-05-16 10:46:54,99,r/gifs,32,2018-05-16 14:52:44,0,2,5,0
8jtxr4,2018-05-16 10:46:54,99,r/gifs,32,2018-05-16 15:14:08,1,1,8,0
8jtxr4,2018-05-16 10:46:54,99,r/gifs,32,2018-05-16 16:41:26,2,0,1,0
8jtxr4,2018-05-16 10:46:54,99,r/gifs,32,2018-05-16 15:46:11,1,0,2,0
8jtxr4,2018-05-16 10:46:54,99,r/gifs,33,2018-05-16 15:24:33,0,0,6,0
8jtxr4,2018-05-16 10:46:54,99,r/gifs,34,2018-05-16 15:08:39,0,0,2,0
8jtxr4,2018-05-16 10:46:54,99,r/gifs,35,2018-05-16 15:22:55,0,0,2,0
8jtxr4,2018-05-16 10:46:54,99,r/gifs,36,2018-05-16 15:32:03,0,0,2,0
8jtxr4,2018-05-16 10:46:54,99,r/gifs,37,2018-05-16 15:33:05,0,0,2,0
8jtxr4,2018-05-16 10:46:54,99,r/gifs,38,2018-05-16 15:34:36,0,0,2,0
8jtxr4,2018-05-16 10:46:54,99,r/gifs,39,2018-05-16 15:37:37,0,0,2,0
8jtxr4,2018-05-16 10:46:54,99,r/gifs,40,2018-05-16 15:40:05,0,0,2,0
8jtxr4,2018-05-16 10:46:54,99,r/gifs,41,2018-05-16 15:42:20,0,0,2,0
8jtxr4,2018-05-16 10:46:54,99,r/gifs,42,2018-05-16 15:46:26,0,0,2,0
8jtxr4,2018-05-16 10:46:54,99,r/gifs,43,2018-05-16 15:47:02,0,0,2,0
8jtxr4,2018-05-16 10:46:54,99,r/gifs,44,2018-05-16 15:47:53,0,0,2,0
8jtxr4,2018-05-16 10:46:54,99,r/gifs,45,2018-05-16 15:51:24,0,0,2,0
8jtxr4,2018-05-16 10:46:54,99,r/gifs,46,2018-05-16 15:52:22,0,0,2,0
8jtxr4,2018-05-16 10:46:54,99,r/gifs,47,2018-05-16 15:52:36,0,0,2,0
8jtxr4,2018-05-16 10:46:54,99,r/gifs,48,2018-05-16 15:56:10,0,0,2,0
8jtxr4,2018-05-16 10:46:54,99,r/gifs,49,2018-05-16 15:59:39,0,0,2,0
8jtxr4,2018-05-16 10:46:54,99,r/gifs,50,2018-05-16 16:00:52,0,0,2,0
8jtxr4,2018-05-16 10:46:54,99,r/gifs,51,2018-05-16 16:09:26,0,1,2,0
8jtxr4,2018-05-16 10:46:54,99,r/gifs,51,2018-05-16 16:15:29,1,2,0,0
8jtxr4,2018-05-16 10:46:54,99,r/gifs,51,2018-05-16 16:45:57,2,1,2,0
8jtxr4,2018-05-16 10:46:54,99,r/gifs,51,2018-05-16 17:18:48,3,0,1,0
8jtxr4,2018-05-16 10:46:54,99,r/gifs,51,2018-05-16 16:42:39,2,0,1,0
8jtxr4,2018-05-16 10:46:54,99,r/gifs,52,2018-05-16 16:12:46,0,0,2,0
8jtxr4,2018-05-16 10:46:54,99,r/gifs,53,2018-05-16 16:17:55,0,0,2,0
8jtxr4,2018-05-16 10:46:54,99,r/gifs,54,2018-05-16 16:20:03,0,0,2,0
8jtxr4,2018-05-16 10:46:54,99,r/gifs,55,2018-05-16 16:27:40,0,0,2,0
8jtxr4,2018-05-16 10:46:54,99,r/gifs,56,2018-05-16 16:28:32,0,0,2,0
8jtxr4,2018-05-16 10:46:54,99,r/gifs,57,2018-05-16 16:31:36,0,0,2,0
8jtxr4,2018-05-16 10:46:54,99,r/gifs,58,2018-05-16 16:35:14,0,0,2,0
8jtxr4,2018-05-16 10:46:54,99,r/gifs,59,2018-05-16 16:52:28,0,0,1,0
8jtxr4,2018-05-16 10:46:54,99,r/gifs,60,2018-05-16 17:06:43,0,0,1,0
8jtxr4,2018-05-16 10:46:54,99,r/gifs,61,2018-05-16 16:05:12,0,0,6,0
8jtxr4,2018-05-16 10:46:54,99,r/gifs,62,2018-05-16 14:10:22,0,0,6,0
8jtxr4,2018-05-16 10:46:54,99,r/gifs,63,2018-05-16 15:05:35,0,0,4,0
8jtxr4,2018-05-16 10:46:54,99,r/gifs,64,2018-05-16 13:31:23,0,0,2,0
8jtxr4,2018-05-16 10:46:54,99,r/gifs,65,2018-05-16 15:40:40,0,1,2,0
8jtxr4,2018-05-16 10:46:54,99,r/gifs,65,2018-05-16 17:18:19,1,0,1,0
8jtxr4,2018-05-16 10:46:54,99,r/gifs,66,2018-05-16 11:28:31,0,2,3,0
8jtxr4,2018-05-16 10:46:54,99,r/gifs,66,2018-05-16 15:12:11,1,2,12,0
8jtxr4,2018-05-16 10:46:54,99,r/gifs,66,2018-05-16 15:23:46,2,0,8,0
8jtxr4,2018-05-16 10:46:54,99,r/gifs,66,2018-05-16 16:09:15,2,0,1,0
8jtxr4,2018-05-16 10:46:54,99,r/gifs,66,2018-05-16 14:28:47,1,2,-4,0
8jtxr4,2018-05-16 10:46:54,99,r/gifs,66,2018-05-16 15:37:02,2,0,9,0
8jtxr4,2018-05-16 10:46:54,99,r/gifs,66,2018-05-16 15:44:11,2,0,6,0
8jtxr4,2018-05-16 10:46:54,99,r/gifs,67,2018-05-16 15:24:18,0,0,1,0
8jtxr4,2018-05-16 10:46:54,99,r/gifs,68,2018-05-16 15:26:51,0,0,1,0
8jtxr4,2018-05-16 10:46:54,99,r/gifs,69,2018-05-16 15:27:02,0,0,1,0
8jtxr4,2018-05-16 10:46:54,99,r/gifs,70,2018-05-16 15:33:01,0,0,1,0
8jtxr4,2018-05-16 10:46:54,99,r/gifs,71,2018-05-16 15:45:54,0,0,1,0
8jtxr4,2018-05-16 10:46:54,99,r/gifs,72,2018-05-16 15:47:20,0,0,1,0
8jtxr4,2018-05-16 10:46:54,99,r/gifs,73,2018-05-16 15:49:53,0,0,1,0
8jtxr4,2018-05-16 10:46:54,99,r/gifs,74,2018-05-16 15:53:51,0,0,1,0
8jtxr4,2018-05-16 10:46:54,99,r/gifs,75,2018-05-16 15:55:53,0,0,1,0
8jtxr4,2018-05-16 10:46:54,99,r/gifs,76,2018-05-16 15:57:35,0,0,1,0
8jtxr4,2018-05-16 10:46:54,99,r/gifs,77,2018-05-16 15:58:10,0,0,1,0
8jtxr4,2018-05-16 10:46:54,99,r/gifs,78,2018-05-16 15:59:03,0,0,1,0
8jtxr4,2018-05-16 10:46:54,99,r/gifs,79,2018-05-16 15:59:44,0,0,1,0
8jtxr4,2018-05-16 10:46:54,99,r/gifs,80,2018-05-16 15:59:44,0,0,1,0
8jtxr4,2018-05-16 10:46:54,99,r/gifs,81,2018-05-16 16:02:14,0,0,1,0
8jtxr4,2018-05-16 10:46:54,99,r/gifs,82,2018-05-16 16:03:43,0,0,1,0
8jtxr4,2018-05-16 10:46:54,99,r/gifs,83,2018-05-16 16:03:52,0,0,1,0
8jtxr4,2018-05-16 10:46:54,99,r/gifs,84,2018-05-16 16:04:59,0,0,1,0
8jtxr4,2018-05-16 10:46:54,99,r/gifs,85,2018-05-16 16:05:17,0,0,1,0
8jtxr4,2018-05-16 10:46:54,99,r/gifs,86,2018-05-16 16:05:19,0,0,1,0
8jtxr4,2018-05-16 10:46:54,99,r/gifs,87,2018-05-16 16:05:35,0,0,1,0
8jtxr4,2018-05-16 10:46:54,99,r/gifs,88,2018-05-16 16:05:43,0,0,1,0
8jtxr4,2018-05-16 10:46:54,99,r/gifs,89,2018-05-16 16:06:18,0,0,1,0
8jtxr4,2018-05-16 10:46:54,99,r/gifs,90,2018-05-16 16:06:33,0,0,1,0
8jtxr4,2018-05-16 10:46:54,99,r/gifs,91,2018-05-16 16:06:57,0,0,1,0
8jtxr4,2018-05-16 10:46:54,99,r/gifs,92,2018-05-16 16:07:08,0,0,1,0
8jtxr4,2018-05-16 10:46:54,99,r/gifs,93,2018-05-16 16:07:45,0,0,1,0
8jtxr4,2018-05-16 10:46:54,99,r/gifs,94,2018-05-16 16:07:47,0,0,1,0
8jtxr4,2018-05-16 10:46:54,99,r/gifs,95,2018-05-16 16:08:00,0,0,1,0
8jtxr4,2018-05-16 10:46:54,99,r/gifs,96,2018-05-16 16:09:43,0,0,1,0
8jtxr4,2018-05-16 10:46:54,99,r/gifs,97,2018-05-16 16:10:53,0,0,1,0
8jtxr4,2018-05-16 10:46:54,99,r/gifs,98,2018-05-16 16:13:06,0,1,1,0
8jtxr4,2018-05-16 10:46:54,99,r/gifs,98,2018-05-16 16:45:28,1,0,2,0
8jtxr4,2018-05-16 10:46:54,99,r/gifs,99,2018-05-16 16:13:30,0,0,1,0
8jtxr4,2018-05-16 10:46:54,99,r/gifs,100,2018-05-16 16:14:24,0,0,1,0
8jtxr4,2018-05-16 10:46:54,99,r/gifs,101,2018-05-16 16:14:48,0,0,1,0
8jtxr4,2018-05-16 10:46:54,99,r/gifs,102,2018-05-16 16:14:50,0,0,1,0
8jtxr4,2018-05-16 10:46:54,99,r/gifs,103,2018-05-16 16:15:28,0,0,1,0
8jtxr4,2018-05-16 10:46:54,99,r/gifs,104,2018-05-16 16:17:16,0,0,1,0
8jtxr4,2018-05-16 10:46:54,99,r/gifs,105,2018-05-16 16:18:04,0,0,1,0
8jtxr4,2018-05-16 10:46:54,99,r/gifs,106,2018-05-16 16:18:09,0,0,1,0
8jtxr4,2018-05-16 10:46:54,99,r/gifs,107,2018-05-16 16:18:35,0,0,1,0
8jtxr4,2018-05-16 10:46:54,99,r/gifs,108,2018-05-16 16:18:37,0,0,1,0
8jtxr4,2018-05-16 10:46:54,99,r/gifs,109,2018-05-16 16:19:13,0,0,1,0
8jtxr4,2018-05-16 10:46:54,99,r/gifs,110,2018-05-16 16:19:16,0,0,1,0
8jtxr4,2018-05-16 10:46:54,99,r/gifs,111,2018-05-16 16:21:15,0,0,1,0
8jtxr4,2018-05-16 10:46:54,99,r/gifs,112,2018-05-16 16:22:17,0,0,1,0
8jtxr4,2018-05-16 10:46:54,99,r/gifs,113,2018-05-16 16:23:13,0,1,1,0
8jtxr4,2018-05-16 10:46:54,99,r/gifs,113,2018-05-16 16:28:01,1,0,0,0
8jtxr4,2018-05-16 10:46:54,99,r/gifs,114,2018-05-16 16:23:50,0,0,1,0
8jtxr4,2018-05-16 10:46:54,99,r/gifs,115,2018-05-16 16:23:59,0,0,1,0
8jtxr4,2018-05-16 10:46:54,99,r/gifs,116,2018-05-16 16:25:17,0,0,1,0
8jtxr4,2018-05-16 10:46:54,99,r/gifs,117,2018-05-16 16:25:31,0,0,1,0
8jtxr4,2018-05-16 10:46:54,99,r/gifs,118,2018-05-16 16:26:41,0,0,1,0
8jtxr4,2018-05-16 10:46:54,99,r/gifs,119,2018-05-16 16:26:52,0,0,1,0
8jtxr4,2018-05-16 10:46:54,99,r/gifs,120,2018-05-16 16:27:05,0,0,1,0
8jtxr4,2018-05-16 10:46:54,99,r/gifs,121,2018-05-16 16:27:29,0,0,1,0
8jtxr4,2018-05-16 10:46:54,99,r/gifs,122,2018-05-16 16:28:02,0,0,1,0
8jtxr4,2018-05-16 10:46:54,99,r/gifs,123,2018-05-16 16:28:24,0,0,1,0
8jtxr4,2018-05-16 10:46:54,99,r/gifs,124,2018-05-16 16:28:37,0,0,1,0
8jtxr4,2018-05-16 10:46:54,99,r/gifs,125,2018-05-16 16:29:03,0,0,1,0
8jtxr4,2018-05-16 10:46:54,99,r/gifs,126,2018-05-16 16:29:30,0,0,1,0
8jtxr4,2018-05-16 10:46:54,99,r/gifs,127,2018-05-16 16:29:43,0,1,1,0
8jtxr4,2018-05-16 10:46:54,99,r/gifs,127,2018-05-16 16:38:38,1,0,2,0
8jtxr4,2018-05-16 10:46:54,99,r/gifs,128,2018-05-16 16:30:53,0,0,1,0
8jtxr4,2018-05-16 10:46:54,99,r/gifs,129,2018-05-16 16:33:15,0,0,1,0
8jtxr4,2018-05-16 10:46:54,99,r/gifs,130,2018-05-16 16:33:28,0,0,1,0
8jtxr4,2018-05-16 10:46:54,99,r/gifs,131,2018-05-16 16:33:33,0,0,1,0
8jtxr4,2018-05-16 10:46:54,99,r/gifs,132,2018-05-16 16:33:53,0,0,1,0
8jtxr4,2018-05-16 10:46:54,99,r/gifs,133,2018-05-16 16:35:03,0,0,1,0
8jtxr4,2018-05-16 10:46:54,99,r/gifs,134,2018-05-16 16:35:39,0,0,1,0
8jtxr4,2018-05-16 10:46:54,99,r/gifs,135,2018-05-16 16:36:32,0,0,1,0
8jtxr4,2018-05-16 10:46:54,99,r/gifs,136,2018-05-16 16:37:58,0,0,1,0
8jtxr4,2018-05-16 10:46:54,99,r/gifs,137,2018-05-16 16:39:35,0,0,1,0
8jtxr4,2018-05-16 10:46:54,99,r/gifs,138,2018-05-16 16:42:52,0,0,1,0
8jtxr4,2018-05-16 10:46:54,99,r/gifs,139,2018-05-16 16:44:38,0,0,1,0
8jtxr4,2018-05-16 10:46:54,99,r/gifs,140,2018-05-16 16:44:48,0,0,1,0
8jtxr4,2018-05-16 10:46:54,99,r/gifs,141,2018-05-16 16:45:27,0,0,1,0
8jtxr4,2018-05-16 10:46:54,99,r/gifs,142,2018-05-16 16:45:59,0,0,1,0
8jtxr4,2018-05-16 10:46:54,99,r/gifs,143,2018-05-16 16:46:30,0,0,1,0
8jtxr4,2018-05-16 10:46:54,99,r/gifs,144,2018-05-16 16:47:12,0,0,1,0
8jtxr4,2018-05-16 10:46:54,99,r/gifs,145,2018-05-16 16:47:48,0,0,1,0
8jtxr4,2018-05-16 10:46:54,99,r/gifs,146,2018-05-16 16:49:44,0,0,1,0
8jtxr4,2018-05-16 10:46:54,99,r/gifs,147,2018-05-16 16:52:31,0,0,1,0
8jtxr4,2018-05-16 10:46:54,99,r/gifs,148,2018-05-16 16:55:35,0,0,1,0
8jtxr4,2018-05-16 10:46:54,99,r/gifs,149,2018-05-16 16:55:58,0,0,1,0
8jtxr4,2018-05-16 10:46:54,99,r/gifs,150,2018-05-16 17:02:54,0,0,1,0
8jtxr4,2018-05-16 10:46:54,99,r/gifs,151,2018-05-16 17:03:42,0,0,1,0
8jtxr4,2018-05-16 10:46:54,99,r/gifs,152,2018-05-16 17:03:59,0,0,1,0
8jtxr4,2018-05-16 10:46:54,99,r/gifs,153,2018-05-16 17:04:02,0,0,1,0
8jtxr4,2018-05-16 10:46:54,99,r/gifs,154,2018-05-16 17:04:09,0,0,1,0
8jtxr4,2018-05-16 10:46:54,99,r/gifs,155,2018-05-16 17:05:57,0,0,1,0
8jtxr4,2018-05-16 10:46:54,99,r/gifs,156,2018-05-16 17:06:05,0,0,1,0
8jtxr4,2018-05-16 10:46:54,99,r/gifs,157,2018-05-16 17:09:07,0,0,1,0
8jtxr4,2018-05-16 10:46:54,99,r/gifs,158,2018-05-16 17:13:08,0,0,1,0
8jtxr4,2018-05-16 10:46:54,99,r/gifs,159,2018-05-16 17:14:46,0,0,1,0
8jtxr4,2018-05-16 10:46:54,99,r/gifs,160,2018-05-16 17:15:45,0,0,1,0
8jtxr4,2018-05-16 10:46:54,99,r/gifs,161,2018-05-16 17:16:37,0,0,1,0
8jtxr4,2018-05-16 10:46:54,99,r/gifs,162,2018-05-16 17:16:38,0,0,1,0
8jtxr4,2018-05-16 10:46:54,99,r/gifs,163,2018-05-16 17:16:47,0,0,1,0
8jtxr4,2018-05-16 10:46:54,99,r/gifs,164,2018-05-16 17:18:11,0,0,1,0
8jtxr4,2018-05-16 10:46:54,99,r/gifs,165,2018-05-16 17:18:13,0,0,1,0
8jtxr4,2018-05-16 10:46:54,99,r/gifs,166,2018-05-16 17:20:38,0,0,1,0
8jtxr4,2018-05-16 10:46:54,99,r/gifs,167,2018-05-16 17:22:33,0,0,1,0
8jtxr4,2018-05-16 10:46:54,99,r/gifs,168,2018-05-16 17:30:47,0,0,1,0
8jtxr4,2018-05-16 10:46:54,99,r/gifs,169,2018-05-16 17:32:35,0,0,1,0
8jtxr4,2018-05-16 10:46:54,99,r/gifs,170,2018-05-16 17:35:57,0,0,1,0
8jtxr4,2018-05-16 10:46:54,99,r/gifs,171,2018-05-16 17:42:16,0,0,1,0
8jtxr4,2018-05-16 10:46:54,99,r/gifs,172,2018-05-16 17:44:06,0,0,1,0
8jtxr4,2018-05-16 10:46:54,99,r/gifs,173,2018-05-16 17:51:00,0,0,1,0
8jtxr4,2018-05-16 10:46:54,99,r/gifs,174,2018-05-16 17:51:31,0,0,1,0
8jtxr4,2018-05-16 10:46:54,99,r/gifs,175,2018-05-16 17:53:01,0,0,1,0
8jtxr4,2018-05-16 10:46:54,99,r/gifs,176,2018-05-16 17:55:10,0,0,1,0
8jtxr4,2018-05-16 10:46:54,99,r/gifs,177,2018-05-16 17:57:26,0,0,1,0
8jtxr4,2018-05-16 10:46:54,99,r/gifs,178,2018-05-16 17:59:44,0,0,1,0
8jtxr4,2018-05-16 10:46:54,99,r/gifs,179,2018-05-16 18:05:06,0,0,1,0
8jtxr4,2018-05-16 10:46:54,99,r/gifs,180,2018-05-16 18:06:37,0,0,1,0
8jtxr4,2018-05-16 10:46:54,99,r/gifs,181,2018-05-16 18:06:52,0,0,1,0
8jtxr4,2018-05-16 10:46:54,99,r/gifs,182,2018-05-16 18:10:51,0,0,1,0
8jtxr4,2018-05-16 10:46:54,99,r/gifs,183,2018-05-16 18:13:23,0,0,1,0
8jtxr4,2018-05-16 10:46:54,99,r/gifs,184,2018-05-16 11:41:48,0,0,1,0
8jtxr4,2018-05-16 10:46:54,99,r/gifs,185,2018-05-16 10:51:06,0,0,1,0
8jtxr4,2018-05-16 10:46:54,99,r/gifs,186,2018-05-16 13:36:20,0,0,1,0
8jtxr4,2018-05-16 10:46:54,99,r/gifs,187,2018-05-16 15:01:33,0,0,1,0
8jtxr4,2018-05-16 10:46:54,99,r/gifs,188,2018-05-16 15:12:51,0,0,1,0
8jtxr4,2018-05-16 10:46:54,99,r/gifs,189,2018-05-16 15:22:51,0,1,1,0
8jtxr4,2018-05-16 10:46:54,99,r/gifs,189,2018-05-16 15:28:11,1,0,3,0
8jtxr4,2018-05-16 10:46:54,99,r/gifs,190,2018-05-16 16:13:20,0,0,1,0
8jtxr4,2018-05-16 10:46:54,99,r/gifs,191,2018-05-16 16:31:16,0,0,1,0
8jtxr4,2018-05-16 10:46:54,99,r/gifs,192,2018-05-16 15:41:19,0,0,0,0
8jtxr4,2018-05-16 10:46:54,99,r/gifs,193,2018-05-16 11:39:08,0,1,-9,0
8jtxr4,2018-05-16 10:46:54,99,r/gifs,193,2018-05-16 14:17:23,1,1,3,0
8jtxr4,2018-05-16 10:46:54,99,r/gifs,193,2018-05-16 14:25:53,2,0,5,0
8jtxr4,2018-05-16 10:46:54,99,r/gifs,194,2018-05-16 16:25:26,0,0,-1,0
8jtxr4,2018-05-16 10:46:54,99,r/gifs,195,2018-05-16 11:31:44,0,0,-3,0
8jtxr4,2018-05-16 10:46:54,99,r/gifs,196,2018-05-16 15:06:16,0,0,0,0
8jtxr4,2018-05-16 10:46:54,99,r/gifs,197,2018-05-16 15:49:38,0,0,0,0
8jtxr4,2018-05-16 10:46:54,99,r/gifs,198,2018-05-16 15:59:47,0,0,0,0
8jtxr4,2018-05-16 10:46:54,99,r/gifs,199,2018-05-16 16:10:50,0,0,0,0
8jtxr4,2018-05-16 10:46:54,99,r/gifs,200,2018-05-16 16:14:20,0,0,0,0
8jtxr4,2018-05-16 10:46:54,99,r/gifs,201,2018-05-16 16:00:26,0,2,-9,0
8jtxr4,2018-05-16 10:46:54,99,r/gifs,201,2018-05-16 16:06:55,1,1,5,0
8jtxr4,2018-05-16 10:46:54,99,r/gifs,201,2018-05-16 16:22:17,2,1,-1,0
8jtxr4,2018-05-16 10:46:54,99,r/gifs,201,2018-05-16 16:30:18,3,1,0,0
8jtxr4,2018-05-16 10:46:54,99,r/gifs,201,2018-05-16 16:35:23,4,1,-1,0
8jtxr4,2018-05-16 10:46:54,99,r/gifs,201,2018-05-16 17:05:53,5,0,1,0
8jtxr4,2018-05-16 10:46:54,99,r/gifs,201,2018-05-16 16:14:02,1,1,2,0
8jtxr4,2018-05-16 10:46:54,99,r/gifs,201,2018-05-16 16:20:42,2,1,-4,0
8jtxr4,2018-05-16 10:46:54,99,r/gifs,201,2018-05-16 16:25:59,3,1,1,0
8jtxr4,2018-05-16 10:46:54,99,r/gifs,201,2018-05-16 16:28:06,4,0,-1,0
8jtxr4,2018-05-16 10:46:54,99,r/gifs,202,2018-05-16 15:51:40,0,1,-4,0
8jtxr4,2018-05-16 10:46:54,99,r/gifs,202,2018-05-16 15:55:34,1,1,2,0
8jtxr4,2018-05-16 10:46:54,99,r/gifs,202,2018-05-16 16:58:59,2,0,1,0
8jtxr4,2018-05-16 10:46:54,99,r/gifs,203,2018-05-16 16:04:03,0,0,-1,0
8jtxr4,2018-05-16 10:46:54,99,r/gifs,204,2018-05-16 16:52:09,0,0,1,0
8jtxr4,2018-05-16 10:46:54,99,r/gifs,205,2018-05-16 15:55:15,0,1,-11,0
8jtxr4,2018-05-16 10:46:54,99,r/gifs,205,2018-05-16 16:07:02,1,0,3,0
8jtxr4,2018-05-16 10:46:54,99,r/gifs,206,2018-05-16 15:56:02,0,2,-6,0
8jtxr4,2018-05-16 10:46:54,99,r/gifs,206,2018-05-16 15:57:53,1,1,2,0
8jtxr4,2018-05-16 10:46:54,99,r/gifs,206,2018-05-16 16:05:13,2,1,-2,0
8jtxr4,2018-05-16 10:46:54,99,r/gifs,206,2018-05-16 16:37:23,3,0,1,0
8jtxr4,2018-05-16 10:46:54,99,r/gifs,206,2018-05-16 16:07:11,1,1,2,0
8jtxr4,2018-05-16 10:46:54,99,r/gifs,206,2018-05-16 16:14:42,2,0,0,0
8jtxr4,2018-05-16 10:46:54,99,r/gifs,207,2018-05-16 12:58:55,0,0,-9,0
8juhiq,2018-05-16 12:23:54,100,r/reactiongifs,0,2018-05-16 16:29:21,0,3,180,0
8juhiq,2018-05-16 12:23:54,100,r/reactiongifs,0,2018-05-16 17:00:57,1,5,75,0
8juhiq,2018-05-16 12:23:54,100,r/reactiongifs,0,2018-05-16 17:17:29,2,1,32,0
8juhiq,2018-05-16 12:23:54,100,r/reactiongifs,0,2018-05-16 17:36:34,3,1,7,0
8juhiq,2018-05-16 12:23:54,100,r/reactiongifs,0,2018-05-16 17:45:59,4,1,6,0
8juhiq,2018-05-16 12:23:54,100,r/reactiongifs,0,2018-05-16 18:07:32,5,1,1,0
8juhiq,2018-05-16 12:23:54,100,r/reactiongifs,0,2018-05-16 18:23:19,6,0,1,0
8juhiq,2018-05-16 12:23:54,100,r/reactiongifs,0,2018-05-16 17:17:30,2,1,9,0
8juhiq,2018-05-16 12:23:54,100,r/reactiongifs,0,2018-05-16 17:57:48,3,1,1,0
8juhiq,2018-05-16 12:23:54,100,r/reactiongifs,0,2018-05-16 18:11:55,4,0,1,0
8juhiq,2018-05-16 12:23:54,100,r/reactiongifs,0,2018-05-16 17:18:25,2,0,6,0
8juhiq,2018-05-16 12:23:54,100,r/reactiongifs,0,2018-05-16 17:20:18,2,0,3,0
8juhiq,2018-05-16 12:23:54,100,r/reactiongifs,0,2018-05-16 18:21:47,2,0,1,0
8juhiq,2018-05-16 12:23:54,100,r/reactiongifs,0,2018-05-16 18:09:54,1,0,1,0
8juhiq,2018-05-16 12:23:54,100,r/reactiongifs,0,2018-05-16 18:13:20,1,0,1,0
8juhiq,2018-05-16 12:23:54,100,r/reactiongifs,1,2018-05-16 17:00:59,0,2,28,0
8juhiq,2018-05-16 12:23:54,100,r/reactiongifs,1,2018-05-16 17:15:29,1,1,19,0
8juhiq,2018-05-16 12:23:54,100,r/reactiongifs,1,2018-05-16 17:18:14,2,1,10,0
8juhiq,2018-05-16 12:23:54,100,r/reactiongifs,1,2018-05-16 17:20:25,3,1,9,0
8juhiq,2018-05-16 12:23:54,100,r/reactiongifs,1,2018-05-16 17:25:18,4,2,7,0
8juhiq,2018-05-16 12:23:54,100,r/reactiongifs,1,2018-05-16 17:29:34,5,1,9,0
8juhiq,2018-05-16 12:23:54,100,r/reactiongifs,1,2018-05-16 17:43:39,6,1,1,0
8juhiq,2018-05-16 12:23:54,100,r/reactiongifs,1,2018-05-16 18:14:21,7,0,1,0
8juhiq,2018-05-16 12:23:54,100,r/reactiongifs,1,2018-05-16 17:27:06,5,0,4,0
8juhiq,2018-05-16 12:23:54,100,r/reactiongifs,1,2018-05-16 17:17:23,1,1,1,0
8juhiq,2018-05-16 12:23:54,100,r/reactiongifs,1,2018-05-16 17:21:18,2,0,0,0
8juhiq,2018-05-16 12:23:54,100,r/reactiongifs,2,2018-05-16 16:07:47,0,4,42,0
8juhiq,2018-05-16 12:23:54,100,r/reactiongifs,2,2018-05-16 17:12:37,1,1,11,0
8juhiq,2018-05-16 12:23:54,100,r/reactiongifs,2,2018-05-16 17:35:43,2,0,3,0
8juhiq,2018-05-16 12:23:54,100,r/reactiongifs,2,2018-05-16 17:54:40,1,1,2,0
8juhiq,2018-05-16 12:23:54,100,r/reactiongifs,2,2018-05-16 17:59:11,2,1,1,0
8juhiq,2018-05-16 12:23:54,100,r/reactiongifs,2,2018-05-16 18:26:11,3,0,1,0
8juhiq,2018-05-16 12:23:54,100,r/reactiongifs,2,2018-05-16 16:54:28,1,0,1,0
8juhiq,2018-05-16 12:23:54,100,r/reactiongifs,2,2018-05-16 16:26:05,1,1,1,0
8juhiq,2018-05-16 12:23:54,100,r/reactiongifs,2,2018-05-16 16:31:29,2,0,5,0
8juhiq,2018-05-16 12:23:54,100,r/reactiongifs,3,2018-05-16 17:43:09,0,0,6,0
8juhiq,2018-05-16 12:23:54,100,r/reactiongifs,4,2018-05-16 17:22:36,0,0,4,0
8juhiq,2018-05-16 12:23:54,100,r/reactiongifs,5,2018-05-16 17:50:18,0,1,4,0
8juhiq,2018-05-16 12:23:54,100,r/reactiongifs,5,2018-05-16 17:59:51,1,0,1,0
8juhiq,2018-05-16 12:23:54,100,r/reactiongifs,6,2018-05-16 17:37:53,0,0,2,0
8juhiq,2018-05-16 12:23:54,100,r/reactiongifs,7,2018-05-16 17:47:07,0,0,1,0
8juhiq,2018-05-16 12:23:54,100,r/reactiongifs,8,2018-05-16 17:48:22,0,0,1,0
8juhiq,2018-05-16 12:23:54,100,r/reactiongifs,9,2018-05-16 17:50:51,0,1,1,0
8juhiq,2018-05-16 12:23:54,100,r/reactiongifs,9,2018-05-16 18:10:46,1,0,1,0
8juhiq,2018-05-16 12:23:54,100,r/reactiongifs,10,2018-05-16 17:59:37,0,0,1,0
8juhiq,2018-05-16 12:23:54,100,r/reactiongifs,11,2018-05-16 18:12:17,0,0,1,0
8juhiq,2018-05-16 12:23:54,100,r/reactiongifs,12,2018-05-16 18:16:49,0,0,1,0
8juhiq,2018-05-16 12:23:54,100,r/reactiongifs,13,2018-05-16 18:18:50,0,0,1,0
8juhiq,2018-05-16 12:23:54,100,r/reactiongifs,14,2018-05-16 18:27:32,0,0,1,0
