2018-05-06 10:31:06,1,r/HighQualityGifs,0,2018-05-06 11:17:25,0,4,1478,0
2018-05-06 10:31:06,1,r/HighQualityGifs,0,2018-05-06 12:14:37,1,2,179,0
2018-05-06 10:31:06,1,r/HighQualityGifs,0,2018-05-06 12:40:43,2,1,8,0
2018-05-06 10:31:06,1,r/HighQualityGifs,0,2018-05-06 12:41:43,3,1,11,0
2018-05-06 10:31:06,1,r/HighQualityGifs,0,2018-05-06 12:42:25,4,1,8,0
2018-05-06 10:31:06,1,r/HighQualityGifs,0,2018-05-06 12:46:11,5,1,1,0
2018-05-06 10:31:06,1,r/HighQualityGifs,0,2018-05-06 14:09:25,6,0,-2,0
2018-05-06 10:31:06,1,r/HighQualityGifs,0,2018-05-06 12:41:11,2,0,3,0
2018-05-06 10:31:06,1,r/HighQualityGifs,0,2018-05-06 12:42:31,1,1,34,0
2018-05-06 10:31:06,1,r/HighQualityGifs,0,2018-05-06 12:50:11,2,1,25,0
2018-05-06 10:31:06,1,r/HighQualityGifs,0,2018-05-06 12:59:31,3,1,10,0
2018-05-06 10:31:06,1,r/HighQualityGifs,0,2018-05-06 13:06:31,4,1,8,0
2018-05-06 10:31:06,1,r/HighQualityGifs,0,2018-05-06 13:31:45,5,1,15,0
2018-05-06 10:31:06,1,r/HighQualityGifs,0,2018-05-06 14:38:37,6,0,1,0
2018-05-06 10:31:06,1,r/HighQualityGifs,0,2018-05-06 13:48:56,1,0,1,0
2018-05-06 10:31:06,1,r/HighQualityGifs,0,2018-05-06 12:42:37,1,0,-2,0
2018-05-06 10:31:06,1,r/HighQualityGifs,1,2018-05-06 12:26:54,0,2,448,0
2018-05-06 10:31:06,1,r/HighQualityGifs,1,2018-05-06 13:29:01,1,1,41,0
2018-05-06 10:31:06,1,r/HighQualityGifs,1,2018-05-06 14:44:40,2,0,1,0
2018-05-06 10:31:06,1,r/HighQualityGifs,1,2018-05-06 14:26:29,1,0,4,0
2018-05-06 10:31:06,1,r/HighQualityGifs,2,2018-05-06 12:06:35,0,5,478,0
2018-05-06 10:31:06,1,r/HighQualityGifs,2,2018-05-06 13:15:55,1,0,38,0
2018-05-06 10:31:06,1,r/HighQualityGifs,2,2018-05-06 13:03:37,1,0,66,0
2018-05-06 10:31:06,1,r/HighQualityGifs,2,2018-05-06 12:56:34,1,1,32,0
2018-05-06 10:31:06,1,r/HighQualityGifs,2,2018-05-06 13:26:38,2,1,27,0
2018-05-06 10:31:06,1,r/HighQualityGifs,2,2018-05-06 15:03:16,3,0,1,0
2018-05-06 10:31:06,1,r/HighQualityGifs,2,2018-05-06 13:25:27,1,1,27,0
2018-05-06 10:31:06,1,r/HighQualityGifs,2,2018-05-06 13:26:43,2,1,15,0
2018-05-06 10:31:06,1,r/HighQualityGifs,2,2018-05-06 13:27:37,3,0,25,0
2018-05-06 10:31:06,1,r/HighQualityGifs,2,2018-05-06 14:27:29,1,2,3,0
2018-05-06 10:31:06,1,r/HighQualityGifs,2,2018-05-06 14:49:30,2,0,1,0
2018-05-06 10:31:06,1,r/HighQualityGifs,2,2018-05-06 14:38:54,2,0,5,0
2018-05-06 10:31:06,1,r/HighQualityGifs,3,2018-05-06 12:10:12,0,1,181,0
2018-05-06 10:31:06,1,r/HighQualityGifs,3,2018-05-06 14:55:29,1,0,1,0
2018-05-06 10:31:06,1,r/HighQualityGifs,4,2018-05-06 11:22:13,0,11,608,0
2018-05-06 10:31:06,1,r/HighQualityGifs,4,2018-05-06 11:45:09,1,6,192,0
2018-05-06 10:31:06,1,r/HighQualityGifs,4,2018-05-06 12:31:13,2,4,52,0
2018-05-06 10:31:06,1,r/HighQualityGifs,4,2018-05-06 12:35:27,3,1,12,0
2018-05-06 10:31:06,1,r/HighQualityGifs,4,2018-05-06 12:40:20,4,2,2,0
2018-05-06 10:31:06,1,r/HighQualityGifs,4,2018-05-06 12:59:48,5,2,8,0
2018-05-06 10:31:06,1,r/HighQualityGifs,4,2018-05-06 13:12:46,6,1,4,0
2018-05-06 10:31:06,1,r/HighQualityGifs,4,2018-05-06 13:21:56,7,1,5,0
2018-05-06 10:31:06,1,r/HighQualityGifs,4,2018-05-06 14:12:47,8,0,1,0
2018-05-06 10:31:06,1,r/HighQualityGifs,4,2018-05-06 13:24:04,6,0,2,0
2018-05-06 10:31:06,1,r/HighQualityGifs,4,2018-05-06 14:08:14,5,0,1,0
2018-05-06 10:31:06,1,r/HighQualityGifs,4,2018-05-06 13:30:40,3,0,2,0
2018-05-06 10:31:06,1,r/HighQualityGifs,4,2018-05-06 14:08:41,3,0,2,0
2018-05-06 10:31:06,1,r/HighQualityGifs,4,2018-05-06 14:26:03,3,0,1,0
2018-05-06 10:31:06,1,r/HighQualityGifs,4,2018-05-06 13:07:05,2,0,3,0
2018-05-06 10:31:06,1,r/HighQualityGifs,4,2018-05-06 14:07:50,2,0,2,0
2018-05-06 10:31:06,1,r/HighQualityGifs,4,2018-05-06 13:15:00,2,0,1,0
2018-05-06 10:31:06,1,r/HighQualityGifs,4,2018-05-06 13:23:47,2,0,1,0
2018-05-06 10:31:06,1,r/HighQualityGifs,4,2018-05-06 14:41:26,2,0,1,0
2018-05-06 10:31:06,1,r/HighQualityGifs,4,2018-05-06 12:55:23,1,0,8,0
2018-05-06 10:31:06,1,r/HighQualityGifs,4,2018-05-06 12:14:28,1,0,4,0
2018-05-06 10:31:06,1,r/HighQualityGifs,4,2018-05-06 12:16:09,1,0,6,0
2018-05-06 10:31:06,1,r/HighQualityGifs,4,2018-05-06 12:12:34,1,0,2,0
2018-05-06 10:31:06,1,r/HighQualityGifs,4,2018-05-06 14:43:12,1,0,1,0
2018-05-06 10:31:06,1,r/HighQualityGifs,4,2018-05-06 11:49:45,1,1,0,0
2018-05-06 10:31:06,1,r/HighQualityGifs,4,2018-05-06 12:06:57,2,1,-2,0
2018-05-06 10:31:06,1,r/HighQualityGifs,4,2018-05-06 12:14:40,3,1,9,0
2018-05-06 10:31:06,1,r/HighQualityGifs,4,2018-05-06 12:20:38,4,0,2,0
2018-05-06 10:31:06,1,r/HighQualityGifs,4,2018-05-06 12:26:50,1,0,0,0
2018-05-06 10:31:06,1,r/HighQualityGifs,4,2018-05-06 13:02:02,1,0,0,0
2018-05-06 10:31:06,1,r/HighQualityGifs,4,2018-05-06 13:12:11,1,0,0,0
2018-05-06 10:31:06,1,r/HighQualityGifs,4,2018-05-06 13:28:29,1,0,0,0
2018-05-06 10:31:06,1,r/HighQualityGifs,5,2018-05-06 11:50:59,0,3,187,0
2018-05-06 10:31:06,1,r/HighQualityGifs,5,2018-05-06 12:52:09,1,0,36,0
2018-05-06 10:31:06,1,r/HighQualityGifs,5,2018-05-06 13:14:37,1,1,16,0
2018-05-06 10:31:06,1,r/HighQualityGifs,5,2018-05-06 14:00:13,2,0,12,0
2018-05-06 10:31:06,1,r/HighQualityGifs,5,2018-05-06 13:51:32,1,0,5,0
2018-05-06 10:31:06,1,r/HighQualityGifs,6,2018-05-06 11:59:52,0,6,49,0
2018-05-06 10:31:06,1,r/HighQualityGifs,6,2018-05-06 13:27:37,1,1,8,0
2018-05-06 10:31:06,1,r/HighQualityGifs,6,2018-05-06 14:25:25,2,0,3,0
2018-05-06 10:31:06,1,r/HighQualityGifs,6,2018-05-06 13:13:11,1,1,8,0
2018-05-06 10:31:06,1,r/HighQualityGifs,6,2018-05-06 13:59:03,2,0,2,0
2018-05-06 10:31:06,1,r/HighQualityGifs,6,2018-05-06 13:26:50,1,0,2,0
2018-05-06 10:31:06,1,r/HighQualityGifs,6,2018-05-06 14:43:29,1,0,1,0
2018-05-06 10:31:06,1,r/HighQualityGifs,6,2018-05-06 15:01:20,1,0,1,0
2018-05-06 10:31:06,1,r/HighQualityGifs,6,2018-05-06 15:07:08,1,0,1,0
2018-05-06 10:31:06,1,r/HighQualityGifs,7,2018-05-06 11:55:05,0,1,115,0
2018-05-06 10:31:06,1,r/HighQualityGifs,7,2018-05-06 12:44:38,1,2,68,0
2018-05-06 10:31:06,1,r/HighQualityGifs,7,2018-05-06 12:47:30,2,2,18,0
2018-05-06 10:31:06,1,r/HighQualityGifs,7,2018-05-06 12:55:35,3,1,22,0
2018-05-06 10:31:06,1,r/HighQualityGifs,7,2018-05-06 13:11:22,4,0,8,0
2018-05-06 10:31:06,1,r/HighQualityGifs,7,2018-05-06 14:54:11,3,0,1,0
2018-05-06 10:31:06,1,r/HighQualityGifs,7,2018-05-06 15:05:15,2,0,1,0
2018-05-06 10:31:06,1,r/HighQualityGifs,8,2018-05-06 11:49:42,0,1,26,0
2018-05-06 10:31:06,1,r/HighQualityGifs,8,2018-05-06 11:55:53,1,4,79,0
2018-05-06 10:31:06,1,r/HighQualityGifs,8,2018-05-06 12:00:17,2,1,49,0
2018-05-06 10:31:06,1,r/HighQualityGifs,8,2018-05-06 13:24:26,3,1,24,0
2018-05-06 10:31:06,1,r/HighQualityGifs,8,2018-05-06 14:28:13,4,0,5,0
2018-05-06 10:31:06,1,r/HighQualityGifs,8,2018-05-06 12:24:50,2,1,38,0
2018-05-06 10:31:06,1,r/HighQualityGifs,8,2018-05-06 12:52:30,3,0,9,0
2018-05-06 10:31:06,1,r/HighQualityGifs,8,2018-05-06 12:54:43,2,2,5,0
2018-05-06 10:31:06,1,r/HighQualityGifs,8,2018-05-06 13:23:19,3,1,10,0
2018-05-06 10:31:06,1,r/HighQualityGifs,8,2018-05-06 13:30:26,4,0,1,0
2018-05-06 10:31:06,1,r/HighQualityGifs,8,2018-05-06 13:33:13,3,0,6,0
2018-05-06 10:31:06,1,r/HighQualityGifs,8,2018-05-06 13:01:53,2,0,4,0
2018-05-06 10:31:06,1,r/HighQualityGifs,9,2018-05-06 11:56:11,0,0,9,0
2018-05-06 10:31:06,1,r/HighQualityGifs,10,2018-05-06 11:50:14,0,1,66,0
2018-05-06 10:31:06,1,r/HighQualityGifs,10,2018-05-06 12:14:43,1,1,8,0
2018-05-06 10:31:06,1,r/HighQualityGifs,10,2018-05-06 12:28:51,2,1,7,0
2018-05-06 10:31:06,1,r/HighQualityGifs,10,2018-05-06 12:34:33,3,1,8,0
2018-05-06 10:31:06,1,r/HighQualityGifs,10,2018-05-06 12:37:33,4,1,-2,0
2018-05-06 10:31:06,1,r/HighQualityGifs,10,2018-05-06 12:44:24,5,2,6,0
2018-05-06 10:31:06,1,r/HighQualityGifs,10,2018-05-06 12:55:22,6,2,10,0
2018-05-06 10:31:06,1,r/HighQualityGifs,10,2018-05-06 13:51:58,7,0,-3,0
2018-05-06 10:31:06,1,r/HighQualityGifs,10,2018-05-06 13:25:41,7,1,-15,0
2018-05-06 10:31:06,1,r/HighQualityGifs,10,2018-05-06 13:32:26,8,1,8,0
2018-05-06 10:31:06,1,r/HighQualityGifs,10,2018-05-06 13:56:50,9,0,0,0
2018-05-06 10:31:06,1,r/HighQualityGifs,10,2018-05-06 13:49:59,6,1,2,0
2018-05-06 10:31:06,1,r/HighQualityGifs,10,2018-05-06 14:08:49,7,0,1,0
2018-05-06 10:31:06,1,r/HighQualityGifs,11,2018-05-06 12:22:06,0,0,9,0
2018-05-06 10:31:06,1,r/HighQualityGifs,12,2018-05-06 11:18:03,0,0,6,0
2018-05-06 10:31:06,1,r/HighQualityGifs,13,2018-05-06 11:30:49,0,0,5,0
2018-05-06 10:31:06,1,r/HighQualityGifs,14,2018-05-06 11:19:00,0,1,18,0
2018-05-06 10:31:06,1,r/HighQualityGifs,14,2018-05-06 11:47:05,1,1,11,0
2018-05-06 10:31:06,1,r/HighQualityGifs,14,2018-05-06 11:48:07,2,2,9,0
2018-05-06 10:31:06,1,r/HighQualityGifs,14,2018-05-06 11:50:36,3,2,9,0
2018-05-06 10:31:06,1,r/HighQualityGifs,14,2018-05-06 12:11:00,4,1,6,0
2018-05-06 10:31:06,1,r/HighQualityGifs,14,2018-05-06 12:14:04,5,1,7,0
2018-05-06 10:31:06,1,r/HighQualityGifs,14,2018-05-06 12:55:50,6,0,-1,0
2018-05-06 10:31:06,1,r/HighQualityGifs,14,2018-05-06 12:17:38,4,4,-14,0
2018-05-06 10:31:06,1,r/HighQualityGifs,14,2018-05-06 12:48:26,5,0,7,0
2018-05-06 10:31:06,1,r/HighQualityGifs,14,2018-05-06 13:12:41,5,0,-6,0
2018-05-06 10:31:06,1,r/HighQualityGifs,14,2018-05-06 12:39:14,5,0,-10,0
2018-05-06 10:31:06,1,r/HighQualityGifs,14,2018-05-06 12:39:17,5,0,-9,0
2018-05-06 10:31:06,1,r/HighQualityGifs,14,2018-05-06 12:43:16,3,0,-12,0
2018-05-06 10:31:06,1,r/HighQualityGifs,15,2018-05-06 12:13:24,0,0,4,0
2018-05-06 10:31:06,1,r/HighQualityGifs,16,2018-05-06 12:51:01,0,0,3,0
2018-05-06 10:31:06,1,r/HighQualityGifs,17,2018-05-06 11:33:59,0,1,8,0
2018-05-06 10:31:06,1,r/HighQualityGifs,17,2018-05-06 12:55:38,1,1,4,0
2018-05-06 10:31:06,1,r/HighQualityGifs,17,2018-05-06 13:37:54,2,0,4,0
2018-05-06 10:31:06,1,r/HighQualityGifs,18,2018-05-06 11:24:06,0,0,3,0
2018-05-06 10:31:06,1,r/HighQualityGifs,19,2018-05-06 12:22:39,0,0,3,0
2018-05-06 10:31:06,1,r/HighQualityGifs,20,2018-05-06 14:21:42,0,0,3,0
2018-05-06 10:31:06,1,r/HighQualityGifs,21,2018-05-06 11:38:02,0,0,2,0
2018-05-06 10:31:06,1,r/HighQualityGifs,22,2018-05-06 12:11:43,0,0,2,0
2018-05-06 10:31:06,1,r/HighQualityGifs,23,2018-05-06 12:16:27,0,0,2,0
2018-05-06 10:31:06,1,r/HighQualityGifs,24,2018-05-06 12:26:09,0,0,2,0
2018-05-06 10:31:06,1,r/HighQualityGifs,25,2018-05-06 12:30:49,0,0,2,0
2018-05-06 10:31:06,1,r/HighQualityGifs,26,2018-05-06 12:31:34,0,0,2,0
2018-05-06 10:31:06,1,r/HighQualityGifs,27,2018-05-06 12:36:35,0,0,2,0
2018-05-06 10:31:06,1,r/HighQualityGifs,28,2018-05-06 12:42:11,0,0,2,0
2018-05-06 10:31:06,1,r/HighQualityGifs,29,2018-05-06 12:43:02,0,0,2,0
2018-05-06 10:31:06,1,r/HighQualityGifs,30,2018-05-06 12:45:20,0,0,2,0
2018-05-06 10:31:06,1,r/HighQualityGifs,31,2018-05-06 12:47:01,0,0,2,0
2018-05-06 10:31:06,1,r/HighQualityGifs,32,2018-05-06 12:48:31,0,0,2,0
2018-05-06 10:31:06,1,r/HighQualityGifs,33,2018-05-06 12:55:46,0,1,2,0
2018-05-06 10:31:06,1,r/HighQualityGifs,33,2018-05-06 13:11:44,1,1,3,0
2018-05-06 10:31:06,1,r/HighQualityGifs,33,2018-05-06 13:42:01,2,0,2,0
2018-05-06 10:31:06,1,r/HighQualityGifs,34,2018-05-06 12:57:06,0,0,2,0
2018-05-06 10:31:06,1,r/HighQualityGifs,35,2018-05-06 13:02:12,0,0,2,0
2018-05-06 10:31:06,1,r/HighQualityGifs,36,2018-05-06 13:09:37,0,0,2,0
2018-05-06 10:31:06,1,r/HighQualityGifs,37,2018-05-06 13:10:13,0,0,2,0
2018-05-06 10:31:06,1,r/HighQualityGifs,38,2018-05-06 13:11:02,0,0,2,0
2018-05-06 10:31:06,1,r/HighQualityGifs,39,2018-05-06 13:21:09,0,0,2,0
2018-05-06 10:31:06,1,r/HighQualityGifs,40,2018-05-06 14:18:14,0,0,2,0
2018-05-06 10:31:06,1,r/HighQualityGifs,41,2018-05-06 14:22:27,0,0,2,0
2018-05-06 10:31:06,1,r/HighQualityGifs,42,2018-05-06 14:22:52,0,0,2,0
2018-05-06 10:31:06,1,r/HighQualityGifs,43,2018-05-06 14:29:06,0,0,2,0
2018-05-06 10:31:06,1,r/HighQualityGifs,44,2018-05-06 14:31:45,0,0,2,0
2018-05-06 10:31:06,1,r/HighQualityGifs,45,2018-05-06 14:33:41,0,0,2,0
2018-05-06 10:31:06,1,r/HighQualityGifs,46,2018-05-06 14:33:41,0,0,2,0
2018-05-06 10:31:06,1,r/HighQualityGifs,47,2018-05-06 14:36:00,0,0,2,0
2018-05-06 10:31:06,1,r/HighQualityGifs,48,2018-05-06 14:36:33,0,0,2,0
2018-05-06 10:31:06,1,r/HighQualityGifs,49,2018-05-06 14:41:04,0,0,1,0
2018-05-06 10:31:06,1,r/HighQualityGifs,50,2018-05-06 14:49:15,0,0,1,0
2018-05-06 10:31:06,1,r/HighQualityGifs,51,2018-05-06 14:51:15,0,0,1,0
2018-05-06 10:31:06,1,r/HighQualityGifs,52,2018-05-06 12:21:00,0,0,4,0
2018-05-06 10:31:06,1,r/HighQualityGifs,53,2018-05-06 13:14:02,0,0,1,0
2018-05-06 10:31:06,1,r/HighQualityGifs,54,2018-05-06 13:17:48,0,0,1,0
2018-05-06 10:31:06,1,r/HighQualityGifs,55,2018-05-06 13:30:06,0,0,1,0
2018-05-06 10:31:06,1,r/HighQualityGifs,56,2018-05-06 13:40:31,0,0,1,0
2018-05-06 10:31:06,1,r/HighQualityGifs,57,2018-05-06 13:46:24,0,1,1,0
2018-05-06 10:31:06,1,r/HighQualityGifs,57,2018-05-06 14:43:26,1,0,1,0
2018-05-06 10:31:06,1,r/HighQualityGifs,58,2018-05-06 13:47:20,0,0,1,0
2018-05-06 10:31:06,1,r/HighQualityGifs,59,2018-05-06 13:50:11,0,0,1,0
2018-05-06 10:31:06,1,r/HighQualityGifs,60,2018-05-06 13:50:51,0,0,1,0
2018-05-06 10:31:06,1,r/HighQualityGifs,61,2018-05-06 14:19:19,0,0,1,0
2018-05-06 10:31:06,1,r/HighQualityGifs,62,2018-05-06 14:19:33,0,0,1,0
2018-05-06 10:31:06,1,r/HighQualityGifs,63,2018-05-06 14:21:17,0,0,1,0
2018-05-06 10:31:06,1,r/HighQualityGifs,64,2018-05-06 14:54:11,0,0,1,0
2018-05-06 10:31:06,1,r/HighQualityGifs,65,2018-05-06 14:55:54,0,0,1,0
2018-05-06 10:31:06,1,r/HighQualityGifs,66,2018-05-06 15:04:13,0,0,1,0
2018-05-06 10:31:06,1,r/HighQualityGifs,67,2018-05-06 15:08:18,0,0,1,0
2018-05-06 10:31:06,1,r/HighQualityGifs,68,2018-05-06 13:32:21,0,2,1,0
2018-05-06 10:31:06,1,r/HighQualityGifs,68,2018-05-06 13:42:59,1,0,7,0
2018-05-06 10:31:06,1,r/HighQualityGifs,68,2018-05-06 14:14:14,1,0,2,0
2018-05-06 10:31:06,1,r/HighQualityGifs,69,2018-05-06 12:26:48,0,0,1,0
2018-05-06 10:31:06,1,r/HighQualityGifs,70,2018-05-06 12:45:26,0,0,1,0
2018-05-06 10:31:06,1,r/HighQualityGifs,71,2018-05-06 13:32:03,0,0,1,0
2018-05-06 10:31:06,1,r/HighQualityGifs,72,2018-05-06 13:51:08,0,0,1,0
2018-05-06 10:31:06,1,r/HighQualityGifs,73,2018-05-06 13:01:14,0,0,0,0
2018-05-06 10:31:06,1,r/HighQualityGifs,74,2018-05-06 13:17:31,0,0,-7,0
2018-05-06 10:31:06,1,r/HighQualityGifs,75,2018-05-06 13:02:44,0,1,-6,0
2018-05-06 10:31:06,1,r/HighQualityGifs,75,2018-05-06 13:05:48,1,0,1,0
2018-05-06 10:31:06,1,r/HighQualityGifs,76,2018-05-06 12:27:12,0,0,-8,0
2018-05-06 10:31:06,1,r/HighQualityGifs,77,2018-05-06 11:24:24,0,0,-10,0
2018-05-06 10:52:03,2,r/interestingasfuck,0,2018-05-06 10:53:28,0,4,1232,0
2018-05-06 10:52:03,2,r/interestingasfuck,0,2018-05-06 13:44:50,1,14,1794,1
2018-05-06 10:52:03,2,r/interestingasfuck,0,2018-05-06 14:08:23,2,5,593,0
2018-05-06 10:52:03,2,r/interestingasfuck,0,2018-05-06 14:09:40,3,1,229,0
2018-05-06 10:52:03,2,r/interestingasfuck,0,2018-05-06 14:16:39,4,1,85,0
2018-05-06 10:52:03,2,r/interestingasfuck,0,2018-05-06 14:57:16,5,0,8,0
2018-05-06 10:52:03,2,r/interestingasfuck,0,2018-05-06 14:15:22,3,4,93,0
2018-05-06 10:52:03,2,r/interestingasfuck,0,2018-05-06 14:50:06,4,0,9,0
2018-05-06 10:52:03,2,r/interestingasfuck,0,2018-05-06 14:41:08,4,0,17,0
2018-05-06 10:52:03,2,r/interestingasfuck,0,2018-05-06 14:27:32,4,1,9,0
2018-05-06 10:52:03,2,r/interestingasfuck,0,2018-05-06 14:29:46,5,1,2,0
2018-05-06 10:52:03,2,r/interestingasfuck,0,2018-05-06 14:45:30,6,0,2,0
2018-05-06 10:52:03,2,r/interestingasfuck,0,2018-05-06 14:47:22,4,0,1,0
2018-05-06 10:52:03,2,r/interestingasfuck,0,2018-05-06 14:20:49,3,2,49,0
2018-05-06 10:52:03,2,r/interestingasfuck,0,2018-05-06 14:22:25,4,1,13,0
2018-05-06 10:52:03,2,r/interestingasfuck,0,2018-05-06 14:40:19,5,0,14,0
2018-05-06 10:52:03,2,r/interestingasfuck,0,2018-05-06 15:09:26,4,0,1,0
2018-05-06 10:52:03,2,r/interestingasfuck,0,2018-05-06 14:21:31,3,0,9,0
2018-05-06 10:52:03,2,r/interestingasfuck,0,2018-05-06 15:06:34,3,0,1,0
2018-05-06 10:52:03,2,r/interestingasfuck,0,2018-05-06 14:23:23,2,4,18,0
2018-05-06 10:52:03,2,r/interestingasfuck,0,2018-05-06 14:27:41,3,3,30,0
2018-05-06 10:52:03,2,r/interestingasfuck,0,2018-05-06 14:49:00,4,1,4,0
2018-05-06 10:52:03,2,r/interestingasfuck,0,2018-05-06 14:52:19,5,0,5,0
2018-05-06 10:52:03,2,r/interestingasfuck,0,2018-05-06 14:51:00,4,1,2,0
2018-05-06 10:52:03,2,r/interestingasfuck,0,2018-05-06 14:56:36,5,0,1,0
2018-05-06 10:52:03,2,r/interestingasfuck,0,2018-05-06 14:45:09,4,1,3,0
2018-05-06 10:52:03,2,r/interestingasfuck,0,2018-05-06 14:48:16,5,0,17,0
2018-05-06 10:52:03,2,r/interestingasfuck,0,2018-05-06 14:32:33,3,1,13,0
2018-05-06 10:52:03,2,r/interestingasfuck,0,2018-05-06 14:52:28,4,0,2,0
2018-05-06 10:52:03,2,r/interestingasfuck,0,2018-05-06 14:37:02,3,0,4,0
2018-05-06 10:52:03,2,r/interestingasfuck,0,2018-05-06 15:09:09,3,0,1,0
2018-05-06 10:52:03,2,r/interestingasfuck,0,2018-05-06 14:36:28,2,0,6,0
2018-05-06 10:52:03,2,r/interestingasfuck,0,2018-05-06 14:22:17,2,2,11,0
2018-05-06 10:52:03,2,r/interestingasfuck,0,2018-05-06 14:24:57,3,2,14,0
2018-05-06 10:52:03,2,r/interestingasfuck,0,2018-05-06 14:37:23,4,0,12,0
2018-05-06 10:52:03,2,r/interestingasfuck,0,2018-05-06 14:37:35,4,1,9,0
2018-05-06 10:52:03,2,r/interestingasfuck,0,2018-05-06 14:44:56,5,0,14,0
2018-05-06 10:52:03,2,r/interestingasfuck,0,2018-05-06 15:04:00,3,0,2,0
2018-05-06 10:52:03,2,r/interestingasfuck,0,2018-05-06 14:19:33,2,0,7,0
2018-05-06 10:52:03,2,r/interestingasfuck,0,2018-05-06 14:14:10,2,1,13,0
2018-05-06 10:52:03,2,r/interestingasfuck,0,2018-05-06 14:29:13,3,3,9,0
2018-05-06 10:52:03,2,r/interestingasfuck,0,2018-05-06 14:37:24,4,2,6,0
2018-05-06 10:52:03,2,r/interestingasfuck,0,2018-05-06 14:46:37,5,0,7,0
2018-05-06 10:52:03,2,r/interestingasfuck,0,2018-05-06 14:39:33,5,0,0,0
2018-05-06 10:52:03,2,r/interestingasfuck,0,2018-05-06 14:38:31,4,1,1,0
2018-05-06 10:52:03,2,r/interestingasfuck,0,2018-05-06 14:52:40,5,1,0,0
2018-05-06 10:52:03,2,r/interestingasfuck,0,2018-05-06 15:02:36,6,0,1,0
2018-05-06 10:52:03,2,r/interestingasfuck,0,2018-05-06 14:48:33,4,0,-1,0
2018-05-06 10:52:03,2,r/interestingasfuck,0,2018-05-06 14:22:36,2,0,3,0
2018-05-06 10:52:03,2,r/interestingasfuck,0,2018-05-06 14:36:46,2,2,3,0
2018-05-06 10:52:03,2,r/interestingasfuck,0,2018-05-06 14:43:08,3,0,3,0
2018-05-06 10:52:03,2,r/interestingasfuck,0,2018-05-06 14:40:13,3,0,1,0
2018-05-06 10:52:03,2,r/interestingasfuck,0,2018-05-06 14:22:35,2,1,5,0
2018-05-06 10:52:03,2,r/interestingasfuck,0,2018-05-06 14:24:13,3,1,7,0
2018-05-06 10:52:03,2,r/interestingasfuck,0,2018-05-06 14:36:42,4,2,3,0
2018-05-06 10:52:03,2,r/interestingasfuck,0,2018-05-06 14:39:36,5,1,5,0
2018-05-06 10:52:03,2,r/interestingasfuck,0,2018-05-06 14:56:41,6,0,1,0
2018-05-06 10:52:03,2,r/interestingasfuck,0,2018-05-06 14:40:53,5,0,5,0
2018-05-06 10:52:03,2,r/interestingasfuck,0,2018-05-06 14:22:50,2,0,2,0
2018-05-06 10:52:03,2,r/interestingasfuck,0,2018-05-06 14:25:51,2,1,2,0
2018-05-06 10:52:03,2,r/interestingasfuck,0,2018-05-06 14:28:02,3,0,3,0
2018-05-06 10:52:03,2,r/interestingasfuck,0,2018-05-06 15:05:56,2,1,2,0
2018-05-06 10:52:03,2,r/interestingasfuck,0,2018-05-06 15:07:11,3,0,1,0
2018-05-06 10:52:03,2,r/interestingasfuck,0,2018-05-06 14:45:31,2,0,1,0
2018-05-06 10:52:03,2,r/interestingasfuck,0,2018-05-06 14:53:48,2,0,1,0
2018-05-06 10:52:03,2,r/interestingasfuck,0,2018-05-06 10:56:30,1,2,182,0
2018-05-06 10:52:03,2,r/interestingasfuck,0,2018-05-06 11:52:25,2,2,416,0
2018-05-06 10:52:03,2,r/interestingasfuck,0,2018-05-06 13:15:34,3,4,148,0
2018-05-06 10:52:03,2,r/interestingasfuck,0,2018-05-06 13:40:33,4,1,13,0
2018-05-06 10:52:03,2,r/interestingasfuck,0,2018-05-06 15:02:32,5,0,1,0
2018-05-06 10:52:03,2,r/interestingasfuck,0,2018-05-06 14:10:27,4,1,4,0
2018-05-06 10:52:03,2,r/interestingasfuck,0,2018-05-06 14:16:30,5,0,5,0
2018-05-06 10:52:03,2,r/interestingasfuck,0,2018-05-06 14:21:04,4,0,1,0
2018-05-06 10:52:03,2,r/interestingasfuck,0,2018-05-06 14:03:35,4,0,1,0
2018-05-06 10:52:03,2,r/interestingasfuck,0,2018-05-06 13:52:55,3,0,5,0
2018-05-06 10:52:03,2,r/interestingasfuck,0,2018-05-06 11:36:50,2,1,19,0
2018-05-06 10:52:03,2,r/interestingasfuck,0,2018-05-06 13:47:03,3,1,1,0
2018-05-06 10:52:03,2,r/interestingasfuck,0,2018-05-06 14:38:15,4,0,1,0
2018-05-06 10:52:03,2,r/interestingasfuck,0,2018-05-06 14:17:13,1,0,2,0
2018-05-06 10:52:03,2,r/interestingasfuck,0,2018-05-06 14:14:40,1,0,1,0
2018-05-06 10:52:03,2,r/interestingasfuck,1,2018-05-06 11:09:21,0,3,489,0
2018-05-06 10:52:03,2,r/interestingasfuck,1,2018-05-06 14:01:00,1,0,72,0
2018-05-06 10:52:03,2,r/interestingasfuck,1,2018-05-06 14:58:16,1,0,6,0
2018-05-06 10:52:03,2,r/interestingasfuck,1,2018-05-06 15:02:13,1,0,3,0
2018-05-06 10:52:03,2,r/interestingasfuck,2,2018-05-06 13:50:18,0,5,107,0
2018-05-06 10:52:03,2,r/interestingasfuck,2,2018-05-06 14:27:01,1,1,24,0
2018-05-06 10:52:03,2,r/interestingasfuck,2,2018-05-06 15:04:54,2,0,1,0
2018-05-06 10:52:03,2,r/interestingasfuck,2,2018-05-06 13:55:49,1,2,59,0
2018-05-06 10:52:03,2,r/interestingasfuck,2,2018-05-06 14:07:28,2,0,48,0
2018-05-06 10:52:03,2,r/interestingasfuck,2,2018-05-06 14:49:27,2,1,4,0
2018-05-06 10:52:03,2,r/interestingasfuck,2,2018-05-06 14:59:50,3,0,1,0
2018-05-06 10:52:03,2,r/interestingasfuck,2,2018-05-06 14:22:50,1,1,7,0
2018-05-06 10:52:03,2,r/interestingasfuck,2,2018-05-06 14:51:36,2,0,4,0
2018-05-06 10:52:03,2,r/interestingasfuck,2,2018-05-06 14:28:11,1,0,1,0
2018-05-06 10:52:03,2,r/interestingasfuck,2,2018-05-06 14:34:44,1,0,1,0
2018-05-06 10:52:03,2,r/interestingasfuck,3,2018-05-06 11:58:49,0,3,286,0
2018-05-06 10:52:03,2,r/interestingasfuck,3,2018-05-06 13:41:57,1,1,27,0
2018-05-06 10:52:03,2,r/interestingasfuck,3,2018-05-06 14:34:40,2,0,2,0
2018-05-06 10:52:03,2,r/interestingasfuck,3,2018-05-06 13:22:13,1,2,63,0
2018-05-06 10:52:03,2,r/interestingasfuck,3,2018-05-06 14:57:59,2,0,1,0
2018-05-06 10:52:03,2,r/interestingasfuck,3,2018-05-06 13:26:09,2,5,-141,0
2018-05-06 10:52:03,2,r/interestingasfuck,3,2018-05-06 13:39:12,3,1,125,0
2018-05-06 10:52:03,2,r/interestingasfuck,3,2018-05-06 13:43:07,4,1,64,0
2018-05-06 10:52:03,2,r/interestingasfuck,3,2018-05-06 14:16:03,5,0,1,0
2018-05-06 10:52:03,2,r/interestingasfuck,3,2018-05-06 14:21:18,3,0,9,0
2018-05-06 10:52:03,2,r/interestingasfuck,3,2018-05-06 14:42:11,3,0,3,0
2018-05-06 10:52:03,2,r/interestingasfuck,3,2018-05-06 13:31:22,3,0,4,0
2018-05-06 10:52:03,2,r/interestingasfuck,3,2018-05-06 14:41:36,3,0,1,0
2018-05-06 10:52:03,2,r/interestingasfuck,3,2018-05-06 13:58:00,1,0,2,0
2018-05-06 10:52:03,2,r/interestingasfuck,4,2018-05-06 12:40:54,0,2,118,0
2018-05-06 10:52:03,2,r/interestingasfuck,4,2018-05-06 14:31:23,1,1,38,0
2018-05-06 10:52:03,2,r/interestingasfuck,4,2018-05-06 14:48:42,2,3,9,0
2018-05-06 10:52:03,2,r/interestingasfuck,4,2018-05-06 14:58:12,3,0,5,0
2018-05-06 10:52:03,2,r/interestingasfuck,4,2018-05-06 14:58:34,3,0,1,0
2018-05-06 10:52:03,2,r/interestingasfuck,4,2018-05-06 15:02:52,3,0,1,0
2018-05-06 10:52:03,2,r/interestingasfuck,4,2018-05-06 14:27:28,1,0,4,0
2018-05-06 10:52:03,2,r/interestingasfuck,5,2018-05-06 11:23:15,0,1,34,0
2018-05-06 10:52:03,2,r/interestingasfuck,5,2018-05-06 14:20:27,1,1,8,0
2018-05-06 10:52:03,2,r/interestingasfuck,5,2018-05-06 14:59:36,2,0,1,0
2018-05-06 10:52:03,2,r/interestingasfuck,6,2018-05-06 11:09:13,0,1,83,0
2018-05-06 10:52:03,2,r/interestingasfuck,6,2018-05-06 14:17:06,1,0,5,0
2018-05-06 10:52:03,2,r/interestingasfuck,7,2018-05-06 13:01:14,0,1,26,0
2018-05-06 10:52:03,2,r/interestingasfuck,7,2018-05-06 13:09:45,1,2,85,0
2018-05-06 10:52:03,2,r/interestingasfuck,7,2018-05-06 13:49:17,2,2,22,0
2018-05-06 10:52:03,2,r/interestingasfuck,7,2018-05-06 14:02:57,3,0,12,0
2018-05-06 10:52:03,2,r/interestingasfuck,7,2018-05-06 13:54:20,3,0,3,0
2018-05-06 10:52:03,2,r/interestingasfuck,7,2018-05-06 14:13:45,2,0,3,0
2018-05-06 10:52:03,2,r/interestingasfuck,8,2018-05-06 13:24:02,0,1,21,0
2018-05-06 10:52:03,2,r/interestingasfuck,8,2018-05-06 14:18:51,1,0,3,0
2018-05-06 10:52:03,2,r/interestingasfuck,9,2018-05-06 13:44:34,0,3,20,0
2018-05-06 10:52:03,2,r/interestingasfuck,9,2018-05-06 13:59:04,1,0,11,0
2018-05-06 10:52:03,2,r/interestingasfuck,9,2018-05-06 14:21:09,1,0,4,0
2018-05-06 10:52:03,2,r/interestingasfuck,9,2018-05-06 13:57:10,1,0,2,0
2018-05-06 10:52:03,2,r/interestingasfuck,10,2018-05-06 11:52:57,0,2,72,0
2018-05-06 10:52:03,2,r/interestingasfuck,10,2018-05-06 12:16:37,1,2,115,0
2018-05-06 10:52:03,2,r/interestingasfuck,10,2018-05-06 13:56:16,2,0,11,0
2018-05-06 10:52:03,2,r/interestingasfuck,10,2018-05-06 15:05:14,2,0,2,0
2018-05-06 10:52:03,2,r/interestingasfuck,10,2018-05-06 12:05:14,1,1,11,0
2018-05-06 10:52:03,2,r/interestingasfuck,10,2018-05-06 14:52:14,2,0,1,0
2018-05-06 10:52:03,2,r/interestingasfuck,11,2018-05-06 13:33:15,0,0,15,0
2018-05-06 10:52:03,2,r/interestingasfuck,12,2018-05-06 13:41:21,0,1,11,0
2018-05-06 10:52:03,2,r/interestingasfuck,12,2018-05-06 14:05:59,1,0,5,0
2018-05-06 10:52:03,2,r/interestingasfuck,13,2018-05-06 12:18:10,0,0,6,0
2018-05-06 10:52:03,2,r/interestingasfuck,14,2018-05-06 13:22:59,0,1,9,0
2018-05-06 10:52:03,2,r/interestingasfuck,14,2018-05-06 14:28:43,1,0,2,0
2018-05-06 10:52:03,2,r/interestingasfuck,15,2018-05-06 14:02:38,0,0,6,0
2018-05-06 10:52:03,2,r/interestingasfuck,16,2018-05-06 13:29:48,0,0,7,0
2018-05-06 10:52:03,2,r/interestingasfuck,17,2018-05-06 13:35:10,0,0,6,0
2018-05-06 10:52:03,2,r/interestingasfuck,18,2018-05-06 11:28:19,0,0,8,0
2018-05-06 10:52:03,2,r/interestingasfuck,19,2018-05-06 11:25:00,0,0,6,0
2018-05-06 10:52:03,2,r/interestingasfuck,20,2018-05-06 12:42:37,0,1,5,0
2018-05-06 10:52:03,2,r/interestingasfuck,20,2018-05-06 12:56:26,1,1,3,0
2018-05-06 10:52:03,2,r/interestingasfuck,20,2018-05-06 13:49:03,2,0,7,0
2018-05-06 10:52:03,2,r/interestingasfuck,21,2018-05-06 13:35:02,0,0,4,0
2018-05-06 10:52:03,2,r/interestingasfuck,22,2018-05-06 14:05:03,0,0,4,0
2018-05-06 10:52:03,2,r/interestingasfuck,23,2018-05-06 11:55:50,0,0,8,0
2018-05-06 10:52:03,2,r/interestingasfuck,24,2018-05-06 12:18:51,0,0,3,0
2018-05-06 10:52:03,2,r/interestingasfuck,25,2018-05-06 13:28:21,0,0,3,0
2018-05-06 10:52:03,2,r/interestingasfuck,26,2018-05-06 13:41:25,0,1,3,0
2018-05-06 10:52:03,2,r/interestingasfuck,26,2018-05-06 14:25:40,1,0,1,0
2018-05-06 10:52:03,2,r/interestingasfuck,27,2018-05-06 13:44:03,0,0,3,0
2018-05-06 10:52:03,2,r/interestingasfuck,28,2018-05-06 13:46:43,0,0,3,0
2018-05-06 10:52:03,2,r/interestingasfuck,29,2018-05-06 13:50:15,0,0,4,0
2018-05-06 10:52:03,2,r/interestingasfuck,30,2018-05-06 13:56:39,0,0,3,0
2018-05-06 10:52:03,2,r/interestingasfuck,31,2018-05-06 14:07:08,0,0,3,0
2018-05-06 10:52:03,2,r/interestingasfuck,32,2018-05-06 14:10:10,0,0,3,0
2018-05-06 10:52:03,2,r/interestingasfuck,33,2018-05-06 14:13:38,0,0,3,0
2018-05-06 10:52:03,2,r/interestingasfuck,34,2018-05-06 13:44:24,0,0,2,0
2018-05-06 10:52:03,2,r/interestingasfuck,35,2018-05-06 13:47:38,0,0,3,0
2018-05-06 10:52:03,2,r/interestingasfuck,36,2018-05-06 13:48:10,0,0,2,0
2018-05-06 10:52:03,2,r/interestingasfuck,37,2018-05-06 13:49:41,0,0,3,0
2018-05-06 10:52:03,2,r/interestingasfuck,38,2018-05-06 13:54:56,0,0,3,0
2018-05-06 10:52:03,2,r/interestingasfuck,39,2018-05-06 13:57:16,0,0,2,0
2018-05-06 10:52:03,2,r/interestingasfuck,40,2018-05-06 13:59:59,0,0,2,0
2018-05-06 10:52:03,2,r/interestingasfuck,41,2018-05-06 14:04:44,0,0,2,0
2018-05-06 10:52:03,2,r/interestingasfuck,42,2018-05-06 14:08:52,0,0,2,0
2018-05-06 10:52:03,2,r/interestingasfuck,43,2018-05-06 14:21:38,0,0,2,0
2018-05-06 10:52:03,2,r/interestingasfuck,44,2018-05-06 14:45:43,0,0,2,0
2018-05-06 10:52:03,2,r/interestingasfuck,45,2018-05-06 15:00:02,0,0,2,0
2018-05-06 10:52:03,2,r/interestingasfuck,46,2018-05-06 15:05:23,0,0,2,0
2018-05-06 10:52:03,2,r/interestingasfuck,47,2018-05-06 13:20:41,0,0,2,0
2018-05-06 10:52:03,2,r/interestingasfuck,48,2018-05-06 14:03:42,0,0,2,0
2018-05-06 10:52:03,2,r/interestingasfuck,49,2018-05-06 13:35:54,0,0,1,0
2018-05-06 10:52:03,2,r/interestingasfuck,50,2018-05-06 13:48:52,0,0,2,0
2018-05-06 10:52:03,2,r/interestingasfuck,51,2018-05-06 13:52:45,0,0,2,0
2018-05-06 10:52:03,2,r/interestingasfuck,52,2018-05-06 13:56:08,0,0,2,0
2018-05-06 10:52:03,2,r/interestingasfuck,53,2018-05-06 13:58:11,0,0,1,0
2018-05-06 10:52:03,2,r/interestingasfuck,54,2018-05-06 13:59:50,0,0,1,0
2018-05-06 10:52:03,2,r/interestingasfuck,55,2018-05-06 14:01:00,0,0,1,0
2018-05-06 10:52:03,2,r/interestingasfuck,56,2018-05-06 14:06:23,0,0,1,0
2018-05-06 10:52:03,2,r/interestingasfuck,57,2018-05-06 14:08:00,0,0,1,0
2018-05-06 10:52:03,2,r/interestingasfuck,58,2018-05-06 14:10:31,0,0,1,0
2018-05-06 10:52:03,2,r/interestingasfuck,59,2018-05-06 14:12:24,0,0,1,0
2018-05-06 10:52:03,2,r/interestingasfuck,60,2018-05-06 14:14:12,0,0,1,0
2018-05-06 10:52:03,2,r/interestingasfuck,61,2018-05-06 14:15:34,0,0,1,0
2018-05-06 10:52:03,2,r/interestingasfuck,62,2018-05-06 14:16:11,0,0,1,0
2018-05-06 10:52:03,2,r/interestingasfuck,63,2018-05-06 14:16:13,0,0,1,0
2018-05-06 10:52:03,2,r/interestingasfuck,64,2018-05-06 14:16:19,0,0,1,0
2018-05-06 10:52:03,2,r/interestingasfuck,65,2018-05-06 14:17:13,0,0,1,0
2018-05-06 10:52:03,2,r/interestingasfuck,66,2018-05-06 14:20:32,0,0,1,0
2018-05-06 10:52:03,2,r/interestingasfuck,67,2018-05-06 14:20:34,0,0,1,0
2018-05-06 10:52:03,2,r/interestingasfuck,68,2018-05-06 14:21:14,0,0,1,0
2018-05-06 10:52:03,2,r/interestingasfuck,69,2018-05-06 14:22:38,0,0,1,0
2018-05-06 10:52:03,2,r/interestingasfuck,70,2018-05-06 14:22:42,0,0,1,0
2018-05-06 10:52:03,2,r/interestingasfuck,71,2018-05-06 14:26:28,0,0,1,0
2018-05-06 10:52:03,2,r/interestingasfuck,72,2018-05-06 14:26:35,0,0,1,0
2018-05-06 10:52:03,2,r/interestingasfuck,73,2018-05-06 14:26:53,0,0,1,0
2018-05-06 10:52:03,2,r/interestingasfuck,74,2018-05-06 14:27:36,0,0,1,0
2018-05-06 10:52:03,2,r/interestingasfuck,75,2018-05-06 14:27:42,0,0,1,0
2018-05-06 10:52:03,2,r/interestingasfuck,76,2018-05-06 14:28:33,0,0,1,0
2018-05-06 10:52:03,2,r/interestingasfuck,77,2018-05-06 14:29:13,0,0,1,0
2018-05-06 10:52:03,2,r/interestingasfuck,78,2018-05-06 14:31:18,0,0,1,0
2018-05-06 10:52:03,2,r/interestingasfuck,79,2018-05-06 14:35:20,0,0,1,0
2018-05-06 10:52:03,2,r/interestingasfuck,80,2018-05-06 14:35:27,0,0,1,0
2018-05-06 10:52:03,2,r/interestingasfuck,81,2018-05-06 14:35:43,0,0,1,0
2018-05-06 10:52:03,2,r/interestingasfuck,82,2018-05-06 14:36:29,0,0,1,0
2018-05-06 10:52:03,2,r/interestingasfuck,83,2018-05-06 14:39:05,0,0,1,0
2018-05-06 10:52:03,2,r/interestingasfuck,84,2018-05-06 14:39:57,0,0,1,0
2018-05-06 10:52:03,2,r/interestingasfuck,85,2018-05-06 14:41:09,0,0,1,0
2018-05-06 10:52:03,2,r/interestingasfuck,86,2018-05-06 14:41:34,0,0,1,0
2018-05-06 10:52:03,2,r/interestingasfuck,87,2018-05-06 14:42:22,0,0,1,0
2018-05-06 10:52:03,2,r/interestingasfuck,88,2018-05-06 14:42:34,0,0,1,0
2018-05-06 10:52:03,2,r/interestingasfuck,89,2018-05-06 14:45:09,0,0,1,0
2018-05-06 10:52:03,2,r/interestingasfuck,90,2018-05-06 14:45:42,0,0,1,0
2018-05-06 10:52:03,2,r/interestingasfuck,91,2018-05-06 14:47:10,0,0,1,0
2018-05-06 10:52:03,2,r/interestingasfuck,92,2018-05-06 14:48:52,0,0,1,0
2018-05-06 10:52:03,2,r/interestingasfuck,93,2018-05-06 14:49:07,0,0,1,0
2018-05-06 10:52:03,2,r/interestingasfuck,94,2018-05-06 14:49:36,0,0,1,0
2018-05-06 10:52:03,2,r/interestingasfuck,95,2018-05-06 14:49:38,0,0,1,0
2018-05-06 10:52:03,2,r/interestingasfuck,96,2018-05-06 14:50:11,0,0,1,0
2018-05-06 10:52:03,2,r/interestingasfuck,97,2018-05-06 14:50:21,0,0,1,0
2018-05-06 10:52:03,2,r/interestingasfuck,98,2018-05-06 14:51:23,0,0,1,0
2018-05-06 10:52:03,2,r/interestingasfuck,99,2018-05-06 14:52:17,0,0,1,0
2018-05-06 10:52:03,2,r/interestingasfuck,100,2018-05-06 14:52:47,0,0,1,0
2018-05-06 10:52:03,2,r/interestingasfuck,101,2018-05-06 14:53:20,0,0,1,0
2018-05-06 10:52:03,2,r/interestingasfuck,102,2018-05-06 14:54:57,0,0,1,0
2018-05-06 10:52:03,2,r/interestingasfuck,103,2018-05-06 14:54:59,0,0,1,0
2018-05-06 10:52:03,2,r/interestingasfuck,104,2018-05-06 14:56:54,0,0,1,0
2018-05-06 10:52:03,2,r/interestingasfuck,105,2018-05-06 14:59:27,0,0,1,0
2018-05-06 10:52:03,2,r/interestingasfuck,106,2018-05-06 14:59:35,0,0,1,0
2018-05-06 10:52:03,2,r/interestingasfuck,107,2018-05-06 15:00:32,0,0,1,0
2018-05-06 10:52:03,2,r/interestingasfuck,108,2018-05-06 15:00:34,0,0,1,0
2018-05-06 10:52:03,2,r/interestingasfuck,109,2018-05-06 15:01:47,0,0,1,0
2018-05-06 10:52:03,2,r/interestingasfuck,110,2018-05-06 15:05:24,0,0,1,0
2018-05-06 10:52:03,2,r/interestingasfuck,111,2018-05-06 15:06:14,0,0,1,0
2018-05-06 10:52:03,2,r/interestingasfuck,112,2018-05-06 15:06:33,0,0,1,0
2018-05-06 10:52:03,2,r/interestingasfuck,113,2018-05-06 15:06:56,0,0,1,0
2018-05-06 10:52:03,2,r/interestingasfuck,114,2018-05-06 15:08:30,0,0,1,0
2018-05-06 10:52:03,2,r/interestingasfuck,115,2018-05-06 15:08:53,0,0,1,0
2018-05-06 10:52:03,2,r/interestingasfuck,116,2018-05-06 15:09:08,0,0,1,0
2018-05-06 10:52:03,2,r/interestingasfuck,117,2018-05-06 11:19:17,0,0,1,0
2018-05-06 10:52:03,2,r/interestingasfuck,118,2018-05-06 11:25:07,0,0,1,0
2018-05-06 10:52:03,2,r/interestingasfuck,119,2018-05-06 13:49:03,0,0,-1,0
2018-05-06 10:52:03,2,r/interestingasfuck,120,2018-05-06 13:51:58,0,0,-1,0
2018-05-06 10:52:03,2,r/interestingasfuck,121,2018-05-06 13:48:21,0,0,-3,0
2018-05-06 10:52:03,2,r/interestingasfuck,122,2018-05-06 13:48:30,0,0,-4,0
2018-05-06 10:52:03,2,r/interestingasfuck,123,2018-05-06 13:48:48,0,0,-4,0
2018-05-06 11:52:21,3,r/photoshopbattles,0,2018-05-06 12:37:58,0,3,639,0
2018-05-06 11:52:21,3,r/photoshopbattles,0,2018-05-06 13:31:04,1,1,164,0
2018-05-06 11:52:21,3,r/photoshopbattles,0,2018-05-06 14:48:51,2,1,34,0
2018-05-06 11:52:21,3,r/photoshopbattles,0,2018-05-06 15:06:58,3,0,3,0
2018-05-06 11:52:21,3,r/photoshopbattles,0,2018-05-06 14:29:12,1,0,3,0
2018-05-06 11:52:21,3,r/photoshopbattles,0,2018-05-06 14:25:14,1,0,12,0
2018-05-06 11:52:21,3,r/photoshopbattles,1,2018-05-06 14:19:21,0,2,148,0
2018-05-06 11:52:21,3,r/photoshopbattles,1,2018-05-06 14:22:41,1,1,24,0
2018-05-06 11:52:21,3,r/photoshopbattles,1,2018-05-06 15:05:19,2,0,1,0
2018-05-06 11:52:21,3,r/photoshopbattles,1,2018-05-06 15:05:22,1,0,2,0
2018-05-06 11:52:21,3,r/photoshopbattles,2,2018-05-06 13:58:52,0,3,185,0
2018-05-06 11:52:21,3,r/photoshopbattles,2,2018-05-06 14:26:38,1,1,9,0
2018-05-06 11:52:21,3,r/photoshopbattles,2,2018-05-06 14:58:04,2,0,5,0
2018-05-06 11:52:21,3,r/photoshopbattles,2,2018-05-06 14:47:21,1,0,3,0
2018-05-06 11:52:21,3,r/photoshopbattles,2,2018-05-06 14:59:51,1,0,2,0
2018-05-06 11:52:21,3,r/photoshopbattles,3,2018-05-06 14:25:00,0,0,59,0
2018-05-06 11:52:21,3,r/photoshopbattles,4,2018-05-06 14:18:11,0,6,130,0
2018-05-06 11:52:21,3,r/photoshopbattles,4,2018-05-06 14:28:41,1,0,12,0
2018-05-06 11:52:21,3,r/photoshopbattles,4,2018-05-06 14:32:43,1,0,9,0
2018-05-06 11:52:21,3,r/photoshopbattles,4,2018-05-06 14:35:53,1,0,4,0
2018-05-06 11:52:21,3,r/photoshopbattles,4,2018-05-06 14:53:01,1,0,2,0
2018-05-06 11:52:21,3,r/photoshopbattles,4,2018-05-06 14:48:23,1,0,1,0
2018-05-06 11:52:21,3,r/photoshopbattles,4,2018-05-06 14:54:00,1,0,0,0
2018-05-06 11:52:21,3,r/photoshopbattles,5,2018-05-06 13:30:18,0,1,121,0
2018-05-06 11:52:21,3,r/photoshopbattles,5,2018-05-06 13:36:21,1,0,1,0
2018-05-06 11:52:21,3,r/photoshopbattles,6,2018-05-06 14:38:23,0,1,31,0
2018-05-06 11:52:21,3,r/photoshopbattles,6,2018-05-06 14:48:18,1,0,7,0
2018-05-06 11:52:21,3,r/photoshopbattles,7,2018-05-06 14:55:22,0,0,6,0
2018-05-06 11:52:21,3,r/photoshopbattles,8,2018-05-06 13:50:49,0,0,14,0
2018-05-06 11:52:21,3,r/photoshopbattles,9,2018-05-06 14:35:26,0,1,5,0
2018-05-06 11:52:21,3,r/photoshopbattles,9,2018-05-06 14:49:47,1,1,2,0
2018-05-06 11:52:21,3,r/photoshopbattles,9,2018-05-06 14:50:13,2,0,3,0
2018-05-06 11:52:21,3,r/photoshopbattles,10,2018-05-06 11:53:38,0,1,1,0
2018-05-06 11:52:21,3,r/photoshopbattles,10,2018-05-06 11:53:42,1,4,4,0
2018-05-06 11:52:21,3,r/photoshopbattles,10,2018-05-06 12:57:58,2,0,16,0
2018-05-06 11:52:21,3,r/photoshopbattles,10,2018-05-06 13:47:28,2,0,4,0
2018-05-06 11:52:21,3,r/photoshopbattles,10,2018-05-06 13:37:12,2,2,2,0
2018-05-06 11:52:21,3,r/photoshopbattles,10,2018-05-06 13:56:08,3,0,2,0
2018-05-06 11:52:21,3,r/photoshopbattles,10,2018-05-06 14:01:26,3,0,1,0
2018-05-06 11:52:21,3,r/photoshopbattles,10,2018-05-06 14:41:33,2,1,2,0
2018-05-06 11:52:21,3,r/photoshopbattles,10,2018-05-06 14:49:02,3,0,2,0
2018-05-06 12:08:12,4,r/starterpacks,0,2018-05-06 12:55:58,0,16,1454,0
2018-05-06 12:08:12,4,r/starterpacks,0,2018-05-06 13:23:54,1,2,562,0
2018-05-06 12:08:12,4,r/starterpacks,0,2018-05-06 13:54:36,2,0,87,0
2018-05-06 12:08:12,4,r/starterpacks,0,2018-05-06 14:40:00,2,0,23,0
2018-05-06 12:08:12,4,r/starterpacks,0,2018-05-06 13:39:15,1,2,452,0
2018-05-06 12:08:12,4,r/starterpacks,0,2018-05-06 14:21:50,2,3,98,0
2018-05-06 12:08:12,4,r/starterpacks,0,2018-05-06 14:46:42,3,3,44,0
2018-05-06 12:08:12,4,r/starterpacks,0,2018-05-06 14:49:44,4,0,20,0
2018-05-06 12:08:12,4,r/starterpacks,0,2018-05-06 14:49:55,4,0,16,0
2018-05-06 12:08:12,4,r/starterpacks,0,2018-05-06 14:58:55,4,0,10,0
2018-05-06 12:08:12,4,r/starterpacks,0,2018-05-06 14:51:39,3,0,6,0
2018-05-06 12:08:12,4,r/starterpacks,0,2018-05-06 15:01:19,3,0,4,0
2018-05-06 12:08:12,4,r/starterpacks,0,2018-05-06 14:58:36,2,0,1,0
2018-05-06 12:08:12,4,r/starterpacks,0,2018-05-06 14:12:56,1,5,81,0
2018-05-06 12:08:12,4,r/starterpacks,0,2018-05-06 14:20:38,2,1,74,0
2018-05-06 12:08:12,4,r/starterpacks,0,2018-05-06 15:04:02,3,1,2,0
2018-05-06 12:08:12,4,r/starterpacks,0,2018-05-06 15:05:42,4,0,1,0
2018-05-06 12:08:12,4,r/starterpacks,0,2018-05-06 14:34:38,2,1,27,0
2018-05-06 12:08:12,4,r/starterpacks,0,2018-05-06 15:07:24,3,0,1,0
2018-05-06 12:08:12,4,r/starterpacks,0,2018-05-06 14:25:48,2,0,12,0
2018-05-06 12:08:12,4,r/starterpacks,0,2018-05-06 14:38:39,2,0,3,0
2018-05-06 12:08:12,4,r/starterpacks,0,2018-05-06 14:34:19,2,0,5,0
2018-05-06 12:08:12,4,r/starterpacks,0,2018-05-06 13:39:30,1,2,71,0
2018-05-06 12:08:12,4,r/starterpacks,0,2018-05-06 13:50:22,2,0,116,0
2018-05-06 12:08:12,4,r/starterpacks,0,2018-05-06 13:50:10,2,2,162,0
2018-05-06 12:08:12,4,r/starterpacks,0,2018-05-06 14:42:45,3,0,3,0
2018-05-06 12:08:12,4,r/starterpacks,0,2018-05-06 14:40:43,3,1,3,0
2018-05-06 12:08:12,4,r/starterpacks,0,2018-05-06 14:45:46,4,1,12,0
2018-05-06 12:08:12,4,r/starterpacks,0,2018-05-06 14:55:53,5,0,6,0
2018-05-06 12:08:12,4,r/starterpacks,0,2018-05-06 14:23:31,1,2,13,0
2018-05-06 12:08:12,4,r/starterpacks,0,2018-05-06 14:45:25,2,0,6,0
2018-05-06 12:08:12,4,r/starterpacks,0,2018-05-06 15:01:05,2,0,2,0
2018-05-06 12:08:12,4,r/starterpacks,0,2018-05-06 14:08:04,1,3,27,0
2018-05-06 12:08:12,4,r/starterpacks,0,2018-05-06 14:39:18,2,1,15,0
2018-05-06 12:08:12,4,r/starterpacks,0,2018-05-06 14:52:02,3,1,12,0
2018-05-06 12:08:12,4,r/starterpacks,0,2018-05-06 15:02:06,4,1,4,0
2018-05-06 12:08:12,4,r/starterpacks,0,2018-05-06 15:05:54,5,0,2,0
2018-05-06 12:08:12,4,r/starterpacks,0,2018-05-06 14:40:50,2,1,7,0
2018-05-06 12:08:12,4,r/starterpacks,0,2018-05-06 14:46:51,3,0,5,0
2018-05-06 12:08:12,4,r/starterpacks,0,2018-05-06 14:41:48,2,1,2,0
2018-05-06 12:08:12,4,r/starterpacks,0,2018-05-06 15:03:22,3,0,1,0
2018-05-06 12:08:12,4,r/starterpacks,0,2018-05-06 14:45:47,1,1,5,0
2018-05-06 12:08:12,4,r/starterpacks,0,2018-05-06 15:02:20,2,0,1,0
2018-05-06 12:08:12,4,r/starterpacks,0,2018-05-06 14:18:31,1,0,2,0
2018-05-06 12:08:12,4,r/starterpacks,0,2018-05-06 14:49:32,1,0,3,0
2018-05-06 12:08:12,4,r/starterpacks,0,2018-05-06 14:48:57,1,0,1,0
2018-05-06 12:08:12,4,r/starterpacks,0,2018-05-06 14:53:36,1,0,1,0
2018-05-06 12:08:12,4,r/starterpacks,0,2018-05-06 15:03:14,1,0,1,0
2018-05-06 12:08:12,4,r/starterpacks,0,2018-05-06 15:04:40,1,0,1,0
2018-05-06 12:08:12,4,r/starterpacks,0,2018-05-06 15:05:12,1,0,1,0
2018-05-06 12:08:12,4,r/starterpacks,0,2018-05-06 14:48:50,1,2,-1,0
2018-05-06 12:08:12,4,r/starterpacks,0,2018-05-06 15:08:34,2,0,1,0
2018-05-06 12:08:12,4,r/starterpacks,0,2018-05-06 15:00:50,2,1,0,0
2018-05-06 12:08:12,4,r/starterpacks,0,2018-05-06 15:02:52,3,0,1,0
2018-05-06 12:08:12,4,r/starterpacks,0,2018-05-06 14:54:20,1,0,0,0
2018-05-06 12:08:12,4,r/starterpacks,1,2018-05-06 12:32:56,0,5,740,0
2018-05-06 12:08:12,4,r/starterpacks,1,2018-05-06 12:39:26,1,6,401,0
2018-05-06 12:08:12,4,r/starterpacks,1,2018-05-06 13:08:50,2,1,209,0
2018-05-06 12:08:12,4,r/starterpacks,1,2018-05-06 14:06:11,3,5,-191,0
2018-05-06 12:08:12,4,r/starterpacks,1,2018-05-06 14:15:08,4,6,128,0
2018-05-06 12:08:12,4,r/starterpacks,1,2018-05-06 14:31:46,5,0,84,0
2018-05-06 12:08:12,4,r/starterpacks,1,2018-05-06 14:45:04,5,0,12,0
2018-05-06 12:08:12,4,r/starterpacks,1,2018-05-06 14:37:05,5,0,11,0
2018-05-06 12:08:12,4,r/starterpacks,1,2018-05-06 14:38:34,5,0,5,0
2018-05-06 12:08:12,4,r/starterpacks,1,2018-05-06 14:42:18,5,0,4,0
2018-05-06 12:08:12,4,r/starterpacks,1,2018-05-06 14:48:59,5,0,2,0
2018-05-06 12:08:12,4,r/starterpacks,1,2018-05-06 14:15:14,4,0,18,0
2018-05-06 12:08:12,4,r/starterpacks,1,2018-05-06 14:36:50,4,0,17,0
2018-05-06 12:08:12,4,r/starterpacks,1,2018-05-06 14:33:11,4,1,9,0
2018-05-06 12:08:12,4,r/starterpacks,1,2018-05-06 14:47:11,5,1,5,0
2018-05-06 12:08:12,4,r/starterpacks,1,2018-05-06 14:47:20,6,0,1,0
2018-05-06 12:08:12,4,r/starterpacks,1,2018-05-06 14:54:41,4,0,1,0
2018-05-06 12:08:12,4,r/starterpacks,1,2018-05-06 14:01:50,2,1,22,0
2018-05-06 12:08:12,4,r/starterpacks,1,2018-05-06 15:03:46,3,0,1,0
2018-05-06 12:08:12,4,r/starterpacks,1,2018-05-06 13:48:52,2,2,87,0
2018-05-06 12:08:12,4,r/starterpacks,1,2018-05-06 14:13:04,3,2,81,0
2018-05-06 12:08:12,4,r/starterpacks,1,2018-05-06 14:38:36,4,1,14,0
2018-05-06 12:08:12,4,r/starterpacks,1,2018-05-06 14:47:58,5,0,4,0
2018-05-06 12:08:12,4,r/starterpacks,1,2018-05-06 14:23:46,4,1,24,0
2018-05-06 12:08:12,4,r/starterpacks,1,2018-05-06 14:47:25,5,0,11,0
2018-05-06 12:08:12,4,r/starterpacks,1,2018-05-06 14:39:45,3,0,16,0
2018-05-06 12:08:12,4,r/starterpacks,1,2018-05-06 14:29:48,2,0,6,0
2018-05-06 12:08:12,4,r/starterpacks,1,2018-05-06 15:06:14,2,0,1,0
2018-05-06 12:08:12,4,r/starterpacks,1,2018-05-06 14:51:55,2,0,1,0
2018-05-06 12:08:12,4,r/starterpacks,1,2018-05-06 12:55:35,1,1,42,0
2018-05-06 12:08:12,4,r/starterpacks,1,2018-05-06 14:04:34,2,0,45,0
2018-05-06 12:08:12,4,r/starterpacks,1,2018-05-06 13:55:38,1,1,28,0
2018-05-06 12:08:12,4,r/starterpacks,1,2018-05-06 14:02:17,2,1,64,0
2018-05-06 12:08:12,4,r/starterpacks,1,2018-05-06 14:46:06,3,2,12,0
2018-05-06 12:08:12,4,r/starterpacks,1,2018-05-06 14:49:19,4,0,24,0
2018-05-06 12:08:12,4,r/starterpacks,1,2018-05-06 14:50:49,4,2,8,0
2018-05-06 12:08:12,4,r/starterpacks,1,2018-05-06 15:05:15,5,0,2,0
2018-05-06 12:08:12,4,r/starterpacks,1,2018-05-06 15:07:27,5,0,1,0
2018-05-06 12:08:12,4,r/starterpacks,1,2018-05-06 14:03:01,1,0,8,0
2018-05-06 12:08:12,4,r/starterpacks,1,2018-05-06 14:20:13,1,2,2,0
2018-05-06 12:08:12,4,r/starterpacks,1,2018-05-06 14:56:24,2,0,2,0
2018-05-06 12:08:12,4,r/starterpacks,1,2018-05-06 14:59:08,2,0,1,0
2018-05-06 12:08:12,4,r/starterpacks,2,2018-05-06 12:41:31,0,5,415,0
2018-05-06 12:08:12,4,r/starterpacks,2,2018-05-06 14:03:43,1,4,345,0
2018-05-06 12:08:12,4,r/starterpacks,2,2018-05-06 14:19:06,2,1,90,0
2018-05-06 12:08:12,4,r/starterpacks,2,2018-05-06 15:03:38,3,0,1,0
2018-05-06 12:08:12,4,r/starterpacks,2,2018-05-06 14:20:01,2,1,40,0
2018-05-06 12:08:12,4,r/starterpacks,2,2018-05-06 14:58:53,3,0,0,0
2018-05-06 12:08:12,4,r/starterpacks,2,2018-05-06 14:27:21,2,1,10,0
2018-05-06 12:08:12,4,r/starterpacks,2,2018-05-06 14:27:28,3,0,2,0
2018-05-06 12:08:12,4,r/starterpacks,2,2018-05-06 14:44:11,2,0,2,0
2018-05-06 12:08:12,4,r/starterpacks,2,2018-05-06 12:47:53,1,0,61,0
2018-05-06 12:08:12,4,r/starterpacks,2,2018-05-06 13:51:17,1,2,12,0
2018-05-06 12:08:12,4,r/starterpacks,2,2018-05-06 13:55:37,2,1,8,0
2018-05-06 12:08:12,4,r/starterpacks,2,2018-05-06 14:25:02,3,0,2,0
2018-05-06 12:08:12,4,r/starterpacks,2,2018-05-06 14:34:04,2,0,3,0
2018-05-06 12:08:12,4,r/starterpacks,2,2018-05-06 14:12:19,1,0,1,0
2018-05-06 12:08:12,4,r/starterpacks,2,2018-05-06 14:16:26,1,0,0,0
2018-05-06 12:08:12,4,r/starterpacks,3,2018-05-06 13:29:11,0,5,284,0
2018-05-06 12:08:12,4,r/starterpacks,3,2018-05-06 13:43:13,1,2,81,0
2018-05-06 12:08:12,4,r/starterpacks,3,2018-05-06 15:03:48,2,0,7,0
2018-05-06 12:08:12,4,r/starterpacks,3,2018-05-06 15:01:30,2,0,1,0
2018-05-06 12:08:12,4,r/starterpacks,3,2018-05-06 14:38:46,1,8,92,0
2018-05-06 12:08:12,4,r/starterpacks,3,2018-05-06 14:43:33,2,2,26,0
2018-05-06 12:08:12,4,r/starterpacks,3,2018-05-06 14:48:37,3,1,21,0
2018-05-06 12:08:12,4,r/starterpacks,3,2018-05-06 15:01:25,4,0,3,0
2018-05-06 12:08:12,4,r/starterpacks,3,2018-05-06 14:47:20,3,0,18,0
2018-05-06 12:08:12,4,r/starterpacks,3,2018-05-06 14:57:23,2,0,4,0
2018-05-06 12:08:12,4,r/starterpacks,3,2018-05-06 14:50:45,2,1,4,0
2018-05-06 12:08:12,4,r/starterpacks,3,2018-05-06 15:07:28,3,0,1,0
2018-05-06 12:08:12,4,r/starterpacks,3,2018-05-06 15:01:44,2,0,1,0
2018-05-06 12:08:12,4,r/starterpacks,3,2018-05-06 15:04:35,2,0,1,0
2018-05-06 12:08:12,4,r/starterpacks,3,2018-05-06 15:07:09,2,0,1,0
2018-05-06 12:08:12,4,r/starterpacks,3,2018-05-06 15:07:53,2,0,1,0
2018-05-06 12:08:12,4,r/starterpacks,3,2018-05-06 15:08:58,2,0,1,0
2018-05-06 12:08:12,4,r/starterpacks,3,2018-05-06 14:11:00,1,3,30,0
2018-05-06 12:08:12,4,r/starterpacks,3,2018-05-06 14:29:44,2,3,13,0
2018-05-06 12:08:12,4,r/starterpacks,3,2018-05-06 14:35:23,3,1,30,0
2018-05-06 12:08:12,4,r/starterpacks,3,2018-05-06 15:04:51,4,0,1,0
2018-05-06 12:08:12,4,r/starterpacks,3,2018-05-06 14:57:16,3,0,2,0
2018-05-06 12:08:12,4,r/starterpacks,3,2018-05-06 14:57:09,3,0,1,0
2018-05-06 12:08:12,4,r/starterpacks,3,2018-05-06 14:41:51,2,0,6,0
2018-05-06 12:08:12,4,r/starterpacks,3,2018-05-06 14:43:21,2,0,-10,0
2018-05-06 12:08:12,4,r/starterpacks,3,2018-05-06 14:53:01,1,1,2,0
2018-05-06 12:08:12,4,r/starterpacks,3,2018-05-06 14:59:50,2,0,2,0
2018-05-06 12:08:12,4,r/starterpacks,3,2018-05-06 15:06:11,1,0,1,0
2018-05-06 12:08:12,4,r/starterpacks,4,2018-05-06 13:50:56,0,0,126,0
2018-05-06 12:08:12,4,r/starterpacks,5,2018-05-06 13:57:03,0,1,78,0
2018-05-06 12:08:12,4,r/starterpacks,5,2018-05-06 14:22:47,1,0,14,0
2018-05-06 12:08:12,4,r/starterpacks,6,2018-05-06 13:37:22,0,7,285,0
2018-05-06 12:08:12,4,r/starterpacks,6,2018-05-06 13:44:02,1,0,125,0
2018-05-06 12:08:12,4,r/starterpacks,6,2018-05-06 14:03:13,1,2,36,0
2018-05-06 12:08:12,4,r/starterpacks,6,2018-05-06 14:23:36,2,0,33,0
2018-05-06 12:08:12,4,r/starterpacks,6,2018-05-06 14:35:08,2,0,8,0
2018-05-06 12:08:12,4,r/starterpacks,6,2018-05-06 13:45:47,1,0,21,0
2018-05-06 12:08:12,4,r/starterpacks,6,2018-05-06 14:50:44,1,0,4,0
2018-05-06 12:08:12,4,r/starterpacks,6,2018-05-06 14:54:59,1,0,4,0
2018-05-06 12:08:12,4,r/starterpacks,6,2018-05-06 14:45:11,1,2,4,0
2018-05-06 12:08:12,4,r/starterpacks,6,2018-05-06 14:55:22,2,0,7,0
2018-05-06 12:08:12,4,r/starterpacks,6,2018-05-06 15:06:58,2,0,2,0
2018-05-06 12:08:12,4,r/starterpacks,6,2018-05-06 14:05:50,1,1,7,0
2018-05-06 12:08:12,4,r/starterpacks,6,2018-05-06 14:40:25,2,0,27,0
2018-05-06 12:08:12,4,r/starterpacks,7,2018-05-06 13:19:10,0,1,35,0
2018-05-06 12:08:12,4,r/starterpacks,7,2018-05-06 14:28:09,1,0,11,0
2018-05-06 12:08:12,4,r/starterpacks,8,2018-05-06 13:53:28,0,3,54,0
2018-05-06 12:08:12,4,r/starterpacks,8,2018-05-06 14:23:06,1,0,19,0
2018-05-06 12:08:12,4,r/starterpacks,8,2018-05-06 14:41:09,1,0,5,0
2018-05-06 12:08:12,4,r/starterpacks,8,2018-05-06 14:43:07,1,0,0,0
2018-05-06 12:08:12,4,r/starterpacks,9,2018-05-06 13:49:37,0,1,51,0
2018-05-06 12:08:12,4,r/starterpacks,9,2018-05-06 13:51:42,1,0,37,0
2018-05-06 12:08:12,4,r/starterpacks,10,2018-05-06 13:48:01,0,0,21,0
2018-05-06 12:08:12,4,r/starterpacks,11,2018-05-06 13:22:54,0,2,77,0
2018-05-06 12:08:12,4,r/starterpacks,11,2018-05-06 14:16:31,1,0,68,0
2018-05-06 12:08:12,4,r/starterpacks,11,2018-05-06 14:21:56,1,1,8,0
2018-05-06 12:08:12,4,r/starterpacks,11,2018-05-06 14:25:39,2,0,2,0
2018-05-06 12:08:12,4,r/starterpacks,12,2018-05-06 13:33:36,0,0,11,0
2018-05-06 12:08:12,4,r/starterpacks,13,2018-05-06 13:42:39,0,0,10,0
2018-05-06 12:08:12,4,r/starterpacks,14,2018-05-06 13:45:29,0,0,10,0
2018-05-06 12:08:12,4,r/starterpacks,15,2018-05-06 13:39:48,0,0,18,0
2018-05-06 12:08:12,4,r/starterpacks,16,2018-05-06 14:04:13,0,0,10,0
2018-05-06 12:08:12,4,r/starterpacks,17,2018-05-06 13:08:34,0,1,13,0
2018-05-06 12:08:12,4,r/starterpacks,17,2018-05-06 14:30:33,1,1,4,0
2018-05-06 12:08:12,4,r/starterpacks,17,2018-05-06 15:07:13,2,0,1,0
2018-05-06 12:08:12,4,r/starterpacks,18,2018-05-06 12:48:16,0,1,32,0
2018-05-06 12:08:12,4,r/starterpacks,18,2018-05-06 14:29:02,1,2,16,0
2018-05-06 12:08:12,4,r/starterpacks,18,2018-05-06 14:42:44,2,1,10,0
2018-05-06 12:08:12,4,r/starterpacks,18,2018-05-06 15:06:06,3,0,1,0
2018-05-06 12:08:12,4,r/starterpacks,18,2018-05-06 15:02:53,2,0,1,0
2018-05-06 12:08:12,4,r/starterpacks,19,2018-05-06 14:32:40,0,1,13,0
2018-05-06 12:08:12,4,r/starterpacks,19,2018-05-06 14:38:01,1,0,6,0
2018-05-06 12:08:12,4,r/starterpacks,20,2018-05-06 13:43:26,0,0,6,0
2018-05-06 12:08:12,4,r/starterpacks,21,2018-05-06 14:27:24,0,0,5,0
2018-05-06 12:08:12,4,r/starterpacks,22,2018-05-06 14:05:42,0,1,13,0
2018-05-06 12:08:12,4,r/starterpacks,22,2018-05-06 14:18:18,1,1,6,0
2018-05-06 12:08:12,4,r/starterpacks,22,2018-05-06 15:08:05,2,0,1,0
2018-05-06 12:08:12,4,r/starterpacks,23,2018-05-06 14:04:18,0,0,4,0
2018-05-06 12:08:12,4,r/starterpacks,24,2018-05-06 14:06:42,0,1,4,0
2018-05-06 12:08:12,4,r/starterpacks,24,2018-05-06 14:59:47,1,0,1,0
2018-05-06 12:08:12,4,r/starterpacks,25,2018-05-06 14:20:27,0,0,4,0
2018-05-06 12:08:12,4,r/starterpacks,26,2018-05-06 14:30:23,0,0,4,0
2018-05-06 12:08:12,4,r/starterpacks,27,2018-05-06 13:57:11,0,0,2,0
2018-05-06 12:08:12,4,r/starterpacks,28,2018-05-06 14:08:52,0,0,3,0
2018-05-06 12:08:12,4,r/starterpacks,29,2018-05-06 14:38:26,0,0,3,0
2018-05-06 12:08:12,4,r/starterpacks,30,2018-05-06 14:38:32,0,0,3,0
2018-05-06 12:08:12,4,r/starterpacks,31,2018-05-06 13:59:47,0,3,8,0
2018-05-06 12:08:12,4,r/starterpacks,31,2018-05-06 14:53:33,1,1,4,0
2018-05-06 12:08:12,4,r/starterpacks,31,2018-05-06 14:54:25,2,0,1,0
2018-05-06 12:08:12,4,r/starterpacks,31,2018-05-06 14:46:04,1,1,2,0
2018-05-06 12:08:12,4,r/starterpacks,31,2018-05-06 14:49:17,2,0,3,0
2018-05-06 12:08:12,4,r/starterpacks,31,2018-05-06 14:48:28,1,1,1,0
2018-05-06 12:08:12,4,r/starterpacks,31,2018-05-06 14:51:40,2,0,1,0
2018-05-06 12:08:12,4,r/starterpacks,32,2018-05-06 14:01:18,0,1,7,0
2018-05-06 12:08:12,4,r/starterpacks,32,2018-05-06 14:02:50,1,0,4,0
2018-05-06 12:08:12,4,r/starterpacks,33,2018-05-06 14:15:50,0,0,2,0
2018-05-06 12:08:12,4,r/starterpacks,34,2018-05-06 14:15:51,0,0,2,0
2018-05-06 12:08:12,4,r/starterpacks,35,2018-05-06 14:17:51,0,0,2,0
2018-05-06 12:08:12,4,r/starterpacks,36,2018-05-06 14:38:43,0,0,2,0
2018-05-06 12:08:12,4,r/starterpacks,37,2018-05-06 14:40:31,0,0,2,0
2018-05-06 12:08:12,4,r/starterpacks,38,2018-05-06 14:54:39,0,0,2,0
2018-05-06 12:08:12,4,r/starterpacks,39,2018-05-06 13:53:31,0,0,6,0
2018-05-06 12:08:12,4,r/starterpacks,40,2018-05-06 14:10:52,0,0,1,0
2018-05-06 12:08:12,4,r/starterpacks,41,2018-05-06 14:11:07,0,0,1,0
2018-05-06 12:08:12,4,r/starterpacks,42,2018-05-06 14:12:49,0,0,1,0
2018-05-06 12:08:12,4,r/starterpacks,43,2018-05-06 14:13:01,0,0,1,0
2018-05-06 12:08:12,4,r/starterpacks,44,2018-05-06 14:13:53,0,0,1,0
2018-05-06 12:08:12,4,r/starterpacks,45,2018-05-06 14:22:57,0,0,1,0
2018-05-06 12:08:12,4,r/starterpacks,46,2018-05-06 14:24:04,0,0,1,0
2018-05-06 12:08:12,4,r/starterpacks,47,2018-05-06 14:27:11,0,0,1,0
2018-05-06 12:08:12,4,r/starterpacks,48,2018-05-06 14:29:27,0,0,2,0
2018-05-06 12:08:12,4,r/starterpacks,49,2018-05-06 14:31:17,0,0,1,0
2018-05-06 12:08:12,4,r/starterpacks,50,2018-05-06 14:33:19,0,0,1,0
2018-05-06 12:08:12,4,r/starterpacks,51,2018-05-06 14:35:14,0,0,1,0
2018-05-06 12:08:12,4,r/starterpacks,52,2018-05-06 14:41:41,0,0,1,0
2018-05-06 12:08:12,4,r/starterpacks,53,2018-05-06 14:43:28,0,0,1,0
2018-05-06 12:08:12,4,r/starterpacks,54,2018-05-06 14:44:30,0,0,1,0
2018-05-06 12:08:12,4,r/starterpacks,55,2018-05-06 14:47:16,0,0,1,0
2018-05-06 12:08:12,4,r/starterpacks,56,2018-05-06 14:47:50,0,0,1,0
2018-05-06 12:08:12,4,r/starterpacks,57,2018-05-06 14:48:26,0,0,1,0
2018-05-06 12:08:12,4,r/starterpacks,58,2018-05-06 14:51:47,0,0,1,0
2018-05-06 12:08:12,4,r/starterpacks,59,2018-05-06 14:51:48,0,0,1,0
2018-05-06 12:08:12,4,r/starterpacks,60,2018-05-06 14:51:51,0,0,1,0
2018-05-06 12:08:12,4,r/starterpacks,61,2018-05-06 14:52:09,0,0,1,0
2018-05-06 12:08:12,4,r/starterpacks,62,2018-05-06 14:54:05,0,0,1,0
2018-05-06 12:08:12,4,r/starterpacks,63,2018-05-06 14:54:16,0,0,1,0
2018-05-06 12:08:12,4,r/starterpacks,64,2018-05-06 14:54:23,0,0,1,0
2018-05-06 12:08:12,4,r/starterpacks,65,2018-05-06 14:54:31,0,0,1,0
2018-05-06 12:08:12,4,r/starterpacks,66,2018-05-06 14:55:09,0,0,1,0
2018-05-06 12:08:12,4,r/starterpacks,67,2018-05-06 14:55:24,0,0,1,0
2018-05-06 12:08:12,4,r/starterpacks,68,2018-05-06 14:55:55,0,0,1,0
2018-05-06 12:08:12,4,r/starterpacks,69,2018-05-06 14:56:00,0,0,1,0
2018-05-06 12:08:12,4,r/starterpacks,70,2018-05-06 14:56:13,0,0,1,0
2018-05-06 12:08:12,4,r/starterpacks,71,2018-05-06 14:56:40,0,0,1,0
2018-05-06 12:08:12,4,r/starterpacks,72,2018-05-06 14:57:00,0,0,1,0
2018-05-06 12:08:12,4,r/starterpacks,73,2018-05-06 14:57:11,0,0,1,0
2018-05-06 12:08:12,4,r/starterpacks,74,2018-05-06 14:57:26,0,0,1,0
2018-05-06 12:08:12,4,r/starterpacks,75,2018-05-06 14:58:20,0,0,1,0
2018-05-06 12:08:12,4,r/starterpacks,76,2018-05-06 14:59:59,0,0,1,0
2018-05-06 12:08:12,4,r/starterpacks,77,2018-05-06 15:00:29,0,0,1,0
2018-05-06 12:08:12,4,r/starterpacks,78,2018-05-06 15:00:48,0,0,1,0
2018-05-06 12:08:12,4,r/starterpacks,79,2018-05-06 15:02:00,0,0,1,0
2018-05-06 12:08:12,4,r/starterpacks,80,2018-05-06 15:02:39,0,0,1,0
2018-05-06 12:08:12,4,r/starterpacks,81,2018-05-06 15:05:41,0,0,1,0
2018-05-06 12:08:12,4,r/starterpacks,82,2018-05-06 15:05:51,0,0,1,0
2018-05-06 12:08:12,4,r/starterpacks,83,2018-05-06 15:05:53,0,0,1,0
2018-05-06 12:08:12,4,r/starterpacks,84,2018-05-06 15:08:10,0,0,1,0
2018-05-06 12:08:12,4,r/starterpacks,85,2018-05-06 14:06:39,0,0,-2,0
2018-05-06 09:57:17,5,r/oddlysatisfying,0,2018-05-06 10:50:51,0,3,2615,0
2018-05-06 09:57:17,5,r/oddlysatisfying,0,2018-05-06 12:14:56,1,1,590,0
2018-05-06 09:57:17,5,r/oddlysatisfying,0,2018-05-06 12:19:35,2,1,334,0
2018-05-06 09:57:17,5,r/oddlysatisfying,0,2018-05-06 13:11:29,3,2,90,0
2018-05-06 09:57:17,5,r/oddlysatisfying,0,2018-05-06 13:21:49,4,2,24,0
2018-05-06 09:57:17,5,r/oddlysatisfying,0,2018-05-06 13:24:09,5,2,19,0
2018-05-06 09:57:17,5,r/oddlysatisfying,0,2018-05-06 13:47:26,6,1,10,0
2018-05-06 09:57:17,5,r/oddlysatisfying,0,2018-05-06 14:01:42,7,0,9,0
2018-05-06 09:57:17,5,r/oddlysatisfying,0,2018-05-06 13:38:38,6,1,19,0
2018-05-06 09:57:17,5,r/oddlysatisfying,0,2018-05-06 14:25:05,7,0,7,0
2018-05-06 09:57:17,5,r/oddlysatisfying,0,2018-05-06 14:58:58,5,0,1,0
2018-05-06 09:57:17,5,r/oddlysatisfying,0,2018-05-06 13:37:05,4,1,3,0
2018-05-06 09:57:17,5,r/oddlysatisfying,0,2018-05-06 13:43:25,5,0,3,0
2018-05-06 09:57:17,5,r/oddlysatisfying,0,2018-05-06 15:07:41,1,0,2,0
2018-05-06 09:57:17,5,r/oddlysatisfying,0,2018-05-06 14:05:22,1,0,-16,0
2018-05-06 09:57:17,5,r/oddlysatisfying,1,2018-05-06 13:05:43,0,6,813,0
2018-05-06 09:57:17,5,r/oddlysatisfying,1,2018-05-06 13:33:45,1,3,398,0
2018-05-06 09:57:17,5,r/oddlysatisfying,1,2018-05-06 13:36:54,2,0,89,0
2018-05-06 09:57:17,5,r/oddlysatisfying,1,2018-05-06 14:32:44,2,2,11,0
2018-05-06 09:57:17,5,r/oddlysatisfying,1,2018-05-06 14:44:06,3,0,2,0
2018-05-06 09:57:17,5,r/oddlysatisfying,1,2018-05-06 14:58:27,3,0,0,0
2018-05-06 09:57:17,5,r/oddlysatisfying,1,2018-05-06 15:00:45,2,0,1,0
2018-05-06 09:57:17,5,r/oddlysatisfying,1,2018-05-06 13:46:17,1,1,90,0
2018-05-06 09:57:17,5,r/oddlysatisfying,1,2018-05-06 13:48:10,2,1,15,0
2018-05-06 09:57:17,5,r/oddlysatisfying,1,2018-05-06 14:54:54,3,0,1,0
2018-05-06 09:57:17,5,r/oddlysatisfying,1,2018-05-06 14:13:52,1,2,44,0
2018-05-06 09:57:17,5,r/oddlysatisfying,1,2018-05-06 15:00:56,2,0,4,0
2018-05-06 09:57:17,5,r/oddlysatisfying,1,2018-05-06 14:24:00,2,1,5,0
2018-05-06 09:57:17,5,r/oddlysatisfying,1,2018-05-06 14:32:23,3,0,40,0
2018-05-06 09:57:17,5,r/oddlysatisfying,1,2018-05-06 14:05:32,1,1,10,0
2018-05-06 09:57:17,5,r/oddlysatisfying,1,2018-05-06 14:32:35,2,0,1,0
2018-05-06 09:57:17,5,r/oddlysatisfying,1,2018-05-06 14:36:26,1,0,2,0
2018-05-06 09:57:17,5,r/oddlysatisfying,1,2018-05-06 13:56:06,1,0,5,0
2018-05-06 09:57:17,5,r/oddlysatisfying,2,2018-05-06 11:47:54,0,7,987,0
2018-05-06 09:57:17,5,r/oddlysatisfying,2,2018-05-06 12:20:49,1,4,416,0
2018-05-06 09:57:17,5,r/oddlysatisfying,2,2018-05-06 13:26:16,2,2,111,0
2018-05-06 09:57:17,5,r/oddlysatisfying,2,2018-05-06 13:45:51,3,0,15,0
2018-05-06 09:57:17,5,r/oddlysatisfying,2,2018-05-06 13:41:39,3,0,9,0
2018-05-06 09:57:17,5,r/oddlysatisfying,2,2018-05-06 13:53:22,2,0,9,0
2018-05-06 09:57:17,5,r/oddlysatisfying,2,2018-05-06 14:19:53,2,0,4,0
2018-05-06 09:57:17,5,r/oddlysatisfying,2,2018-05-06 14:59:23,2,0,2,0
2018-05-06 09:57:17,5,r/oddlysatisfying,2,2018-05-06 13:30:21,1,2,34,0
2018-05-06 09:57:17,5,r/oddlysatisfying,2,2018-05-06 13:39:57,2,0,13,0
2018-05-06 09:57:17,5,r/oddlysatisfying,2,2018-05-06 14:08:24,2,0,4,0
2018-05-06 09:57:17,5,r/oddlysatisfying,2,2018-05-06 13:59:31,1,0,15,0
2018-05-06 09:57:17,5,r/oddlysatisfying,2,2018-05-06 13:34:49,1,0,4,0
2018-05-06 09:57:17,5,r/oddlysatisfying,2,2018-05-06 14:35:04,1,0,2,0
2018-05-06 09:57:17,5,r/oddlysatisfying,2,2018-05-06 13:21:03,1,3,-31,0
2018-05-06 09:57:17,5,r/oddlysatisfying,2,2018-05-06 13:25:10,2,0,29,0
2018-05-06 09:57:17,5,r/oddlysatisfying,2,2018-05-06 13:46:18,2,0,6,0
2018-05-06 09:57:17,5,r/oddlysatisfying,2,2018-05-06 13:25:49,2,1,7,0
2018-05-06 09:57:17,5,r/oddlysatisfying,2,2018-05-06 14:09:59,3,0,0,0
2018-05-06 09:57:17,5,r/oddlysatisfying,2,2018-05-06 13:59:22,1,0,-11,0
2018-05-06 09:57:17,5,r/oddlysatisfying,3,2018-05-06 11:29:16,0,9,1129,0
2018-05-06 09:57:17,5,r/oddlysatisfying,3,2018-05-06 12:36:10,1,2,251,0
2018-05-06 09:57:17,5,r/oddlysatisfying,3,2018-05-06 13:08:28,2,1,76,0
2018-05-06 09:57:17,5,r/oddlysatisfying,3,2018-05-06 13:30:50,3,2,51,0
2018-05-06 09:57:17,5,r/oddlysatisfying,3,2018-05-06 13:33:13,4,1,29,0
2018-05-06 09:57:17,5,r/oddlysatisfying,3,2018-05-06 13:54:18,5,1,10,0
2018-05-06 09:57:17,5,r/oddlysatisfying,3,2018-05-06 14:35:30,6,0,5,0
2018-05-06 09:57:17,5,r/oddlysatisfying,3,2018-05-06 13:35:56,4,0,6,0
2018-05-06 09:57:17,5,r/oddlysatisfying,3,2018-05-06 13:37:08,2,1,9,0
2018-05-06 09:57:17,5,r/oddlysatisfying,3,2018-05-06 14:32:06,3,0,6,0
2018-05-06 09:57:17,5,r/oddlysatisfying,3,2018-05-06 13:13:48,1,1,14,0
2018-05-06 09:57:17,5,r/oddlysatisfying,3,2018-05-06 13:53:22,2,0,0,0
2018-05-06 09:57:17,5,r/oddlysatisfying,3,2018-05-06 13:34:24,1,0,4,0
2018-05-06 09:57:17,5,r/oddlysatisfying,3,2018-05-06 13:12:47,1,4,40,0
2018-05-06 09:57:17,5,r/oddlysatisfying,3,2018-05-06 13:28:44,2,0,43,0
2018-05-06 09:57:17,5,r/oddlysatisfying,3,2018-05-06 14:43:57,2,0,3,0
2018-05-06 09:57:17,5,r/oddlysatisfying,3,2018-05-06 13:56:58,2,0,4,0
2018-05-06 09:57:17,5,r/oddlysatisfying,3,2018-05-06 13:26:08,2,2,-55,0
2018-05-06 09:57:17,5,r/oddlysatisfying,3,2018-05-06 13:34:06,3,0,18,0
2018-05-06 09:57:17,5,r/oddlysatisfying,3,2018-05-06 13:29:23,3,0,-12,0
2018-05-06 09:57:17,5,r/oddlysatisfying,3,2018-05-06 14:42:00,1,0,1,0
2018-05-06 09:57:17,5,r/oddlysatisfying,3,2018-05-06 14:54:16,1,0,1,0
2018-05-06 09:57:17,5,r/oddlysatisfying,3,2018-05-06 15:04:52,1,0,1,0
2018-05-06 09:57:17,5,r/oddlysatisfying,3,2018-05-06 13:41:30,1,0,1,0
2018-05-06 09:57:17,5,r/oddlysatisfying,3,2018-05-06 13:32:36,1,1,-5,0
2018-05-06 09:57:17,5,r/oddlysatisfying,3,2018-05-06 13:39:14,2,0,-4,0
2018-05-06 09:57:17,5,r/oddlysatisfying,4,2018-05-06 13:02:09,0,3,290,0
2018-05-06 09:57:17,5,r/oddlysatisfying,4,2018-05-06 13:05:49,1,2,122,0
2018-05-06 09:57:17,5,r/oddlysatisfying,4,2018-05-06 13:33:43,2,0,30,0
2018-05-06 09:57:17,5,r/oddlysatisfying,4,2018-05-06 13:25:25,2,1,31,0
2018-05-06 09:57:17,5,r/oddlysatisfying,4,2018-05-06 13:46:24,3,0,16,0
2018-05-06 09:57:17,5,r/oddlysatisfying,4,2018-05-06 13:30:48,1,2,12,0
2018-05-06 09:57:17,5,r/oddlysatisfying,4,2018-05-06 13:40:46,2,1,32,0
2018-05-06 09:57:17,5,r/oddlysatisfying,4,2018-05-06 14:39:51,3,1,1,0
2018-05-06 09:57:17,5,r/oddlysatisfying,4,2018-05-06 15:09:02,4,0,1,0
2018-05-06 09:57:17,5,r/oddlysatisfying,4,2018-05-06 13:46:03,2,1,3,0
2018-05-06 09:57:17,5,r/oddlysatisfying,4,2018-05-06 13:46:56,3,1,-1,0
2018-05-06 09:57:17,5,r/oddlysatisfying,4,2018-05-06 13:55:09,4,1,4,0
2018-05-06 09:57:17,5,r/oddlysatisfying,4,2018-05-06 13:58:02,5,0,-2,0
2018-05-06 09:57:17,5,r/oddlysatisfying,4,2018-05-06 14:51:07,1,0,1,0
2018-05-06 09:57:17,5,r/oddlysatisfying,5,2018-05-06 10:55:12,0,1,64,0
2018-05-06 09:57:17,5,r/oddlysatisfying,5,2018-05-06 13:28:02,1,0,11,0
2018-05-06 09:57:17,5,r/oddlysatisfying,6,2018-05-06 13:20:23,0,2,38,0
2018-05-06 09:57:17,5,r/oddlysatisfying,6,2018-05-06 13:36:38,1,2,6,0
2018-05-06 09:57:17,5,r/oddlysatisfying,6,2018-05-06 13:39:07,2,2,19,0
2018-05-06 09:57:17,5,r/oddlysatisfying,6,2018-05-06 13:45:16,3,2,7,0
2018-05-06 09:57:17,5,r/oddlysatisfying,6,2018-05-06 13:47:04,4,0,7,0
2018-05-06 09:57:17,5,r/oddlysatisfying,6,2018-05-06 13:53:39,4,1,4,0
2018-05-06 09:57:17,5,r/oddlysatisfying,6,2018-05-06 14:32:27,5,0,1,0
2018-05-06 09:57:17,5,r/oddlysatisfying,6,2018-05-06 14:08:32,3,1,0,0
2018-05-06 09:57:17,5,r/oddlysatisfying,6,2018-05-06 14:15:34,4,1,2,0
2018-05-06 09:57:17,5,r/oddlysatisfying,6,2018-05-06 14:22:21,5,1,0,0
2018-05-06 09:57:17,5,r/oddlysatisfying,6,2018-05-06 14:26:15,6,0,1,0
2018-05-06 09:57:17,5,r/oddlysatisfying,6,2018-05-06 14:02:51,2,0,1,0
2018-05-06 09:57:17,5,r/oddlysatisfying,6,2018-05-06 14:01:54,1,1,2,0
2018-05-06 09:57:17,5,r/oddlysatisfying,6,2018-05-06 14:12:05,2,0,3,0
2018-05-06 09:57:17,5,r/oddlysatisfying,7,2018-05-06 11:26:53,0,2,90,0
2018-05-06 09:57:17,5,r/oddlysatisfying,7,2018-05-06 13:19:54,1,2,27,0
2018-05-06 09:57:17,5,r/oddlysatisfying,7,2018-05-06 13:23:29,2,1,44,0
2018-05-06 09:57:17,5,r/oddlysatisfying,7,2018-05-06 13:27:12,3,1,24,0
2018-05-06 09:57:17,5,r/oddlysatisfying,7,2018-05-06 14:12:52,4,1,1,0
2018-05-06 09:57:17,5,r/oddlysatisfying,7,2018-05-06 14:29:01,5,0,3,0
2018-05-06 09:57:17,5,r/oddlysatisfying,7,2018-05-06 14:18:45,2,1,1,0
2018-05-06 09:57:17,5,r/oddlysatisfying,7,2018-05-06 14:52:00,3,0,1,0
2018-05-06 09:57:17,5,r/oddlysatisfying,7,2018-05-06 13:13:21,1,0,25,0
2018-05-06 09:57:17,5,r/oddlysatisfying,8,2018-05-06 13:02:43,0,0,45,0
2018-05-06 09:57:17,5,r/oddlysatisfying,9,2018-05-06 13:14:39,0,2,43,0
2018-05-06 09:57:17,5,r/oddlysatisfying,9,2018-05-06 13:35:35,1,1,22,0
2018-05-06 09:57:17,5,r/oddlysatisfying,9,2018-05-06 14:32:19,2,0,2,0
2018-05-06 09:57:17,5,r/oddlysatisfying,9,2018-05-06 14:59:29,1,0,1,0
2018-05-06 09:57:17,5,r/oddlysatisfying,10,2018-05-06 12:43:46,0,0,11,0
2018-05-06 09:57:17,5,r/oddlysatisfying,11,2018-05-06 13:03:57,0,0,9,0
2018-05-06 09:57:17,5,r/oddlysatisfying,12,2018-05-06 12:42:23,0,0,8,0
2018-05-06 09:57:17,5,r/oddlysatisfying,13,2018-05-06 13:46:18,0,0,7,0
2018-05-06 09:57:17,5,r/oddlysatisfying,14,2018-05-06 13:41:38,0,2,7,0
2018-05-06 09:57:17,5,r/oddlysatisfying,14,2018-05-06 14:34:05,1,0,2,0
2018-05-06 09:57:17,5,r/oddlysatisfying,14,2018-05-06 14:35:40,1,1,2,0
2018-05-06 09:57:17,5,r/oddlysatisfying,14,2018-05-06 14:37:14,2,1,-2,0
2018-05-06 09:57:17,5,r/oddlysatisfying,14,2018-05-06 14:44:18,3,1,0,0
2018-05-06 09:57:17,5,r/oddlysatisfying,14,2018-05-06 14:45:10,4,1,0,0
2018-05-06 09:57:17,5,r/oddlysatisfying,14,2018-05-06 14:53:30,5,0,0,0
2018-05-06 09:57:17,5,r/oddlysatisfying,15,2018-05-06 10:50:27,0,3,19,0
2018-05-06 09:57:17,5,r/oddlysatisfying,15,2018-05-06 12:55:53,1,0,5,0
2018-05-06 09:57:17,5,r/oddlysatisfying,15,2018-05-06 13:20:04,1,0,3,0
2018-05-06 09:57:17,5,r/oddlysatisfying,15,2018-05-06 13:45:07,1,0,2,0
2018-05-06 09:57:17,5,r/oddlysatisfying,16,2018-05-06 13:49:28,0,0,5,0
2018-05-06 09:57:17,5,r/oddlysatisfying,17,2018-05-06 12:45:40,0,1,3,0
2018-05-06 09:57:17,5,r/oddlysatisfying,17,2018-05-06 13:49:58,1,0,1,0
2018-05-06 09:57:17,5,r/oddlysatisfying,18,2018-05-06 13:18:23,0,0,3,0
2018-05-06 09:57:17,5,r/oddlysatisfying,19,2018-05-06 13:30:59,0,0,5,0
2018-05-06 09:57:17,5,r/oddlysatisfying,20,2018-05-06 12:13:18,0,0,6,0
2018-05-06 09:57:17,5,r/oddlysatisfying,21,2018-05-06 12:35:19,0,0,3,0
2018-05-06 09:57:17,5,r/oddlysatisfying,22,2018-05-06 13:15:42,0,0,3,0
2018-05-06 09:57:17,5,r/oddlysatisfying,23,2018-05-06 13:41:32,0,0,3,0
2018-05-06 09:57:17,5,r/oddlysatisfying,24,2018-05-06 13:49:11,0,0,4,0
2018-05-06 09:57:17,5,r/oddlysatisfying,25,2018-05-06 14:05:34,0,2,3,0
2018-05-06 09:57:17,5,r/oddlysatisfying,25,2018-05-06 14:26:16,1,1,3,0
2018-05-06 09:57:17,5,r/oddlysatisfying,25,2018-05-06 14:45:30,2,1,2,0
2018-05-06 09:57:17,5,r/oddlysatisfying,25,2018-05-06 14:49:07,3,0,1,0
2018-05-06 09:57:17,5,r/oddlysatisfying,25,2018-05-06 14:09:05,1,0,-2,0
2018-05-06 09:57:17,5,r/oddlysatisfying,26,2018-05-06 13:02:40,0,0,3,0
2018-05-06 09:57:17,5,r/oddlysatisfying,27,2018-05-06 13:03:13,0,0,3,0
2018-05-06 09:57:17,5,r/oddlysatisfying,28,2018-05-06 13:36:05,0,1,3,0
2018-05-06 09:57:17,5,r/oddlysatisfying,28,2018-05-06 13:58:18,1,0,2,0
2018-05-06 09:57:17,5,r/oddlysatisfying,29,2018-05-06 13:20:01,0,0,2,0
2018-05-06 09:57:17,5,r/oddlysatisfying,30,2018-05-06 13:30:48,0,1,2,0
2018-05-06 09:57:17,5,r/oddlysatisfying,30,2018-05-06 13:58:07,1,0,2,0
2018-05-06 09:57:17,5,r/oddlysatisfying,31,2018-05-06 13:43:18,0,0,2,0
2018-05-06 09:57:17,5,r/oddlysatisfying,32,2018-05-06 13:43:37,0,0,2,0
2018-05-06 09:57:17,5,r/oddlysatisfying,33,2018-05-06 14:09:36,0,0,2,0
2018-05-06 09:57:17,5,r/oddlysatisfying,34,2018-05-06 14:58:12,0,0,2,0
2018-05-06 09:57:17,5,r/oddlysatisfying,35,2018-05-06 12:43:51,0,1,5,0
2018-05-06 09:57:17,5,r/oddlysatisfying,35,2018-05-06 13:09:48,1,0,-5,0
2018-05-06 09:57:17,5,r/oddlysatisfying,36,2018-05-06 13:21:40,0,0,1,0
2018-05-06 09:57:17,5,r/oddlysatisfying,37,2018-05-06 13:28:38,0,0,1,0
2018-05-06 09:57:17,5,r/oddlysatisfying,38,2018-05-06 13:28:47,0,0,1,0
2018-05-06 09:57:17,5,r/oddlysatisfying,39,2018-05-06 13:30:02,0,0,1,0
2018-05-06 09:57:17,5,r/oddlysatisfying,40,2018-05-06 13:32:18,0,0,1,0
2018-05-06 09:57:17,5,r/oddlysatisfying,41,2018-05-06 13:34:10,0,1,1,0
2018-05-06 09:57:17,5,r/oddlysatisfying,41,2018-05-06 14:23:37,1,0,1,0
2018-05-06 09:57:17,5,r/oddlysatisfying,42,2018-05-06 13:35:59,0,0,1,0
2018-05-06 09:57:17,5,r/oddlysatisfying,43,2018-05-06 13:38:01,0,0,1,0
2018-05-06 09:57:17,5,r/oddlysatisfying,44,2018-05-06 13:38:10,0,0,1,0
2018-05-06 09:57:17,5,r/oddlysatisfying,45,2018-05-06 13:46:43,0,0,1,0
2018-05-06 09:57:17,5,r/oddlysatisfying,46,2018-05-06 13:46:58,0,0,1,0
2018-05-06 09:57:17,5,r/oddlysatisfying,47,2018-05-06 13:47:21,0,0,1,0
2018-05-06 09:57:17,5,r/oddlysatisfying,48,2018-05-06 13:47:31,0,0,1,0
2018-05-06 09:57:17,5,r/oddlysatisfying,49,2018-05-06 13:56:57,0,0,1,0
2018-05-06 09:57:17,5,r/oddlysatisfying,50,2018-05-06 13:57:36,0,0,1,0
2018-05-06 09:57:17,5,r/oddlysatisfying,51,2018-05-06 13:57:55,0,0,1,0
2018-05-06 09:57:17,5,r/oddlysatisfying,52,2018-05-06 14:00:34,0,0,1,0
2018-05-06 09:57:17,5,r/oddlysatisfying,53,2018-05-06 14:01:34,0,0,1,0
2018-05-06 09:57:17,5,r/oddlysatisfying,54,2018-05-06 14:02:07,0,0,1,0
2018-05-06 09:57:17,5,r/oddlysatisfying,55,2018-05-06 14:02:40,0,0,1,0
2018-05-06 09:57:17,5,r/oddlysatisfying,56,2018-05-06 14:04:56,0,0,1,0
2018-05-06 09:57:17,5,r/oddlysatisfying,57,2018-05-06 14:20:24,0,0,1,0
2018-05-06 09:57:17,5,r/oddlysatisfying,58,2018-05-06 14:20:54,0,0,1,0
2018-05-06 09:57:17,5,r/oddlysatisfying,59,2018-05-06 14:21:21,0,0,1,0
2018-05-06 09:57:17,5,r/oddlysatisfying,60,2018-05-06 14:21:39,0,0,1,0
2018-05-06 09:57:17,5,r/oddlysatisfying,61,2018-05-06 14:26:21,0,0,1,0
2018-05-06 09:57:17,5,r/oddlysatisfying,62,2018-05-06 14:27:36,0,0,1,0
2018-05-06 09:57:17,5,r/oddlysatisfying,63,2018-05-06 14:28:47,0,0,1,0
2018-05-06 09:57:17,5,r/oddlysatisfying,64,2018-05-06 14:29:47,0,0,1,0
2018-05-06 09:57:17,5,r/oddlysatisfying,65,2018-05-06 14:30:09,0,0,1,0
2018-05-06 09:57:17,5,r/oddlysatisfying,66,2018-05-06 14:30:42,0,0,1,0
2018-05-06 09:57:17,5,r/oddlysatisfying,67,2018-05-06 14:37:50,0,0,1,0
2018-05-06 09:57:17,5,r/oddlysatisfying,68,2018-05-06 14:43:21,0,0,1,0
2018-05-06 09:57:17,5,r/oddlysatisfying,69,2018-05-06 14:45:36,0,0,1,0
2018-05-06 09:57:17,5,r/oddlysatisfying,70,2018-05-06 14:50:08,0,0,1,0
2018-05-06 09:57:17,5,r/oddlysatisfying,71,2018-05-06 14:51:36,0,0,1,0
2018-05-06 09:57:17,5,r/oddlysatisfying,72,2018-05-06 14:56:23,0,0,1,0
2018-05-06 09:57:17,5,r/oddlysatisfying,73,2018-05-06 14:59:55,0,0,1,0
2018-05-06 09:57:17,5,r/oddlysatisfying,74,2018-05-06 15:00:33,0,0,1,0
2018-05-06 09:57:17,5,r/oddlysatisfying,75,2018-05-06 15:01:37,0,0,1,0
2018-05-06 09:57:17,5,r/oddlysatisfying,76,2018-05-06 15:07:45,0,0,1,0
2018-05-06 09:57:17,5,r/oddlysatisfying,77,2018-05-06 15:08:16,0,0,1,0
2018-05-06 09:57:17,5,r/oddlysatisfying,78,2018-05-06 12:22:15,0,0,1,0
2018-05-06 09:57:17,5,r/oddlysatisfying,79,2018-05-06 13:58:52,0,0,1,0
2018-05-06 09:57:17,5,r/oddlysatisfying,80,2018-05-06 14:28:50,0,0,1,0
2018-05-06 09:57:17,5,r/oddlysatisfying,81,2018-05-06 13:31:16,0,0,-1,0
2018-05-06 09:57:17,5,r/oddlysatisfying,82,2018-05-06 14:06:18,0,0,-1,0
2018-05-06 09:57:17,5,r/oddlysatisfying,83,2018-05-06 14:20:38,0,0,-1,0
2018-05-06 09:57:17,5,r/oddlysatisfying,84,2018-05-06 13:52:06,0,1,0,0
2018-05-06 09:57:17,5,r/oddlysatisfying,84,2018-05-06 13:54:58,1,1,2,0
2018-05-06 09:57:17,5,r/oddlysatisfying,84,2018-05-06 14:14:30,2,0,1,0
2018-05-06 09:57:17,5,r/oddlysatisfying,85,2018-05-06 14:14:53,0,0,-2,0
2018-05-06 09:57:17,5,r/oddlysatisfying,86,2018-05-06 13:22:48,0,0,-4,0
2018-05-06 09:57:17,5,r/oddlysatisfying,87,2018-05-06 12:55:49,0,2,-6,0
2018-05-06 09:57:17,5,r/oddlysatisfying,87,2018-05-06 14:04:14,1,0,2,0
2018-05-06 09:57:17,5,r/oddlysatisfying,87,2018-05-06 13:09:11,1,0,-1,0
2018-05-06 09:57:17,5,r/oddlysatisfying,88,2018-05-06 12:36:53,0,0,-2,0
2018-05-06 09:57:17,5,r/oddlysatisfying,89,2018-05-06 11:09:33,0,1,-51,0
2018-05-06 09:57:17,5,r/oddlysatisfying,89,2018-05-06 11:36:24,1,2,24,0
2018-05-06 09:57:17,5,r/oddlysatisfying,89,2018-05-06 12:28:00,2,1,7,0
2018-05-06 09:57:17,5,r/oddlysatisfying,89,2018-05-06 12:44:17,3,0,2,0
2018-05-06 09:57:17,5,r/oddlysatisfying,89,2018-05-06 12:59:36,2,0,1,0
2018-05-06 09:57:17,5,r/oddlysatisfying,90,2018-05-06 13:23:14,0,1,-8,0
2018-05-06 09:57:17,5,r/oddlysatisfying,90,2018-05-06 14:04:00,1,0,1,0
2018-05-06 09:57:17,5,r/oddlysatisfying,91,2018-05-06 13:50:40,0,0,-1,0
2018-05-06 09:57:17,5,r/oddlysatisfying,92,2018-05-06 13:59:55,0,0,-1,0
2018-05-06 09:57:17,5,r/oddlysatisfying,93,2018-05-06 14:08:54,0,0,-1,0
2018-05-06 09:57:17,5,r/oddlysatisfying,94,2018-05-06 14:24:05,0,0,-1,0
2018-05-06 09:57:17,5,r/oddlysatisfying,95,2018-05-06 12:43:24,0,0,-2,0
2018-05-06 09:57:17,5,r/oddlysatisfying,96,2018-05-06 13:10:18,0,1,-22,0
2018-05-06 09:57:17,5,r/oddlysatisfying,96,2018-05-06 13:25:00,1,1,10,0
2018-05-06 09:57:17,5,r/oddlysatisfying,96,2018-05-06 13:25:26,2,1,-8,0
2018-05-06 09:57:17,5,r/oddlysatisfying,96,2018-05-06 13:42:00,3,1,1,0
2018-05-06 09:57:17,5,r/oddlysatisfying,96,2018-05-06 13:43:40,4,2,-6,0
2018-05-06 09:57:17,5,r/oddlysatisfying,96,2018-05-06 13:44:55,5,1,4,0
2018-05-06 09:57:17,5,r/oddlysatisfying,96,2018-05-06 14:32:10,6,1,-2,0
2018-05-06 09:57:17,5,r/oddlysatisfying,96,2018-05-06 14:47:22,7,1,1,0
2018-05-06 09:57:17,5,r/oddlysatisfying,96,2018-05-06 14:49:07,8,0,-1,0
2018-05-06 09:57:17,5,r/oddlysatisfying,96,2018-05-06 13:47:51,5,1,1,0
2018-05-06 09:57:17,5,r/oddlysatisfying,96,2018-05-06 14:09:54,6,0,2,0
2018-05-06 11:30:42,6,r/gaming,0,2018-05-06 12:04:58,0,8,452,0
2018-05-06 11:30:42,6,r/gaming,0,2018-05-06 13:48:56,1,4,141,0
2018-05-06 11:30:42,6,r/gaming,0,2018-05-06 14:05:00,2,2,83,0
2018-05-06 11:30:42,6,r/gaming,0,2018-05-06 14:31:44,3,0,12,0
2018-05-06 11:30:42,6,r/gaming,0,2018-05-06 15:09:26,3,0,1,0
2018-05-06 11:30:42,6,r/gaming,0,2018-05-06 14:43:38,2,2,43,0
2018-05-06 11:30:42,6,r/gaming,0,2018-05-06 14:49:02,3,0,35,0
2018-05-06 11:30:42,6,r/gaming,0,2018-05-06 14:58:23,3,1,-12,0
2018-05-06 11:30:42,6,r/gaming,0,2018-05-06 15:04:43,4,1,1,0
2018-05-06 11:30:42,6,r/gaming,0,2018-05-06 15:07:22,5,0,-1,0
2018-05-06 11:30:42,6,r/gaming,0,2018-05-06 14:55:37,2,0,1,0
2018-05-06 11:30:42,6,r/gaming,0,2018-05-06 15:05:00,2,0,1,0
2018-05-06 11:30:42,6,r/gaming,0,2018-05-06 13:33:21,1,4,135,0
2018-05-06 11:30:42,6,r/gaming,0,2018-05-06 13:55:16,2,2,102,0
2018-05-06 11:30:42,6,r/gaming,0,2018-05-06 14:10:41,3,0,48,0
2018-05-06 11:30:42,6,r/gaming,0,2018-05-06 14:51:05,3,1,7,0
2018-05-06 11:30:42,6,r/gaming,0,2018-05-06 14:53:15,4,1,2,0
2018-05-06 11:30:42,6,r/gaming,0,2018-05-06 14:58:36,5,1,2,0
2018-05-06 11:30:42,6,r/gaming,0,2018-05-06 15:07:20,6,0,1,0
2018-05-06 11:30:42,6,r/gaming,0,2018-05-06 13:41:42,2,0,10,0
2018-05-06 11:30:42,6,r/gaming,0,2018-05-06 14:12:51,2,0,4,0
2018-05-06 11:30:42,6,r/gaming,0,2018-05-06 14:43:31,2,0,4,0
2018-05-06 11:30:42,6,r/gaming,0,2018-05-06 13:42:44,1,1,9,0
2018-05-06 11:30:42,6,r/gaming,0,2018-05-06 14:14:32,2,1,10,0
2018-05-06 11:30:42,6,r/gaming,0,2018-05-06 15:05:57,3,0,1,0
2018-05-06 11:30:42,6,r/gaming,0,2018-05-06 14:54:30,1,0,4,0
2018-05-06 11:30:42,6,r/gaming,0,2018-05-06 14:01:07,1,0,3,0
2018-05-06 11:30:42,6,r/gaming,0,2018-05-06 14:34:33,1,0,1,0
2018-05-06 11:30:42,6,r/gaming,0,2018-05-06 14:58:25,1,1,1,0
2018-05-06 11:30:42,6,r/gaming,0,2018-05-06 15:03:49,2,0,1,0
2018-05-06 11:30:42,6,r/gaming,0,2018-05-06 13:06:47,1,5,-35,0
2018-05-06 11:30:42,6,r/gaming,0,2018-05-06 13:26:35,2,0,47,0
2018-05-06 11:30:42,6,r/gaming,0,2018-05-06 13:23:19,2,0,13,0
2018-05-06 11:30:42,6,r/gaming,0,2018-05-06 13:33:13,2,1,8,0
2018-05-06 11:30:42,6,r/gaming,0,2018-05-06 13:37:16,3,0,7,0
2018-05-06 11:30:42,6,r/gaming,0,2018-05-06 13:33:30,2,0,0,0
2018-05-06 11:30:42,6,r/gaming,0,2018-05-06 14:55:36,2,0,0,0
2018-05-06 11:30:42,6,r/gaming,1,2018-05-06 12:55:40,0,4,79,0
2018-05-06 11:30:42,6,r/gaming,1,2018-05-06 13:07:50,1,2,21,0
2018-05-06 11:30:42,6,r/gaming,1,2018-05-06 14:22:06,2,1,13,0
2018-05-06 11:30:42,6,r/gaming,1,2018-05-06 14:23:32,3,0,6,0
2018-05-06 11:30:42,6,r/gaming,1,2018-05-06 14:45:42,2,0,6,0
2018-05-06 11:30:42,6,r/gaming,1,2018-05-06 14:41:13,1,0,9,0
2018-05-06 11:30:42,6,r/gaming,1,2018-05-06 14:43:27,1,0,3,0
2018-05-06 11:30:42,6,r/gaming,1,2018-05-06 15:07:35,1,0,1,0
2018-05-06 11:30:42,6,r/gaming,2,2018-05-06 11:38:02,0,24,455,0
2018-05-06 11:30:42,6,r/gaming,2,2018-05-06 12:24:35,1,4,176,0
2018-05-06 11:30:42,6,r/gaming,2,2018-05-06 13:49:56,2,0,30,0
2018-05-06 11:30:42,6,r/gaming,2,2018-05-06 13:51:39,2,1,20,0
2018-05-06 11:30:42,6,r/gaming,2,2018-05-06 14:47:57,3,0,7,0
2018-05-06 11:30:42,6,r/gaming,2,2018-05-06 13:40:03,2,0,13,0
2018-05-06 11:30:42,6,r/gaming,2,2018-05-06 13:43:21,2,1,-7,0
2018-05-06 11:30:42,6,r/gaming,2,2018-05-06 14:09:14,3,2,3,0
2018-05-06 11:30:42,6,r/gaming,2,2018-05-06 14:38:24,4,0,1,0
2018-05-06 11:30:42,6,r/gaming,2,2018-05-06 14:46:27,4,0,1,0
2018-05-06 11:30:42,6,r/gaming,2,2018-05-06 11:58:24,1,2,87,0
2018-05-06 11:30:42,6,r/gaming,2,2018-05-06 12:51:24,2,7,64,0
2018-05-06 11:30:42,6,r/gaming,2,2018-05-06 12:59:43,3,1,55,0
2018-05-06 11:30:42,6,r/gaming,2,2018-05-06 13:02:21,4,3,40,0
2018-05-06 11:30:42,6,r/gaming,2,2018-05-06 13:43:14,5,0,5,0
2018-05-06 11:30:42,6,r/gaming,2,2018-05-06 14:12:19,5,0,3,0
2018-05-06 11:30:42,6,r/gaming,2,2018-05-06 14:47:23,5,0,1,0
2018-05-06 11:30:42,6,r/gaming,2,2018-05-06 12:59:32,3,1,18,0
2018-05-06 11:30:42,6,r/gaming,2,2018-05-06 13:29:22,4,1,2,0
2018-05-06 11:30:42,6,r/gaming,2,2018-05-06 13:37:07,5,3,4,0
2018-05-06 11:30:42,6,r/gaming,2,2018-05-06 13:59:26,6,0,1,0
2018-05-06 11:30:42,6,r/gaming,2,2018-05-06 14:04:56,6,0,1,0
2018-05-06 11:30:42,6,r/gaming,2,2018-05-06 13:49:47,6,1,0,0
2018-05-06 11:30:42,6,r/gaming,2,2018-05-06 14:00:28,7,0,3,0
2018-05-06 11:30:42,6,r/gaming,2,2018-05-06 13:00:41,3,0,5,0
2018-05-06 11:30:42,6,r/gaming,2,2018-05-06 13:17:13,3,0,3,0
2018-05-06 11:30:42,6,r/gaming,2,2018-05-06 14:14:45,3,2,3,0
2018-05-06 11:30:42,6,r/gaming,2,2018-05-06 14:21:45,4,1,4,0
2018-05-06 11:30:42,6,r/gaming,2,2018-05-06 14:39:17,5,1,2,0
2018-05-06 11:30:42,6,r/gaming,2,2018-05-06 15:06:16,6,0,1,0
2018-05-06 11:30:42,6,r/gaming,2,2018-05-06 14:42:02,4,0,1,0
2018-05-06 11:30:42,6,r/gaming,2,2018-05-06 13:37:12,3,1,2,0
2018-05-06 11:30:42,6,r/gaming,2,2018-05-06 14:13:24,4,0,1,0
2018-05-06 11:30:42,6,r/gaming,2,2018-05-06 13:57:03,3,0,1,0
2018-05-06 11:30:42,6,r/gaming,2,2018-05-06 14:25:05,2,0,1,0
2018-05-06 11:30:42,6,r/gaming,2,2018-05-06 11:57:34,1,0,11,0
2018-05-06 11:30:42,6,r/gaming,2,2018-05-06 12:56:09,1,0,9,0
2018-05-06 11:30:42,6,r/gaming,2,2018-05-06 13:10:43,1,0,9,0
2018-05-06 11:30:42,6,r/gaming,2,2018-05-06 13:30:36,1,0,7,0
2018-05-06 11:30:42,6,r/gaming,2,2018-05-06 13:07:08,1,0,6,0
2018-05-06 11:30:42,6,r/gaming,2,2018-05-06 14:11:12,1,0,5,0
2018-05-06 11:30:42,6,r/gaming,2,2018-05-06 13:11:05,1,0,4,0
2018-05-06 11:30:42,6,r/gaming,2,2018-05-06 13:29:26,1,1,4,0
2018-05-06 11:30:42,6,r/gaming,2,2018-05-06 13:53:14,2,0,2,0
2018-05-06 11:30:42,6,r/gaming,2,2018-05-06 14:01:11,1,0,4,0
2018-05-06 11:30:42,6,r/gaming,2,2018-05-06 13:15:08,1,0,3,0
2018-05-06 11:30:42,6,r/gaming,2,2018-05-06 13:31:43,1,1,3,0
2018-05-06 11:30:42,6,r/gaming,2,2018-05-06 14:53:33,2,0,1,0
2018-05-06 11:30:42,6,r/gaming,2,2018-05-06 14:21:26,1,0,3,0
2018-05-06 11:30:42,6,r/gaming,2,2018-05-06 14:16:35,1,0,2,0
2018-05-06 11:30:42,6,r/gaming,2,2018-05-06 14:37:53,1,0,2,0
2018-05-06 11:30:42,6,r/gaming,2,2018-05-06 13:45:50,1,0,1,0
2018-05-06 11:30:42,6,r/gaming,2,2018-05-06 13:57:36,1,0,1,0
2018-05-06 11:30:42,6,r/gaming,2,2018-05-06 14:35:44,1,0,1,0
2018-05-06 11:30:42,6,r/gaming,2,2018-05-06 14:51:09,1,0,1,0
2018-05-06 11:30:42,6,r/gaming,2,2018-05-06 14:55:22,1,0,1,0
2018-05-06 11:30:42,6,r/gaming,2,2018-05-06 15:00:17,1,0,1,0
2018-05-06 11:30:42,6,r/gaming,2,2018-05-06 15:07:07,1,0,1,0
2018-05-06 11:30:42,6,r/gaming,2,2018-05-06 15:09:17,1,0,1,0
2018-05-06 11:30:42,6,r/gaming,3,2018-05-06 12:50:22,0,2,38,0
2018-05-06 11:30:42,6,r/gaming,3,2018-05-06 14:05:08,1,0,17,0
2018-05-06 11:30:42,6,r/gaming,3,2018-05-06 13:56:09,1,0,4,0
2018-05-06 11:30:42,6,r/gaming,4,2018-05-06 14:22:28,0,0,16,0
2018-05-06 11:30:42,6,r/gaming,5,2018-05-06 13:52:42,0,2,7,0
2018-05-06 11:30:42,6,r/gaming,5,2018-05-06 14:44:44,1,0,0,0
2018-05-06 11:30:42,6,r/gaming,5,2018-05-06 14:32:06,1,1,0,0
2018-05-06 11:30:42,6,r/gaming,5,2018-05-06 14:33:39,2,1,1,0
2018-05-06 11:30:42,6,r/gaming,5,2018-05-06 15:05:14,3,0,1,0
2018-05-06 11:30:42,6,r/gaming,6,2018-05-06 12:57:23,0,2,23,0
2018-05-06 11:30:42,6,r/gaming,6,2018-05-06 14:41:25,1,0,6,0
2018-05-06 11:30:42,6,r/gaming,6,2018-05-06 14:43:33,1,0,2,0
2018-05-06 11:30:42,6,r/gaming,7,2018-05-06 12:25:40,0,0,5,0
2018-05-06 11:30:42,6,r/gaming,8,2018-05-06 12:04:11,0,0,5,0
2018-05-06 11:30:42,6,r/gaming,9,2018-05-06 14:01:06,0,0,4,0
2018-05-06 11:30:42,6,r/gaming,10,2018-05-06 14:09:41,0,0,4,0
2018-05-06 11:30:42,6,r/gaming,11,2018-05-06 14:29:12,0,0,4,0
2018-05-06 11:30:42,6,r/gaming,12,2018-05-06 13:34:10,0,1,6,0
2018-05-06 11:30:42,6,r/gaming,12,2018-05-06 15:08:34,1,0,1,0
2018-05-06 11:30:42,6,r/gaming,13,2018-05-06 13:52:45,0,0,3,0
2018-05-06 11:30:42,6,r/gaming,14,2018-05-06 14:14:31,0,0,3,0
2018-05-06 11:30:42,6,r/gaming,15,2018-05-06 13:39:41,0,0,4,0
2018-05-06 11:30:42,6,r/gaming,16,2018-05-06 14:29:53,0,0,2,0
2018-05-06 11:30:42,6,r/gaming,17,2018-05-06 12:34:10,0,0,2,0
2018-05-06 11:30:42,6,r/gaming,18,2018-05-06 13:10:26,0,0,1,0
2018-05-06 11:30:42,6,r/gaming,19,2018-05-06 13:29:52,0,1,1,0
2018-05-06 11:30:42,6,r/gaming,19,2018-05-06 14:41:54,1,0,1,0
2018-05-06 11:30:42,6,r/gaming,20,2018-05-06 13:47:42,0,1,1,0
2018-05-06 11:30:42,6,r/gaming,20,2018-05-06 14:42:05,1,1,1,0
2018-05-06 11:30:42,6,r/gaming,20,2018-05-06 14:54:12,2,1,2,0
2018-05-06 11:30:42,6,r/gaming,20,2018-05-06 15:00:31,3,0,1,0
2018-05-06 11:30:42,6,r/gaming,21,2018-05-06 14:29:46,0,1,1,0
2018-05-06 11:30:42,6,r/gaming,21,2018-05-06 14:45:24,1,0,0,0
2018-05-06 11:30:42,6,r/gaming,22,2018-05-06 14:49:02,0,0,1,0
2018-05-06 11:30:42,6,r/gaming,23,2018-05-06 15:01:12,0,0,1,0
2018-05-06 11:30:42,6,r/gaming,24,2018-05-06 15:02:56,0,0,1,0
2018-05-06 11:30:42,6,r/gaming,25,2018-05-06 15:08:51,0,0,1,0
2018-05-06 11:30:42,6,r/gaming,26,2018-05-06 11:57:58,0,1,0,0
2018-05-06 11:30:42,6,r/gaming,26,2018-05-06 14:15:20,1,0,1,0
2018-05-06 11:30:42,6,r/gaming,27,2018-05-06 13:41:21,0,0,0,0
2018-05-06 11:30:42,6,r/gaming,28,2018-05-06 14:07:33,0,0,0,0
2018-05-06 11:30:42,6,r/gaming,29,2018-05-06 14:17:52,0,0,0,0
2018-05-06 11:30:42,6,r/gaming,30,2018-05-06 14:33:56,0,0,0,0
2018-05-06 11:30:42,6,r/gaming,31,2018-05-06 14:34:13,0,0,0,0
2018-05-06 11:30:42,6,r/gaming,32,2018-05-06 14:44:15,0,0,0,0
2018-05-06 11:44:33,7,r/FortNiteBR,0,2018-05-06 12:21:45,0,1,927,0
2018-05-06 11:44:33,7,r/FortNiteBR,0,2018-05-06 12:31:06,1,1,452,0
2018-05-06 11:44:33,7,r/FortNiteBR,0,2018-05-06 14:28:47,2,4,119,0
2018-05-06 11:44:33,7,r/FortNiteBR,0,2018-05-06 14:34:04,3,0,48,0
2018-05-06 11:44:33,7,r/FortNiteBR,0,2018-05-06 14:44:02,3,0,14,0
2018-05-06 11:44:33,7,r/FortNiteBR,0,2018-05-06 14:29:31,3,0,5,0
2018-05-06 11:44:33,7,r/FortNiteBR,0,2018-05-06 14:29:02,3,0,9,0
2018-05-06 11:44:33,7,r/FortNiteBR,1,2018-05-06 12:19:30,0,4,156,0
2018-05-06 11:44:33,7,r/FortNiteBR,1,2018-05-06 13:02:01,1,3,216,0
2018-05-06 11:44:33,7,r/FortNiteBR,1,2018-05-06 13:19:54,2,1,90,0
2018-05-06 11:44:33,7,r/FortNiteBR,1,2018-05-06 13:20:38,3,0,39,0
2018-05-06 11:44:33,7,r/FortNiteBR,1,2018-05-06 13:25:11,2,0,34,0
2018-05-06 11:44:33,7,r/FortNiteBR,1,2018-05-06 13:30:14,2,1,25,0
2018-05-06 11:44:33,7,r/FortNiteBR,1,2018-05-06 13:40:53,3,0,9,0
2018-05-06 11:44:33,7,r/FortNiteBR,1,2018-05-06 12:30:41,1,1,20,0
2018-05-06 11:44:33,7,r/FortNiteBR,1,2018-05-06 12:58:58,2,1,10,0
2018-05-06 11:44:33,7,r/FortNiteBR,1,2018-05-06 13:37:46,3,0,6,0
2018-05-06 11:44:33,7,r/FortNiteBR,1,2018-05-06 13:23:45,1,0,2,0
2018-05-06 11:44:33,7,r/FortNiteBR,1,2018-05-06 13:57:49,1,0,2,0
2018-05-06 11:44:33,7,r/FortNiteBR,2,2018-05-06 12:02:44,0,4,1029,0
2018-05-06 11:44:33,7,r/FortNiteBR,2,2018-05-06 12:52:08,1,2,343,0
2018-05-06 11:44:33,7,r/FortNiteBR,2,2018-05-06 13:38:09,2,2,228,0
2018-05-06 11:44:33,7,r/FortNiteBR,2,2018-05-06 14:05:51,3,3,45,0
2018-05-06 11:44:33,7,r/FortNiteBR,2,2018-05-06 14:21:29,4,0,15,0
2018-05-06 11:44:33,7,r/FortNiteBR,2,2018-05-06 14:28:38,4,0,2,0
2018-05-06 11:44:33,7,r/FortNiteBR,2,2018-05-06 14:14:56,4,1,-17,0
2018-05-06 11:44:33,7,r/FortNiteBR,2,2018-05-06 14:29:21,5,0,3,0
2018-05-06 11:44:33,7,r/FortNiteBR,2,2018-05-06 13:49:19,3,1,70,0
2018-05-06 11:44:33,7,r/FortNiteBR,2,2018-05-06 14:04:07,4,1,14,0
2018-05-06 11:44:33,7,r/FortNiteBR,2,2018-05-06 14:06:14,5,0,60,0
2018-05-06 11:44:33,7,r/FortNiteBR,2,2018-05-06 14:20:08,2,0,4,0
2018-05-06 11:44:33,7,r/FortNiteBR,2,2018-05-06 13:04:47,1,2,12,0
2018-05-06 11:44:33,7,r/FortNiteBR,2,2018-05-06 13:19:00,2,3,24,0
2018-05-06 11:44:33,7,r/FortNiteBR,2,2018-05-06 13:31:19,3,2,55,0
2018-05-06 11:44:33,7,r/FortNiteBR,2,2018-05-06 13:44:29,4,1,-2,0
2018-05-06 11:44:33,7,r/FortNiteBR,2,2018-05-06 13:58:45,5,0,16,0
2018-05-06 11:44:33,7,r/FortNiteBR,2,2018-05-06 14:03:13,4,2,-3,0
2018-05-06 11:44:33,7,r/FortNiteBR,2,2018-05-06 14:07:48,5,1,8,0
2018-05-06 11:44:33,7,r/FortNiteBR,2,2018-05-06 14:14:07,6,1,0,0
2018-05-06 11:44:33,7,r/FortNiteBR,2,2018-05-06 14:22:15,7,1,-2,0
2018-05-06 11:44:33,7,r/FortNiteBR,2,2018-05-06 14:26:04,8,0,0,0
2018-05-06 11:44:33,7,r/FortNiteBR,2,2018-05-06 14:24:05,5,0,2,0
2018-05-06 11:44:33,7,r/FortNiteBR,2,2018-05-06 13:35:07,3,1,9,0
2018-05-06 11:44:33,7,r/FortNiteBR,2,2018-05-06 14:21:59,4,1,0,0
2018-05-06 11:44:33,7,r/FortNiteBR,2,2018-05-06 14:26:39,5,1,2,0
2018-05-06 11:44:33,7,r/FortNiteBR,2,2018-05-06 14:40:37,6,1,1,0
2018-05-06 11:44:33,7,r/FortNiteBR,2,2018-05-06 14:43:26,7,1,1,0
2018-05-06 11:44:33,7,r/FortNiteBR,2,2018-05-06 14:47:51,8,1,0,0
2018-05-06 11:44:33,7,r/FortNiteBR,2,2018-05-06 14:59:52,9,0,1,0
2018-05-06 11:44:33,7,r/FortNiteBR,2,2018-05-06 13:37:48,3,0,4,0
2018-05-06 11:44:33,7,r/FortNiteBR,2,2018-05-06 13:51:56,2,0,6,0
2018-05-06 11:44:33,7,r/FortNiteBR,2,2018-05-06 14:05:46,1,0,1,0
2018-05-06 11:44:33,7,r/FortNiteBR,2,2018-05-06 14:51:13,1,1,1,0
2018-05-06 11:44:33,7,r/FortNiteBR,2,2018-05-06 14:56:47,2,0,0,0
2018-05-06 11:44:33,7,r/FortNiteBR,3,2018-05-06 13:20:53,0,1,125,0
2018-05-06 11:44:33,7,r/FortNiteBR,3,2018-05-06 13:52:09,1,0,19,0
2018-05-06 11:44:33,7,r/FortNiteBR,4,2018-05-06 11:56:14,0,2,163,0
2018-05-06 11:44:33,7,r/FortNiteBR,4,2018-05-06 12:31:59,1,1,52,0
2018-05-06 11:44:33,7,r/FortNiteBR,4,2018-05-06 13:44:53,2,1,17,0
2018-05-06 11:44:33,7,r/FortNiteBR,4,2018-05-06 13:45:36,3,1,17,0
2018-05-06 11:44:33,7,r/FortNiteBR,4,2018-05-06 13:47:50,4,0,14,0
2018-05-06 11:44:33,7,r/FortNiteBR,4,2018-05-06 12:05:04,1,1,-64,0
2018-05-06 11:44:33,7,r/FortNiteBR,4,2018-05-06 13:58:16,2,0,16,0
2018-05-06 11:44:33,7,r/FortNiteBR,5,2018-05-06 12:17:02,0,6,263,0
2018-05-06 11:44:33,7,r/FortNiteBR,5,2018-05-06 12:32:24,1,0,73,0
2018-05-06 11:44:33,7,r/FortNiteBR,5,2018-05-06 13:21:17,1,0,17,0
2018-05-06 11:44:33,7,r/FortNiteBR,5,2018-05-06 14:00:04,1,1,11,0
2018-05-06 11:44:33,7,r/FortNiteBR,5,2018-05-06 15:02:03,2,0,1,0
2018-05-06 11:44:33,7,r/FortNiteBR,5,2018-05-06 13:03:01,1,2,39,0
2018-05-06 11:44:33,7,r/FortNiteBR,5,2018-05-06 14:01:39,2,1,11,0
2018-05-06 11:44:33,7,r/FortNiteBR,5,2018-05-06 14:49:28,3,0,3,0
2018-05-06 11:44:33,7,r/FortNiteBR,5,2018-05-06 14:55:51,2,0,3,0
2018-05-06 11:44:33,7,r/FortNiteBR,5,2018-05-06 14:01:06,1,0,2,0
2018-05-06 11:44:33,7,r/FortNiteBR,5,2018-05-06 12:55:52,1,0,5,0
2018-05-06 11:44:33,7,r/FortNiteBR,6,2018-05-06 12:13:09,0,0,28,0
2018-05-06 11:44:33,7,r/FortNiteBR,7,2018-05-06 13:03:28,0,1,29,0
2018-05-06 11:44:33,7,r/FortNiteBR,7,2018-05-06 13:04:50,1,0,14,0
2018-05-06 11:44:33,7,r/FortNiteBR,8,2018-05-06 12:32:05,0,0,22,0
2018-05-06 11:44:33,7,r/FortNiteBR,9,2018-05-06 12:44:27,0,2,11,0
2018-05-06 11:44:33,7,r/FortNiteBR,9,2018-05-06 12:44:51,1,0,15,0
2018-05-06 11:44:33,7,r/FortNiteBR,9,2018-05-06 14:49:19,1,0,4,0
2018-05-06 11:44:33,7,r/FortNiteBR,10,2018-05-06 12:41:43,0,0,11,0
2018-05-06 11:44:33,7,r/FortNiteBR,11,2018-05-06 13:15:53,0,0,4,0
2018-05-06 11:44:33,7,r/FortNiteBR,12,2018-05-06 13:21:22,0,0,4,0
2018-05-06 11:44:33,7,r/FortNiteBR,13,2018-05-06 14:35:35,0,1,3,0
2018-05-06 11:44:33,7,r/FortNiteBR,13,2018-05-06 14:36:29,1,0,3,0
2018-05-06 11:44:33,7,r/FortNiteBR,14,2018-05-06 14:38:04,0,1,3,0
2018-05-06 11:44:33,7,r/FortNiteBR,14,2018-05-06 14:38:22,1,0,4,0
2018-05-06 11:44:33,7,r/FortNiteBR,15,2018-05-06 12:48:13,0,0,2,0
2018-05-06 11:44:33,7,r/FortNiteBR,16,2018-05-06 13:51:59,0,1,2,0
2018-05-06 11:44:33,7,r/FortNiteBR,16,2018-05-06 14:40:59,1,1,2,0
2018-05-06 11:44:33,7,r/FortNiteBR,16,2018-05-06 14:50:12,2,0,2,0
2018-05-06 11:44:33,7,r/FortNiteBR,17,2018-05-06 14:22:36,0,1,2,0
2018-05-06 11:44:33,7,r/FortNiteBR,17,2018-05-06 14:25:37,1,0,2,0
2018-05-06 11:44:33,7,r/FortNiteBR,18,2018-05-06 14:41:00,0,0,2,0
2018-05-06 11:44:33,7,r/FortNiteBR,19,2018-05-06 14:46:54,0,1,2,0
2018-05-06 11:44:33,7,r/FortNiteBR,19,2018-05-06 14:50:39,1,1,2,0
2018-05-06 11:44:33,7,r/FortNiteBR,19,2018-05-06 14:52:47,2,1,1,0
2018-05-06 11:44:33,7,r/FortNiteBR,19,2018-05-06 14:53:08,3,0,2,0
2018-05-06 11:44:33,7,r/FortNiteBR,20,2018-05-06 11:59:50,0,0,2,0
2018-05-06 11:44:33,7,r/FortNiteBR,21,2018-05-06 12:08:20,0,0,1,0
2018-05-06 11:44:33,7,r/FortNiteBR,22,2018-05-06 12:15:57,0,0,1,0
2018-05-06 11:44:33,7,r/FortNiteBR,23,2018-05-06 12:15:59,0,0,1,0
2018-05-06 11:44:33,7,r/FortNiteBR,24,2018-05-06 12:20:51,0,0,1,0
2018-05-06 11:44:33,7,r/FortNiteBR,25,2018-05-06 12:21:38,0,0,1,0
2018-05-06 11:44:33,7,r/FortNiteBR,26,2018-05-06 12:31:53,0,0,1,0
2018-05-06 11:44:33,7,r/FortNiteBR,27,2018-05-06 12:59:22,0,0,1,0
2018-05-06 11:44:33,7,r/FortNiteBR,28,2018-05-06 13:14:24,0,0,1,0
2018-05-06 11:44:33,7,r/FortNiteBR,29,2018-05-06 13:22:19,0,1,1,0
2018-05-06 11:44:33,7,r/FortNiteBR,29,2018-05-06 13:23:20,1,1,2,0
2018-05-06 11:44:33,7,r/FortNiteBR,29,2018-05-06 13:25:09,2,0,1,0
2018-05-06 11:44:33,7,r/FortNiteBR,30,2018-05-06 13:23:28,0,0,1,0
2018-05-06 11:44:33,7,r/FortNiteBR,31,2018-05-06 13:24:46,0,0,1,0
2018-05-06 11:44:33,7,r/FortNiteBR,32,2018-05-06 13:25:04,0,0,1,0
2018-05-06 11:44:33,7,r/FortNiteBR,33,2018-05-06 13:25:34,0,1,1,0
2018-05-06 11:44:33,7,r/FortNiteBR,33,2018-05-06 13:52:27,1,0,1,0
2018-05-06 11:44:33,7,r/FortNiteBR,34,2018-05-06 13:27:25,0,0,1,0
2018-05-06 11:44:33,7,r/FortNiteBR,35,2018-05-06 13:27:34,0,0,1,0
2018-05-06 11:44:33,7,r/FortNiteBR,36,2018-05-06 13:28:01,0,0,1,0
2018-05-06 11:44:33,7,r/FortNiteBR,37,2018-05-06 13:30:21,0,0,1,0
2018-05-06 11:44:33,7,r/FortNiteBR,38,2018-05-06 13:31:42,0,0,1,0
2018-05-06 11:44:33,7,r/FortNiteBR,39,2018-05-06 13:33:37,0,0,1,0
2018-05-06 11:44:33,7,r/FortNiteBR,40,2018-05-06 13:33:40,0,0,1,0
2018-05-06 11:44:33,7,r/FortNiteBR,41,2018-05-06 13:34:07,0,0,1,0
2018-05-06 11:44:33,7,r/FortNiteBR,42,2018-05-06 13:36:17,0,1,1,0
2018-05-06 11:44:33,7,r/FortNiteBR,42,2018-05-06 13:36:40,1,0,1,0
2018-05-06 11:44:33,7,r/FortNiteBR,43,2018-05-06 13:36:46,0,2,1,0
2018-05-06 11:44:33,7,r/FortNiteBR,43,2018-05-06 13:52:06,1,0,1,0
2018-05-06 11:44:33,7,r/FortNiteBR,43,2018-05-06 13:37:17,1,1,0,0
2018-05-06 11:44:33,7,r/FortNiteBR,43,2018-05-06 13:39:24,2,0,1,0
2018-05-06 11:44:33,7,r/FortNiteBR,44,2018-05-06 13:37:50,0,0,1,0
2018-05-06 11:44:33,7,r/FortNiteBR,45,2018-05-06 13:38:36,0,1,1,0
2018-05-06 11:44:33,7,r/FortNiteBR,45,2018-05-06 13:51:23,1,1,2,0
2018-05-06 11:44:33,7,r/FortNiteBR,45,2018-05-06 13:54:02,2,1,1,0
2018-05-06 11:44:33,7,r/FortNiteBR,45,2018-05-06 13:54:13,3,0,1,0
2018-05-06 11:44:33,7,r/FortNiteBR,46,2018-05-06 13:38:43,0,0,1,0
2018-05-06 11:44:33,7,r/FortNiteBR,47,2018-05-06 13:40:51,0,0,1,0
2018-05-06 11:44:33,7,r/FortNiteBR,48,2018-05-06 13:48:10,0,2,1,0
2018-05-06 11:44:33,7,r/FortNiteBR,48,2018-05-06 13:48:44,1,0,1,0
2018-05-06 11:44:33,7,r/FortNiteBR,48,2018-05-06 13:50:54,1,0,1,0
2018-05-06 11:44:33,7,r/FortNiteBR,49,2018-05-06 13:50:54,0,0,1,0
2018-05-06 11:44:33,7,r/FortNiteBR,50,2018-05-06 13:53:58,0,1,1,0
2018-05-06 11:44:33,7,r/FortNiteBR,50,2018-05-06 13:54:25,1,0,1,0
2018-05-06 11:44:33,7,r/FortNiteBR,51,2018-05-06 14:00:44,0,2,1,0
2018-05-06 11:44:33,7,r/FortNiteBR,51,2018-05-06 14:01:15,1,0,1,0
2018-05-06 11:44:33,7,r/FortNiteBR,51,2018-05-06 14:04:33,1,0,1,0
2018-05-06 11:44:33,7,r/FortNiteBR,52,2018-05-06 14:05:25,0,0,1,0
2018-05-06 11:44:33,7,r/FortNiteBR,53,2018-05-06 14:06:05,0,1,1,0
2018-05-06 11:44:33,7,r/FortNiteBR,53,2018-05-06 14:07:33,1,0,1,0
2018-05-06 11:44:33,7,r/FortNiteBR,54,2018-05-06 14:08:40,0,0,1,0
2018-05-06 11:44:33,7,r/FortNiteBR,55,2018-05-06 14:15:42,0,1,1,0
2018-05-06 11:44:33,7,r/FortNiteBR,55,2018-05-06 14:16:12,1,0,1,0
2018-05-06 11:44:33,7,r/FortNiteBR,56,2018-05-06 14:21:49,0,1,1,0
2018-05-06 11:44:33,7,r/FortNiteBR,56,2018-05-06 14:26:11,1,0,2,0
2018-05-06 11:44:33,7,r/FortNiteBR,57,2018-05-06 14:22:05,0,0,1,0
2018-05-06 11:44:33,7,r/FortNiteBR,58,2018-05-06 14:40:11,0,0,1,0
2018-05-06 11:44:33,7,r/FortNiteBR,59,2018-05-06 14:56:49,0,1,1,0
2018-05-06 11:44:33,7,r/FortNiteBR,59,2018-05-06 14:58:31,1,1,1,0
2018-05-06 11:44:33,7,r/FortNiteBR,59,2018-05-06 15:03:35,2,0,1,0
2018-05-06 11:44:33,7,r/FortNiteBR,60,2018-05-06 15:05:21,0,0,1,0
2018-05-06 11:44:33,7,r/FortNiteBR,61,2018-05-06 12:55:48,0,0,1,0
2018-05-06 11:44:33,7,r/FortNiteBR,62,2018-05-06 12:53:20,0,2,-4,0
2018-05-06 11:44:33,7,r/FortNiteBR,62,2018-05-06 12:53:40,1,0,3,0
2018-05-06 11:44:33,7,r/FortNiteBR,62,2018-05-06 12:53:35,1,0,1,0
2018-05-06 11:44:33,7,r/FortNiteBR,63,2018-05-06 13:22:00,0,1,-4,0
2018-05-06 11:44:33,7,r/FortNiteBR,63,2018-05-06 13:22:17,1,0,6,0
2018-05-06 11:44:33,7,r/FortNiteBR,64,2018-05-06 14:04:00,0,1,-1,0
2018-05-06 11:44:33,7,r/FortNiteBR,64,2018-05-06 14:04:49,1,0,1,0
2018-05-06 09:45:08,8,r/gifs,0,2018-05-06 10:21:18,0,8,2537,0
2018-05-06 09:45:08,8,r/gifs,0,2018-05-06 10:51:23,1,8,2310,0
2018-05-06 09:45:08,8,r/gifs,0,2018-05-06 10:59:26,2,3,224,0
2018-05-06 09:45:08,8,r/gifs,0,2018-05-06 13:04:11,3,1,80,0
2018-05-06 09:45:08,8,r/gifs,0,2018-05-06 13:46:59,4,1,1,0
2018-05-06 09:45:08,8,r/gifs,0,2018-05-06 13:55:44,5,1,1,0
2018-05-06 09:45:08,8,r/gifs,0,2018-05-06 14:01:53,6,1,1,0
2018-05-06 09:45:08,8,r/gifs,0,2018-05-06 14:08:37,7,0,1,0
2018-05-06 09:45:08,8,r/gifs,0,2018-05-06 14:03:48,3,1,1,0
2018-05-06 09:45:08,8,r/gifs,0,2018-05-06 14:15:56,4,1,1,0
2018-05-06 09:45:08,8,r/gifs,0,2018-05-06 14:17:21,5,1,1,0
2018-05-06 09:45:08,8,r/gifs,0,2018-05-06 14:28:21,6,0,1,0
2018-05-06 09:45:08,8,r/gifs,0,2018-05-06 14:31:27,3,0,1,0
2018-05-06 09:45:08,8,r/gifs,0,2018-05-06 14:11:41,2,0,1,0
2018-05-06 09:45:08,8,r/gifs,0,2018-05-06 12:33:04,2,0,10,0
2018-05-06 09:45:08,8,r/gifs,0,2018-05-06 14:11:47,2,0,1,0
2018-05-06 09:45:08,8,r/gifs,0,2018-05-06 13:11:46,2,0,1,0
2018-05-06 09:45:08,8,r/gifs,0,2018-05-06 14:46:18,2,0,1,0
2018-05-06 09:45:08,8,r/gifs,0,2018-05-06 15:05:01,2,0,1,0
2018-05-06 09:45:08,8,r/gifs,0,2018-05-06 15:05:37,2,0,1,0
2018-05-06 09:45:08,8,r/gifs,0,2018-05-06 14:07:47,1,4,1,0
2018-05-06 09:45:08,8,r/gifs,0,2018-05-06 14:16:30,2,0,1,0
2018-05-06 09:45:08,8,r/gifs,0,2018-05-06 14:22:46,2,1,1,0
2018-05-06 09:45:08,8,r/gifs,0,2018-05-06 14:44:10,3,0,1,0
2018-05-06 09:45:08,8,r/gifs,0,2018-05-06 14:27:35,2,5,1,0
2018-05-06 09:45:08,8,r/gifs,0,2018-05-06 14:35:22,3,1,1,0
2018-05-06 09:45:08,8,r/gifs,0,2018-05-06 14:45:53,4,0,1,0
2018-05-06 09:45:08,8,r/gifs,0,2018-05-06 14:36:12,3,0,1,0
2018-05-06 09:45:08,8,r/gifs,0,2018-05-06 14:40:20,3,0,1,0
2018-05-06 09:45:08,8,r/gifs,0,2018-05-06 14:57:02,3,0,1,0
2018-05-06 09:45:08,8,r/gifs,0,2018-05-06 14:40:12,3,0,1,0
2018-05-06 09:45:08,8,r/gifs,0,2018-05-06 14:28:33,2,0,1,0
2018-05-06 09:45:08,8,r/gifs,0,2018-05-06 14:13:57,1,0,1,0
2018-05-06 09:45:08,8,r/gifs,0,2018-05-06 12:29:31,1,0,28,0
2018-05-06 09:45:08,8,r/gifs,0,2018-05-06 13:52:19,1,0,1,0
2018-05-06 09:45:08,8,r/gifs,0,2018-05-06 14:10:07,1,0,1,0
2018-05-06 09:45:08,8,r/gifs,0,2018-05-06 14:19:18,1,0,1,0
2018-05-06 09:45:08,8,r/gifs,0,2018-05-06 14:12:12,1,1,1,0
2018-05-06 09:45:08,8,r/gifs,0,2018-05-06 14:19:12,2,0,1,0
2018-05-06 09:45:08,8,r/gifs,1,2018-05-06 11:16:12,0,9,2014,0
2018-05-06 09:45:08,8,r/gifs,1,2018-05-06 13:58:10,1,1,1,0
2018-05-06 09:45:08,8,r/gifs,1,2018-05-06 14:40:41,2,1,1,0
2018-05-06 09:45:08,8,r/gifs,1,2018-05-06 14:41:49,3,1,1,0
2018-05-06 09:45:08,8,r/gifs,1,2018-05-06 14:44:37,4,1,1,0
2018-05-06 09:45:08,8,r/gifs,1,2018-05-06 14:56:19,5,1,1,0
2018-05-06 09:45:08,8,r/gifs,1,2018-05-06 15:08:47,6,0,1,0
2018-05-06 09:45:08,8,r/gifs,1,2018-05-06 14:07:15,1,4,1,0
2018-05-06 09:45:08,8,r/gifs,1,2018-05-06 14:13:12,2,2,1,0
2018-05-06 09:45:08,8,r/gifs,1,2018-05-06 14:27:47,3,1,1,0
2018-05-06 09:45:08,8,r/gifs,1,2018-05-06 14:46:20,4,2,1,0
2018-05-06 09:45:08,8,r/gifs,1,2018-05-06 14:58:20,5,0,1,0
2018-05-06 09:45:08,8,r/gifs,1,2018-05-06 14:57:19,5,0,1,0
2018-05-06 09:45:08,8,r/gifs,1,2018-05-06 15:01:26,3,0,1,0
2018-05-06 09:45:08,8,r/gifs,1,2018-05-06 14:34:22,2,0,1,0
2018-05-06 09:45:08,8,r/gifs,1,2018-05-06 14:22:37,2,1,1,0
2018-05-06 09:45:08,8,r/gifs,1,2018-05-06 14:44:26,3,0,1,0
2018-05-06 09:45:08,8,r/gifs,1,2018-05-06 15:07:03,2,0,1,0
2018-05-06 09:45:08,8,r/gifs,1,2018-05-06 14:12:07,1,0,1,0
2018-05-06 09:45:08,8,r/gifs,1,2018-05-06 14:33:03,1,0,1,0
2018-05-06 09:45:08,8,r/gifs,1,2018-05-06 14:38:45,1,2,1,0
2018-05-06 09:45:08,8,r/gifs,1,2018-05-06 14:42:37,2,0,1,0
2018-05-06 09:45:08,8,r/gifs,1,2018-05-06 14:51:33,2,0,1,0
2018-05-06 09:45:08,8,r/gifs,1,2018-05-06 14:13:29,1,0,1,0
2018-05-06 09:45:08,8,r/gifs,1,2018-05-06 14:46:51,1,1,1,0
2018-05-06 09:45:08,8,r/gifs,1,2018-05-06 14:52:57,2,0,1,0
2018-05-06 09:45:08,8,r/gifs,1,2018-05-06 14:56:22,1,0,1,0
2018-05-06 09:45:08,8,r/gifs,1,2018-05-06 15:08:11,1,0,1,0
2018-05-06 09:45:08,8,r/gifs,2,2018-05-06 10:54:08,0,10,1025,0
2018-05-06 09:45:08,8,r/gifs,2,2018-05-06 11:38:30,1,2,417,0
2018-05-06 09:45:08,8,r/gifs,2,2018-05-06 13:14:00,2,3,104,0
2018-05-06 09:45:08,8,r/gifs,2,2018-05-06 13:35:58,3,1,1,0
2018-05-06 09:45:08,8,r/gifs,2,2018-05-06 13:51:31,4,1,1,0
2018-05-06 09:45:08,8,r/gifs,2,2018-05-06 13:59:19,5,1,1,0
2018-05-06 09:45:08,8,r/gifs,2,2018-05-06 14:19:49,6,0,1,0
2018-05-06 09:45:08,8,r/gifs,2,2018-05-06 14:53:24,3,1,1,0
2018-05-06 09:45:08,8,r/gifs,2,2018-05-06 14:56:16,4,0,1,0
2018-05-06 09:45:08,8,r/gifs,2,2018-05-06 14:03:09,3,0,1,0
2018-05-06 09:45:08,8,r/gifs,2,2018-05-06 14:05:51,2,0,1,0
2018-05-06 09:45:08,8,r/gifs,2,2018-05-06 12:29:07,1,0,9,0
2018-05-06 09:45:08,8,r/gifs,2,2018-05-06 13:10:57,1,2,23,0
2018-05-06 09:45:08,8,r/gifs,2,2018-05-06 14:03:23,2,2,1,0
2018-05-06 09:45:08,8,r/gifs,2,2018-05-06 14:14:02,3,0,1,0
2018-05-06 09:45:08,8,r/gifs,2,2018-05-06 14:26:24,3,0,1,0
2018-05-06 09:45:08,8,r/gifs,2,2018-05-06 14:27:52,2,0,1,0
2018-05-06 09:45:08,8,r/gifs,2,2018-05-06 13:45:30,1,0,1,0
2018-05-06 09:45:08,8,r/gifs,2,2018-05-06 13:52:17,1,0,1,0
2018-05-06 09:45:08,8,r/gifs,2,2018-05-06 14:04:03,1,1,1,0
2018-05-06 09:45:08,8,r/gifs,2,2018-05-06 14:06:23,2,0,1,0
2018-05-06 09:45:08,8,r/gifs,2,2018-05-06 14:18:26,1,0,1,0
2018-05-06 09:45:08,8,r/gifs,2,2018-05-06 14:34:39,1,0,1,0
2018-05-06 09:45:08,8,r/gifs,2,2018-05-06 14:34:41,1,0,1,0
2018-05-06 09:45:08,8,r/gifs,2,2018-05-06 14:56:26,1,0,1,0
2018-05-06 09:45:08,8,r/gifs,3,2018-05-06 10:38:35,0,1,403,0
2018-05-06 09:45:08,8,r/gifs,3,2018-05-06 14:18:49,1,3,1,0
2018-05-06 09:45:08,8,r/gifs,3,2018-05-06 14:40:28,2,0,1,0
2018-05-06 09:45:08,8,r/gifs,3,2018-05-06 14:29:42,2,0,1,0
2018-05-06 09:45:08,8,r/gifs,3,2018-05-06 14:49:44,2,0,1,0
2018-05-06 09:45:08,8,r/gifs,4,2018-05-06 12:24:46,0,4,182,0
2018-05-06 09:45:08,8,r/gifs,4,2018-05-06 13:35:27,1,2,1,0
2018-05-06 09:45:08,8,r/gifs,4,2018-05-06 14:12:03,2,1,1,0
2018-05-06 09:45:08,8,r/gifs,4,2018-05-06 14:14:26,3,2,1,0
2018-05-06 09:45:08,8,r/gifs,4,2018-05-06 14:17:24,4,0,1,0
2018-05-06 09:45:08,8,r/gifs,4,2018-05-06 15:02:53,4,0,1,0
2018-05-06 09:45:08,8,r/gifs,4,2018-05-06 14:41:43,2,0,1,0
2018-05-06 09:45:08,8,r/gifs,4,2018-05-06 14:41:40,1,0,1,0
2018-05-06 09:45:08,8,r/gifs,4,2018-05-06 14:15:40,1,0,1,0
2018-05-06 09:45:08,8,r/gifs,4,2018-05-06 15:06:31,1,0,1,0
2018-05-06 09:45:08,8,r/gifs,5,2018-05-06 10:19:41,0,2,182,0
2018-05-06 09:45:08,8,r/gifs,5,2018-05-06 13:06:58,1,2,43,0
2018-05-06 09:45:08,8,r/gifs,5,2018-05-06 15:04:59,2,0,1,0
2018-05-06 09:45:08,8,r/gifs,5,2018-05-06 13:57:07,2,0,1,0
2018-05-06 09:45:08,8,r/gifs,5,2018-05-06 14:26:47,1,1,1,0
2018-05-06 09:45:08,8,r/gifs,5,2018-05-06 14:47:43,2,0,1,0
2018-05-06 09:45:08,8,r/gifs,6,2018-05-06 11:46:28,0,0,60,0
2018-05-06 09:45:08,8,r/gifs,7,2018-05-06 12:49:43,0,0,51,0
2018-05-06 09:45:08,8,r/gifs,8,2018-05-06 12:03:27,0,3,64,0
2018-05-06 09:45:08,8,r/gifs,8,2018-05-06 12:35:09,1,1,14,0
2018-05-06 09:45:08,8,r/gifs,8,2018-05-06 14:01:49,2,2,1,0
2018-05-06 09:45:08,8,r/gifs,8,2018-05-06 14:12:13,3,1,1,0
2018-05-06 09:45:08,8,r/gifs,8,2018-05-06 14:40:06,4,0,1,0
2018-05-06 09:45:08,8,r/gifs,8,2018-05-06 14:19:06,3,0,1,0
2018-05-06 09:45:08,8,r/gifs,8,2018-05-06 13:57:36,1,1,1,0
2018-05-06 09:45:08,8,r/gifs,8,2018-05-06 14:06:44,2,0,1,0
2018-05-06 09:45:08,8,r/gifs,8,2018-05-06 14:03:29,1,0,1,0
2018-05-06 09:45:08,8,r/gifs,9,2018-05-06 10:15:09,0,2,219,0
2018-05-06 09:45:08,8,r/gifs,9,2018-05-06 13:38:41,1,1,1,0
2018-05-06 09:45:08,8,r/gifs,9,2018-05-06 14:06:13,2,4,1,0
2018-05-06 09:45:08,8,r/gifs,9,2018-05-06 14:10:12,3,0,1,0
2018-05-06 09:45:08,8,r/gifs,9,2018-05-06 14:10:01,3,3,1,0
2018-05-06 09:45:08,8,r/gifs,9,2018-05-06 14:13:22,4,0,1,0
2018-05-06 09:45:08,8,r/gifs,9,2018-05-06 14:45:14,4,0,1,0
2018-05-06 09:45:08,8,r/gifs,9,2018-05-06 14:35:20,4,0,1,0
2018-05-06 09:45:08,8,r/gifs,9,2018-05-06 14:50:11,3,1,1,0
2018-05-06 09:45:08,8,r/gifs,9,2018-05-06 14:55:16,4,0,1,0
2018-05-06 09:45:08,8,r/gifs,9,2018-05-06 15:04:11,3,0,1,0
2018-05-06 09:45:08,8,r/gifs,9,2018-05-06 14:16:01,1,0,1,0
2018-05-06 09:45:08,8,r/gifs,10,2018-05-06 13:08:52,0,2,18,0
2018-05-06 09:45:08,8,r/gifs,10,2018-05-06 14:54:26,1,0,1,0
2018-05-06 09:45:08,8,r/gifs,10,2018-05-06 15:09:16,1,0,1,0
2018-05-06 09:45:08,8,r/gifs,11,2018-05-06 12:51:18,0,1,13,0
2018-05-06 09:45:08,8,r/gifs,11,2018-05-06 14:06:22,1,0,1,0
2018-05-06 09:45:08,8,r/gifs,12,2018-05-06 14:02:19,0,1,1,0
2018-05-06 09:45:08,8,r/gifs,12,2018-05-06 14:08:31,1,0,1,0
2018-05-06 09:45:08,8,r/gifs,13,2018-05-06 14:06:10,0,0,1,0
2018-05-06 09:45:08,8,r/gifs,14,2018-05-06 14:19:22,0,0,1,0
2018-05-06 09:45:08,8,r/gifs,15,2018-05-06 13:55:28,0,0,1,0
2018-05-06 09:45:08,8,r/gifs,16,2018-05-06 10:49:28,0,1,8,0
2018-05-06 09:45:08,8,r/gifs,16,2018-05-06 14:15:12,1,0,1,0
2018-05-06 09:45:08,8,r/gifs,17,2018-05-06 14:31:32,0,0,1,0
2018-05-06 09:45:08,8,r/gifs,18,2018-05-06 15:06:57,0,0,1,0
2018-05-06 09:45:08,8,r/gifs,19,2018-05-06 11:54:14,0,7,17,0
2018-05-06 09:45:08,8,r/gifs,19,2018-05-06 13:16:38,1,2,32,0
2018-05-06 09:45:08,8,r/gifs,19,2018-05-06 13:37:59,2,0,1,0
2018-05-06 09:45:08,8,r/gifs,19,2018-05-06 14:16:16,2,1,1,0
2018-05-06 09:45:08,8,r/gifs,19,2018-05-06 14:19:54,3,1,1,0
2018-05-06 09:45:08,8,r/gifs,19,2018-05-06 14:35:52,4,1,1,0
2018-05-06 09:45:08,8,r/gifs,19,2018-05-06 14:40:35,5,0,1,0
2018-05-06 09:45:08,8,r/gifs,19,2018-05-06 13:33:10,1,0,1,0
2018-05-06 09:45:08,8,r/gifs,19,2018-05-06 12:49:35,1,1,16,0
2018-05-06 09:45:08,8,r/gifs,19,2018-05-06 13:32:20,2,1,1,0
2018-05-06 09:45:08,8,r/gifs,19,2018-05-06 14:17:55,3,1,1,0
2018-05-06 09:45:08,8,r/gifs,19,2018-05-06 14:23:43,4,2,1,0
2018-05-06 09:45:08,8,r/gifs,19,2018-05-06 14:38:43,5,0,1,0
2018-05-06 09:45:08,8,r/gifs,19,2018-05-06 15:03:49,5,0,1,0
2018-05-06 09:45:08,8,r/gifs,19,2018-05-06 14:07:35,1,1,1,0
2018-05-06 09:45:08,8,r/gifs,19,2018-05-06 14:29:59,2,1,1,0
2018-05-06 09:45:08,8,r/gifs,19,2018-05-06 14:49:03,3,0,1,0
2018-05-06 09:45:08,8,r/gifs,19,2018-05-06 14:07:39,1,1,1,0
2018-05-06 09:45:08,8,r/gifs,19,2018-05-06 14:11:32,2,1,1,0
2018-05-06 09:45:08,8,r/gifs,19,2018-05-06 14:20:25,3,0,1,0
2018-05-06 09:45:08,8,r/gifs,19,2018-05-06 15:03:16,1,0,1,0
2018-05-06 09:45:08,8,r/gifs,19,2018-05-06 12:41:20,1,0,1,0
2018-05-06 09:45:08,8,r/gifs,20,2018-05-06 13:33:11,0,0,1,0
2018-05-06 09:45:08,8,r/gifs,21,2018-05-06 11:11:23,0,0,2,0
2018-05-06 09:45:08,8,r/gifs,22,2018-05-06 12:15:23,0,0,2,0
2018-05-06 09:45:08,8,r/gifs,23,2018-05-06 12:24:09,0,0,2,0
2018-05-06 09:45:08,8,r/gifs,24,2018-05-06 13:49:12,0,1,1,0
2018-05-06 09:45:08,8,r/gifs,24,2018-05-06 14:34:56,1,0,1,0
2018-05-06 09:45:08,8,r/gifs,25,2018-05-06 13:49:43,0,0,1,0
2018-05-06 09:45:08,8,r/gifs,26,2018-05-06 13:50:52,0,0,1,0
2018-05-06 09:45:08,8,r/gifs,27,2018-05-06 13:59:16,0,0,1,0
2018-05-06 09:45:08,8,r/gifs,28,2018-05-06 14:02:37,0,0,1,0
2018-05-06 09:45:08,8,r/gifs,29,2018-05-06 14:04:18,0,0,1,0
2018-05-06 09:45:08,8,r/gifs,30,2018-05-06 14:06:54,0,1,1,0
2018-05-06 09:45:08,8,r/gifs,30,2018-05-06 14:50:46,1,0,1,0
2018-05-06 09:45:08,8,r/gifs,31,2018-05-06 14:08:18,0,0,1,0
2018-05-06 09:45:08,8,r/gifs,32,2018-05-06 14:09:04,0,1,1,0
2018-05-06 09:45:08,8,r/gifs,32,2018-05-06 14:55:25,1,1,1,0
2018-05-06 09:45:08,8,r/gifs,32,2018-05-06 15:03:29,2,0,1,0
2018-05-06 09:45:08,8,r/gifs,33,2018-05-06 14:09:42,0,2,1,0
2018-05-06 09:45:08,8,r/gifs,33,2018-05-06 14:11:30,1,1,1,0
2018-05-06 09:45:08,8,r/gifs,33,2018-05-06 14:14:54,2,0,1,0
2018-05-06 09:45:08,8,r/gifs,33,2018-05-06 14:23:50,1,1,1,0
2018-05-06 09:45:08,8,r/gifs,33,2018-05-06 14:24:56,2,0,1,0
2018-05-06 09:45:08,8,r/gifs,34,2018-05-06 14:12:12,0,0,1,0
2018-05-06 09:45:08,8,r/gifs,35,2018-05-06 14:16:45,0,0,1,0
2018-05-06 09:45:08,8,r/gifs,36,2018-05-06 14:27:44,0,0,1,0
2018-05-06 09:45:08,8,r/gifs,37,2018-05-06 14:31:39,0,0,1,0
2018-05-06 09:45:08,8,r/gifs,38,2018-05-06 14:32:12,0,0,1,0
2018-05-06 09:45:08,8,r/gifs,39,2018-05-06 14:43:32,0,0,1,0
2018-05-06 09:45:08,8,r/gifs,40,2018-05-06 14:51:21,0,0,1,0
2018-05-06 09:45:08,8,r/gifs,41,2018-05-06 13:47:27,0,0,1,0
2018-05-06 09:45:08,8,r/gifs,42,2018-05-06 11:55:42,0,0,1,0
2018-05-06 09:45:08,8,r/gifs,43,2018-05-06 12:16:00,0,0,1,0
2018-05-06 09:45:08,8,r/gifs,44,2018-05-06 12:27:14,0,0,1,0
2018-05-06 09:45:08,8,r/gifs,45,2018-05-06 12:48:12,0,0,1,0
2018-05-06 09:45:08,8,r/gifs,46,2018-05-06 12:57:30,0,0,1,0
2018-05-06 09:45:08,8,r/gifs,47,2018-05-06 13:03:15,0,0,1,0
2018-05-06 09:45:08,8,r/gifs,48,2018-05-06 13:44:31,0,0,1,0
2018-05-06 09:45:08,8,r/gifs,49,2018-05-06 13:45:03,0,0,1,0
2018-05-06 09:45:08,8,r/gifs,50,2018-05-06 13:45:04,0,0,1,0
2018-05-06 09:45:08,8,r/gifs,51,2018-05-06 13:49:18,0,0,1,0
2018-05-06 09:45:08,8,r/gifs,52,2018-05-06 13:49:19,0,0,1,0
2018-05-06 09:45:08,8,r/gifs,53,2018-05-06 13:52:38,0,0,1,0
2018-05-06 09:45:08,8,r/gifs,54,2018-05-06 13:53:45,0,0,1,0
2018-05-06 09:45:08,8,r/gifs,55,2018-05-06 13:55:12,0,0,1,0
2018-05-06 09:45:08,8,r/gifs,56,2018-05-06 13:55:43,0,0,1,0
2018-05-06 09:45:08,8,r/gifs,57,2018-05-06 13:58:09,0,0,1,0
2018-05-06 09:45:08,8,r/gifs,58,2018-05-06 13:58:57,0,0,1,0
2018-05-06 09:45:08,8,r/gifs,59,2018-05-06 14:01:51,0,0,1,0
2018-05-06 09:45:08,8,r/gifs,60,2018-05-06 14:02:19,0,0,1,0
2018-05-06 09:45:08,8,r/gifs,61,2018-05-06 14:03:59,0,0,1,0
2018-05-06 09:45:08,8,r/gifs,62,2018-05-06 14:06:10,0,0,1,0
2018-05-06 09:45:08,8,r/gifs,63,2018-05-06 14:07:36,0,0,1,0
2018-05-06 09:45:08,8,r/gifs,64,2018-05-06 14:08:30,0,0,1,0
2018-05-06 09:45:08,8,r/gifs,65,2018-05-06 14:09:10,0,0,1,0
2018-05-06 09:45:08,8,r/gifs,66,2018-05-06 14:09:11,0,0,1,0
2018-05-06 09:45:08,8,r/gifs,67,2018-05-06 14:09:14,0,0,1,0
2018-05-06 09:45:08,8,r/gifs,68,2018-05-06 14:09:38,0,1,1,0
2018-05-06 09:45:08,8,r/gifs,68,2018-05-06 14:18:44,1,0,1,0
2018-05-06 09:45:08,8,r/gifs,69,2018-05-06 14:10:48,0,0,1,0
2018-05-06 09:45:08,8,r/gifs,70,2018-05-06 14:11:05,0,0,1,0
2018-05-06 09:45:08,8,r/gifs,71,2018-05-06 14:11:44,0,0,1,0
2018-05-06 09:45:08,8,r/gifs,72,2018-05-06 14:12:24,0,0,1,0
2018-05-06 09:45:08,8,r/gifs,73,2018-05-06 14:16:55,0,0,1,0
2018-05-06 09:45:08,8,r/gifs,74,2018-05-06 14:17:10,0,0,1,0
2018-05-06 09:45:08,8,r/gifs,75,2018-05-06 14:18:20,0,0,1,0
2018-05-06 09:45:08,8,r/gifs,76,2018-05-06 14:20:27,0,0,1,0
2018-05-06 09:45:08,8,r/gifs,77,2018-05-06 14:20:29,0,0,1,0
2018-05-06 09:45:08,8,r/gifs,78,2018-05-06 14:21:06,0,0,1,0
2018-05-06 09:45:08,8,r/gifs,79,2018-05-06 14:23:20,0,0,1,0
2018-05-06 09:45:08,8,r/gifs,80,2018-05-06 14:23:23,0,0,1,0
2018-05-06 09:45:08,8,r/gifs,81,2018-05-06 14:23:49,0,0,1,0
2018-05-06 09:45:08,8,r/gifs,82,2018-05-06 14:24:05,0,0,1,0
2018-05-06 09:45:08,8,r/gifs,83,2018-05-06 14:24:23,0,0,1,0
2018-05-06 09:45:08,8,r/gifs,84,2018-05-06 14:25:14,0,0,1,0
2018-05-06 09:45:08,8,r/gifs,85,2018-05-06 14:25:48,0,0,1,0
2018-05-06 09:45:08,8,r/gifs,86,2018-05-06 14:26:09,0,0,1,0
2018-05-06 09:45:08,8,r/gifs,87,2018-05-06 14:26:33,0,0,1,0
2018-05-06 09:45:08,8,r/gifs,88,2018-05-06 14:26:39,0,0,1,0
2018-05-06 09:45:08,8,r/gifs,89,2018-05-06 14:27:14,0,0,1,0
2018-05-06 09:45:08,8,r/gifs,90,2018-05-06 14:27:24,0,0,1,0
2018-05-06 09:45:08,8,r/gifs,91,2018-05-06 14:27:43,0,0,1,0
2018-05-06 09:45:08,8,r/gifs,92,2018-05-06 14:28:29,0,0,1,0
2018-05-06 09:45:08,8,r/gifs,93,2018-05-06 14:29:01,0,0,1,0
2018-05-06 09:45:08,8,r/gifs,94,2018-05-06 14:29:17,0,0,1,0
2018-05-06 09:45:08,8,r/gifs,95,2018-05-06 14:29:21,0,0,1,0
2018-05-06 09:45:08,8,r/gifs,96,2018-05-06 14:30:30,0,0,1,0
2018-05-06 09:45:08,8,r/gifs,97,2018-05-06 14:31:37,0,0,1,0
2018-05-06 09:45:08,8,r/gifs,98,2018-05-06 14:32:39,0,0,1,0
2018-05-06 09:45:08,8,r/gifs,99,2018-05-06 14:32:49,0,0,1,0
2018-05-06 09:45:08,8,r/gifs,100,2018-05-06 14:33:18,0,0,1,0
2018-05-06 09:45:08,8,r/gifs,101,2018-05-06 14:35:45,0,0,1,0
2018-05-06 09:45:08,8,r/gifs,102,2018-05-06 14:36:06,0,0,1,0
2018-05-06 09:45:08,8,r/gifs,103,2018-05-06 14:36:12,0,0,1,0
2018-05-06 09:45:08,8,r/gifs,104,2018-05-06 14:37:15,0,0,1,0
2018-05-06 09:45:08,8,r/gifs,105,2018-05-06 14:37:37,0,0,1,0
2018-05-06 09:45:08,8,r/gifs,106,2018-05-06 14:37:39,0,1,1,0
2018-05-06 09:45:08,8,r/gifs,106,2018-05-06 14:56:11,1,0,1,0
2018-05-06 09:45:08,8,r/gifs,107,2018-05-06 14:37:50,0,0,1,0
2018-05-06 09:45:08,8,r/gifs,108,2018-05-06 14:37:59,0,0,1,0
2018-05-06 09:45:08,8,r/gifs,109,2018-05-06 14:38:16,0,0,1,0
2018-05-06 09:45:08,8,r/gifs,110,2018-05-06 14:38:49,0,0,1,0
2018-05-06 09:45:08,8,r/gifs,111,2018-05-06 14:39:06,0,0,1,0
2018-05-06 09:45:08,8,r/gifs,112,2018-05-06 14:39:11,0,0,1,0
2018-05-06 09:45:08,8,r/gifs,113,2018-05-06 14:40:08,0,0,1,0
2018-05-06 09:45:08,8,r/gifs,114,2018-05-06 14:41:28,0,0,1,0
2018-05-06 09:45:08,8,r/gifs,115,2018-05-06 14:42:06,0,0,1,0
2018-05-06 09:45:08,8,r/gifs,116,2018-05-06 14:43:26,0,0,1,0
2018-05-06 09:45:08,8,r/gifs,117,2018-05-06 14:44:02,0,0,1,0
2018-05-06 09:45:08,8,r/gifs,118,2018-05-06 14:45:21,0,0,1,0
2018-05-06 09:45:08,8,r/gifs,119,2018-05-06 14:45:30,0,0,1,0
2018-05-06 09:45:08,8,r/gifs,120,2018-05-06 14:45:30,0,0,1,0
2018-05-06 09:45:08,8,r/gifs,121,2018-05-06 14:47:04,0,0,1,0
2018-05-06 09:45:08,8,r/gifs,122,2018-05-06 14:49:06,0,0,1,0
2018-05-06 09:45:08,8,r/gifs,123,2018-05-06 14:49:26,0,0,1,0
2018-05-06 09:45:08,8,r/gifs,124,2018-05-06 14:49:45,0,0,1,0
2018-05-06 09:45:08,8,r/gifs,125,2018-05-06 14:50:13,0,0,1,0
2018-05-06 09:45:08,8,r/gifs,126,2018-05-06 14:50:35,0,0,1,0
2018-05-06 09:45:08,8,r/gifs,127,2018-05-06 14:51:13,0,0,1,0
2018-05-06 09:45:08,8,r/gifs,128,2018-05-06 14:51:31,0,0,1,0
2018-05-06 09:45:08,8,r/gifs,129,2018-05-06 14:52:46,0,0,1,0
2018-05-06 09:45:08,8,r/gifs,130,2018-05-06 14:54:06,0,0,1,0
2018-05-06 09:45:08,8,r/gifs,131,2018-05-06 14:56:04,0,0,1,0
2018-05-06 09:45:08,8,r/gifs,132,2018-05-06 14:56:08,0,0,1,0
2018-05-06 09:45:08,8,r/gifs,133,2018-05-06 14:56:32,0,0,1,0
2018-05-06 09:45:08,8,r/gifs,134,2018-05-06 14:56:49,0,0,1,0
2018-05-06 09:45:08,8,r/gifs,135,2018-05-06 14:57:06,0,0,1,0
2018-05-06 09:45:08,8,r/gifs,136,2018-05-06 14:57:09,0,0,1,0
2018-05-06 09:45:08,8,r/gifs,137,2018-05-06 14:57:26,0,0,1,0
2018-05-06 09:45:08,8,r/gifs,138,2018-05-06 14:57:30,0,0,1,0
2018-05-06 09:45:08,8,r/gifs,139,2018-05-06 14:58:32,0,0,1,0
2018-05-06 09:45:08,8,r/gifs,140,2018-05-06 14:59:23,0,0,1,0
2018-05-06 09:45:08,8,r/gifs,141,2018-05-06 14:59:23,0,0,1,0
2018-05-06 09:45:08,8,r/gifs,142,2018-05-06 14:59:55,0,0,1,0
2018-05-06 09:45:08,8,r/gifs,143,2018-05-06 15:00:53,0,0,1,0
2018-05-06 09:45:08,8,r/gifs,144,2018-05-06 15:01:02,0,0,1,0
2018-05-06 09:45:08,8,r/gifs,145,2018-05-06 15:01:34,0,0,1,0
2018-05-06 09:45:08,8,r/gifs,146,2018-05-06 15:01:58,0,0,1,0
2018-05-06 09:45:08,8,r/gifs,147,2018-05-06 15:03:05,0,0,1,0
2018-05-06 09:45:08,8,r/gifs,148,2018-05-06 15:03:26,0,0,1,0
2018-05-06 09:45:08,8,r/gifs,149,2018-05-06 15:04:13,0,0,1,0
2018-05-06 09:45:08,8,r/gifs,150,2018-05-06 15:04:18,0,0,1,0
2018-05-06 09:45:08,8,r/gifs,151,2018-05-06 15:04:29,0,0,1,0
2018-05-06 09:45:08,8,r/gifs,152,2018-05-06 15:05:23,0,0,1,0
2018-05-06 09:45:08,8,r/gifs,153,2018-05-06 15:05:40,0,0,1,0
2018-05-06 09:45:08,8,r/gifs,154,2018-05-06 15:05:52,0,0,1,0
2018-05-06 09:45:08,8,r/gifs,155,2018-05-06 15:06:37,0,0,1,0
2018-05-06 09:45:08,8,r/gifs,156,2018-05-06 15:06:40,0,0,1,0
2018-05-06 09:45:08,8,r/gifs,157,2018-05-06 15:06:42,0,0,1,0
2018-05-06 09:45:08,8,r/gifs,158,2018-05-06 15:06:45,0,0,1,0
2018-05-06 09:45:08,8,r/gifs,159,2018-05-06 15:08:29,0,0,1,0
2018-05-06 09:45:08,8,r/gifs,160,2018-05-06 15:09:16,0,0,1,0
2018-05-06 09:45:08,8,r/gifs,161,2018-05-06 15:09:23,0,0,1,0
2018-05-06 09:45:08,8,r/gifs,162,2018-05-06 12:45:34,0,0,1,0
2018-05-06 09:45:08,8,r/gifs,163,2018-05-06 13:37:13,0,0,1,0
2018-05-06 09:45:08,8,r/gifs,164,2018-05-06 14:13:25,0,0,1,0
2018-05-06 09:45:08,8,r/gifs,165,2018-05-06 13:25:43,0,0,0,0
2018-05-06 09:45:08,8,r/gifs,166,2018-05-06 13:36:44,0,0,1,0
2018-05-06 09:45:08,8,r/gifs,167,2018-05-06 10:58:43,0,0,-6,0
2018-05-06 09:45:08,8,r/gifs,168,2018-05-06 13:20:35,0,0,0,0
2018-05-06 09:45:08,8,r/gifs,169,2018-05-06 13:28:16,0,0,0,0
2018-05-06 09:45:08,8,r/gifs,170,2018-05-06 13:36:39,0,0,1,0
2018-05-06 09:45:08,8,r/gifs,171,2018-05-06 13:41:45,0,0,1,0
2018-05-06 09:45:08,8,r/gifs,172,2018-05-06 13:43:34,0,0,1,0
2018-05-06 09:45:08,8,r/gifs,173,2018-05-06 14:19:57,0,0,1,0
2018-05-06 09:45:08,8,r/gifs,174,2018-05-06 10:41:09,0,2,-20,0
2018-05-06 09:45:08,8,r/gifs,174,2018-05-06 12:19:54,1,0,3,0
2018-05-06 09:45:08,8,r/gifs,174,2018-05-06 14:02:37,1,0,1,0
2018-05-06 09:45:08,8,r/gifs,175,2018-05-06 14:22:52,0,0,1,0
2018-05-06 10:29:54,9,r/videos,0,2018-05-06 11:44:08,0,5,1904,0
2018-05-06 10:29:54,9,r/videos,0,2018-05-06 14:08:11,1,1,1,0
2018-05-06 10:29:54,9,r/videos,0,2018-05-06 14:51:11,2,0,1,0
2018-05-06 10:29:54,9,r/videos,0,2018-05-06 11:58:13,1,0,83,0
2018-05-06 10:29:54,9,r/videos,0,2018-05-06 14:14:16,1,1,1,0
2018-05-06 10:29:54,9,r/videos,0,2018-05-06 15:08:15,2,0,1,0
2018-05-06 10:29:54,9,r/videos,0,2018-05-06 14:55:02,1,0,1,0
2018-05-06 10:29:54,9,r/videos,0,2018-05-06 15:04:15,1,0,1,0
2018-05-06 10:29:54,9,r/videos,1,2018-05-06 10:53:41,0,2,877,0
2018-05-06 10:29:54,9,r/videos,1,2018-05-06 12:34:26,1,2,221,0
2018-05-06 10:29:54,9,r/videos,1,2018-05-06 14:23:48,2,1,1,0
2018-05-06 10:29:54,9,r/videos,1,2018-05-06 15:02:15,3,0,1,0
2018-05-06 10:29:54,9,r/videos,1,2018-05-06 14:54:54,2,0,1,0
2018-05-06 10:29:54,9,r/videos,1,2018-05-06 15:08:47,1,0,1,0
2018-05-06 10:29:54,9,r/videos,2,2018-05-06 13:57:23,0,5,1,0
2018-05-06 10:29:54,9,r/videos,2,2018-05-06 14:15:10,1,0,1,0
2018-05-06 10:29:54,9,r/videos,2,2018-05-06 14:24:15,1,1,1,0
2018-05-06 10:29:54,9,r/videos,2,2018-05-06 14:31:09,2,0,1,0
2018-05-06 10:29:54,9,r/videos,2,2018-05-06 14:13:43,1,1,1,0
2018-05-06 10:29:54,9,r/videos,2,2018-05-06 14:27:11,2,4,1,0
2018-05-06 10:29:54,9,r/videos,2,2018-05-06 14:46:08,3,0,1,0
2018-05-06 10:29:54,9,r/videos,2,2018-05-06 14:51:34,3,0,1,0
2018-05-06 10:29:54,9,r/videos,2,2018-05-06 15:05:52,3,0,1,0
2018-05-06 10:29:54,9,r/videos,2,2018-05-06 14:59:05,3,0,1,0
2018-05-06 10:29:54,9,r/videos,2,2018-05-06 14:37:19,1,2,1,0
2018-05-06 10:29:54,9,r/videos,2,2018-05-06 14:41:06,2,0,1,0
2018-05-06 10:29:54,9,r/videos,2,2018-05-06 14:59:52,2,1,1,0
2018-05-06 10:29:54,9,r/videos,2,2018-05-06 15:04:27,3,0,1,0
2018-05-06 10:29:54,9,r/videos,2,2018-05-06 14:22:11,1,1,1,0
2018-05-06 10:29:54,9,r/videos,2,2018-05-06 15:09:24,2,0,1,0
2018-05-06 10:29:54,9,r/videos,3,2018-05-06 12:10:34,0,2,580,0
2018-05-06 10:29:54,9,r/videos,3,2018-05-06 14:04:27,1,1,1,0
2018-05-06 10:29:54,9,r/videos,3,2018-05-06 14:26:26,2,0,1,0
2018-05-06 10:29:54,9,r/videos,3,2018-05-06 14:09:37,1,10,1,0
2018-05-06 10:29:54,9,r/videos,3,2018-05-06 14:14:59,2,0,1,0
2018-05-06 10:29:54,9,r/videos,3,2018-05-06 14:15:35,2,3,1,0
2018-05-06 10:29:54,9,r/videos,3,2018-05-06 14:24:34,3,3,1,0
2018-05-06 10:29:54,9,r/videos,3,2018-05-06 14:52:05,4,0,1,0
2018-05-06 10:29:54,9,r/videos,3,2018-05-06 14:46:45,4,0,1,0
2018-05-06 10:29:54,9,r/videos,3,2018-05-06 15:06:59,4,0,1,0
2018-05-06 10:29:54,9,r/videos,3,2018-05-06 14:35:21,3,3,1,0
2018-05-06 10:29:54,9,r/videos,3,2018-05-06 14:43:39,4,0,1,0
2018-05-06 10:29:54,9,r/videos,3,2018-05-06 14:53:03,4,0,1,0
2018-05-06 10:29:54,9,r/videos,3,2018-05-06 15:04:56,4,0,1,0
2018-05-06 10:29:54,9,r/videos,3,2018-05-06 15:06:18,3,0,1,0
2018-05-06 10:29:54,9,r/videos,3,2018-05-06 14:14:43,2,1,1,0
2018-05-06 10:29:54,9,r/videos,3,2018-05-06 14:18:36,3,4,1,0
2018-05-06 10:29:54,9,r/videos,3,2018-05-06 14:29:41,4,0,1,0
2018-05-06 10:29:54,9,r/videos,3,2018-05-06 14:21:43,4,1,1,0
2018-05-06 10:29:54,9,r/videos,3,2018-05-06 14:27:47,5,1,1,0
2018-05-06 10:29:54,9,r/videos,3,2018-05-06 14:31:21,6,1,1,0
2018-05-06 10:29:54,9,r/videos,3,2018-05-06 14:36:17,7,1,1,0
2018-05-06 10:29:54,9,r/videos,3,2018-05-06 14:40:03,8,0,1,0
2018-05-06 10:29:54,9,r/videos,3,2018-05-06 14:28:29,4,1,1,0
2018-05-06 10:29:54,9,r/videos,3,2018-05-06 14:40:54,5,0,1,0
2018-05-06 10:29:54,9,r/videos,3,2018-05-06 15:05:07,4,0,1,0
2018-05-06 10:29:54,9,r/videos,3,2018-05-06 14:17:06,2,0,1,0
2018-05-06 10:29:54,9,r/videos,3,2018-05-06 14:15:29,2,0,1,0
2018-05-06 10:29:54,9,r/videos,3,2018-05-06 14:16:15,2,0,1,0
2018-05-06 10:29:54,9,r/videos,3,2018-05-06 14:17:59,2,0,1,0
2018-05-06 10:29:54,9,r/videos,3,2018-05-06 14:18:06,2,0,1,0
2018-05-06 10:29:54,9,r/videos,3,2018-05-06 14:19:18,2,0,1,0
2018-05-06 10:29:54,9,r/videos,3,2018-05-06 14:16:05,2,3,1,0
2018-05-06 10:29:54,9,r/videos,3,2018-05-06 14:20:45,3,1,1,0
2018-05-06 10:29:54,9,r/videos,3,2018-05-06 14:27:40,4,0,1,0
2018-05-06 10:29:54,9,r/videos,3,2018-05-06 14:21:09,3,0,1,0
2018-05-06 10:29:54,9,r/videos,3,2018-05-06 14:22:21,3,0,1,0
2018-05-06 10:29:54,9,r/videos,4,2018-05-06 11:07:27,0,0,112,0
2018-05-06 10:29:54,9,r/videos,5,2018-05-06 10:56:36,0,10,482,0
2018-05-06 10:29:54,9,r/videos,5,2018-05-06 11:31:37,1,3,68,0
2018-05-06 10:29:54,9,r/videos,5,2018-05-06 12:04:54,2,2,37,0
2018-05-06 10:29:54,9,r/videos,5,2018-05-06 12:55:04,3,1,34,0
2018-05-06 10:29:54,9,r/videos,5,2018-05-06 14:40:40,4,0,1,0
2018-05-06 10:29:54,9,r/videos,5,2018-05-06 14:44:36,3,0,1,0
2018-05-06 10:29:54,9,r/videos,5,2018-05-06 13:23:30,2,0,6,0
2018-05-06 10:29:54,9,r/videos,5,2018-05-06 11:53:42,2,0,1,0
2018-05-06 10:29:54,9,r/videos,5,2018-05-06 13:21:00,1,3,50,0
2018-05-06 10:29:54,9,r/videos,5,2018-05-06 14:19:41,2,1,1,0
2018-05-06 10:29:54,9,r/videos,5,2018-05-06 14:21:08,3,0,1,0
2018-05-06 10:29:54,9,r/videos,5,2018-05-06 14:11:49,2,2,1,0
2018-05-06 10:29:54,9,r/videos,5,2018-05-06 14:12:42,3,0,1,0
2018-05-06 10:29:54,9,r/videos,5,2018-05-06 14:21:48,3,0,1,0
2018-05-06 10:29:54,9,r/videos,5,2018-05-06 14:23:14,2,3,1,0
2018-05-06 10:29:54,9,r/videos,5,2018-05-06 14:32:09,3,1,1,0
2018-05-06 10:29:54,9,r/videos,5,2018-05-06 14:44:02,4,2,1,0
2018-05-06 10:29:54,9,r/videos,5,2018-05-06 14:52:35,5,2,1,0
2018-05-06 10:29:54,9,r/videos,5,2018-05-06 15:00:45,6,0,1,0
2018-05-06 10:29:54,9,r/videos,5,2018-05-06 15:05:31,6,0,1,0
2018-05-06 10:29:54,9,r/videos,5,2018-05-06 15:02:06,5,0,1,0
2018-05-06 10:29:54,9,r/videos,5,2018-05-06 15:08:42,3,0,1,0
2018-05-06 10:29:54,9,r/videos,5,2018-05-06 15:09:17,3,0,1,0
2018-05-06 10:29:54,9,r/videos,5,2018-05-06 12:33:19,1,1,72,0
2018-05-06 10:29:54,9,r/videos,5,2018-05-06 13:55:59,2,1,1,0
2018-05-06 10:29:54,9,r/videos,5,2018-05-06 14:06:22,3,3,1,0
2018-05-06 10:29:54,9,r/videos,5,2018-05-06 14:11:56,4,1,1,0
2018-05-06 10:29:54,9,r/videos,5,2018-05-06 15:06:57,5,0,1,0
2018-05-06 10:29:54,9,r/videos,5,2018-05-06 14:11:37,4,0,1,0
2018-05-06 10:29:54,9,r/videos,5,2018-05-06 14:24:27,4,0,1,0
2018-05-06 10:29:54,9,r/videos,5,2018-05-06 14:18:18,1,1,1,0
2018-05-06 10:29:54,9,r/videos,5,2018-05-06 14:23:56,2,0,1,0
2018-05-06 10:29:54,9,r/videos,5,2018-05-06 14:20:25,1,0,1,0
2018-05-06 10:29:54,9,r/videos,5,2018-05-06 14:15:33,1,0,1,0
2018-05-06 10:29:54,9,r/videos,5,2018-05-06 14:17:04,1,0,1,0
2018-05-06 10:29:54,9,r/videos,5,2018-05-06 14:39:39,1,0,1,0
2018-05-06 10:29:54,9,r/videos,5,2018-05-06 14:46:51,1,0,1,0
2018-05-06 10:29:54,9,r/videos,5,2018-05-06 15:09:47,1,0,1,0
2018-05-06 10:29:54,9,r/videos,6,2018-05-06 12:10:01,0,0,85,0
2018-05-06 10:29:54,9,r/videos,7,2018-05-06 13:03:28,0,2,38,0
2018-05-06 10:29:54,9,r/videos,7,2018-05-06 14:59:24,1,0,1,0
2018-05-06 10:29:54,9,r/videos,7,2018-05-06 15:00:13,1,0,1,0
2018-05-06 10:29:54,9,r/videos,8,2018-05-06 10:58:38,0,2,662,0
2018-05-06 10:29:54,9,r/videos,8,2018-05-06 13:31:03,1,4,322,0
2018-05-06 10:29:54,9,r/videos,8,2018-05-06 13:34:21,2,6,129,0
2018-05-06 10:29:54,9,r/videos,8,2018-05-06 13:54:08,3,2,1,0
2018-05-06 10:29:54,9,r/videos,8,2018-05-06 14:31:27,4,0,1,0
2018-05-06 10:29:54,9,r/videos,8,2018-05-06 14:24:19,4,2,1,0
2018-05-06 10:29:54,9,r/videos,8,2018-05-06 14:33:04,5,0,1,0
2018-05-06 10:29:54,9,r/videos,8,2018-05-06 14:36:28,5,0,1,0
2018-05-06 10:29:54,9,r/videos,8,2018-05-06 14:08:02,3,1,1,0
2018-05-06 10:29:54,9,r/videos,8,2018-05-06 14:10:30,4,0,1,0
2018-05-06 10:29:54,9,r/videos,8,2018-05-06 14:17:23,3,0,1,0
2018-05-06 10:29:54,9,r/videos,8,2018-05-06 14:25:02,3,0,1,0
2018-05-06 10:29:54,9,r/videos,8,2018-05-06 14:32:55,3,0,1,0
2018-05-06 10:29:54,9,r/videos,8,2018-05-06 14:55:35,3,0,1,0
2018-05-06 10:29:54,9,r/videos,8,2018-05-06 14:04:12,2,0,1,0
2018-05-06 10:29:54,9,r/videos,8,2018-05-06 14:38:31,2,1,1,0
2018-05-06 10:29:54,9,r/videos,8,2018-05-06 14:43:39,3,1,1,0
2018-05-06 10:29:54,9,r/videos,8,2018-05-06 15:08:48,4,0,1,0
2018-05-06 10:29:54,9,r/videos,8,2018-05-06 14:53:59,2,0,1,0
2018-05-06 10:29:54,9,r/videos,8,2018-05-06 11:47:20,1,1,33,0
2018-05-06 10:29:54,9,r/videos,8,2018-05-06 11:49:57,2,1,26,0
2018-05-06 10:29:54,9,r/videos,8,2018-05-06 11:50:59,3,1,14,0
2018-05-06 10:29:54,9,r/videos,8,2018-05-06 14:55:06,4,0,1,0
2018-05-06 10:29:54,9,r/videos,9,2018-05-06 11:26:07,0,1,41,0
2018-05-06 10:29:54,9,r/videos,9,2018-05-06 14:17:16,1,0,1,0
2018-05-06 10:29:54,9,r/videos,10,2018-05-06 13:55:46,0,0,1,0
2018-05-06 10:29:54,9,r/videos,11,2018-05-06 13:24:59,0,0,40,0
2018-05-06 10:29:54,9,r/videos,12,2018-05-06 13:22:13,0,3,17,0
2018-05-06 10:29:54,9,r/videos,12,2018-05-06 14:00:15,1,0,1,0
2018-05-06 10:29:54,9,r/videos,12,2018-05-06 14:05:41,1,0,1,0
2018-05-06 10:29:54,9,r/videos,12,2018-05-06 14:49:34,1,1,1,0
2018-05-06 10:29:54,9,r/videos,12,2018-05-06 14:55:24,2,1,1,0
2018-05-06 10:29:54,9,r/videos,12,2018-05-06 14:57:22,3,1,1,0
2018-05-06 10:29:54,9,r/videos,12,2018-05-06 14:59:20,4,0,1,0
2018-05-06 10:29:54,9,r/videos,13,2018-05-06 12:19:11,0,3,101,0
2018-05-06 10:29:54,9,r/videos,13,2018-05-06 13:33:32,1,0,33,0
2018-05-06 10:29:54,9,r/videos,13,2018-05-06 14:11:14,1,0,1,0
2018-05-06 10:29:54,9,r/videos,13,2018-05-06 14:46:02,1,0,1,0
2018-05-06 10:29:54,9,r/videos,14,2018-05-06 14:07:27,0,2,1,0
2018-05-06 10:29:54,9,r/videos,14,2018-05-06 14:19:50,1,0,1,0
2018-05-06 10:29:54,9,r/videos,14,2018-05-06 14:50:22,1,0,1,0
2018-05-06 10:29:54,9,r/videos,15,2018-05-06 14:03:14,0,2,1,0
2018-05-06 10:29:54,9,r/videos,15,2018-05-06 14:14:12,1,1,1,0
2018-05-06 10:29:54,9,r/videos,15,2018-05-06 14:48:31,2,0,1,0
2018-05-06 10:29:54,9,r/videos,15,2018-05-06 14:53:10,1,0,1,0
2018-05-06 10:29:54,9,r/videos,16,2018-05-06 11:07:51,0,6,300,0
2018-05-06 10:29:54,9,r/videos,16,2018-05-06 11:30:59,1,3,371,0
2018-05-06 10:29:54,9,r/videos,16,2018-05-06 11:36:08,2,4,173,0
2018-05-06 10:29:54,9,r/videos,16,2018-05-06 11:55:50,3,1,27,0
2018-05-06 10:29:54,9,r/videos,16,2018-05-06 12:07:42,4,0,11,0
2018-05-06 10:29:54,9,r/videos,16,2018-05-06 13:43:55,3,1,1,0
2018-05-06 10:29:54,9,r/videos,16,2018-05-06 13:49:27,4,1,1,0
2018-05-06 10:29:54,9,r/videos,16,2018-05-06 13:51:01,5,0,1,0
2018-05-06 10:29:54,9,r/videos,16,2018-05-06 13:21:43,3,0,1,0
2018-05-06 10:29:54,9,r/videos,16,2018-05-06 14:53:04,3,0,1,0
2018-05-06 10:29:54,9,r/videos,16,2018-05-06 12:54:31,2,1,17,0
2018-05-06 10:29:54,9,r/videos,16,2018-05-06 14:35:09,3,4,1,0
2018-05-06 10:29:54,9,r/videos,16,2018-05-06 14:58:45,4,1,1,0
2018-05-06 10:29:54,9,r/videos,16,2018-05-06 15:09:26,5,0,1,0
2018-05-06 10:29:54,9,r/videos,16,2018-05-06 14:45:46,4,0,1,0
2018-05-06 10:29:54,9,r/videos,16,2018-05-06 14:49:50,4,0,1,0
2018-05-06 10:29:54,9,r/videos,16,2018-05-06 14:50:18,4,0,1,0
2018-05-06 10:29:54,9,r/videos,16,2018-05-06 14:11:55,2,0,1,0
2018-05-06 10:29:54,9,r/videos,16,2018-05-06 12:09:55,1,1,58,0
2018-05-06 10:29:54,9,r/videos,16,2018-05-06 12:53:18,2,1,11,0
2018-05-06 10:29:54,9,r/videos,16,2018-05-06 14:10:33,3,0,1,0
2018-05-06 10:29:54,9,r/videos,16,2018-05-06 14:01:21,1,5,1,0
2018-05-06 10:29:54,9,r/videos,16,2018-05-06 14:10:51,2,1,1,0
2018-05-06 10:29:54,9,r/videos,16,2018-05-06 14:16:48,3,1,1,0
2018-05-06 10:29:54,9,r/videos,16,2018-05-06 14:28:54,4,1,1,0
2018-05-06 10:29:54,9,r/videos,16,2018-05-06 14:31:05,5,0,1,0
2018-05-06 10:29:54,9,r/videos,16,2018-05-06 14:48:36,2,1,1,0
2018-05-06 10:29:54,9,r/videos,16,2018-05-06 14:51:51,3,0,1,0
2018-05-06 10:29:54,9,r/videos,16,2018-05-06 14:58:13,2,0,1,0
2018-05-06 10:29:54,9,r/videos,16,2018-05-06 15:04:40,2,0,1,0
2018-05-06 10:29:54,9,r/videos,16,2018-05-06 14:11:32,2,0,1,0
2018-05-06 10:29:54,9,r/videos,16,2018-05-06 14:35:04,1,0,1,0
2018-05-06 10:29:54,9,r/videos,16,2018-05-06 14:27:54,1,0,1,0
2018-05-06 10:29:54,9,r/videos,16,2018-05-06 14:22:54,1,0,1,0
2018-05-06 10:29:54,9,r/videos,17,2018-05-06 13:23:34,0,0,6,0
2018-05-06 10:29:54,9,r/videos,18,2018-05-06 14:23:00,0,0,1,0
2018-05-06 10:29:54,9,r/videos,19,2018-05-06 12:59:46,0,0,13,0
2018-05-06 10:29:54,9,r/videos,20,2018-05-06 14:30:06,0,1,1,0
2018-05-06 10:29:54,9,r/videos,20,2018-05-06 14:50:41,1,0,1,0
2018-05-06 10:29:54,9,r/videos,21,2018-05-06 14:16:30,0,1,1,0
2018-05-06 10:29:54,9,r/videos,21,2018-05-06 14:53:25,1,0,1,0
2018-05-06 10:29:54,9,r/videos,22,2018-05-06 14:18:38,0,0,1,0
2018-05-06 10:29:54,9,r/videos,23,2018-05-06 14:49:18,0,0,1,0
2018-05-06 10:29:54,9,r/videos,24,2018-05-06 11:21:22,0,2,20,0
2018-05-06 10:29:54,9,r/videos,24,2018-05-06 13:02:53,1,0,4,0
2018-05-06 10:29:54,9,r/videos,24,2018-05-06 11:57:29,1,1,-6,0
2018-05-06 10:29:54,9,r/videos,24,2018-05-06 14:26:55,2,0,1,0
2018-05-06 10:29:54,9,r/videos,25,2018-05-06 14:11:17,0,0,1,0
2018-05-06 10:29:54,9,r/videos,26,2018-05-06 14:13:53,0,1,1,0
2018-05-06 10:29:54,9,r/videos,26,2018-05-06 14:54:50,1,0,1,0
2018-05-06 10:29:54,9,r/videos,27,2018-05-06 14:39:01,0,0,1,0
2018-05-06 10:29:54,9,r/videos,28,2018-05-06 14:17:16,0,3,1,0
2018-05-06 10:29:54,9,r/videos,28,2018-05-06 14:25:17,1,4,1,0
2018-05-06 10:29:54,9,r/videos,28,2018-05-06 14:46:58,2,0,1,0
2018-05-06 10:29:54,9,r/videos,28,2018-05-06 15:01:46,2,0,1,0
2018-05-06 10:29:54,9,r/videos,28,2018-05-06 15:06:54,2,0,1,0
2018-05-06 10:29:54,9,r/videos,28,2018-05-06 14:31:45,2,1,1,0
2018-05-06 10:29:54,9,r/videos,28,2018-05-06 14:53:53,3,1,1,0
2018-05-06 10:29:54,9,r/videos,28,2018-05-06 15:03:23,4,1,1,0
2018-05-06 10:29:54,9,r/videos,28,2018-05-06 15:09:49,5,0,1,0
2018-05-06 10:29:54,9,r/videos,28,2018-05-06 14:23:35,1,2,1,0
2018-05-06 10:29:54,9,r/videos,28,2018-05-06 14:28:15,2,0,1,0
2018-05-06 10:29:54,9,r/videos,28,2018-05-06 14:32:40,2,1,1,0
2018-05-06 10:29:54,9,r/videos,28,2018-05-06 14:36:10,3,2,1,0
2018-05-06 10:29:54,9,r/videos,28,2018-05-06 14:50:56,4,0,1,0
2018-05-06 10:29:54,9,r/videos,28,2018-05-06 14:53:34,4,0,1,0
2018-05-06 10:29:54,9,r/videos,28,2018-05-06 14:30:46,1,1,1,0
2018-05-06 10:29:54,9,r/videos,28,2018-05-06 14:37:02,2,1,1,0
2018-05-06 10:29:54,9,r/videos,28,2018-05-06 14:52:47,3,1,1,0
2018-05-06 10:29:54,9,r/videos,28,2018-05-06 14:58:18,4,2,1,0
2018-05-06 10:29:54,9,r/videos,28,2018-05-06 15:03:11,5,0,1,0
2018-05-06 10:29:54,9,r/videos,28,2018-05-06 15:03:16,5,1,1,0
2018-05-06 10:29:54,9,r/videos,28,2018-05-06 15:03:56,6,0,1,0
2018-05-06 10:29:54,9,r/videos,29,2018-05-06 13:13:48,0,8,0,0
2018-05-06 10:29:54,9,r/videos,29,2018-05-06 13:46:28,1,1,1,0
2018-05-06 10:29:54,9,r/videos,29,2018-05-06 13:50:53,2,2,1,0
2018-05-06 10:29:54,9,r/videos,29,2018-05-06 13:58:29,3,2,1,0
2018-05-06 10:29:54,9,r/videos,29,2018-05-06 14:51:25,4,0,1,0
2018-05-06 10:29:54,9,r/videos,29,2018-05-06 14:07:17,4,5,1,0
2018-05-06 10:29:54,9,r/videos,29,2018-05-06 14:08:47,5,1,1,0
2018-05-06 10:29:54,9,r/videos,29,2018-05-06 14:48:29,6,0,1,0
2018-05-06 10:29:54,9,r/videos,29,2018-05-06 14:23:31,5,0,1,0
2018-05-06 10:29:54,9,r/videos,29,2018-05-06 14:13:54,5,0,1,0
2018-05-06 10:29:54,9,r/videos,29,2018-05-06 14:23:56,5,0,1,0
2018-05-06 10:29:54,9,r/videos,29,2018-05-06 14:34:59,5,0,1,0
2018-05-06 10:29:54,9,r/videos,29,2018-05-06 14:54:04,3,0,1,0
2018-05-06 10:29:54,9,r/videos,29,2018-05-06 14:18:00,1,1,1,0
2018-05-06 10:29:54,9,r/videos,29,2018-05-06 14:55:54,2,0,1,0
2018-05-06 10:29:54,9,r/videos,29,2018-05-06 14:02:24,1,2,1,0
2018-05-06 10:29:54,9,r/videos,29,2018-05-06 14:24:47,2,0,1,0
2018-05-06 10:29:54,9,r/videos,29,2018-05-06 14:06:07,2,0,1,0
2018-05-06 10:29:54,9,r/videos,29,2018-05-06 14:25:34,1,2,1,0
2018-05-06 10:29:54,9,r/videos,29,2018-05-06 14:38:26,2,0,1,0
2018-05-06 10:29:54,9,r/videos,29,2018-05-06 14:50:24,2,0,1,0
2018-05-06 10:29:54,9,r/videos,29,2018-05-06 14:32:56,1,0,1,0
2018-05-06 10:29:54,9,r/videos,29,2018-05-06 13:22:10,1,4,1,0
2018-05-06 10:29:54,9,r/videos,29,2018-05-06 13:49:03,2,2,1,0
2018-05-06 10:29:54,9,r/videos,29,2018-05-06 13:56:39,3,2,1,0
2018-05-06 10:29:54,9,r/videos,29,2018-05-06 14:47:16,4,1,1,0
2018-05-06 10:29:54,9,r/videos,29,2018-05-06 14:58:01,5,0,1,0
2018-05-06 10:29:54,9,r/videos,29,2018-05-06 14:26:50,4,0,1,0
2018-05-06 10:29:54,9,r/videos,29,2018-05-06 14:05:45,3,0,1,0
2018-05-06 10:29:54,9,r/videos,29,2018-05-06 14:31:45,2,0,1,0
2018-05-06 10:29:54,9,r/videos,29,2018-05-06 14:37:47,2,0,1,0
2018-05-06 10:29:54,9,r/videos,29,2018-05-06 14:08:53,2,0,1,0
2018-05-06 10:29:54,9,r/videos,29,2018-05-06 14:53:36,1,0,1,0
2018-05-06 10:29:54,9,r/videos,29,2018-05-06 15:00:52,1,0,1,0
2018-05-06 10:29:54,9,r/videos,30,2018-05-06 13:27:20,0,0,2,0
2018-05-06 10:29:54,9,r/videos,31,2018-05-06 14:10:39,0,2,1,0
2018-05-06 10:29:54,9,r/videos,31,2018-05-06 14:57:58,1,0,1,0
2018-05-06 10:29:54,9,r/videos,31,2018-05-06 14:52:17,1,0,1,0
2018-05-06 10:29:54,9,r/videos,32,2018-05-06 14:07:24,0,2,1,0
2018-05-06 10:29:54,9,r/videos,32,2018-05-06 14:17:47,1,1,1,0
2018-05-06 10:29:54,9,r/videos,32,2018-05-06 14:17:52,2,0,1,0
2018-05-06 10:29:54,9,r/videos,32,2018-05-06 14:25:57,1,1,1,0
2018-05-06 10:29:54,9,r/videos,32,2018-05-06 15:09:54,2,0,1,0
2018-05-06 10:29:54,9,r/videos,33,2018-05-06 14:10:01,0,4,1,0
2018-05-06 10:29:54,9,r/videos,33,2018-05-06 14:15:08,1,0,1,0
2018-05-06 10:29:54,9,r/videos,33,2018-05-06 14:55:04,1,0,1,0
2018-05-06 10:29:54,9,r/videos,33,2018-05-06 14:16:45,1,2,1,0
2018-05-06 10:29:54,9,r/videos,33,2018-05-06 14:21:00,2,2,1,0
2018-05-06 10:29:54,9,r/videos,33,2018-05-06 14:33:56,3,0,1,0
2018-05-06 10:29:54,9,r/videos,33,2018-05-06 14:26:11,3,2,1,0
2018-05-06 10:29:54,9,r/videos,33,2018-05-06 14:30:06,4,2,1,0
2018-05-06 10:29:54,9,r/videos,33,2018-05-06 15:00:59,5,1,1,0
2018-05-06 10:29:54,9,r/videos,33,2018-05-06 15:06:57,6,0,1,0
2018-05-06 10:29:54,9,r/videos,33,2018-05-06 14:46:58,5,2,1,0
2018-05-06 10:29:54,9,r/videos,33,2018-05-06 14:56:39,6,0,1,0
2018-05-06 10:29:54,9,r/videos,33,2018-05-06 14:57:38,6,2,1,0
2018-05-06 10:29:54,9,r/videos,33,2018-05-06 15:02:48,7,0,1,0
2018-05-06 10:29:54,9,r/videos,33,2018-05-06 15:01:21,7,0,1,0
2018-05-06 10:29:54,9,r/videos,33,2018-05-06 14:58:28,4,0,1,0
2018-05-06 10:29:54,9,r/videos,33,2018-05-06 15:00:11,2,1,1,0
2018-05-06 10:29:54,9,r/videos,33,2018-05-06 15:03:30,3,0,1,0
2018-05-06 10:29:54,9,r/videos,33,2018-05-06 15:06:13,1,0,1,0
2018-05-06 10:29:54,9,r/videos,34,2018-05-06 14:00:26,0,0,1,0
2018-05-06 10:29:54,9,r/videos,35,2018-05-06 14:05:40,0,0,1,0
2018-05-06 10:29:54,9,r/videos,36,2018-05-06 14:09:41,0,2,1,0
2018-05-06 10:29:54,9,r/videos,36,2018-05-06 14:26:28,1,1,1,0
2018-05-06 10:29:54,9,r/videos,36,2018-05-06 14:45:44,2,0,1,0
2018-05-06 10:29:54,9,r/videos,36,2018-05-06 14:44:18,1,1,1,0
2018-05-06 10:29:54,9,r/videos,36,2018-05-06 14:45:28,2,1,1,0
2018-05-06 10:29:54,9,r/videos,36,2018-05-06 15:02:33,3,0,1,0
2018-05-06 10:29:54,9,r/videos,37,2018-05-06 14:25:33,0,0,1,0
2018-05-06 10:29:54,9,r/videos,38,2018-05-06 14:32:01,0,0,1,0
2018-05-06 10:29:54,9,r/videos,39,2018-05-06 14:37:29,0,0,1,0
2018-05-06 10:29:54,9,r/videos,40,2018-05-06 14:37:59,0,0,1,0
2018-05-06 10:29:54,9,r/videos,41,2018-05-06 14:38:00,0,0,1,0
2018-05-06 10:29:54,9,r/videos,42,2018-05-06 14:38:51,0,0,1,0
2018-05-06 10:29:54,9,r/videos,43,2018-05-06 14:40:07,0,0,1,0
2018-05-06 10:29:54,9,r/videos,44,2018-05-06 14:41:13,0,0,1,0
2018-05-06 10:29:54,9,r/videos,45,2018-05-06 14:41:49,0,0,1,0
2018-05-06 10:29:54,9,r/videos,46,2018-05-06 14:44:41,0,0,1,0
2018-05-06 10:29:54,9,r/videos,47,2018-05-06 14:44:51,0,0,1,0
2018-05-06 10:29:54,9,r/videos,48,2018-05-06 14:45:38,0,0,1,0
2018-05-06 10:29:54,9,r/videos,49,2018-05-06 14:46:08,0,1,1,0
2018-05-06 10:29:54,9,r/videos,49,2018-05-06 14:52:38,1,1,1,0
2018-05-06 10:29:54,9,r/videos,49,2018-05-06 15:01:01,2,1,1,0
2018-05-06 10:29:54,9,r/videos,49,2018-05-06 15:03:46,3,0,1,0
2018-05-06 10:29:54,9,r/videos,50,2018-05-06 14:50:15,0,0,1,0
2018-05-06 10:29:54,9,r/videos,51,2018-05-06 14:51:49,0,0,1,0
2018-05-06 10:29:54,9,r/videos,52,2018-05-06 14:51:59,0,0,1,0
2018-05-06 10:29:54,9,r/videos,53,2018-05-06 14:52:00,0,0,1,0
2018-05-06 10:29:54,9,r/videos,54,2018-05-06 14:53:13,0,0,1,0
2018-05-06 10:29:54,9,r/videos,55,2018-05-06 14:56:46,0,0,1,0
2018-05-06 10:29:54,9,r/videos,56,2018-05-06 14:57:54,0,0,1,0
2018-05-06 10:29:54,9,r/videos,57,2018-05-06 14:59:10,0,0,1,0
2018-05-06 10:29:54,9,r/videos,58,2018-05-06 14:59:58,0,0,1,0
2018-05-06 10:29:54,9,r/videos,59,2018-05-06 15:00:05,0,0,1,0
2018-05-06 10:29:54,9,r/videos,60,2018-05-06 15:00:31,0,0,1,0
2018-05-06 10:29:54,9,r/videos,61,2018-05-06 15:00:59,0,0,1,0
2018-05-06 10:29:54,9,r/videos,62,2018-05-06 15:01:30,0,0,1,0
2018-05-06 10:29:54,9,r/videos,63,2018-05-06 15:03:07,0,0,1,0
2018-05-06 10:29:54,9,r/videos,64,2018-05-06 15:05:15,0,0,1,0
2018-05-06 10:29:54,9,r/videos,65,2018-05-06 15:05:54,0,0,1,0
2018-05-06 10:29:54,9,r/videos,66,2018-05-06 15:05:59,0,0,1,0
2018-05-06 10:29:54,9,r/videos,67,2018-05-06 15:08:39,0,0,1,0
2018-05-06 10:29:54,9,r/videos,68,2018-05-06 15:08:57,0,0,1,0
2018-05-06 10:29:54,9,r/videos,69,2018-05-06 14:29:48,0,1,1,0
2018-05-06 10:29:54,9,r/videos,69,2018-05-06 14:50:58,1,1,1,0
2018-05-06 10:29:54,9,r/videos,69,2018-05-06 14:56:11,2,1,1,0
2018-05-06 10:29:54,9,r/videos,69,2018-05-06 15:00:13,3,0,1,0
2018-05-06 10:29:54,9,r/videos,70,2018-05-06 14:03:51,0,0,1,0
2018-05-06 10:29:54,9,r/videos,71,2018-05-06 14:38:20,0,2,1,0
2018-05-06 10:29:54,9,r/videos,71,2018-05-06 15:00:25,1,0,1,0
2018-05-06 10:29:54,9,r/videos,71,2018-05-06 14:53:35,1,1,1,0
2018-05-06 10:29:54,9,r/videos,71,2018-05-06 14:56:35,2,0,1,0
2018-05-06 10:29:54,9,r/videos,72,2018-05-06 14:43:47,0,2,1,0
2018-05-06 10:29:54,9,r/videos,72,2018-05-06 14:53:16,1,0,1,0
2018-05-06 10:29:54,9,r/videos,72,2018-05-06 15:06:57,1,0,1,0
2018-05-06 10:29:54,9,r/videos,73,2018-05-06 13:44:52,0,0,1,0
2018-05-06 10:29:54,9,r/videos,74,2018-05-06 14:00:33,0,0,1,0
2018-05-06 10:29:54,9,r/videos,75,2018-05-06 14:01:06,0,0,1,0
2018-05-06 10:29:54,9,r/videos,76,2018-05-06 14:41:48,0,2,1,0
2018-05-06 10:29:54,9,r/videos,76,2018-05-06 14:56:40,1,1,1,0
2018-05-06 10:29:54,9,r/videos,76,2018-05-06 15:00:11,2,0,1,0
2018-05-06 10:29:54,9,r/videos,76,2018-05-06 14:47:48,1,1,1,0
2018-05-06 10:29:54,9,r/videos,76,2018-05-06 14:49:04,2,0,1,0
2018-05-06 10:29:54,9,r/videos,77,2018-05-06 13:08:28,0,2,-26,0
2018-05-06 10:29:54,9,r/videos,77,2018-05-06 13:13:13,1,1,23,0
2018-05-06 10:29:54,9,r/videos,77,2018-05-06 13:22:18,2,0,4,0
2018-05-06 10:29:54,9,r/videos,77,2018-05-06 14:09:14,1,1,1,0
2018-05-06 10:29:54,9,r/videos,77,2018-05-06 14:41:26,2,1,1,0
2018-05-06 10:29:54,9,r/videos,77,2018-05-06 14:55:36,3,0,1,0
2018-05-06 10:29:54,9,r/videos,78,2018-05-06 12:40:31,0,1,-55,0
2018-05-06 10:29:54,9,r/videos,78,2018-05-06 12:52:06,1,2,35,0
2018-05-06 10:29:54,9,r/videos,78,2018-05-06 13:44:00,2,1,1,0
2018-05-06 10:29:54,9,r/videos,78,2018-05-06 14:39:12,3,0,1,0
2018-05-06 10:29:54,9,r/videos,78,2018-05-06 13:02:51,2,2,-15,0
2018-05-06 10:29:54,9,r/videos,78,2018-05-06 13:07:58,3,0,15,0
2018-05-06 10:29:54,9,r/videos,78,2018-05-06 13:09:24,3,1,5,0
2018-05-06 10:29:54,9,r/videos,78,2018-05-06 13:13:21,4,2,-19,0
2018-05-06 10:29:54,9,r/videos,78,2018-05-06 13:16:28,5,0,21,0
2018-05-06 10:29:54,9,r/videos,78,2018-05-06 13:35:29,5,0,5,0
2018-05-06 10:29:54,9,r/videos,79,2018-05-06 13:45:50,0,1,1,0
2018-05-06 10:29:54,9,r/videos,79,2018-05-06 14:18:27,1,1,1,0
2018-05-06 10:29:54,9,r/videos,79,2018-05-06 14:39:42,2,0,1,0
2018-05-06 10:29:54,9,r/videos,80,2018-05-06 14:28:54,0,2,1,0
2018-05-06 10:29:54,9,r/videos,80,2018-05-06 14:54:23,1,3,1,0
2018-05-06 10:29:54,9,r/videos,80,2018-05-06 14:58:51,2,0,1,0
2018-05-06 10:29:54,9,r/videos,80,2018-05-06 15:01:15,2,0,1,0
2018-05-06 10:29:54,9,r/videos,80,2018-05-06 14:59:42,2,1,1,0
2018-05-06 10:29:54,9,r/videos,80,2018-05-06 15:09:04,3,0,1,0
2018-05-06 10:29:54,9,r/videos,80,2018-05-06 14:55:02,1,1,1,0
2018-05-06 10:29:54,9,r/videos,80,2018-05-06 15:00:53,2,0,1,0
2018-05-06 10:29:54,9,r/videos,81,2018-05-06 12:28:23,0,4,-106,0
2018-05-06 10:29:54,9,r/videos,81,2018-05-06 12:35:01,1,0,56,0
2018-05-06 10:29:54,9,r/videos,81,2018-05-06 13:01:44,1,2,43,0
2018-05-06 10:29:54,9,r/videos,81,2018-05-06 13:44:33,2,0,1,0
2018-05-06 10:29:54,9,r/videos,81,2018-05-06 14:00:41,2,0,1,0
2018-05-06 10:29:54,9,r/videos,81,2018-05-06 12:29:54,1,1,42,0
2018-05-06 10:29:54,9,r/videos,81,2018-05-06 12:42:06,2,3,-24,0
2018-05-06 10:29:54,9,r/videos,81,2018-05-06 13:38:49,3,0,11,0
2018-05-06 10:29:54,9,r/videos,81,2018-05-06 13:36:11,3,2,19,0
2018-05-06 10:29:54,9,r/videos,81,2018-05-06 14:23:15,4,1,1,0
2018-05-06 10:29:54,9,r/videos,81,2018-05-06 14:32:46,5,1,1,0
2018-05-06 10:29:54,9,r/videos,81,2018-05-06 14:44:32,6,2,1,0
2018-05-06 10:29:54,9,r/videos,81,2018-05-06 14:52:45,7,1,1,0
2018-05-06 10:29:54,9,r/videos,81,2018-05-06 14:58:13,8,1,1,0
2018-05-06 10:29:54,9,r/videos,81,2018-05-06 15:08:03,9,0,1,0
2018-05-06 10:29:54,9,r/videos,81,2018-05-06 14:59:17,7,2,1,0
2018-05-06 10:29:54,9,r/videos,81,2018-05-06 15:03:02,8,0,1,0
2018-05-06 10:29:54,9,r/videos,81,2018-05-06 15:05:24,8,0,1,0
2018-05-06 10:29:54,9,r/videos,81,2018-05-06 14:26:24,4,1,1,0
2018-05-06 10:29:54,9,r/videos,81,2018-05-06 14:32:43,5,1,1,0
2018-05-06 10:29:54,9,r/videos,81,2018-05-06 14:52:47,6,0,1,0
2018-05-06 10:29:54,9,r/videos,81,2018-05-06 14:18:30,3,1,1,0
2018-05-06 10:29:54,9,r/videos,81,2018-05-06 14:23:41,4,0,1,0
2018-05-06 10:29:54,9,r/videos,81,2018-05-06 13:14:20,1,3,9,0
2018-05-06 10:29:54,9,r/videos,81,2018-05-06 14:25:00,2,1,1,0
2018-05-06 10:29:54,9,r/videos,81,2018-05-06 14:29:12,3,1,1,0
2018-05-06 10:29:54,9,r/videos,81,2018-05-06 14:52:18,4,0,1,0
2018-05-06 10:29:54,9,r/videos,81,2018-05-06 14:49:25,2,0,1,0
2018-05-06 10:29:54,9,r/videos,81,2018-05-06 13:48:53,2,2,1,0
2018-05-06 10:29:54,9,r/videos,81,2018-05-06 14:02:25,3,0,1,0
2018-05-06 10:29:54,9,r/videos,81,2018-05-06 13:52:16,3,1,1,0
2018-05-06 10:29:54,9,r/videos,81,2018-05-06 14:01:50,4,0,1,0
2018-05-06 10:29:54,9,r/videos,82,2018-05-06 13:39:23,0,1,-27,0
2018-05-06 10:29:54,9,r/videos,82,2018-05-06 14:03:54,1,2,1,0
2018-05-06 10:29:54,9,r/videos,82,2018-05-06 15:00:07,2,0,1,0
2018-05-06 10:29:54,9,r/videos,82,2018-05-06 14:26:59,2,1,1,0
2018-05-06 10:29:54,9,r/videos,82,2018-05-06 14:51:47,3,1,1,0
2018-05-06 10:29:54,9,r/videos,82,2018-05-06 14:57:44,4,0,1,0
2018-05-06 10:29:54,9,r/videos,83,2018-05-06 13:42:43,0,5,1,0
2018-05-06 10:29:54,9,r/videos,83,2018-05-06 14:09:50,1,0,1,0
2018-05-06 10:29:54,9,r/videos,83,2018-05-06 14:17:37,1,4,1,0
2018-05-06 10:29:54,9,r/videos,83,2018-05-06 14:32:39,2,0,1,0
2018-05-06 10:29:54,9,r/videos,83,2018-05-06 14:42:56,2,0,1,0
2018-05-06 10:29:54,9,r/videos,83,2018-05-06 14:38:26,2,1,1,0
2018-05-06 10:29:54,9,r/videos,83,2018-05-06 14:51:10,3,0,1,0
2018-05-06 10:29:54,9,r/videos,83,2018-05-06 14:26:07,2,3,1,0
2018-05-06 10:29:54,9,r/videos,83,2018-05-06 14:31:50,3,1,1,0
2018-05-06 10:29:54,9,r/videos,83,2018-05-06 14:44:36,4,0,1,0
2018-05-06 10:29:54,9,r/videos,83,2018-05-06 14:57:41,3,0,1,0
2018-05-06 10:29:54,9,r/videos,83,2018-05-06 14:38:52,3,0,1,0
2018-05-06 10:29:54,9,r/videos,83,2018-05-06 14:10:47,1,0,1,0
2018-05-06 10:29:54,9,r/videos,83,2018-05-06 14:25:46,1,0,1,0
2018-05-06 10:29:54,9,r/videos,83,2018-05-06 14:58:57,1,0,1,0
2018-05-06 10:29:54,9,r/videos,84,2018-05-06 12:37:39,0,0,-12,0
2018-05-06 10:29:54,9,r/videos,85,2018-05-06 14:20:23,0,0,1,0
2018-05-06 10:29:54,9,r/videos,86,2018-05-06 11:40:25,0,2,-107,0
2018-05-06 10:29:54,9,r/videos,86,2018-05-06 11:55:48,1,1,83,0
2018-05-06 10:29:54,9,r/videos,86,2018-05-06 12:09:55,2,1,21,0
2018-05-06 10:29:54,9,r/videos,86,2018-05-06 13:08:46,3,0,8,0
2018-05-06 10:29:54,9,r/videos,86,2018-05-06 13:03:32,1,0,4,0
2018-05-06 10:29:54,9,r/videos,87,2018-05-06 14:02:46,0,1,1,0
2018-05-06 10:29:54,9,r/videos,87,2018-05-06 14:11:24,1,0,1,0
2018-05-06 10:29:54,9,r/videos,88,2018-05-06 11:22:01,0,3,-52,0
2018-05-06 10:29:54,9,r/videos,88,2018-05-06 14:28:27,1,0,1,0
2018-05-06 10:29:54,9,r/videos,88,2018-05-06 11:31:52,1,0,6,0
2018-05-06 10:29:54,9,r/videos,88,2018-05-06 14:01:21,1,0,1,0
2018-05-06 09:57:55,10,r/rarepuppers,0,2018-05-06 10:43:40,0,5,840,0
2018-05-06 09:57:55,10,r/rarepuppers,0,2018-05-06 13:18:24,1,2,288,0
2018-05-06 09:57:55,10,r/rarepuppers,0,2018-05-06 13:45:22,2,1,37,0
2018-05-06 09:57:55,10,r/rarepuppers,0,2018-05-06 13:57:24,3,1,16,0
2018-05-06 09:57:55,10,r/rarepuppers,0,2018-05-06 14:09:38,4,0,-5,0
2018-05-06 09:57:55,10,r/rarepuppers,0,2018-05-06 14:52:48,2,0,3,0
2018-05-06 09:57:55,10,r/rarepuppers,0,2018-05-06 14:19:32,1,1,10,0
2018-05-06 09:57:55,10,r/rarepuppers,0,2018-05-06 15:00:56,2,0,3,0
2018-05-06 09:57:55,10,r/rarepuppers,0,2018-05-06 14:41:58,1,0,6,0
2018-05-06 09:57:55,10,r/rarepuppers,0,2018-05-06 14:35:36,1,1,2,0
2018-05-06 09:57:55,10,r/rarepuppers,0,2018-05-06 14:35:36,2,0,4,0
2018-05-06 09:57:55,10,r/rarepuppers,0,2018-05-06 13:13:00,1,1,-10,0
2018-05-06 09:57:55,10,r/rarepuppers,0,2018-05-06 13:45:25,2,0,3,0
2018-05-06 09:57:55,10,r/rarepuppers,1,2018-05-06 10:58:22,0,1,332,0
2018-05-06 09:57:55,10,r/rarepuppers,1,2018-05-06 13:00:56,1,2,128,0
2018-05-06 09:57:55,10,r/rarepuppers,1,2018-05-06 13:02:13,2,1,21,0
2018-05-06 09:57:55,10,r/rarepuppers,1,2018-05-06 13:33:40,3,1,26,0
2018-05-06 09:57:55,10,r/rarepuppers,1,2018-05-06 14:21:11,4,0,6,0
2018-05-06 09:57:55,10,r/rarepuppers,1,2018-05-06 14:18:08,2,1,8,0
2018-05-06 09:57:55,10,r/rarepuppers,1,2018-05-06 14:34:39,3,0,2,0
2018-05-06 09:57:55,10,r/rarepuppers,2,2018-05-06 11:54:36,0,1,91,0
2018-05-06 09:57:55,10,r/rarepuppers,2,2018-05-06 14:17:14,1,2,15,0
2018-05-06 09:57:55,10,r/rarepuppers,2,2018-05-06 14:26:10,2,0,9,0
2018-05-06 09:57:55,10,r/rarepuppers,2,2018-05-06 15:03:51,2,0,2,0
2018-05-06 09:57:55,10,r/rarepuppers,3,2018-05-06 11:48:44,0,1,121,0
2018-05-06 09:57:55,10,r/rarepuppers,3,2018-05-06 15:02:46,1,0,0,0
2018-05-06 09:57:55,10,r/rarepuppers,4,2018-05-06 10:53:15,0,0,64,0
2018-05-06 09:57:55,10,r/rarepuppers,5,2018-05-06 12:32:41,0,6,88,0
2018-05-06 09:57:55,10,r/rarepuppers,5,2018-05-06 12:59:17,1,0,132,0
2018-05-06 09:57:55,10,r/rarepuppers,5,2018-05-06 13:17:36,1,1,41,0
2018-05-06 09:57:55,10,r/rarepuppers,5,2018-05-06 13:51:02,2,1,17,0
2018-05-06 09:57:55,10,r/rarepuppers,5,2018-05-06 14:52:46,3,0,2,0
2018-05-06 09:57:55,10,r/rarepuppers,5,2018-05-06 13:58:23,1,1,15,0
2018-05-06 09:57:55,10,r/rarepuppers,5,2018-05-06 14:13:47,2,1,8,0
2018-05-06 09:57:55,10,r/rarepuppers,5,2018-05-06 14:46:14,3,1,3,0
2018-05-06 09:57:55,10,r/rarepuppers,5,2018-05-06 15:09:14,4,0,1,0
2018-05-06 09:57:55,10,r/rarepuppers,5,2018-05-06 13:48:25,1,0,9,0
2018-05-06 09:57:55,10,r/rarepuppers,5,2018-05-06 14:17:23,1,0,3,0
2018-05-06 09:57:55,10,r/rarepuppers,5,2018-05-06 14:39:41,1,0,1,0
2018-05-06 09:57:55,10,r/rarepuppers,6,2018-05-06 12:20:31,0,1,25,0
2018-05-06 09:57:55,10,r/rarepuppers,6,2018-05-06 13:58:07,1,2,4,0
2018-05-06 09:57:55,10,r/rarepuppers,6,2018-05-06 14:28:59,2,1,2,0
2018-05-06 09:57:55,10,r/rarepuppers,6,2018-05-06 14:36:04,3,0,1,0
2018-05-06 09:57:55,10,r/rarepuppers,6,2018-05-06 14:28:23,2,1,0,0
2018-05-06 09:57:55,10,r/rarepuppers,6,2018-05-06 14:35:10,3,1,3,0
2018-05-06 09:57:55,10,r/rarepuppers,6,2018-05-06 14:54:26,4,0,1,0
2018-05-06 09:57:55,10,r/rarepuppers,7,2018-05-06 13:02:06,0,0,22,0
2018-05-06 09:57:55,10,r/rarepuppers,8,2018-05-06 13:09:13,0,0,9,0
2018-05-06 09:57:55,10,r/rarepuppers,9,2018-05-06 13:48:11,0,1,8,0
2018-05-06 09:57:55,10,r/rarepuppers,9,2018-05-06 14:14:56,1,0,2,0
2018-05-06 09:57:55,10,r/rarepuppers,10,2018-05-06 12:56:15,0,0,8,0
2018-05-06 09:57:55,10,r/rarepuppers,11,2018-05-06 12:56:54,0,0,5,0
2018-05-06 09:57:55,10,r/rarepuppers,12,2018-05-06 12:54:34,0,2,4,0
2018-05-06 09:57:55,10,r/rarepuppers,12,2018-05-06 13:52:43,1,1,6,0
2018-05-06 09:57:55,10,r/rarepuppers,12,2018-05-06 13:55:10,2,0,1,0
2018-05-06 09:57:55,10,r/rarepuppers,12,2018-05-06 14:02:15,1,2,3,0
2018-05-06 09:57:55,10,r/rarepuppers,12,2018-05-06 14:03:37,2,0,5,0
2018-05-06 09:57:55,10,r/rarepuppers,12,2018-05-06 14:06:06,2,0,3,0
2018-05-06 09:57:55,10,r/rarepuppers,13,2018-05-06 13:49:51,0,1,4,0
2018-05-06 09:57:55,10,r/rarepuppers,13,2018-05-06 14:07:49,1,1,3,0
2018-05-06 09:57:55,10,r/rarepuppers,13,2018-05-06 14:08:23,2,0,6,0
2018-05-06 09:57:55,10,r/rarepuppers,14,2018-05-06 13:09:49,0,1,3,0
2018-05-06 09:57:55,10,r/rarepuppers,14,2018-05-06 14:57:23,1,1,1,0
2018-05-06 09:57:55,10,r/rarepuppers,14,2018-05-06 14:57:30,2,0,1,0
2018-05-06 09:57:55,10,r/rarepuppers,15,2018-05-06 13:17:33,0,0,3,0
2018-05-06 09:57:55,10,r/rarepuppers,16,2018-05-06 13:33:06,0,0,3,0
2018-05-06 09:57:55,10,r/rarepuppers,17,2018-05-06 13:36:34,0,0,3,0
2018-05-06 09:57:55,10,r/rarepuppers,18,2018-05-06 14:21:05,0,0,3,0
2018-05-06 09:57:55,10,r/rarepuppers,19,2018-05-06 14:08:32,0,1,2,0
2018-05-06 09:57:55,10,r/rarepuppers,19,2018-05-06 14:56:34,1,1,1,0
2018-05-06 09:57:55,10,r/rarepuppers,19,2018-05-06 15:08:25,2,0,1,0
2018-05-06 09:57:55,10,r/rarepuppers,20,2018-05-06 14:24:06,0,0,2,0
2018-05-06 09:57:55,10,r/rarepuppers,21,2018-05-06 14:25:33,0,0,2,0
2018-05-06 09:57:55,10,r/rarepuppers,22,2018-05-06 13:12:26,0,0,4,0
2018-05-06 09:57:55,10,r/rarepuppers,23,2018-05-06 12:29:17,0,0,1,0
2018-05-06 09:57:55,10,r/rarepuppers,24,2018-05-06 13:29:53,0,0,1,0
2018-05-06 09:57:55,10,r/rarepuppers,25,2018-05-06 13:38:32,0,0,1,0
2018-05-06 09:57:55,10,r/rarepuppers,26,2018-05-06 13:52:18,0,0,1,0
2018-05-06 09:57:55,10,r/rarepuppers,27,2018-05-06 13:53:04,0,0,1,0
2018-05-06 09:57:55,10,r/rarepuppers,28,2018-05-06 13:54:10,0,0,1,0
2018-05-06 09:57:55,10,r/rarepuppers,29,2018-05-06 13:56:03,0,0,1,0
2018-05-06 09:57:55,10,r/rarepuppers,30,2018-05-06 13:59:29,0,0,1,0
2018-05-06 09:57:55,10,r/rarepuppers,31,2018-05-06 14:04:48,0,0,1,0
2018-05-06 09:57:55,10,r/rarepuppers,32,2018-05-06 14:06:47,0,0,1,0
2018-05-06 09:57:55,10,r/rarepuppers,33,2018-05-06 14:13:19,0,0,1,0
2018-05-06 09:57:55,10,r/rarepuppers,34,2018-05-06 14:13:47,0,0,1,0
2018-05-06 09:57:55,10,r/rarepuppers,35,2018-05-06 14:14:42,0,0,1,0
2018-05-06 09:57:55,10,r/rarepuppers,36,2018-05-06 14:14:58,0,0,1,0
2018-05-06 09:57:55,10,r/rarepuppers,37,2018-05-06 14:18:32,0,0,1,0
2018-05-06 09:57:55,10,r/rarepuppers,38,2018-05-06 14:22:16,0,0,1,0
2018-05-06 09:57:55,10,r/rarepuppers,39,2018-05-06 14:29:20,0,0,1,0
2018-05-06 09:57:55,10,r/rarepuppers,40,2018-05-06 14:29:51,0,0,1,0
2018-05-06 09:57:55,10,r/rarepuppers,41,2018-05-06 14:31:01,0,0,1,0
2018-05-06 09:57:55,10,r/rarepuppers,42,2018-05-06 14:34:46,0,0,1,0
2018-05-06 09:57:55,10,r/rarepuppers,43,2018-05-06 14:36:25,0,2,1,0
2018-05-06 09:57:55,10,r/rarepuppers,43,2018-05-06 14:36:26,1,0,1,0
2018-05-06 09:57:55,10,r/rarepuppers,43,2018-05-06 14:36:38,1,0,1,0
2018-05-06 09:57:55,10,r/rarepuppers,44,2018-05-06 14:36:54,0,0,1,0
2018-05-06 09:57:55,10,r/rarepuppers,45,2018-05-06 14:38:09,0,0,1,0
2018-05-06 09:57:55,10,r/rarepuppers,46,2018-05-06 14:39:55,0,0,1,0
2018-05-06 09:57:55,10,r/rarepuppers,47,2018-05-06 14:44:33,0,0,1,0
2018-05-06 09:57:55,10,r/rarepuppers,48,2018-05-06 14:44:52,0,0,1,0
2018-05-06 09:57:55,10,r/rarepuppers,49,2018-05-06 14:45:28,0,0,1,0
2018-05-06 09:57:55,10,r/rarepuppers,50,2018-05-06 14:57:14,0,0,1,0
2018-05-06 09:57:55,10,r/rarepuppers,51,2018-05-06 15:01:54,0,0,1,0
2018-05-06 09:57:55,10,r/rarepuppers,52,2018-05-06 15:05:26,0,0,1,0
2018-05-06 09:57:55,10,r/rarepuppers,53,2018-05-06 13:45:32,0,0,1,0
2018-05-06 09:57:55,10,r/rarepuppers,54,2018-05-06 12:53:15,0,0,0,0
2018-05-06 09:57:55,10,r/rarepuppers,55,2018-05-06 14:23:03,0,0,0,0
2018-05-06 11:26:41,11,r/mildlyinteresting,0,2018-05-06 13:18:18,0,10,702,0
2018-05-06 11:26:41,11,r/mildlyinteresting,0,2018-05-06 14:16:42,1,8,286,0
2018-05-06 11:26:41,11,r/mildlyinteresting,0,2018-05-06 14:27:03,2,1,112,0
2018-05-06 11:26:41,11,r/mildlyinteresting,0,2018-05-06 14:45:09,3,1,58,0
2018-05-06 11:26:41,11,r/mildlyinteresting,0,2018-05-06 15:01:26,4,2,21,0
2018-05-06 11:26:41,11,r/mildlyinteresting,0,2018-05-06 15:04:43,5,0,22,0
2018-05-06 11:26:41,11,r/mildlyinteresting,0,2018-05-06 15:06:30,5,1,0,0
2018-05-06 11:26:41,11,r/mildlyinteresting,0,2018-05-06 15:09:37,6,0,1,0
2018-05-06 11:26:41,11,r/mildlyinteresting,0,2018-05-06 14:36:30,2,0,15,0
2018-05-06 11:26:41,11,r/mildlyinteresting,0,2018-05-06 14:35:14,2,3,32,0
2018-05-06 11:26:41,11,r/mildlyinteresting,0,2018-05-06 14:36:49,3,1,16,0
2018-05-06 11:26:41,11,r/mildlyinteresting,0,2018-05-06 14:44:50,4,0,16,0
2018-05-06 11:26:41,11,r/mildlyinteresting,0,2018-05-06 14:37:29,3,1,7,0
2018-05-06 11:26:41,11,r/mildlyinteresting,0,2018-05-06 14:56:58,4,1,4,0
2018-05-06 11:26:41,11,r/mildlyinteresting,0,2018-05-06 15:08:36,5,0,1,0
2018-05-06 11:26:41,11,r/mildlyinteresting,0,2018-05-06 14:37:51,3,0,7,0
2018-05-06 11:26:41,11,r/mildlyinteresting,0,2018-05-06 14:37:27,2,0,6,0
2018-05-06 11:26:41,11,r/mildlyinteresting,0,2018-05-06 14:33:18,2,1,5,0
2018-05-06 11:26:41,11,r/mildlyinteresting,0,2018-05-06 14:34:23,3,2,15,0
2018-05-06 11:26:41,11,r/mildlyinteresting,0,2018-05-06 14:37:22,4,1,9,0
2018-05-06 11:26:41,11,r/mildlyinteresting,0,2018-05-06 14:52:03,5,0,6,0
2018-05-06 11:26:41,11,r/mildlyinteresting,0,2018-05-06 14:36:27,4,1,4,0
2018-05-06 11:26:41,11,r/mildlyinteresting,0,2018-05-06 14:38:01,5,1,1,0
2018-05-06 11:26:41,11,r/mildlyinteresting,0,2018-05-06 14:39:16,6,1,3,0
2018-05-06 11:26:41,11,r/mildlyinteresting,0,2018-05-06 14:51:50,7,0,2,0
2018-05-06 11:26:41,11,r/mildlyinteresting,0,2018-05-06 14:55:36,2,0,1,0
2018-05-06 11:26:41,11,r/mildlyinteresting,0,2018-05-06 15:02:45,2,0,1,0
2018-05-06 11:26:41,11,r/mildlyinteresting,0,2018-05-06 15:04:24,2,0,1,0
2018-05-06 11:26:41,11,r/mildlyinteresting,0,2018-05-06 14:40:55,1,1,7,0
2018-05-06 11:26:41,11,r/mildlyinteresting,0,2018-05-06 15:09:37,2,0,1,0
2018-05-06 11:26:41,11,r/mildlyinteresting,0,2018-05-06 14:44:13,1,0,6,0
2018-05-06 11:26:41,11,r/mildlyinteresting,0,2018-05-06 14:22:04,1,0,11,0
2018-05-06 11:26:41,11,r/mildlyinteresting,0,2018-05-06 14:31:54,1,0,1,0
2018-05-06 11:26:41,11,r/mildlyinteresting,0,2018-05-06 14:40:04,1,0,1,0
2018-05-06 11:26:41,11,r/mildlyinteresting,0,2018-05-06 15:00:49,1,0,1,0
2018-05-06 11:26:41,11,r/mildlyinteresting,0,2018-05-06 15:02:25,1,0,1,0
2018-05-06 11:26:41,11,r/mildlyinteresting,0,2018-05-06 15:03:58,1,0,1,0
2018-05-06 11:26:41,11,r/mildlyinteresting,0,2018-05-06 15:05:11,1,0,1,0
2018-05-06 11:26:41,11,r/mildlyinteresting,1,2018-05-06 11:31:47,0,6,115,0
2018-05-06 11:26:41,11,r/mildlyinteresting,1,2018-05-06 11:58:40,1,2,153,0
2018-05-06 11:26:41,11,r/mildlyinteresting,1,2018-05-06 14:23:52,2,2,16,0
2018-05-06 11:26:41,11,r/mildlyinteresting,1,2018-05-06 14:50:18,3,1,6,0
2018-05-06 11:26:41,11,r/mildlyinteresting,1,2018-05-06 14:54:04,4,1,6,0
2018-05-06 11:26:41,11,r/mildlyinteresting,1,2018-05-06 14:58:10,5,0,1,0
2018-05-06 11:26:41,11,r/mildlyinteresting,1,2018-05-06 15:09:02,3,0,1,0
2018-05-06 11:26:41,11,r/mildlyinteresting,1,2018-05-06 14:05:35,2,2,30,0
2018-05-06 11:26:41,11,r/mildlyinteresting,1,2018-05-06 14:09:49,3,0,87,0
2018-05-06 11:26:41,11,r/mildlyinteresting,1,2018-05-06 14:51:47,3,0,2,0
2018-05-06 11:26:41,11,r/mildlyinteresting,1,2018-05-06 14:31:41,1,2,46,0
2018-05-06 11:26:41,11,r/mildlyinteresting,1,2018-05-06 14:59:25,2,0,15,0
2018-05-06 11:26:41,11,r/mildlyinteresting,1,2018-05-06 15:00:31,2,1,0,0
2018-05-06 11:26:41,11,r/mildlyinteresting,1,2018-05-06 15:09:58,3,0,1,0
2018-05-06 11:26:41,11,r/mildlyinteresting,1,2018-05-06 14:46:07,1,2,29,0
2018-05-06 11:26:41,11,r/mildlyinteresting,1,2018-05-06 15:04:40,2,0,2,0
2018-05-06 11:26:41,11,r/mildlyinteresting,1,2018-05-06 15:06:25,2,0,1,0
2018-05-06 11:26:41,11,r/mildlyinteresting,1,2018-05-06 14:47:10,1,1,8,0
2018-05-06 11:26:41,11,r/mildlyinteresting,1,2018-05-06 15:04:01,2,2,3,0
2018-05-06 11:26:41,11,r/mildlyinteresting,1,2018-05-06 15:09:19,3,0,1,0
2018-05-06 11:26:41,11,r/mildlyinteresting,1,2018-05-06 15:09:19,3,0,1,0
2018-05-06 11:26:41,11,r/mildlyinteresting,1,2018-05-06 15:02:12,1,0,2,0
2018-05-06 11:26:41,11,r/mildlyinteresting,1,2018-05-06 14:23:31,1,1,-39,0
2018-05-06 11:26:41,11,r/mildlyinteresting,1,2018-05-06 14:27:52,2,0,9,0
2018-05-06 11:26:41,11,r/mildlyinteresting,2,2018-05-06 14:04:30,0,1,43,0
2018-05-06 11:26:41,11,r/mildlyinteresting,2,2018-05-06 15:09:45,1,0,1,0
2018-05-06 11:26:41,11,r/mildlyinteresting,3,2018-05-06 14:02:54,0,2,70,0
2018-05-06 11:26:41,11,r/mildlyinteresting,3,2018-05-06 14:30:24,1,3,122,0
2018-05-06 11:26:41,11,r/mildlyinteresting,3,2018-05-06 14:33:38,2,1,28,0
2018-05-06 11:26:41,11,r/mildlyinteresting,3,2018-05-06 14:50:04,3,0,8,0
2018-05-06 11:26:41,11,r/mildlyinteresting,3,2018-05-06 14:41:09,2,0,11,0
2018-05-06 11:26:41,11,r/mildlyinteresting,3,2018-05-06 15:07:49,2,0,1,0
2018-05-06 11:26:41,11,r/mildlyinteresting,3,2018-05-06 14:20:07,1,0,11,0
2018-05-06 11:26:41,11,r/mildlyinteresting,4,2018-05-06 14:20:07,0,0,28,0
2018-05-06 11:26:41,11,r/mildlyinteresting,5,2018-05-06 14:28:38,0,1,21,0
2018-05-06 11:26:41,11,r/mildlyinteresting,5,2018-05-06 14:34:55,1,1,39,0
2018-05-06 11:26:41,11,r/mildlyinteresting,5,2018-05-06 14:41:10,2,2,7,0
2018-05-06 11:26:41,11,r/mildlyinteresting,5,2018-05-06 14:50:08,3,0,6,0
2018-05-06 11:26:41,11,r/mildlyinteresting,5,2018-05-06 14:43:13,3,0,3,0
2018-05-06 11:26:41,11,r/mildlyinteresting,6,2018-05-06 14:14:22,0,1,18,0
2018-05-06 11:26:41,11,r/mildlyinteresting,6,2018-05-06 14:41:53,1,0,5,0
2018-05-06 11:26:41,11,r/mildlyinteresting,7,2018-05-06 14:23:51,0,1,8,0
2018-05-06 11:26:41,11,r/mildlyinteresting,7,2018-05-06 14:44:04,1,0,3,0
2018-05-06 11:26:41,11,r/mildlyinteresting,8,2018-05-06 14:44:14,0,1,5,0
2018-05-06 11:26:41,11,r/mildlyinteresting,8,2018-05-06 14:44:19,1,1,6,0
2018-05-06 11:26:41,11,r/mildlyinteresting,8,2018-05-06 15:08:54,2,0,1,0
2018-05-06 11:26:41,11,r/mildlyinteresting,9,2018-05-06 14:46:42,0,0,6,0
2018-05-06 11:26:41,11,r/mildlyinteresting,10,2018-05-06 14:25:08,0,0,9,0
2018-05-06 11:26:41,11,r/mildlyinteresting,11,2018-05-06 14:35:01,0,0,4,0
2018-05-06 11:26:41,11,r/mildlyinteresting,12,2018-05-06 14:46:06,0,0,3,0
2018-05-06 11:26:41,11,r/mildlyinteresting,13,2018-05-06 14:32:48,0,0,2,0
2018-05-06 11:26:41,11,r/mildlyinteresting,14,2018-05-06 14:39:19,0,0,2,0
2018-05-06 11:26:41,11,r/mildlyinteresting,15,2018-05-06 14:39:49,0,0,2,0
2018-05-06 11:26:41,11,r/mildlyinteresting,16,2018-05-06 14:46:08,0,0,2,0
2018-05-06 11:26:41,11,r/mildlyinteresting,17,2018-05-06 14:34:17,0,0,3,0
2018-05-06 11:26:41,11,r/mildlyinteresting,18,2018-05-06 14:34:35,0,1,1,0
2018-05-06 11:26:41,11,r/mildlyinteresting,18,2018-05-06 14:51:23,1,0,1,0
2018-05-06 11:26:41,11,r/mildlyinteresting,19,2018-05-06 14:35:10,0,0,1,0
2018-05-06 11:26:41,11,r/mildlyinteresting,20,2018-05-06 14:37:11,0,0,1,0
2018-05-06 11:26:41,11,r/mildlyinteresting,21,2018-05-06 14:38:22,0,0,1,0
2018-05-06 11:26:41,11,r/mildlyinteresting,22,2018-05-06 14:39:06,0,0,1,0
2018-05-06 11:26:41,11,r/mildlyinteresting,23,2018-05-06 14:40:15,0,0,1,0
2018-05-06 11:26:41,11,r/mildlyinteresting,24,2018-05-06 14:43:06,0,0,1,0
2018-05-06 11:26:41,11,r/mildlyinteresting,25,2018-05-06 14:51:19,0,0,1,0
2018-05-06 11:26:41,11,r/mildlyinteresting,26,2018-05-06 14:58:08,0,0,1,0
2018-05-06 11:26:41,11,r/mildlyinteresting,27,2018-05-06 14:58:24,0,0,1,0
2018-05-06 11:26:41,11,r/mildlyinteresting,28,2018-05-06 14:59:47,0,0,1,0
2018-05-06 11:26:41,11,r/mildlyinteresting,29,2018-05-06 15:00:21,0,0,1,0
2018-05-06 11:26:41,11,r/mildlyinteresting,30,2018-05-06 15:00:47,0,0,1,0
2018-05-06 11:26:41,11,r/mildlyinteresting,31,2018-05-06 15:01:19,0,0,1,0
2018-05-06 11:26:41,11,r/mildlyinteresting,32,2018-05-06 15:03:43,0,0,1,0
2018-05-06 11:26:41,11,r/mildlyinteresting,33,2018-05-06 15:05:47,0,0,1,0
2018-05-06 11:26:41,11,r/mildlyinteresting,34,2018-05-06 15:06:01,0,0,1,0
2018-05-06 11:26:41,11,r/mildlyinteresting,35,2018-05-06 15:06:03,0,0,1,0
2018-05-06 11:26:41,11,r/mildlyinteresting,36,2018-05-06 15:06:38,0,0,1,0
2018-05-06 11:26:41,11,r/mildlyinteresting,37,2018-05-06 15:07:16,0,0,1,0
2018-05-06 11:26:41,11,r/mildlyinteresting,38,2018-05-06 15:07:59,0,0,1,0
2018-05-06 11:26:41,11,r/mildlyinteresting,39,2018-05-06 15:08:44,0,0,1,0
2018-05-06 11:26:41,11,r/mildlyinteresting,40,2018-05-06 14:13:10,0,0,1,0
2018-05-06 11:26:41,11,r/mildlyinteresting,41,2018-05-06 14:47:11,0,0,1,0
2018-05-06 11:26:41,11,r/mildlyinteresting,42,2018-05-06 14:24:44,0,2,-7,0
2018-05-06 11:26:41,11,r/mildlyinteresting,42,2018-05-06 14:28:39,1,1,2,0
2018-05-06 11:26:41,11,r/mildlyinteresting,42,2018-05-06 14:29:51,2,1,-2,0
2018-05-06 11:26:41,11,r/mildlyinteresting,42,2018-05-06 14:46:53,3,0,2,0
2018-05-06 11:26:41,11,r/mildlyinteresting,42,2018-05-06 14:49:13,1,0,-1,0
2018-05-06 11:26:41,11,r/mildlyinteresting,43,2018-05-06 14:02:05,0,1,0,0
2018-05-06 11:26:41,11,r/mildlyinteresting,43,2018-05-06 14:25:22,1,0,15,0
2018-05-06 11:26:41,11,r/mildlyinteresting,44,2018-05-06 14:38:45,0,0,0,0
2018-05-06 11:26:41,11,r/mildlyinteresting,45,2018-05-06 14:49:16,0,0,0,0
2018-05-06 11:26:41,11,r/mildlyinteresting,46,2018-05-06 14:09:12,0,0,-2,0
2018-05-06 11:26:41,11,r/mildlyinteresting,47,2018-05-06 14:29:01,0,1,-4,0
2018-05-06 11:26:41,11,r/mildlyinteresting,47,2018-05-06 14:32:33,1,0,-1,0
2018-05-06 11:26:41,11,r/mildlyinteresting,48,2018-05-06 14:04:31,0,0,-5,0
2018-05-06 10:32:31,12,r/funny,0,2018-05-06 12:02:00,0,3,219,0
2018-05-06 10:32:31,12,r/funny,0,2018-05-06 14:39:49,1,0,15,0
2018-05-06 10:32:31,12,r/funny,0,2018-05-06 14:53:29,1,0,1,0
2018-05-06 10:32:31,12,r/funny,0,2018-05-06 15:09:35,1,0,1,0
2018-05-06 10:32:31,12,r/funny,1,2018-05-06 11:12:01,0,2,141,0
2018-05-06 10:32:31,12,r/funny,1,2018-05-06 13:22:17,1,0,43,0
2018-05-06 10:32:31,12,r/funny,1,2018-05-06 14:00:23,1,0,9,0
2018-05-06 10:32:31,12,r/funny,2,2018-05-06 12:13:53,0,2,36,0
2018-05-06 10:32:31,12,r/funny,2,2018-05-06 12:41:15,1,3,65,0
2018-05-06 10:32:31,12,r/funny,2,2018-05-06 13:17:21,2,4,64,0
2018-05-06 10:32:31,12,r/funny,2,2018-05-06 14:21:41,3,1,27,0
2018-05-06 10:32:31,12,r/funny,2,2018-05-06 14:53:01,4,1,10,0
2018-05-06 10:32:31,12,r/funny,2,2018-05-06 15:01:42,5,1,7,0
2018-05-06 10:32:31,12,r/funny,2,2018-05-06 15:10:02,6,0,1,0
2018-05-06 10:32:31,12,r/funny,2,2018-05-06 14:42:22,3,0,7,0
2018-05-06 10:32:31,12,r/funny,2,2018-05-06 13:42:00,3,2,7,0
2018-05-06 10:32:31,12,r/funny,2,2018-05-06 14:51:17,4,1,9,0
2018-05-06 10:32:31,12,r/funny,2,2018-05-06 15:07:28,5,0,1,0
2018-05-06 10:32:31,12,r/funny,2,2018-05-06 14:42:00,4,0,2,0
2018-05-06 10:32:31,12,r/funny,2,2018-05-06 15:09:42,3,0,1,0
2018-05-06 10:32:31,12,r/funny,2,2018-05-06 14:00:57,2,11,10,0
2018-05-06 10:32:31,12,r/funny,2,2018-05-06 14:37:12,3,0,21,0
2018-05-06 10:32:31,12,r/funny,2,2018-05-06 14:25:11,3,0,16,0
2018-05-06 10:32:31,12,r/funny,2,2018-05-06 14:13:15,3,1,13,0
2018-05-06 10:32:31,12,r/funny,2,2018-05-06 14:55:32,4,0,10,0
2018-05-06 10:32:31,12,r/funny,2,2018-05-06 14:51:32,3,0,5,0
2018-05-06 10:32:31,12,r/funny,2,2018-05-06 14:53:06,3,0,2,0
2018-05-06 10:32:31,12,r/funny,2,2018-05-06 15:03:58,3,0,2,0
2018-05-06 10:32:31,12,r/funny,2,2018-05-06 14:50:53,3,0,2,0
2018-05-06 10:32:31,12,r/funny,2,2018-05-06 14:29:38,3,1,2,0
2018-05-06 10:32:31,12,r/funny,2,2018-05-06 14:49:15,4,0,5,0
2018-05-06 10:32:31,12,r/funny,2,2018-05-06 14:15:02,3,2,1,0
2018-05-06 10:32:31,12,r/funny,2,2018-05-06 14:41:23,4,1,1,0
2018-05-06 10:32:31,12,r/funny,2,2018-05-06 14:55:54,5,0,2,0
2018-05-06 10:32:31,12,r/funny,2,2018-05-06 14:56:09,4,0,1,0
2018-05-06 10:32:31,12,r/funny,2,2018-05-06 14:16:34,3,1,-8,0
2018-05-06 10:32:31,12,r/funny,2,2018-05-06 14:40:23,4,0,13,0
2018-05-06 10:32:31,12,r/funny,2,2018-05-06 15:05:33,3,0,-1,0
2018-05-06 10:32:31,12,r/funny,2,2018-05-06 14:57:11,2,0,2,0
2018-05-06 10:32:31,12,r/funny,2,2018-05-06 14:39:31,1,0,-11,0
2018-05-06 10:32:31,12,r/funny,3,2018-05-06 13:28:43,0,4,87,0
2018-05-06 10:32:31,12,r/funny,3,2018-05-06 13:56:24,1,2,52,0
2018-05-06 10:32:31,12,r/funny,3,2018-05-06 14:02:26,2,1,20,0
2018-05-06 10:32:31,12,r/funny,3,2018-05-06 14:23:32,3,1,6,0
2018-05-06 10:32:31,12,r/funny,3,2018-05-06 14:58:12,4,0,6,0
2018-05-06 10:32:31,12,r/funny,3,2018-05-06 14:36:10,2,6,-16,0
2018-05-06 10:32:31,12,r/funny,3,2018-05-06 14:50:38,3,1,9,0
2018-05-06 10:32:31,12,r/funny,3,2018-05-06 15:06:13,4,0,-4,0
2018-05-06 10:32:31,12,r/funny,3,2018-05-06 14:58:14,3,0,7,0
2018-05-06 10:32:31,12,r/funny,3,2018-05-06 14:56:38,3,0,1,0
2018-05-06 10:32:31,12,r/funny,3,2018-05-06 15:04:24,3,0,1,0
2018-05-06 10:32:31,12,r/funny,3,2018-05-06 15:05:45,3,0,2,0
2018-05-06 10:32:31,12,r/funny,3,2018-05-06 14:41:32,3,0,1,0
2018-05-06 10:32:31,12,r/funny,3,2018-05-06 15:02:06,1,0,1,0
2018-05-06 10:32:31,12,r/funny,3,2018-05-06 15:03:03,1,0,1,0
2018-05-06 10:32:31,12,r/funny,3,2018-05-06 14:44:51,1,0,-1,0
2018-05-06 10:32:31,12,r/funny,4,2018-05-06 13:37:09,0,1,24,0
2018-05-06 10:32:31,12,r/funny,4,2018-05-06 14:51:51,1,0,1,0
2018-05-06 10:32:31,12,r/funny,5,2018-05-06 12:42:11,0,0,14,0
2018-05-06 10:32:31,12,r/funny,6,2018-05-06 14:36:21,0,0,6,0
2018-05-06 10:32:31,12,r/funny,7,2018-05-06 10:54:30,0,0,3,0
2018-05-06 10:32:31,12,r/funny,8,2018-05-06 13:27:19,0,0,3,0
2018-05-06 10:32:31,12,r/funny,9,2018-05-06 14:27:37,0,0,3,0
2018-05-06 10:32:31,12,r/funny,10,2018-05-06 14:24:04,0,0,2,0
2018-05-06 10:32:31,12,r/funny,11,2018-05-06 10:37:23,0,0,2,0
2018-05-06 10:32:31,12,r/funny,12,2018-05-06 12:22:37,0,0,1,0
2018-05-06 10:32:31,12,r/funny,13,2018-05-06 13:18:27,0,0,1,0
2018-05-06 10:32:31,12,r/funny,14,2018-05-06 13:58:47,0,0,1,0
2018-05-06 10:32:31,12,r/funny,15,2018-05-06 14:01:49,0,1,1,0
2018-05-06 10:32:31,12,r/funny,15,2018-05-06 14:45:47,1,0,1,0
2018-05-06 10:32:31,12,r/funny,16,2018-05-06 14:32:11,0,0,1,0
2018-05-06 10:32:31,12,r/funny,17,2018-05-06 14:44:00,0,0,1,0
2018-05-06 10:32:31,12,r/funny,18,2018-05-06 14:48:19,0,0,1,0
2018-05-06 10:32:31,12,r/funny,19,2018-05-06 15:04:41,0,0,1,0
2018-05-06 10:32:31,12,r/funny,20,2018-05-06 15:06:01,0,0,1,0
2018-05-06 10:32:31,12,r/funny,21,2018-05-06 15:07:21,0,0,1,0
2018-05-06 10:32:31,12,r/funny,22,2018-05-06 15:07:44,0,0,1,0
2018-05-06 10:32:31,12,r/funny,23,2018-05-06 15:07:53,0,0,1,0
2018-05-06 10:32:31,12,r/funny,24,2018-05-06 15:08:46,0,0,1,0
2018-05-06 10:32:31,12,r/funny,25,2018-05-06 15:09:35,0,0,1,0
2018-05-06 10:32:31,12,r/funny,26,2018-05-06 14:57:06,0,0,0,0
2018-05-06 11:26:50,13,r/Jokes,0,2018-05-06 11:54:09,0,19,2775,0
2018-05-06 11:26:50,13,r/Jokes,0,2018-05-06 13:24:49,1,5,429,0
2018-05-06 11:26:50,13,r/Jokes,0,2018-05-06 13:34:58,2,2,185,0
2018-05-06 11:26:50,13,r/Jokes,0,2018-05-06 13:38:21,3,4,121,0
2018-05-06 11:26:50,13,r/Jokes,0,2018-05-06 13:47:30,4,2,115,0
2018-05-06 11:26:50,13,r/Jokes,0,2018-05-06 14:11:57,5,3,74,0
2018-05-06 11:26:50,13,r/Jokes,0,2018-05-06 14:17:08,6,0,29,0
2018-05-06 11:26:50,13,r/Jokes,0,2018-05-06 14:37:33,6,0,4,0
2018-05-06 11:26:50,13,r/Jokes,0,2018-05-06 14:37:25,6,1,3,0
2018-05-06 11:26:50,13,r/Jokes,0,2018-05-06 14:42:36,7,1,1,0
2018-05-06 11:26:50,13,r/Jokes,0,2018-05-06 14:48:44,8,0,1,0
2018-05-06 11:26:50,13,r/Jokes,0,2018-05-06 14:51:25,5,0,1,0
2018-05-06 11:26:50,13,r/Jokes,0,2018-05-06 13:42:15,4,0,5,0
2018-05-06 11:26:50,13,r/Jokes,0,2018-05-06 14:34:35,4,0,1,0
2018-05-06 11:26:50,13,r/Jokes,0,2018-05-06 13:44:25,4,0,-16,0
2018-05-06 11:26:50,13,r/Jokes,0,2018-05-06 13:36:28,3,0,9,0
2018-05-06 11:26:50,13,r/Jokes,0,2018-05-06 14:46:43,2,0,1,0
2018-05-06 11:26:50,13,r/Jokes,0,2018-05-06 13:29:33,2,0,3,0
2018-05-06 11:26:50,13,r/Jokes,0,2018-05-06 14:53:44,2,1,1,0
2018-05-06 11:26:50,13,r/Jokes,0,2018-05-06 15:10:01,3,0,1,0
2018-05-06 11:26:50,13,r/Jokes,0,2018-05-06 15:09:45,2,0,1,0
2018-05-06 11:26:50,13,r/Jokes,0,2018-05-06 12:43:45,1,1,292,0
2018-05-06 11:26:50,13,r/Jokes,0,2018-05-06 14:15:06,2,1,24,0
2018-05-06 11:26:50,13,r/Jokes,0,2018-05-06 14:19:26,3,1,21,0
2018-05-06 11:26:50,13,r/Jokes,0,2018-05-06 14:37:02,4,0,1,0
2018-05-06 11:26:50,13,r/Jokes,0,2018-05-06 13:21:08,1,0,15,0
2018-05-06 11:26:50,13,r/Jokes,0,2018-05-06 14:06:59,1,0,8,0
2018-05-06 11:26:50,13,r/Jokes,0,2018-05-06 12:59:00,1,2,35,0
2018-05-06 11:26:50,13,r/Jokes,0,2018-05-06 13:55:50,2,0,8,0
2018-05-06 11:26:50,13,r/Jokes,0,2018-05-06 14:21:11,2,0,4,0
2018-05-06 11:26:50,13,r/Jokes,0,2018-05-06 14:01:09,1,0,7,0
2018-05-06 11:26:50,13,r/Jokes,0,2018-05-06 13:33:25,1,0,4,0
2018-05-06 11:26:50,13,r/Jokes,0,2018-05-06 13:26:08,1,0,3,0
2018-05-06 11:26:50,13,r/Jokes,0,2018-05-06 12:58:34,1,0,2,0
2018-05-06 11:26:50,13,r/Jokes,0,2018-05-06 13:51:38,1,1,1,0
2018-05-06 11:26:50,13,r/Jokes,0,2018-05-06 14:01:09,2,2,13,0
2018-05-06 11:26:50,13,r/Jokes,0,2018-05-06 14:11:48,3,0,5,0
2018-05-06 11:26:50,13,r/Jokes,0,2018-05-06 14:55:30,3,0,1,0
2018-05-06 11:26:50,13,r/Jokes,0,2018-05-06 14:06:10,1,0,1,0
2018-05-06 11:26:50,13,r/Jokes,0,2018-05-06 14:07:11,1,0,1,0
2018-05-06 11:26:50,13,r/Jokes,0,2018-05-06 14:08:32,1,0,1,0
2018-05-06 11:26:50,13,r/Jokes,0,2018-05-06 14:17:35,1,0,1,0
2018-05-06 11:26:50,13,r/Jokes,0,2018-05-06 14:32:30,1,0,1,0
2018-05-06 11:26:50,13,r/Jokes,0,2018-05-06 14:46:20,1,0,1,0
2018-05-06 11:26:50,13,r/Jokes,0,2018-05-06 14:53:27,1,0,1,0
2018-05-06 11:26:50,13,r/Jokes,0,2018-05-06 15:07:58,1,0,1,0
2018-05-06 11:26:50,13,r/Jokes,0,2018-05-06 13:59:02,1,1,1,0
2018-05-06 11:26:50,13,r/Jokes,0,2018-05-06 14:15:43,2,0,1,0
2018-05-06 11:26:50,13,r/Jokes,1,2018-05-06 12:39:42,0,4,1406,0
2018-05-06 11:26:50,13,r/Jokes,1,2018-05-06 13:17:54,1,2,210,0
2018-05-06 11:26:50,13,r/Jokes,1,2018-05-06 13:39:09,2,5,223,0
2018-05-06 11:26:50,13,r/Jokes,1,2018-05-06 14:15:17,3,1,168,0
2018-05-06 11:26:50,13,r/Jokes,1,2018-05-06 14:26:56,4,0,33,0
2018-05-06 11:26:50,13,r/Jokes,1,2018-05-06 13:42:21,3,0,28,0
2018-05-06 11:26:50,13,r/Jokes,1,2018-05-06 13:52:59,3,0,8,0
2018-05-06 11:26:50,13,r/Jokes,1,2018-05-06 13:43:43,3,2,-2,0
2018-05-06 11:26:50,13,r/Jokes,1,2018-05-06 14:16:09,4,0,13,0
2018-05-06 11:26:50,13,r/Jokes,1,2018-05-06 13:51:59,4,2,-24,0
2018-05-06 11:26:50,13,r/Jokes,1,2018-05-06 13:53:51,5,0,7,0
2018-05-06 11:26:50,13,r/Jokes,1,2018-05-06 14:14:31,5,0,-1,0
2018-05-06 11:26:50,13,r/Jokes,1,2018-05-06 15:04:06,3,0,1,0
2018-05-06 11:26:50,13,r/Jokes,1,2018-05-06 14:33:41,2,0,-4,0
2018-05-06 11:26:50,13,r/Jokes,1,2018-05-06 13:42:41,1,0,6,0
2018-05-06 11:26:50,13,r/Jokes,1,2018-05-06 13:54:27,1,1,3,0
2018-05-06 11:26:50,13,r/Jokes,1,2018-05-06 14:09:27,2,0,11,0
2018-05-06 11:26:50,13,r/Jokes,1,2018-05-06 13:54:33,1,0,3,0
2018-05-06 11:26:50,13,r/Jokes,2,2018-05-06 12:23:39,0,10,800,0
2018-05-06 11:26:50,13,r/Jokes,2,2018-05-06 13:04:20,1,10,417,0
2018-05-06 11:26:50,13,r/Jokes,2,2018-05-06 13:40:17,2,2,462,0
2018-05-06 11:26:50,13,r/Jokes,2,2018-05-06 13:54:59,3,0,53,0
2018-05-06 11:26:50,13,r/Jokes,2,2018-05-06 14:02:45,3,0,19,0
2018-05-06 11:26:50,13,r/Jokes,2,2018-05-06 13:36:50,2,4,142,0
2018-05-06 11:26:50,13,r/Jokes,2,2018-05-06 13:42:24,3,2,31,0
2018-05-06 11:26:50,13,r/Jokes,2,2018-05-06 14:28:13,4,1,12,0
2018-05-06 11:26:50,13,r/Jokes,2,2018-05-06 15:05:35,5,0,1,0
2018-05-06 11:26:50,13,r/Jokes,2,2018-05-06 14:30:37,4,1,3,0
2018-05-06 11:26:50,13,r/Jokes,2,2018-05-06 14:53:18,5,0,1,0
2018-05-06 11:26:50,13,r/Jokes,2,2018-05-06 13:54:32,3,0,6,0
2018-05-06 11:26:50,13,r/Jokes,2,2018-05-06 14:13:24,3,1,4,0
2018-05-06 11:26:50,13,r/Jokes,2,2018-05-06 14:41:37,4,0,1,0
2018-05-06 11:26:50,13,r/Jokes,2,2018-05-06 14:45:51,3,1,1,0
2018-05-06 11:26:50,13,r/Jokes,2,2018-05-06 14:51:22,4,0,1,0
2018-05-06 11:26:50,13,r/Jokes,2,2018-05-06 13:27:38,2,0,24,0
2018-05-06 11:26:50,13,r/Jokes,2,2018-05-06 13:39:52,2,0,5,0
2018-05-06 11:26:50,13,r/Jokes,2,2018-05-06 13:42:49,2,0,5,0
2018-05-06 11:26:50,13,r/Jokes,2,2018-05-06 14:29:24,2,0,4,0
2018-05-06 11:26:50,13,r/Jokes,2,2018-05-06 13:46:02,2,0,3,0
2018-05-06 11:26:50,13,r/Jokes,2,2018-05-06 14:28:48,2,0,3,0
2018-05-06 11:26:50,13,r/Jokes,2,2018-05-06 14:48:00,2,0,1,0
2018-05-06 11:26:50,13,r/Jokes,2,2018-05-06 14:55:08,2,0,1,0
2018-05-06 11:26:50,13,r/Jokes,2,2018-05-06 13:53:33,1,3,22,0
2018-05-06 11:26:50,13,r/Jokes,2,2018-05-06 14:27:47,2,1,2,0
2018-05-06 11:26:50,13,r/Jokes,2,2018-05-06 14:49:15,3,0,1,0
2018-05-06 11:26:50,13,r/Jokes,2,2018-05-06 14:36:17,2,0,2,0
2018-05-06 11:26:50,13,r/Jokes,2,2018-05-06 14:31:53,2,0,1,0
2018-05-06 11:26:50,13,r/Jokes,2,2018-05-06 13:57:47,1,1,23,0
2018-05-06 11:26:50,13,r/Jokes,2,2018-05-06 14:52:28,2,0,1,0
2018-05-06 11:26:50,13,r/Jokes,2,2018-05-06 13:39:57,1,3,16,0
2018-05-06 11:26:50,13,r/Jokes,2,2018-05-06 13:59:40,2,1,23,0
2018-05-06 11:26:50,13,r/Jokes,2,2018-05-06 14:02:59,3,1,17,0
2018-05-06 11:26:50,13,r/Jokes,2,2018-05-06 14:05:26,4,0,8,0
2018-05-06 11:26:50,13,r/Jokes,2,2018-05-06 13:42:20,2,2,17,0
2018-05-06 11:26:50,13,r/Jokes,2,2018-05-06 13:58:40,3,0,10,0
2018-05-06 11:26:50,13,r/Jokes,2,2018-05-06 14:40:39,3,0,1,0
2018-05-06 11:26:50,13,r/Jokes,2,2018-05-06 13:51:11,2,1,7,0
2018-05-06 11:26:50,13,r/Jokes,2,2018-05-06 14:07:16,3,1,11,0
2018-05-06 11:26:50,13,r/Jokes,2,2018-05-06 14:25:13,4,0,2,0
2018-05-06 11:26:50,13,r/Jokes,2,2018-05-06 14:03:52,1,1,4,0
2018-05-06 11:26:50,13,r/Jokes,2,2018-05-06 14:11:06,2,1,9,0
2018-05-06 11:26:50,13,r/Jokes,2,2018-05-06 14:16:10,3,3,5,0
2018-05-06 11:26:50,13,r/Jokes,2,2018-05-06 14:20:22,4,0,2,0
2018-05-06 11:26:50,13,r/Jokes,2,2018-05-06 14:44:35,4,1,1,0
2018-05-06 11:26:50,13,r/Jokes,2,2018-05-06 14:48:43,5,0,1,0
2018-05-06 11:26:50,13,r/Jokes,2,2018-05-06 14:58:33,4,1,1,0
2018-05-06 11:26:50,13,r/Jokes,2,2018-05-06 15:02:13,5,1,1,0
2018-05-06 11:26:50,13,r/Jokes,2,2018-05-06 15:06:16,6,0,1,0
2018-05-06 11:26:50,13,r/Jokes,2,2018-05-06 13:39:43,1,0,3,0
2018-05-06 11:26:50,13,r/Jokes,2,2018-05-06 15:03:42,1,1,1,0
2018-05-06 11:26:50,13,r/Jokes,2,2018-05-06 15:10:04,2,0,1,0
2018-05-06 11:26:50,13,r/Jokes,2,2018-05-06 15:02:14,1,0,1,0
2018-05-06 11:26:50,13,r/Jokes,2,2018-05-06 14:28:50,1,1,-1,0
2018-05-06 11:26:50,13,r/Jokes,2,2018-05-06 14:58:13,2,0,1,0
2018-05-06 11:26:50,13,r/Jokes,2,2018-05-06 14:48:28,1,1,1,0
2018-05-06 11:26:50,13,r/Jokes,2,2018-05-06 14:54:53,2,0,1,0
2018-05-06 11:26:50,13,r/Jokes,3,2018-05-06 12:48:18,0,2,42,0
2018-05-06 11:26:50,13,r/Jokes,3,2018-05-06 13:37:04,1,0,17,0
2018-05-06 11:26:50,13,r/Jokes,3,2018-05-06 14:51:32,1,0,1,0
2018-05-06 11:26:50,13,r/Jokes,4,2018-05-06 13:04:37,0,6,168,0
2018-05-06 11:26:50,13,r/Jokes,4,2018-05-06 13:09:22,1,7,378,0
2018-05-06 11:26:50,13,r/Jokes,4,2018-05-06 13:37:40,2,0,101,0
2018-05-06 11:26:50,13,r/Jokes,4,2018-05-06 13:21:00,2,2,50,0
2018-05-06 11:26:50,13,r/Jokes,4,2018-05-06 14:20:06,3,0,15,0
2018-05-06 11:26:50,13,r/Jokes,4,2018-05-06 13:29:11,3,0,10,0
2018-05-06 11:26:50,13,r/Jokes,4,2018-05-06 13:34:02,2,1,9,0
2018-05-06 11:26:50,13,r/Jokes,4,2018-05-06 15:04:57,3,0,1,0
2018-05-06 11:26:50,13,r/Jokes,4,2018-05-06 14:14:56,2,1,7,0
2018-05-06 11:26:50,13,r/Jokes,4,2018-05-06 14:32:03,3,0,4,0
2018-05-06 11:26:50,13,r/Jokes,4,2018-05-06 13:47:41,2,1,11,0
2018-05-06 11:26:50,13,r/Jokes,4,2018-05-06 14:19:39,3,0,9,0
2018-05-06 11:26:50,13,r/Jokes,4,2018-05-06 14:16:40,2,1,1,0
2018-05-06 11:26:50,13,r/Jokes,4,2018-05-06 14:59:20,3,0,1,0
2018-05-06 11:26:50,13,r/Jokes,4,2018-05-06 14:27:43,2,0,1,0
2018-05-06 11:26:50,13,r/Jokes,4,2018-05-06 14:15:39,1,1,17,0
2018-05-06 11:26:50,13,r/Jokes,4,2018-05-06 14:56:29,2,0,1,0
2018-05-06 11:26:50,13,r/Jokes,4,2018-05-06 14:04:23,1,3,19,0
2018-05-06 11:26:50,13,r/Jokes,4,2018-05-06 14:12:20,2,1,32,0
2018-05-06 11:26:50,13,r/Jokes,4,2018-05-06 14:29:20,3,0,7,0
2018-05-06 11:26:50,13,r/Jokes,4,2018-05-06 14:16:23,2,1,9,0
2018-05-06 11:26:50,13,r/Jokes,4,2018-05-06 14:24:01,3,0,-5,0
2018-05-06 11:26:50,13,r/Jokes,4,2018-05-06 14:14:54,2,0,7,0
2018-05-06 11:26:50,13,r/Jokes,4,2018-05-06 14:39:26,1,0,4,0
2018-05-06 11:26:50,13,r/Jokes,4,2018-05-06 14:22:53,1,1,9,0
2018-05-06 11:26:50,13,r/Jokes,4,2018-05-06 14:41:09,2,0,1,0
2018-05-06 11:26:50,13,r/Jokes,4,2018-05-06 14:02:36,1,1,-5,0
2018-05-06 11:26:50,13,r/Jokes,4,2018-05-06 14:08:29,2,2,9,0
2018-05-06 11:26:50,13,r/Jokes,4,2018-05-06 14:24:43,3,0,1,0
2018-05-06 11:26:50,13,r/Jokes,4,2018-05-06 14:09:22,3,1,-2,0
2018-05-06 11:26:50,13,r/Jokes,4,2018-05-06 14:53:12,4,0,1,0
2018-05-06 11:26:50,13,r/Jokes,5,2018-05-06 13:57:11,0,2,78,0
2018-05-06 11:26:50,13,r/Jokes,5,2018-05-06 14:07:29,1,1,29,0
2018-05-06 11:26:50,13,r/Jokes,5,2018-05-06 14:55:15,2,0,1,0
2018-05-06 11:26:50,13,r/Jokes,5,2018-05-06 14:52:54,1,0,1,0
2018-05-06 11:26:50,13,r/Jokes,6,2018-05-06 13:39:16,0,1,50,0
2018-05-06 11:26:50,13,r/Jokes,6,2018-05-06 14:05:33,1,0,20,0
2018-05-06 11:26:50,13,r/Jokes,7,2018-05-06 14:30:40,0,0,6,0
2018-05-06 11:26:50,13,r/Jokes,8,2018-05-06 14:11:57,0,1,14,0
2018-05-06 11:26:50,13,r/Jokes,8,2018-05-06 14:52:31,1,0,1,0
2018-05-06 11:26:50,13,r/Jokes,9,2018-05-06 14:36:51,0,0,4,0
2018-05-06 11:26:50,13,r/Jokes,10,2018-05-06 14:22:37,0,0,8,0
2018-05-06 11:26:50,13,r/Jokes,11,2018-05-06 13:41:44,0,1,18,0
2018-05-06 11:26:50,13,r/Jokes,11,2018-05-06 14:53:51,1,0,1,0
2018-05-06 11:26:50,13,r/Jokes,12,2018-05-06 12:54:52,0,0,17,0
2018-05-06 11:26:50,13,r/Jokes,13,2018-05-06 14:04:46,0,1,4,0
2018-05-06 11:26:50,13,r/Jokes,13,2018-05-06 14:53:11,1,0,1,0
2018-05-06 11:26:50,13,r/Jokes,14,2018-05-06 14:09:36,0,1,7,0
2018-05-06 11:26:50,13,r/Jokes,14,2018-05-06 14:52:02,1,0,1,0
2018-05-06 11:26:50,13,r/Jokes,15,2018-05-06 14:15:56,0,0,3,0
2018-05-06 11:26:50,13,r/Jokes,16,2018-05-06 13:33:25,0,2,6,0
2018-05-06 11:26:50,13,r/Jokes,16,2018-05-06 13:35:37,1,0,2,0
2018-05-06 11:26:50,13,r/Jokes,16,2018-05-06 13:35:20,1,2,1,0
2018-05-06 11:26:50,13,r/Jokes,16,2018-05-06 13:38:22,2,0,0,0
2018-05-06 11:26:50,13,r/Jokes,16,2018-05-06 13:47:40,2,0,-1,0
2018-05-06 11:26:50,13,r/Jokes,17,2018-05-06 13:40:56,0,0,2,0
2018-05-06 11:26:50,13,r/Jokes,18,2018-05-06 13:47:40,0,0,2,0
2018-05-06 11:26:50,13,r/Jokes,19,2018-05-06 14:20:35,0,0,3,0
2018-05-06 11:26:50,13,r/Jokes,20,2018-05-06 14:23:33,0,0,3,0
2018-05-06 11:26:50,13,r/Jokes,21,2018-05-06 14:28:25,0,0,2,0
2018-05-06 11:26:50,13,r/Jokes,22,2018-05-06 14:32:52,0,0,2,0
2018-05-06 11:26:50,13,r/Jokes,23,2018-05-06 14:33:29,0,0,2,0
2018-05-06 11:26:50,13,r/Jokes,24,2018-05-06 14:48:40,0,0,1,0
2018-05-06 11:26:50,13,r/Jokes,25,2018-05-06 14:49:37,0,0,1,0
2018-05-06 11:26:50,13,r/Jokes,26,2018-05-06 14:56:36,0,0,1,0
2018-05-06 11:26:50,13,r/Jokes,27,2018-05-06 13:54:35,0,2,7,0
2018-05-06 11:26:50,13,r/Jokes,27,2018-05-06 14:51:28,1,0,1,0
2018-05-06 11:26:50,13,r/Jokes,27,2018-05-06 15:08:34,1,0,1,0
2018-05-06 11:26:50,13,r/Jokes,28,2018-05-06 11:28:53,0,0,8,0
2018-05-06 11:26:50,13,r/Jokes,29,2018-05-06 13:30:53,0,0,4,0
2018-05-06 11:26:50,13,r/Jokes,30,2018-05-06 14:10:58,0,1,4,0
2018-05-06 11:26:50,13,r/Jokes,30,2018-05-06 14:51:12,1,0,1,0
2018-05-06 11:26:50,13,r/Jokes,31,2018-05-06 14:01:07,0,0,2,0
2018-05-06 11:26:50,13,r/Jokes,32,2018-05-06 13:55:19,0,0,0,0
2018-05-06 11:26:50,13,r/Jokes,33,2018-05-06 14:19:36,0,0,0,0
2018-05-06 11:26:50,13,r/Jokes,34,2018-05-06 14:19:57,0,0,0,0
2018-05-06 11:26:50,13,r/Jokes,35,2018-05-06 14:21:49,0,0,0,0
2018-05-06 11:26:50,13,r/Jokes,36,2018-05-06 14:24:59,0,0,1,0
2018-05-06 11:26:50,13,r/Jokes,37,2018-05-06 14:27:09,0,0,2,0
2018-05-06 11:26:50,13,r/Jokes,38,2018-05-06 14:34:47,0,1,1,0
2018-05-06 11:26:50,13,r/Jokes,38,2018-05-06 14:37:27,1,0,1,0
2018-05-06 11:26:50,13,r/Jokes,39,2018-05-06 14:35:49,0,0,0,0
2018-05-06 11:26:50,13,r/Jokes,40,2018-05-06 14:36:27,0,1,1,0
2018-05-06 11:26:50,13,r/Jokes,40,2018-05-06 15:02:46,1,0,1,0
2018-05-06 11:26:50,13,r/Jokes,41,2018-05-06 14:43:51,0,0,1,0
2018-05-06 11:26:50,13,r/Jokes,42,2018-05-06 14:45:37,0,0,1,0
2018-05-06 11:26:50,13,r/Jokes,43,2018-05-06 14:56:34,0,0,1,0
2018-05-06 11:26:50,13,r/Jokes,44,2018-05-06 14:59:47,0,0,1,0
2018-05-06 11:26:50,13,r/Jokes,45,2018-05-06 15:05:23,0,0,1,0
2018-05-06 11:26:50,13,r/Jokes,46,2018-05-06 15:09:02,0,0,1,0
2018-05-06 11:26:50,13,r/Jokes,47,2018-05-06 15:09:30,0,0,1,0
2018-05-06 11:26:50,13,r/Jokes,48,2018-05-06 13:54:32,0,0,1,0
2018-05-06 11:26:50,13,r/Jokes,49,2018-05-06 14:01:45,0,0,1,0
2018-05-06 11:26:50,13,r/Jokes,50,2018-05-06 14:08:02,0,0,0,0
2018-05-06 11:26:50,13,r/Jokes,51,2018-05-06 14:33:59,0,0,0,0
2018-05-06 11:26:50,13,r/Jokes,52,2018-05-06 13:57:33,0,0,-3,0
2018-05-06 10:22:00,14,r/therewasanattempt,0,2018-05-06 10:33:54,0,3,954,0
2018-05-06 10:22:00,14,r/therewasanattempt,0,2018-05-06 13:15:47,1,6,766,1
2018-05-06 10:22:00,14,r/therewasanattempt,0,2018-05-06 13:21:12,2,2,160,0
2018-05-06 10:22:00,14,r/therewasanattempt,0,2018-05-06 14:19:15,3,9,1,0
2018-05-06 10:22:00,14,r/therewasanattempt,0,2018-05-06 14:34:09,4,1,1,0
2018-05-06 10:22:00,14,r/therewasanattempt,0,2018-05-06 14:55:36,5,0,1,0
2018-05-06 10:22:00,14,r/therewasanattempt,0,2018-05-06 14:41:38,4,0,1,0
2018-05-06 10:22:00,14,r/therewasanattempt,0,2018-05-06 14:20:41,4,0,1,0
2018-05-06 10:22:00,14,r/therewasanattempt,0,2018-05-06 14:25:35,4,0,1,0
2018-05-06 10:22:00,14,r/therewasanattempt,0,2018-05-06 14:33:05,4,0,1,0
2018-05-06 10:22:00,14,r/therewasanattempt,0,2018-05-06 14:40:43,4,0,1,0
2018-05-06 10:22:00,14,r/therewasanattempt,0,2018-05-06 14:56:46,4,0,1,0
2018-05-06 10:22:00,14,r/therewasanattempt,0,2018-05-06 14:26:39,4,0,1,0
2018-05-06 10:22:00,14,r/therewasanattempt,0,2018-05-06 15:05:22,4,0,1,0
2018-05-06 10:22:00,14,r/therewasanattempt,0,2018-05-06 14:10:19,3,0,1,0
2018-05-06 10:22:00,14,r/therewasanattempt,0,2018-05-06 13:21:19,2,0,14,0
2018-05-06 10:22:00,14,r/therewasanattempt,0,2018-05-06 13:22:00,2,0,5,0
2018-05-06 10:22:00,14,r/therewasanattempt,0,2018-05-06 13:31:18,2,0,4,0
2018-05-06 10:22:00,14,r/therewasanattempt,0,2018-05-06 13:47:58,2,0,2,0
2018-05-06 10:22:00,14,r/therewasanattempt,0,2018-05-06 14:54:08,2,0,1,0
2018-05-06 10:22:00,14,r/therewasanattempt,0,2018-05-06 14:04:52,1,0,9,0
2018-05-06 10:22:00,14,r/therewasanattempt,0,2018-05-06 15:05:33,1,0,1,0
2018-05-06 10:22:00,14,r/therewasanattempt,1,2018-05-06 12:26:00,0,0,297,0
2018-05-06 10:22:00,14,r/therewasanattempt,2,2018-05-06 12:45:35,0,10,72,0
2018-05-06 10:22:00,14,r/therewasanattempt,2,2018-05-06 13:03:49,1,4,238,0
2018-05-06 10:22:00,14,r/therewasanattempt,2,2018-05-06 13:11:32,2,0,45,0
2018-05-06 10:22:00,14,r/therewasanattempt,2,2018-05-06 13:11:30,2,0,6,0
2018-05-06 10:22:00,14,r/therewasanattempt,2,2018-05-06 14:20:52,2,0,1,0
2018-05-06 10:22:00,14,r/therewasanattempt,2,2018-05-06 14:12:03,2,0,1,0
2018-05-06 10:22:00,14,r/therewasanattempt,2,2018-05-06 13:34:13,1,0,14,0
2018-05-06 10:22:00,14,r/therewasanattempt,2,2018-05-06 13:13:50,1,3,19,0
2018-05-06 10:22:00,14,r/therewasanattempt,2,2018-05-06 13:53:39,2,0,21,0
2018-05-06 10:22:00,14,r/therewasanattempt,2,2018-05-06 14:43:19,2,0,1,0
2018-05-06 10:22:00,14,r/therewasanattempt,2,2018-05-06 14:59:54,2,0,1,0
2018-05-06 10:22:00,14,r/therewasanattempt,2,2018-05-06 14:08:43,1,0,7,0
2018-05-06 10:22:00,14,r/therewasanattempt,2,2018-05-06 14:19:25,1,3,1,0
2018-05-06 10:22:00,14,r/therewasanattempt,2,2018-05-06 14:40:49,2,0,1,0
2018-05-06 10:22:00,14,r/therewasanattempt,2,2018-05-06 14:53:10,2,0,1,0
2018-05-06 10:22:00,14,r/therewasanattempt,2,2018-05-06 14:58:21,2,1,1,0
2018-05-06 10:22:00,14,r/therewasanattempt,2,2018-05-06 15:08:15,3,0,1,0
2018-05-06 10:22:00,14,r/therewasanattempt,2,2018-05-06 14:02:47,1,0,2,0
2018-05-06 10:22:00,14,r/therewasanattempt,2,2018-05-06 13:18:30,1,1,2,0
2018-05-06 10:22:00,14,r/therewasanattempt,2,2018-05-06 14:21:55,2,2,1,0
2018-05-06 10:22:00,14,r/therewasanattempt,2,2018-05-06 14:30:17,3,0,1,0
2018-05-06 10:22:00,14,r/therewasanattempt,2,2018-05-06 14:32:52,3,0,1,0
2018-05-06 10:22:00,14,r/therewasanattempt,2,2018-05-06 13:43:01,1,0,1,0
2018-05-06 10:22:00,14,r/therewasanattempt,2,2018-05-06 14:58:44,1,1,1,0
2018-05-06 10:22:00,14,r/therewasanattempt,2,2018-05-06 15:05:07,2,1,1,0
2018-05-06 10:22:00,14,r/therewasanattempt,2,2018-05-06 15:10:09,3,0,1,0
2018-05-06 10:22:00,14,r/therewasanattempt,2,2018-05-06 15:01:23,1,0,1,0
2018-05-06 10:22:00,14,r/therewasanattempt,3,2018-05-06 12:37:50,0,3,130,0
2018-05-06 10:22:00,14,r/therewasanattempt,3,2018-05-06 14:00:33,1,1,14,0
2018-05-06 10:22:00,14,r/therewasanattempt,3,2018-05-06 14:34:09,2,2,1,0
2018-05-06 10:22:00,14,r/therewasanattempt,3,2018-05-06 14:39:26,3,1,1,0
2018-05-06 10:22:00,14,r/therewasanattempt,3,2018-05-06 14:44:21,4,1,1,0
2018-05-06 10:22:00,14,r/therewasanattempt,3,2018-05-06 14:53:05,5,0,1,0
2018-05-06 10:22:00,14,r/therewasanattempt,3,2018-05-06 14:36:39,3,0,1,0
2018-05-06 10:22:00,14,r/therewasanattempt,3,2018-05-06 13:52:37,1,0,17,0
2018-05-06 10:22:00,14,r/therewasanattempt,3,2018-05-06 14:19:20,1,1,1,0
2018-05-06 10:22:00,14,r/therewasanattempt,3,2018-05-06 14:56:49,2,0,1,0
2018-05-06 10:22:00,14,r/therewasanattempt,4,2018-05-06 13:03:07,0,2,47,0
2018-05-06 10:22:00,14,r/therewasanattempt,4,2018-05-06 13:45:03,1,2,13,0
2018-05-06 10:22:00,14,r/therewasanattempt,4,2018-05-06 14:41:34,2,2,1,0
2018-05-06 10:22:00,14,r/therewasanattempt,4,2018-05-06 14:47:31,3,0,1,0
2018-05-06 10:22:00,14,r/therewasanattempt,4,2018-05-06 14:48:46,3,0,1,0
2018-05-06 10:22:00,14,r/therewasanattempt,4,2018-05-06 14:57:07,2,0,1,0
2018-05-06 10:22:00,14,r/therewasanattempt,4,2018-05-06 13:14:20,1,1,17,0
2018-05-06 10:22:00,14,r/therewasanattempt,4,2018-05-06 13:40:28,2,1,17,0
2018-05-06 10:22:00,14,r/therewasanattempt,4,2018-05-06 13:46:29,3,0,5,0
2018-05-06 10:22:00,14,r/therewasanattempt,5,2018-05-06 13:23:55,0,2,70,0
2018-05-06 10:22:00,14,r/therewasanattempt,5,2018-05-06 13:27:02,1,1,32,0
2018-05-06 10:22:00,14,r/therewasanattempt,5,2018-05-06 13:58:14,2,2,3,0
2018-05-06 10:22:00,14,r/therewasanattempt,5,2018-05-06 14:11:32,3,0,1,0
2018-05-06 10:22:00,14,r/therewasanattempt,5,2018-05-06 14:17:04,3,0,1,0
2018-05-06 10:22:00,14,r/therewasanattempt,5,2018-05-06 14:35:11,1,0,1,0
2018-05-06 10:22:00,14,r/therewasanattempt,6,2018-05-06 10:57:50,0,2,103,0
2018-05-06 10:22:00,14,r/therewasanattempt,6,2018-05-06 12:36:28,1,3,70,0
2018-05-06 10:22:00,14,r/therewasanattempt,6,2018-05-06 12:57:27,2,2,20,0
2018-05-06 10:22:00,14,r/therewasanattempt,6,2018-05-06 13:22:35,3,1,29,0
2018-05-06 10:22:00,14,r/therewasanattempt,6,2018-05-06 14:29:24,4,0,1,0
2018-05-06 10:22:00,14,r/therewasanattempt,6,2018-05-06 14:52:40,3,0,1,0
2018-05-06 10:22:00,14,r/therewasanattempt,6,2018-05-06 13:06:23,2,0,3,0
2018-05-06 10:22:00,14,r/therewasanattempt,6,2018-05-06 14:33:37,2,0,1,0
2018-05-06 10:22:00,14,r/therewasanattempt,6,2018-05-06 14:28:02,1,0,1,0
2018-05-06 10:22:00,14,r/therewasanattempt,7,2018-05-06 12:21:19,0,0,16,0
2018-05-06 10:22:00,14,r/therewasanattempt,8,2018-05-06 13:04:27,0,1,6,0
2018-05-06 10:22:00,14,r/therewasanattempt,8,2018-05-06 14:21:13,1,0,1,0
2018-05-06 10:22:00,14,r/therewasanattempt,9,2018-05-06 13:16:35,0,0,5,0
2018-05-06 10:22:00,14,r/therewasanattempt,10,2018-05-06 13:51:11,0,0,4,0
2018-05-06 10:22:00,14,r/therewasanattempt,11,2018-05-06 12:59:07,0,0,7,0
2018-05-06 10:22:00,14,r/therewasanattempt,12,2018-05-06 13:55:53,0,0,2,0
2018-05-06 10:22:00,14,r/therewasanattempt,13,2018-05-06 14:07:22,0,0,3,0
2018-05-06 10:22:00,14,r/therewasanattempt,14,2018-05-06 14:18:45,0,0,1,0
2018-05-06 10:22:00,14,r/therewasanattempt,15,2018-05-06 14:25:31,0,4,1,0
2018-05-06 10:22:00,14,r/therewasanattempt,15,2018-05-06 14:46:14,1,0,1,0
2018-05-06 10:22:00,14,r/therewasanattempt,15,2018-05-06 14:36:44,1,1,1,0
2018-05-06 10:22:00,14,r/therewasanattempt,15,2018-05-06 14:38:49,2,0,1,0
2018-05-06 10:22:00,14,r/therewasanattempt,15,2018-05-06 14:40:17,1,0,1,0
2018-05-06 10:22:00,14,r/therewasanattempt,15,2018-05-06 15:00:57,1,0,1,0
2018-05-06 10:22:00,14,r/therewasanattempt,16,2018-05-06 14:32:37,0,0,1,0
2018-05-06 10:22:00,14,r/therewasanattempt,17,2018-05-06 11:15:23,0,0,4,0
2018-05-06 10:22:00,14,r/therewasanattempt,18,2018-05-06 11:24:19,0,0,5,0
2018-05-06 10:22:00,14,r/therewasanattempt,19,2018-05-06 13:22:54,0,0,5,0
2018-05-06 10:22:00,14,r/therewasanattempt,20,2018-05-06 13:42:50,0,0,2,0
2018-05-06 10:22:00,14,r/therewasanattempt,21,2018-05-06 13:44:27,0,0,2,0
2018-05-06 10:22:00,14,r/therewasanattempt,22,2018-05-06 14:40:59,0,0,1,0
2018-05-06 10:22:00,14,r/therewasanattempt,23,2018-05-06 15:00:00,0,0,1,0
2018-05-06 10:22:00,14,r/therewasanattempt,24,2018-05-06 12:53:55,0,0,1,0
2018-05-06 10:22:00,14,r/therewasanattempt,25,2018-05-06 13:29:48,0,0,1,0
2018-05-06 10:22:00,14,r/therewasanattempt,26,2018-05-06 13:36:05,0,0,1,0
2018-05-06 10:22:00,14,r/therewasanattempt,27,2018-05-06 13:36:27,0,0,1,0
2018-05-06 10:22:00,14,r/therewasanattempt,28,2018-05-06 13:59:42,0,0,0,0
2018-05-06 10:22:00,14,r/therewasanattempt,29,2018-05-06 14:00:54,0,0,0,0
2018-05-06 10:22:00,14,r/therewasanattempt,30,2018-05-06 14:05:32,0,0,1,0
2018-05-06 10:22:00,14,r/therewasanattempt,31,2018-05-06 14:13:14,0,0,1,0
2018-05-06 10:22:00,14,r/therewasanattempt,32,2018-05-06 14:16:41,0,0,1,0
2018-05-06 10:22:00,14,r/therewasanattempt,33,2018-05-06 14:18:00,0,0,1,0
2018-05-06 10:22:00,14,r/therewasanattempt,34,2018-05-06 14:22:07,0,0,1,0
2018-05-06 10:22:00,14,r/therewasanattempt,35,2018-05-06 14:34:27,0,0,1,0
2018-05-06 10:22:00,14,r/therewasanattempt,36,2018-05-06 14:40:43,0,0,1,0
2018-05-06 10:22:00,14,r/therewasanattempt,37,2018-05-06 14:41:16,0,0,1,0
2018-05-06 10:22:00,14,r/therewasanattempt,38,2018-05-06 14:41:57,0,0,1,0
2018-05-06 10:22:00,14,r/therewasanattempt,39,2018-05-06 14:42:28,0,0,1,0
2018-05-06 10:22:00,14,r/therewasanattempt,40,2018-05-06 14:50:42,0,0,1,0
2018-05-06 10:22:00,14,r/therewasanattempt,41,2018-05-06 14:52:49,0,0,1,0
2018-05-06 10:22:00,14,r/therewasanattempt,42,2018-05-06 14:55:22,0,0,1,0
2018-05-06 10:22:00,14,r/therewasanattempt,43,2018-05-06 14:59:37,0,0,1,0
2018-05-06 10:22:00,14,r/therewasanattempt,44,2018-05-06 15:08:34,0,0,1,0
2018-05-06 10:22:00,14,r/therewasanattempt,45,2018-05-06 11:58:59,0,0,0,0
2018-05-06 10:22:00,14,r/therewasanattempt,46,2018-05-06 13:24:52,0,0,-1,0
2018-05-06 10:22:00,14,r/therewasanattempt,47,2018-05-06 13:25:32,0,0,-1,0
2018-05-06 10:22:00,14,r/therewasanattempt,48,2018-05-06 13:34:17,0,0,-1,0
2018-05-06 10:22:00,14,r/therewasanattempt,49,2018-05-06 13:48:18,0,0,-3,0
2018-05-06 10:22:00,14,r/therewasanattempt,50,2018-05-06 13:48:26,0,0,-3,0
2018-05-06 11:22:07,15,r/UpliftingNews,0,2018-05-06 13:38:38,0,17,1,0
2018-05-06 11:22:07,15,r/UpliftingNews,0,2018-05-06 14:16:42,1,1,1,0
2018-05-06 11:22:07,15,r/UpliftingNews,0,2018-05-06 14:45:11,2,2,1,0
2018-05-06 11:22:07,15,r/UpliftingNews,0,2018-05-06 14:47:22,3,0,1,0
2018-05-06 11:22:07,15,r/UpliftingNews,0,2018-05-06 14:47:10,3,0,1,0
2018-05-06 11:22:07,15,r/UpliftingNews,0,2018-05-06 14:26:05,1,0,1,0
2018-05-06 11:22:07,15,r/UpliftingNews,0,2018-05-06 14:05:25,1,0,1,0
2018-05-06 11:22:07,15,r/UpliftingNews,0,2018-05-06 15:01:29,1,0,1,0
2018-05-06 11:22:07,15,r/UpliftingNews,0,2018-05-06 14:09:12,1,0,1,0
2018-05-06 11:22:07,15,r/UpliftingNews,0,2018-05-06 14:34:54,1,0,1,0
2018-05-06 11:22:07,15,r/UpliftingNews,0,2018-05-06 14:41:56,1,0,1,0
2018-05-06 11:22:07,15,r/UpliftingNews,0,2018-05-06 14:50:02,1,0,1,0
2018-05-06 11:22:07,15,r/UpliftingNews,0,2018-05-06 14:55:40,1,0,1,0
2018-05-06 11:22:07,15,r/UpliftingNews,0,2018-05-06 15:01:24,1,0,1,0
2018-05-06 11:22:07,15,r/UpliftingNews,0,2018-05-06 14:42:45,1,0,1,0
2018-05-06 11:22:07,15,r/UpliftingNews,0,2018-05-06 14:46:44,1,0,1,0
2018-05-06 11:22:07,15,r/UpliftingNews,0,2018-05-06 15:05:35,1,0,1,0
2018-05-06 11:22:07,15,r/UpliftingNews,0,2018-05-06 14:39:47,1,0,1,0
2018-05-06 11:22:07,15,r/UpliftingNews,0,2018-05-06 14:48:19,1,0,1,0
2018-05-06 11:22:07,15,r/UpliftingNews,0,2018-05-06 14:50:44,1,0,1,0
2018-05-06 11:22:07,15,r/UpliftingNews,0,2018-05-06 14:51:22,1,0,1,0
2018-05-06 11:22:07,15,r/UpliftingNews,1,2018-05-06 11:45:19,0,4,534,0
2018-05-06 11:22:07,15,r/UpliftingNews,1,2018-05-06 13:18:52,1,2,1,0
2018-05-06 11:22:07,15,r/UpliftingNews,1,2018-05-06 14:20:29,2,1,1,0
2018-05-06 11:22:07,15,r/UpliftingNews,1,2018-05-06 14:40:26,3,0,1,0
2018-05-06 11:22:07,15,r/UpliftingNews,1,2018-05-06 15:03:12,2,0,1,0
2018-05-06 11:22:07,15,r/UpliftingNews,1,2018-05-06 13:43:20,1,0,1,0
2018-05-06 11:22:07,15,r/UpliftingNews,1,2018-05-06 13:19:25,1,1,1,0
2018-05-06 11:22:07,15,r/UpliftingNews,1,2018-05-06 13:43:05,2,2,1,0
2018-05-06 11:22:07,15,r/UpliftingNews,1,2018-05-06 14:08:21,3,1,1,0
2018-05-06 11:22:07,15,r/UpliftingNews,1,2018-05-06 14:21:27,4,1,1,0
2018-05-06 11:22:07,15,r/UpliftingNews,1,2018-05-06 14:24:44,5,1,1,0
2018-05-06 11:22:07,15,r/UpliftingNews,1,2018-05-06 14:25:52,6,0,1,0
2018-05-06 11:22:07,15,r/UpliftingNews,1,2018-05-06 14:26:51,3,0,1,0
2018-05-06 11:22:07,15,r/UpliftingNews,1,2018-05-06 15:06:41,1,0,1,0
2018-05-06 11:22:07,15,r/UpliftingNews,2,2018-05-06 12:56:08,0,1,182,0
2018-05-06 11:22:07,15,r/UpliftingNews,2,2018-05-06 13:03:03,1,1,30,0
2018-05-06 11:22:07,15,r/UpliftingNews,2,2018-05-06 14:28:38,2,1,1,0
2018-05-06 11:22:07,15,r/UpliftingNews,2,2018-05-06 14:32:55,3,0,1,0
2018-05-06 11:22:07,15,r/UpliftingNews,3,2018-05-06 13:51:49,0,1,1,0
2018-05-06 11:22:07,15,r/UpliftingNews,3,2018-05-06 14:09:51,1,0,1,0
2018-05-06 11:22:07,15,r/UpliftingNews,4,2018-05-06 12:55:54,0,5,80,0
2018-05-06 11:22:07,15,r/UpliftingNews,4,2018-05-06 13:24:26,1,1,1,0
2018-05-06 11:22:07,15,r/UpliftingNews,4,2018-05-06 13:58:41,2,0,1,0
2018-05-06 11:22:07,15,r/UpliftingNews,4,2018-05-06 13:41:26,1,0,1,0
2018-05-06 11:22:07,15,r/UpliftingNews,4,2018-05-06 13:59:55,1,1,1,0
2018-05-06 11:22:07,15,r/UpliftingNews,4,2018-05-06 14:05:31,2,1,1,0
2018-05-06 11:22:07,15,r/UpliftingNews,4,2018-05-06 14:39:54,3,0,1,0
2018-05-06 11:22:07,15,r/UpliftingNews,4,2018-05-06 14:14:17,1,0,1,0
2018-05-06 11:22:07,15,r/UpliftingNews,4,2018-05-06 14:19:39,1,0,1,0
2018-05-06 11:22:07,15,r/UpliftingNews,5,2018-05-06 11:29:50,0,0,70,0
2018-05-06 11:22:07,15,r/UpliftingNews,6,2018-05-06 13:05:52,0,1,62,0
2018-05-06 11:22:07,15,r/UpliftingNews,6,2018-05-06 14:08:02,1,0,1,0
2018-05-06 11:22:07,15,r/UpliftingNews,7,2018-05-06 13:57:22,0,0,1,0
2018-05-06 11:22:07,15,r/UpliftingNews,8,2018-05-06 13:57:39,0,3,1,0
2018-05-06 11:22:07,15,r/UpliftingNews,8,2018-05-06 14:12:42,1,0,1,0
2018-05-06 11:22:07,15,r/UpliftingNews,8,2018-05-06 14:14:25,1,1,1,0
2018-05-06 11:22:07,15,r/UpliftingNews,8,2018-05-06 15:09:15,2,0,1,0
2018-05-06 11:22:07,15,r/UpliftingNews,8,2018-05-06 14:13:52,1,0,1,0
2018-05-06 11:22:07,15,r/UpliftingNews,9,2018-05-06 13:16:39,0,1,1,0
2018-05-06 11:22:07,15,r/UpliftingNews,9,2018-05-06 14:24:52,1,1,1,0
2018-05-06 11:22:07,15,r/UpliftingNews,9,2018-05-06 14:34:57,2,0,1,0
2018-05-06 11:22:07,15,r/UpliftingNews,10,2018-05-06 14:07:40,0,0,1,0
2018-05-06 11:22:07,15,r/UpliftingNews,11,2018-05-06 12:54:56,0,0,3,0
2018-05-06 11:22:07,15,r/UpliftingNews,12,2018-05-06 13:23:45,0,0,1,0
2018-05-06 11:22:07,15,r/UpliftingNews,13,2018-05-06 14:01:23,0,0,1,0
2018-05-06 11:22:07,15,r/UpliftingNews,14,2018-05-06 14:09:05,0,0,1,0
2018-05-06 11:22:07,15,r/UpliftingNews,15,2018-05-06 14:09:39,0,1,1,0
2018-05-06 11:22:07,15,r/UpliftingNews,15,2018-05-06 14:55:05,1,0,1,0
2018-05-06 11:22:07,15,r/UpliftingNews,16,2018-05-06 14:15:18,0,0,1,0
2018-05-06 11:22:07,15,r/UpliftingNews,17,2018-05-06 14:30:50,0,0,1,0
2018-05-06 11:22:07,15,r/UpliftingNews,18,2018-05-06 13:41:28,0,0,1,0
2018-05-06 11:22:07,15,r/UpliftingNews,19,2018-05-06 13:54:02,0,0,1,0
2018-05-06 11:22:07,15,r/UpliftingNews,20,2018-05-06 13:37:06,0,0,1,0
2018-05-06 11:22:07,15,r/UpliftingNews,21,2018-05-06 13:43:25,0,0,1,0
2018-05-06 11:22:07,15,r/UpliftingNews,22,2018-05-06 13:50:18,0,0,1,0
2018-05-06 11:22:07,15,r/UpliftingNews,23,2018-05-06 14:06:13,0,0,1,0
2018-05-06 11:22:07,15,r/UpliftingNews,24,2018-05-06 14:12:04,0,0,1,0
2018-05-06 11:22:07,15,r/UpliftingNews,25,2018-05-06 14:13:17,0,0,1,0
2018-05-06 11:22:07,15,r/UpliftingNews,26,2018-05-06 14:21:00,0,1,1,0
2018-05-06 11:22:07,15,r/UpliftingNews,26,2018-05-06 14:55:59,1,1,1,0
2018-05-06 11:22:07,15,r/UpliftingNews,26,2018-05-06 15:02:30,2,0,1,0
2018-05-06 11:22:07,15,r/UpliftingNews,27,2018-05-06 14:22:23,0,0,1,0
2018-05-06 11:22:07,15,r/UpliftingNews,28,2018-05-06 14:40:18,0,0,1,0
2018-05-06 11:22:07,15,r/UpliftingNews,29,2018-05-06 14:40:28,0,0,1,0
2018-05-06 11:22:07,15,r/UpliftingNews,30,2018-05-06 14:45:03,0,0,1,0
2018-05-06 11:22:07,15,r/UpliftingNews,31,2018-05-06 14:45:26,0,0,1,0
2018-05-06 11:22:07,15,r/UpliftingNews,32,2018-05-06 14:48:33,0,0,1,0
2018-05-06 11:22:07,15,r/UpliftingNews,33,2018-05-06 14:54:22,0,0,1,0
2018-05-06 11:22:07,15,r/UpliftingNews,34,2018-05-06 14:55:39,0,0,1,0
2018-05-06 11:22:07,15,r/UpliftingNews,35,2018-05-06 14:57:35,0,0,1,0
2018-05-06 11:22:07,15,r/UpliftingNews,36,2018-05-06 14:58:34,0,0,1,0
2018-05-06 11:22:07,15,r/UpliftingNews,37,2018-05-06 14:58:45,0,0,1,0
2018-05-06 11:22:07,15,r/UpliftingNews,38,2018-05-06 15:01:58,0,0,1,0
2018-05-06 11:22:07,15,r/UpliftingNews,39,2018-05-06 15:03:32,0,0,1,0
2018-05-06 11:22:07,15,r/UpliftingNews,40,2018-05-06 15:08:07,0,0,1,0
2018-05-06 11:22:07,15,r/UpliftingNews,41,2018-05-06 15:10:06,0,0,1,0
2018-05-06 11:22:07,15,r/UpliftingNews,42,2018-05-06 14:22:36,0,1,1,0
2018-05-06 11:22:07,15,r/UpliftingNews,42,2018-05-06 14:58:13,1,0,1,0
2018-05-06 11:22:07,15,r/UpliftingNews,43,2018-05-06 13:24:26,0,0,1,0
2018-05-06 11:22:07,15,r/UpliftingNews,44,2018-05-06 13:34:31,0,0,1,0
2018-05-06 11:22:07,15,r/UpliftingNews,45,2018-05-06 14:22:34,0,1,1,0
2018-05-06 11:22:07,15,r/UpliftingNews,45,2018-05-06 14:41:47,1,0,1,0
2018-05-06 11:22:07,15,r/UpliftingNews,46,2018-05-06 14:04:30,0,0,1,0
2018-05-06 11:01:26,16,r/combinedgifs,0,2018-05-06 11:40:08,0,1,576,0
2018-05-06 11:01:26,16,r/combinedgifs,0,2018-05-06 12:57:53,1,4,130,0
2018-05-06 11:01:26,16,r/combinedgifs,0,2018-05-06 13:46:46,2,3,58,0
2018-05-06 11:01:26,16,r/combinedgifs,0,2018-05-06 13:52:36,3,1,18,0
2018-05-06 11:01:26,16,r/combinedgifs,0,2018-05-06 14:10:42,4,0,2,0
2018-05-06 11:01:26,16,r/combinedgifs,0,2018-05-06 14:47:09,3,0,2,0
2018-05-06 11:01:26,16,r/combinedgifs,0,2018-05-06 15:08:58,3,0,1,0
2018-05-06 11:01:26,16,r/combinedgifs,0,2018-05-06 13:00:07,2,0,27,0
2018-05-06 11:01:26,16,r/combinedgifs,0,2018-05-06 13:53:21,2,0,3,0
2018-05-06 11:01:26,16,r/combinedgifs,0,2018-05-06 15:04:04,2,0,1,0
2018-05-06 11:01:26,16,r/combinedgifs,1,2018-05-06 13:07:21,0,2,63,0
2018-05-06 11:01:26,16,r/combinedgifs,1,2018-05-06 13:57:24,1,1,6,0
2018-05-06 11:01:26,16,r/combinedgifs,1,2018-05-06 14:04:19,2,0,1,0
2018-05-06 11:01:26,16,r/combinedgifs,1,2018-05-06 14:37:10,1,1,3,0
2018-05-06 11:01:26,16,r/combinedgifs,1,2018-05-06 14:43:22,2,0,2,0
2018-05-06 11:01:26,16,r/combinedgifs,2,2018-05-06 11:03:24,0,1,92,0
2018-05-06 11:01:26,16,r/combinedgifs,2,2018-05-06 13:18:41,1,0,6,0
2018-05-06 11:01:26,16,r/combinedgifs,3,2018-05-06 12:45:25,0,1,21,0
2018-05-06 11:01:26,16,r/combinedgifs,3,2018-05-06 12:46:03,1,0,11,0
2018-05-06 11:01:26,16,r/combinedgifs,4,2018-05-06 12:54:49,0,1,11,0
2018-05-06 11:01:26,16,r/combinedgifs,4,2018-05-06 13:30:23,1,0,3,0
2018-05-06 11:01:26,16,r/combinedgifs,5,2018-05-06 12:37:17,0,0,6,0
2018-05-06 11:01:26,16,r/combinedgifs,6,2018-05-06 13:32:58,0,1,6,0
2018-05-06 11:01:26,16,r/combinedgifs,6,2018-05-06 13:35:48,1,0,6,0
2018-05-06 11:01:26,16,r/combinedgifs,7,2018-05-06 11:01:47,0,2,7,0
2018-05-06 11:01:26,16,r/combinedgifs,7,2018-05-06 11:10:17,1,2,3,0
2018-05-06 11:01:26,16,r/combinedgifs,7,2018-05-06 11:10:31,2,0,5,0
2018-05-06 11:01:26,16,r/combinedgifs,7,2018-05-06 11:10:21,2,0,0,0
2018-05-06 11:01:26,16,r/combinedgifs,7,2018-05-06 13:32:26,1,0,0,0
2018-05-06 11:01:26,16,r/combinedgifs,8,2018-05-06 12:42:10,0,0,5,0
2018-05-06 11:01:26,16,r/combinedgifs,9,2018-05-06 12:43:56,0,3,5,0
2018-05-06 11:01:26,16,r/combinedgifs,9,2018-05-06 12:46:25,1,1,12,0
2018-05-06 11:01:26,16,r/combinedgifs,9,2018-05-06 13:42:51,2,0,0,0
2018-05-06 11:01:26,16,r/combinedgifs,9,2018-05-06 14:21:41,1,0,1,0
2018-05-06 11:01:26,16,r/combinedgifs,9,2018-05-06 12:44:49,1,0,1,0
2018-05-06 11:01:26,16,r/combinedgifs,10,2018-05-06 13:40:58,0,1,4,0
2018-05-06 11:01:26,16,r/combinedgifs,10,2018-05-06 14:16:06,1,1,1,0
2018-05-06 11:01:26,16,r/combinedgifs,10,2018-05-06 14:16:18,2,1,0,0
2018-05-06 11:01:26,16,r/combinedgifs,10,2018-05-06 14:16:58,3,0,1,0
2018-05-06 11:01:26,16,r/combinedgifs,11,2018-05-06 14:02:35,0,0,1,0
2018-05-06 11:01:26,16,r/combinedgifs,12,2018-05-06 14:03:13,0,0,1,0
2018-05-06 11:01:26,16,r/combinedgifs,13,2018-05-06 14:17:29,0,0,1,0
2018-05-06 11:01:26,16,r/combinedgifs,14,2018-05-06 14:28:33,0,0,1,0
2018-05-06 11:01:26,16,r/combinedgifs,15,2018-05-06 14:49:18,0,0,1,0
2018-05-06 11:01:26,16,r/combinedgifs,16,2018-05-06 14:54:08,0,0,1,0
2018-05-06 11:01:26,16,r/combinedgifs,17,2018-05-06 15:07:25,0,0,1,0
2018-05-06 11:01:26,16,r/combinedgifs,18,2018-05-06 12:27:36,0,0,1,0
2018-05-06 11:01:26,16,r/combinedgifs,19,2018-05-06 12:44:27,0,0,1,0
2018-05-06 11:01:26,16,r/combinedgifs,20,2018-05-06 12:40:29,0,0,0,0
2018-05-06 11:01:26,16,r/combinedgifs,21,2018-05-06 13:04:57,0,0,0,0
2018-05-06 11:01:26,16,r/combinedgifs,22,2018-05-06 13:29:51,0,0,0,0
2018-05-06 11:01:26,16,r/combinedgifs,23,2018-05-06 13:59:45,0,0,0,0
2018-05-06 10:54:50,17,r/technology,0,2018-05-06 12:29:28,0,8,609,0
2018-05-06 10:54:50,17,r/technology,0,2018-05-06 12:55:47,1,4,180,0
2018-05-06 10:54:50,17,r/technology,0,2018-05-06 13:02:58,2,4,65,0
2018-05-06 10:54:50,17,r/technology,0,2018-05-06 13:41:35,3,1,31,0
2018-05-06 10:54:50,17,r/technology,0,2018-05-06 13:45:38,4,1,56,0
2018-05-06 10:54:50,17,r/technology,0,2018-05-06 14:00:09,5,3,36,0
2018-05-06 10:54:50,17,r/technology,0,2018-05-06 14:27:43,6,1,15,0
2018-05-06 10:54:50,17,r/technology,0,2018-05-06 14:36:37,7,1,4,0
2018-05-06 10:54:50,17,r/technology,0,2018-05-06 15:10:01,8,0,1,0
2018-05-06 10:54:50,17,r/technology,0,2018-05-06 14:04:17,6,1,6,0
2018-05-06 10:54:50,17,r/technology,0,2018-05-06 15:05:17,7,1,1,0
2018-05-06 10:54:50,17,r/technology,0,2018-05-06 15:07:30,8,0,1,0
2018-05-06 10:54:50,17,r/technology,0,2018-05-06 15:05:54,6,0,1,0
2018-05-06 10:54:50,17,r/technology,0,2018-05-06 14:07:12,3,0,11,0
2018-05-06 10:54:50,17,r/technology,0,2018-05-06 13:06:21,3,0,6,0
2018-05-06 10:54:50,17,r/technology,0,2018-05-06 14:59:25,3,0,2,0
2018-05-06 10:54:50,17,r/technology,0,2018-05-06 14:36:14,2,2,6,0
2018-05-06 10:54:50,17,r/technology,0,2018-05-06 14:39:15,3,1,3,0
2018-05-06 10:54:50,17,r/technology,0,2018-05-06 14:43:08,4,1,3,0
2018-05-06 10:54:50,17,r/technology,0,2018-05-06 14:50:00,5,0,1,0
2018-05-06 10:54:50,17,r/technology,0,2018-05-06 14:53:31,3,0,1,0
2018-05-06 10:54:50,17,r/technology,0,2018-05-06 14:32:39,2,1,2,0
2018-05-06 10:54:50,17,r/technology,0,2018-05-06 15:00:27,3,0,1,0
2018-05-06 10:54:50,17,r/technology,0,2018-05-06 13:20:59,2,3,3,0
2018-05-06 10:54:50,17,r/technology,0,2018-05-06 13:33:17,3,3,54,0
2018-05-06 10:54:50,17,r/technology,0,2018-05-06 13:38:05,4,3,35,0
2018-05-06 10:54:50,17,r/technology,0,2018-05-06 14:14:02,5,3,17,0
2018-05-06 10:54:50,17,r/technology,0,2018-05-06 14:17:18,6,2,2,0
2018-05-06 10:54:50,17,r/technology,0,2018-05-06 14:27:46,7,1,7,0
2018-05-06 10:54:50,17,r/technology,0,2018-05-06 14:28:38,8,0,1,0
2018-05-06 10:54:50,17,r/technology,0,2018-05-06 14:36:10,7,0,1,0
2018-05-06 10:54:50,17,r/technology,0,2018-05-06 14:42:30,6,0,1,0
2018-05-06 10:54:50,17,r/technology,0,2018-05-06 14:49:36,6,0,1,0
2018-05-06 10:54:50,17,r/technology,0,2018-05-06 14:22:06,5,1,11,0
2018-05-06 10:54:50,17,r/technology,0,2018-05-06 14:31:40,6,0,9,0
2018-05-06 10:54:50,17,r/technology,0,2018-05-06 13:57:45,5,1,6,0
2018-05-06 10:54:50,17,r/technology,0,2018-05-06 14:02:22,6,3,-7,0
2018-05-06 10:54:50,17,r/technology,0,2018-05-06 14:07:16,7,1,4,0
2018-05-06 10:54:50,17,r/technology,0,2018-05-06 14:08:20,8,0,1,0
2018-05-06 10:54:50,17,r/technology,0,2018-05-06 14:08:11,7,3,5,0
2018-05-06 10:54:50,17,r/technology,0,2018-05-06 14:16:29,8,1,6,0
2018-05-06 10:54:50,17,r/technology,0,2018-05-06 14:23:36,9,1,5,0
2018-05-06 10:54:50,17,r/technology,0,2018-05-06 14:15:32,8,0,5,0
2018-05-06 10:54:50,17,r/technology,0,2018-05-06 14:27:10,8,0,2,0
2018-05-06 10:54:50,17,r/technology,0,2018-05-06 14:09:43,7,0,2,0
2018-05-06 10:54:50,17,r/technology,0,2018-05-06 14:56:05,4,1,1,0
2018-05-06 10:54:50,17,r/technology,0,2018-05-06 15:01:44,5,0,1,0
2018-05-06 10:54:50,17,r/technology,0,2018-05-06 15:09:11,4,0,1,0
2018-05-06 10:54:50,17,r/technology,0,2018-05-06 14:04:36,3,1,3,0
2018-05-06 10:54:50,17,r/technology,0,2018-05-06 14:42:33,4,0,2,0
2018-05-06 10:54:50,17,r/technology,0,2018-05-06 13:31:32,3,2,4,0
2018-05-06 10:54:50,17,r/technology,0,2018-05-06 13:56:26,4,0,1,0
2018-05-06 10:54:50,17,r/technology,0,2018-05-06 14:05:22,4,0,0,0
2018-05-06 10:54:50,17,r/technology,0,2018-05-06 14:40:28,1,1,5,0
2018-05-06 10:54:50,17,r/technology,0,2018-05-06 14:57:03,2,0,1,0
2018-05-06 10:54:50,17,r/technology,0,2018-05-06 14:23:57,1,1,11,0
2018-05-06 10:54:50,17,r/technology,0,2018-05-06 14:55:17,2,0,2,0
2018-05-06 10:54:50,17,r/technology,0,2018-05-06 13:58:33,1,0,2,0
2018-05-06 10:54:50,17,r/technology,0,2018-05-06 14:15:37,1,0,1,0
2018-05-06 10:54:50,17,r/technology,0,2018-05-06 14:52:00,1,0,1,0
2018-05-06 10:54:50,17,r/technology,0,2018-05-06 14:55:53,1,0,1,0
2018-05-06 10:54:50,17,r/technology,0,2018-05-06 15:05:43,1,0,1,0
2018-05-06 10:54:50,17,r/technology,1,2018-05-06 13:15:51,0,7,226,0
2018-05-06 10:54:50,17,r/technology,1,2018-05-06 13:55:55,1,1,23,0
2018-05-06 10:54:50,17,r/technology,1,2018-05-06 14:03:21,2,6,11,0
2018-05-06 10:54:50,17,r/technology,1,2018-05-06 14:15:05,3,3,10,0
2018-05-06 10:54:50,17,r/technology,1,2018-05-06 14:38:01,4,1,8,0
2018-05-06 10:54:50,17,r/technology,1,2018-05-06 15:00:26,5,1,2,0
2018-05-06 10:54:50,17,r/technology,1,2018-05-06 15:04:40,6,0,1,0
2018-05-06 10:54:50,17,r/technology,1,2018-05-06 14:51:34,4,0,1,0
2018-05-06 10:54:50,17,r/technology,1,2018-05-06 15:02:54,4,0,1,0
2018-05-06 10:54:50,17,r/technology,1,2018-05-06 14:30:43,3,0,8,0
2018-05-06 10:54:50,17,r/technology,1,2018-05-06 14:05:22,3,2,3,0
2018-05-06 10:54:50,17,r/technology,1,2018-05-06 14:10:24,4,1,3,0
2018-05-06 10:54:50,17,r/technology,1,2018-05-06 14:13:25,5,0,2,0
2018-05-06 10:54:50,17,r/technology,1,2018-05-06 14:39:59,4,0,1,0
2018-05-06 10:54:50,17,r/technology,1,2018-05-06 14:39:53,3,0,1,0
2018-05-06 10:54:50,17,r/technology,1,2018-05-06 14:57:42,3,1,1,0
2018-05-06 10:54:50,17,r/technology,1,2018-05-06 15:06:30,4,0,2,0
2018-05-06 10:54:50,17,r/technology,1,2018-05-06 14:33:04,3,0,1,0
2018-05-06 10:54:50,17,r/technology,1,2018-05-06 13:42:27,1,1,37,0
2018-05-06 10:54:50,17,r/technology,1,2018-05-06 15:07:12,2,0,1,0
2018-05-06 10:54:50,17,r/technology,1,2018-05-06 14:36:17,1,0,5,0
2018-05-06 10:54:50,17,r/technology,1,2018-05-06 13:54:24,1,5,-8,0
2018-05-06 10:54:50,17,r/technology,1,2018-05-06 13:58:55,2,3,80,0
2018-05-06 10:54:50,17,r/technology,1,2018-05-06 14:25:26,3,0,28,0
2018-05-06 10:54:50,17,r/technology,1,2018-05-06 14:25:58,3,1,6,0
2018-05-06 10:54:50,17,r/technology,1,2018-05-06 14:30:28,4,0,1,0
2018-05-06 10:54:50,17,r/technology,1,2018-05-06 14:19:15,3,2,-1,0
2018-05-06 10:54:50,17,r/technology,1,2018-05-06 14:27:53,4,0,5,0
2018-05-06 10:54:50,17,r/technology,1,2018-05-06 14:35:59,4,0,1,0
2018-05-06 10:54:50,17,r/technology,1,2018-05-06 13:58:12,2,1,15,0
2018-05-06 10:54:50,17,r/technology,1,2018-05-06 14:20:53,3,0,-2,0
2018-05-06 10:54:50,17,r/technology,1,2018-05-06 14:00:11,2,2,13,0
2018-05-06 10:54:50,17,r/technology,1,2018-05-06 14:59:38,3,0,2,0
2018-05-06 10:54:50,17,r/technology,1,2018-05-06 14:16:38,3,1,1,0
2018-05-06 10:54:50,17,r/technology,1,2018-05-06 14:17:29,4,0,4,0
2018-05-06 10:54:50,17,r/technology,1,2018-05-06 14:26:52,2,0,1,0
2018-05-06 10:54:50,17,r/technology,1,2018-05-06 14:53:35,2,0,1,0
2018-05-06 10:54:50,17,r/technology,1,2018-05-06 14:16:28,1,0,2,0
2018-05-06 10:54:50,17,r/technology,1,2018-05-06 14:30:31,1,0,0,0
2018-05-06 10:54:50,17,r/technology,1,2018-05-06 13:50:01,1,1,-5,0
2018-05-06 10:54:50,17,r/technology,1,2018-05-06 13:53:29,2,2,2,0
2018-05-06 10:54:50,17,r/technology,1,2018-05-06 13:54:06,3,0,1,0
2018-05-06 10:54:50,17,r/technology,1,2018-05-06 14:19:31,3,0,1,0
2018-05-06 10:54:50,17,r/technology,2,2018-05-06 13:29:31,0,0,25,0
2018-05-06 10:54:50,17,r/technology,3,2018-05-06 11:53:41,0,4,395,0
2018-05-06 10:54:50,17,r/technology,3,2018-05-06 12:48:23,1,16,659,0
2018-05-06 10:54:50,17,r/technology,3,2018-05-06 13:20:31,2,0,161,0
2018-05-06 10:54:50,17,r/technology,3,2018-05-06 13:24:51,2,3,90,0
2018-05-06 10:54:50,17,r/technology,3,2018-05-06 13:33:38,3,0,80,0
2018-05-06 10:54:50,17,r/technology,3,2018-05-06 13:39:14,3,3,34,0
2018-05-06 10:54:50,17,r/technology,3,2018-05-06 13:57:47,4,4,42,0
2018-05-06 10:54:50,17,r/technology,3,2018-05-06 14:10:34,5,1,25,0
2018-05-06 10:54:50,17,r/technology,3,2018-05-06 14:18:44,6,1,6,0
2018-05-06 10:54:50,17,r/technology,3,2018-05-06 15:00:05,7,0,1,0
2018-05-06 10:54:50,17,r/technology,3,2018-05-06 14:08:59,5,0,3,0
2018-05-06 10:54:50,17,r/technology,3,2018-05-06 14:58:36,5,0,1,0
2018-05-06 10:54:50,17,r/technology,3,2018-05-06 15:08:48,5,0,1,0
2018-05-06 10:54:50,17,r/technology,3,2018-05-06 14:17:01,4,0,6,0
2018-05-06 10:54:50,17,r/technology,3,2018-05-06 13:56:13,4,3,3,0
2018-05-06 10:54:50,17,r/technology,3,2018-05-06 14:08:15,5,0,6,0
2018-05-06 10:54:50,17,r/technology,3,2018-05-06 13:57:20,5,2,12,0
2018-05-06 10:54:50,17,r/technology,3,2018-05-06 14:22:41,6,0,5,0
2018-05-06 10:54:50,17,r/technology,3,2018-05-06 14:11:57,6,1,4,0
2018-05-06 10:54:50,17,r/technology,3,2018-05-06 14:43:14,7,0,1,0
2018-05-06 10:54:50,17,r/technology,3,2018-05-06 14:08:22,5,0,1,0
2018-05-06 10:54:50,17,r/technology,3,2018-05-06 13:48:37,3,2,-2,0
2018-05-06 10:54:50,17,r/technology,3,2018-05-06 13:59:02,4,2,6,0
2018-05-06 10:54:50,17,r/technology,3,2018-05-06 14:10:19,5,0,3,0
2018-05-06 10:54:50,17,r/technology,3,2018-05-06 14:05:26,5,0,1,0
2018-05-06 10:54:50,17,r/technology,3,2018-05-06 13:55:58,4,1,7,0
2018-05-06 10:54:50,17,r/technology,3,2018-05-06 14:02:05,5,1,2,0
2018-05-06 10:54:50,17,r/technology,3,2018-05-06 14:30:28,6,0,1,0
2018-05-06 10:54:50,17,r/technology,3,2018-05-06 14:25:31,2,2,6,0
2018-05-06 10:54:50,17,r/technology,3,2018-05-06 14:53:13,3,0,1,0
2018-05-06 10:54:50,17,r/technology,3,2018-05-06 14:33:56,3,0,1,0
2018-05-06 10:54:50,17,r/technology,3,2018-05-06 14:06:55,2,1,16,0
2018-05-06 10:54:50,17,r/technology,3,2018-05-06 15:07:43,3,0,2,0
2018-05-06 10:54:50,17,r/technology,3,2018-05-06 13:32:00,2,2,15,0
2018-05-06 10:54:50,17,r/technology,3,2018-05-06 13:33:44,3,1,17,0
2018-05-06 10:54:50,17,r/technology,3,2018-05-06 13:36:03,4,1,13,0
2018-05-06 10:54:50,17,r/technology,3,2018-05-06 13:44:06,5,0,11,0
2018-05-06 10:54:50,17,r/technology,3,2018-05-06 14:48:24,3,0,0,0
2018-05-06 10:54:50,17,r/technology,3,2018-05-06 14:31:29,2,1,5,0
2018-05-06 10:54:50,17,r/technology,3,2018-05-06 14:37:55,3,0,-2,0
2018-05-06 10:54:50,17,r/technology,3,2018-05-06 13:56:36,2,0,2,0
2018-05-06 10:54:50,17,r/technology,3,2018-05-06 14:28:07,2,1,2,0
2018-05-06 10:54:50,17,r/technology,3,2018-05-06 14:32:30,3,0,1,0
2018-05-06 10:54:50,17,r/technology,3,2018-05-06 14:02:51,2,2,5,0
2018-05-06 10:54:50,17,r/technology,3,2018-05-06 14:29:31,3,0,9,0
2018-05-06 10:54:50,17,r/technology,3,2018-05-06 14:21:58,3,1,11,0
2018-05-06 10:54:50,17,r/technology,3,2018-05-06 14:34:48,4,0,5,0
2018-05-06 10:54:50,17,r/technology,3,2018-05-06 14:33:25,2,1,1,0
2018-05-06 10:54:50,17,r/technology,3,2018-05-06 14:35:38,3,1,-1,0
2018-05-06 10:54:50,17,r/technology,3,2018-05-06 14:41:08,4,0,3,0
2018-05-06 10:54:50,17,r/technology,3,2018-05-06 14:56:24,2,0,1,0
2018-05-06 10:54:50,17,r/technology,3,2018-05-06 15:02:21,2,0,1,0
2018-05-06 10:54:50,17,r/technology,3,2018-05-06 15:02:43,2,0,1,0
2018-05-06 10:54:50,17,r/technology,3,2018-05-06 15:03:53,2,0,1,0
2018-05-06 10:54:50,17,r/technology,3,2018-05-06 14:33:14,2,2,0,0
2018-05-06 10:54:50,17,r/technology,3,2018-05-06 14:37:37,3,0,2,0
2018-05-06 10:54:50,17,r/technology,3,2018-05-06 14:40:10,3,0,1,0
2018-05-06 10:54:50,17,r/technology,3,2018-05-06 12:56:20,2,4,-123,0
2018-05-06 10:54:50,17,r/technology,3,2018-05-06 13:02:20,3,2,101,0
2018-05-06 10:54:50,17,r/technology,3,2018-05-06 13:07:18,4,1,34,0
2018-05-06 10:54:50,17,r/technology,3,2018-05-06 13:17:26,5,0,4,0
2018-05-06 10:54:50,17,r/technology,3,2018-05-06 13:04:34,3,1,33,0
2018-05-06 10:54:50,17,r/technology,3,2018-05-06 13:17:09,4,2,-22,0
2018-05-06 10:54:50,17,r/technology,3,2018-05-06 13:25:02,5,3,20,0
2018-05-06 10:54:50,17,r/technology,3,2018-05-06 13:38:58,6,0,3,0
2018-05-06 10:54:50,17,r/technology,3,2018-05-06 13:39:39,6,2,3,0
2018-05-06 10:54:50,17,r/technology,3,2018-05-06 14:00:25,7,0,1,0
2018-05-06 10:54:50,17,r/technology,3,2018-05-06 13:58:17,7,1,0,0
2018-05-06 10:54:50,17,r/technology,3,2018-05-06 14:02:08,8,2,2,0
2018-05-06 10:54:50,17,r/technology,3,2018-05-06 14:21:47,9,0,1,0
2018-05-06 10:54:50,17,r/technology,3,2018-05-06 14:05:25,9,0,1,0
2018-05-06 10:54:50,17,r/technology,3,2018-05-06 13:41:59,6,0,0,0
2018-05-06 10:54:50,17,r/technology,3,2018-05-06 13:41:00,5,0,-1,0
2018-05-06 10:54:50,17,r/technology,3,2018-05-06 14:09:16,3,0,1,0
2018-05-06 10:54:50,17,r/technology,3,2018-05-06 13:50:28,1,0,19,0
2018-05-06 10:54:50,17,r/technology,3,2018-05-06 13:49:51,1,0,2,0
2018-05-06 10:54:50,17,r/technology,3,2018-05-06 12:48:34,1,1,-12,0
2018-05-06 10:54:50,17,r/technology,3,2018-05-06 13:11:46,2,0,12,0
2018-05-06 10:54:50,17,r/technology,4,2018-05-06 13:41:59,0,1,14,0
2018-05-06 10:54:50,17,r/technology,4,2018-05-06 15:04:26,1,0,1,0
2018-05-06 10:54:50,17,r/technology,5,2018-05-06 13:57:36,0,2,24,0
2018-05-06 10:54:50,17,r/technology,5,2018-05-06 15:09:00,1,0,1,0
2018-05-06 10:54:50,17,r/technology,5,2018-05-06 15:09:09,1,0,1,0
2018-05-06 10:54:50,17,r/technology,6,2018-05-06 14:27:46,0,2,13,0
2018-05-06 10:54:50,17,r/technology,6,2018-05-06 15:03:54,1,1,1,0
2018-05-06 10:54:50,17,r/technology,6,2018-05-06 15:04:14,2,1,1,0
2018-05-06 10:54:50,17,r/technology,6,2018-05-06 15:04:39,3,1,1,0
2018-05-06 10:54:50,17,r/technology,6,2018-05-06 15:05:16,4,1,1,0
2018-05-06 10:54:50,17,r/technology,6,2018-05-06 15:05:33,5,0,1,0
2018-05-06 10:54:50,17,r/technology,6,2018-05-06 15:05:34,1,0,1,0
2018-05-06 10:54:50,17,r/technology,7,2018-05-06 13:29:33,0,11,50,0
2018-05-06 10:54:50,17,r/technology,7,2018-05-06 13:57:28,1,3,25,0
2018-05-06 10:54:50,17,r/technology,7,2018-05-06 13:59:40,2,8,40,0
2018-05-06 10:54:50,17,r/technology,7,2018-05-06 14:26:21,3,3,9,0
2018-05-06 10:54:50,17,r/technology,7,2018-05-06 14:57:51,4,0,2,0
2018-05-06 10:54:50,17,r/technology,7,2018-05-06 14:59:45,4,0,2,0
2018-05-06 10:54:50,17,r/technology,7,2018-05-06 15:07:10,4,0,1,0
2018-05-06 10:54:50,17,r/technology,7,2018-05-06 14:38:27,3,0,5,0
2018-05-06 10:54:50,17,r/technology,7,2018-05-06 14:04:33,3,4,15,0
2018-05-06 10:54:50,17,r/technology,7,2018-05-06 14:16:48,4,0,39,0
2018-05-06 10:54:50,17,r/technology,7,2018-05-06 14:21:31,4,3,23,0
2018-05-06 10:54:50,17,r/technology,7,2018-05-06 15:03:59,5,0,2,0
2018-05-06 10:54:50,17,r/technology,7,2018-05-06 14:50:30,5,0,2,0
2018-05-06 10:54:50,17,r/technology,7,2018-05-06 15:08:40,5,0,1,0
2018-05-06 10:54:50,17,r/technology,7,2018-05-06 15:04:09,4,0,2,0
2018-05-06 10:54:50,17,r/technology,7,2018-05-06 15:04:06,4,0,1,0
2018-05-06 10:54:50,17,r/technology,7,2018-05-06 14:03:37,3,0,8,0
2018-05-06 10:54:50,17,r/technology,7,2018-05-06 14:39:41,3,0,1,0
2018-05-06 10:54:50,17,r/technology,7,2018-05-06 14:40:41,3,0,1,0
2018-05-06 10:54:50,17,r/technology,7,2018-05-06 14:59:26,3,0,1,0
2018-05-06 10:54:50,17,r/technology,7,2018-05-06 14:37:15,3,0,-1,0
2018-05-06 10:54:50,17,r/technology,7,2018-05-06 14:08:13,2,5,20,0
2018-05-06 10:54:50,17,r/technology,7,2018-05-06 14:25:15,3,1,1,0
2018-05-06 10:54:50,17,r/technology,7,2018-05-06 14:39:34,4,0,7,0
2018-05-06 10:54:50,17,r/technology,7,2018-05-06 14:38:59,3,0,1,0
2018-05-06 10:54:50,17,r/technology,7,2018-05-06 14:51:52,3,0,1,0
2018-05-06 10:54:50,17,r/technology,7,2018-05-06 14:35:36,3,0,-1,0
2018-05-06 10:54:50,17,r/technology,7,2018-05-06 14:29:36,3,0,-6,0
2018-05-06 10:54:50,17,r/technology,7,2018-05-06 15:02:21,2,1,1,0
2018-05-06 10:54:50,17,r/technology,7,2018-05-06 15:04:15,3,1,1,0
2018-05-06 10:54:50,17,r/technology,7,2018-05-06 15:09:30,4,0,1,0
2018-05-06 10:54:50,17,r/technology,7,2018-05-06 14:14:56,1,0,5,0
2018-05-06 10:54:50,17,r/technology,7,2018-05-06 14:47:21,1,0,2,0
2018-05-06 10:54:50,17,r/technology,7,2018-05-06 14:23:53,1,1,2,0
2018-05-06 10:54:50,17,r/technology,7,2018-05-06 14:40:40,2,0,2,0
2018-05-06 10:54:50,17,r/technology,7,2018-05-06 14:49:52,1,0,2,0
2018-05-06 10:54:50,17,r/technology,7,2018-05-06 14:52:29,1,0,2,0
2018-05-06 10:54:50,17,r/technology,7,2018-05-06 14:35:33,1,0,0,0
2018-05-06 10:54:50,17,r/technology,7,2018-05-06 15:05:59,1,0,1,0
2018-05-06 10:54:50,17,r/technology,7,2018-05-06 14:35:46,1,0,0,0
2018-05-06 10:54:50,17,r/technology,7,2018-05-06 14:17:56,1,0,-1,0
2018-05-06 10:54:50,17,r/technology,7,2018-05-06 14:06:32,1,0,-3,0
2018-05-06 10:54:50,17,r/technology,8,2018-05-06 13:33:46,0,1,4,0
2018-05-06 10:54:50,17,r/technology,8,2018-05-06 15:09:59,1,0,1,0
2018-05-06 10:54:50,17,r/technology,9,2018-05-06 13:50:01,0,1,4,0
2018-05-06 10:54:50,17,r/technology,9,2018-05-06 14:08:36,1,0,3,0
2018-05-06 10:54:50,17,r/technology,10,2018-05-06 11:37:38,0,11,79,0
2018-05-06 10:54:50,17,r/technology,10,2018-05-06 11:52:01,1,1,137,0
2018-05-06 10:54:50,17,r/technology,10,2018-05-06 12:37:31,2,5,32,0
2018-05-06 10:54:50,17,r/technology,10,2018-05-06 12:42:34,3,1,29,0
2018-05-06 10:54:50,17,r/technology,10,2018-05-06 14:01:56,4,0,3,0
2018-05-06 10:54:50,17,r/technology,10,2018-05-06 13:02:06,3,7,65,0
2018-05-06 10:54:50,17,r/technology,10,2018-05-06 13:02:14,4,0,7,0
2018-05-06 10:54:50,17,r/technology,10,2018-05-06 13:41:05,4,2,6,0
2018-05-06 10:54:50,17,r/technology,10,2018-05-06 13:57:19,5,1,13,0
2018-05-06 10:54:50,17,r/technology,10,2018-05-06 15:01:49,6,0,1,0
2018-05-06 10:54:50,17,r/technology,10,2018-05-06 14:32:43,4,1,4,0
2018-05-06 10:54:50,17,r/technology,10,2018-05-06 14:57:33,5,0,1,0
2018-05-06 10:54:50,17,r/technology,10,2018-05-06 13:24:48,4,1,11,0
2018-05-06 10:54:50,17,r/technology,10,2018-05-06 13:36:39,5,1,0,0
2018-05-06 10:54:50,17,r/technology,10,2018-05-06 13:53:11,6,1,7,0
2018-05-06 10:54:50,17,r/technology,10,2018-05-06 14:04:58,7,0,-1,0
2018-05-06 10:54:50,17,r/technology,10,2018-05-06 14:39:04,4,0,2,0
2018-05-06 10:54:50,17,r/technology,10,2018-05-06 14:57:16,4,0,1,0
2018-05-06 10:54:50,17,r/technology,10,2018-05-06 14:45:08,4,0,1,0
2018-05-06 10:54:50,17,r/technology,10,2018-05-06 12:58:33,3,0,6,0
2018-05-06 10:54:50,17,r/technology,10,2018-05-06 13:06:10,3,0,2,0
2018-05-06 10:54:50,17,r/technology,10,2018-05-06 13:16:21,3,0,1,0
2018-05-06 10:54:50,17,r/technology,10,2018-05-06 12:49:13,1,0,12,0
2018-05-06 10:54:50,17,r/technology,10,2018-05-06 12:26:42,1,2,51,0
2018-05-06 10:54:50,17,r/technology,10,2018-05-06 12:39:24,2,2,72,0
2018-05-06 10:54:50,17,r/technology,10,2018-05-06 12:39:28,3,0,23,0
2018-05-06 10:54:50,17,r/technology,10,2018-05-06 14:13:09,3,0,3,0
2018-05-06 10:54:50,17,r/technology,10,2018-05-06 12:40:32,2,2,6,0
2018-05-06 10:54:50,17,r/technology,10,2018-05-06 13:05:41,3,1,1,0
2018-05-06 10:54:50,17,r/technology,10,2018-05-06 13:23:59,4,0,16,0
2018-05-06 10:54:50,17,r/technology,10,2018-05-06 12:43:10,3,3,-6,0
2018-05-06 10:54:50,17,r/technology,10,2018-05-06 12:50:32,4,0,6,0
2018-05-06 10:54:50,17,r/technology,10,2018-05-06 13:30:05,4,0,1,0
2018-05-06 10:54:50,17,r/technology,10,2018-05-06 12:52:46,4,1,0,0
2018-05-06 10:54:50,17,r/technology,10,2018-05-06 13:15:56,5,0,1,0
2018-05-06 10:54:50,17,r/technology,10,2018-05-06 13:27:40,1,0,5,0
2018-05-06 10:54:50,17,r/technology,10,2018-05-06 14:18:59,1,1,7,0
2018-05-06 10:54:50,17,r/technology,10,2018-05-06 14:40:56,2,0,1,0
2018-05-06 10:54:50,17,r/technology,10,2018-05-06 12:24:40,1,3,30,0
2018-05-06 10:54:50,17,r/technology,10,2018-05-06 12:26:01,2,3,67,0
2018-05-06 10:54:50,17,r/technology,10,2018-05-06 12:31:55,3,2,38,0
2018-05-06 10:54:50,17,r/technology,10,2018-05-06 13:56:47,4,2,7,0
2018-05-06 10:54:50,17,r/technology,10,2018-05-06 14:25:31,5,0,3,0
2018-05-06 10:54:50,17,r/technology,10,2018-05-06 14:57:06,5,0,1,0
2018-05-06 10:54:50,17,r/technology,10,2018-05-06 14:14:21,4,0,2,0
2018-05-06 10:54:50,17,r/technology,10,2018-05-06 14:09:23,3,0,1,0
2018-05-06 10:54:50,17,r/technology,10,2018-05-06 12:58:01,3,1,-12,0
2018-05-06 10:54:50,17,r/technology,10,2018-05-06 13:01:45,4,1,9,0
2018-05-06 10:54:50,17,r/technology,10,2018-05-06 13:14:03,5,0,8,0
2018-05-06 10:54:50,17,r/technology,10,2018-05-06 12:50:22,2,1,21,0
2018-05-06 10:54:50,17,r/technology,10,2018-05-06 13:28:08,3,1,3,0
2018-05-06 10:54:50,17,r/technology,10,2018-05-06 13:59:27,4,0,1,0
2018-05-06 10:54:50,17,r/technology,10,2018-05-06 14:04:25,2,0,1,0
2018-05-06 10:54:50,17,r/technology,10,2018-05-06 13:54:37,1,0,2,0
2018-05-06 10:54:50,17,r/technology,10,2018-05-06 14:29:32,1,0,2,0
2018-05-06 10:54:50,17,r/technology,10,2018-05-06 14:37:43,1,0,2,0
2018-05-06 10:54:50,17,r/technology,10,2018-05-06 14:57:54,1,1,1,0
2018-05-06 10:54:50,17,r/technology,10,2018-05-06 15:04:31,2,0,1,0
2018-05-06 10:54:50,17,r/technology,10,2018-05-06 12:47:16,1,3,-6,0
2018-05-06 10:54:50,17,r/technology,10,2018-05-06 13:15:52,2,0,7,0
2018-05-06 10:54:50,17,r/technology,10,2018-05-06 13:26:27,2,0,2,0
2018-05-06 10:54:50,17,r/technology,10,2018-05-06 13:59:08,2,0,2,0
2018-05-06 10:54:50,17,r/technology,11,2018-05-06 12:44:21,0,0,7,0
2018-05-06 10:54:50,17,r/technology,12,2018-05-06 12:01:54,0,8,57,0
2018-05-06 10:54:50,17,r/technology,12,2018-05-06 12:50:17,1,1,41,0
2018-05-06 10:54:50,17,r/technology,12,2018-05-06 13:26:37,2,2,-11,0
2018-05-06 10:54:50,17,r/technology,12,2018-05-06 13:37:29,3,1,16,0
2018-05-06 10:54:50,17,r/technology,12,2018-05-06 13:43:07,4,1,-20,0
2018-05-06 10:54:50,17,r/technology,12,2018-05-06 13:49:31,5,2,33,0
2018-05-06 10:54:50,17,r/technology,12,2018-05-06 14:01:48,6,1,14,0
2018-05-06 10:54:50,17,r/technology,12,2018-05-06 14:32:57,7,0,3,0
2018-05-06 10:54:50,17,r/technology,12,2018-05-06 14:13:18,6,1,-3,0
2018-05-06 10:54:50,17,r/technology,12,2018-05-06 14:29:14,7,0,4,0
2018-05-06 10:54:50,17,r/technology,12,2018-05-06 14:22:53,3,0,2,0
2018-05-06 10:54:50,17,r/technology,12,2018-05-06 13:32:23,1,2,29,0
2018-05-06 10:54:50,17,r/technology,12,2018-05-06 14:37:12,2,0,2,0
2018-05-06 10:54:50,17,r/technology,12,2018-05-06 14:07:43,2,0,0,0
2018-05-06 10:54:50,17,r/technology,12,2018-05-06 13:12:42,1,1,61,0
2018-05-06 10:54:50,17,r/technology,12,2018-05-06 14:50:54,2,0,2,0
2018-05-06 10:54:50,17,r/technology,12,2018-05-06 13:49:57,1,1,9,0
2018-05-06 10:54:50,17,r/technology,12,2018-05-06 14:32:06,2,0,3,0
2018-05-06 10:54:50,17,r/technology,12,2018-05-06 12:20:43,1,2,62,0
2018-05-06 10:54:50,17,r/technology,12,2018-05-06 12:30:21,2,3,76,0
2018-05-06 10:54:50,17,r/technology,12,2018-05-06 12:36:59,3,2,65,0
2018-05-06 10:54:50,17,r/technology,12,2018-05-06 12:49:10,4,1,9,0
2018-05-06 10:54:50,17,r/technology,12,2018-05-06 14:01:23,5,0,2,0
2018-05-06 10:54:50,17,r/technology,12,2018-05-06 12:45:48,4,2,6,0
2018-05-06 10:54:50,17,r/technology,12,2018-05-06 12:56:10,5,0,9,0
2018-05-06 10:54:50,17,r/technology,12,2018-05-06 13:32:52,5,0,6,0
2018-05-06 10:54:50,17,r/technology,12,2018-05-06 13:26:52,3,0,7,0
2018-05-06 10:54:50,17,r/technology,12,2018-05-06 13:41:42,3,1,2,0
2018-05-06 10:54:50,17,r/technology,12,2018-05-06 14:38:37,4,0,7,0
2018-05-06 10:54:50,17,r/technology,12,2018-05-06 14:31:20,2,0,3,0
2018-05-06 10:54:50,17,r/technology,12,2018-05-06 13:22:24,1,0,4,0
2018-05-06 10:54:50,17,r/technology,12,2018-05-06 13:57:58,1,0,1,0
2018-05-06 10:54:50,17,r/technology,12,2018-05-06 13:46:59,1,0,1,0
2018-05-06 10:54:50,17,r/technology,13,2018-05-06 13:05:40,0,1,3,0
2018-05-06 10:54:50,17,r/technology,13,2018-05-06 14:29:12,1,0,1,0
2018-05-06 10:54:50,17,r/technology,14,2018-05-06 13:26:24,0,1,3,0
2018-05-06 10:54:50,17,r/technology,14,2018-05-06 13:26:28,1,0,1,0
2018-05-06 10:54:50,17,r/technology,15,2018-05-06 13:32:59,0,0,3,0
2018-05-06 10:54:50,17,r/technology,16,2018-05-06 13:40:29,0,0,3,0
2018-05-06 10:54:50,17,r/technology,17,2018-05-06 14:22:02,0,0,3,0
2018-05-06 10:54:50,17,r/technology,18,2018-05-06 14:24:01,0,0,3,0
2018-05-06 10:54:50,17,r/technology,19,2018-05-06 14:27:10,0,0,3,0
2018-05-06 10:54:50,17,r/technology,20,2018-05-06 14:04:36,0,1,7,0
2018-05-06 10:54:50,17,r/technology,20,2018-05-06 14:46:36,1,0,0,0
2018-05-06 10:54:50,17,r/technology,21,2018-05-06 13:30:52,0,0,6,0
2018-05-06 10:54:50,17,r/technology,22,2018-05-06 14:22:13,0,0,4,0
2018-05-06 10:54:50,17,r/technology,23,2018-05-06 13:20:11,0,0,8,0
2018-05-06 10:54:50,17,r/technology,24,2018-05-06 14:00:37,0,2,2,0
2018-05-06 10:54:50,17,r/technology,24,2018-05-06 14:27:58,1,0,2,0
2018-05-06 10:54:50,17,r/technology,24,2018-05-06 14:14:03,1,0,1,0
2018-05-06 10:54:50,17,r/technology,25,2018-05-06 14:02:44,0,0,2,0
2018-05-06 10:54:50,17,r/technology,26,2018-05-06 14:21:22,0,0,2,0
2018-05-06 10:54:50,17,r/technology,27,2018-05-06 14:21:56,0,0,2,0
2018-05-06 10:54:50,17,r/technology,28,2018-05-06 12:44:25,0,0,5,0
2018-05-06 10:54:50,17,r/technology,29,2018-05-06 13:34:28,0,0,3,0
2018-05-06 10:54:50,17,r/technology,30,2018-05-06 13:43:34,0,1,3,0
2018-05-06 10:54:50,17,r/technology,30,2018-05-06 14:06:21,1,0,6,0
2018-05-06 10:54:50,17,r/technology,31,2018-05-06 14:28:35,0,0,2,0
2018-05-06 10:54:50,17,r/technology,32,2018-05-06 13:04:04,0,1,3,0
2018-05-06 10:54:50,17,r/technology,32,2018-05-06 13:19:57,1,1,5,0
2018-05-06 10:54:50,17,r/technology,32,2018-05-06 13:29:14,2,0,1,0
2018-05-06 10:54:50,17,r/technology,33,2018-05-06 14:36:27,0,0,1,0
2018-05-06 10:54:50,17,r/technology,34,2018-05-06 14:37:37,0,0,1,0
2018-05-06 10:54:50,17,r/technology,35,2018-05-06 14:39:07,0,0,1,0
2018-05-06 10:54:50,17,r/technology,36,2018-05-06 14:45:09,0,0,1,0
2018-05-06 10:54:50,17,r/technology,37,2018-05-06 14:45:54,0,0,1,0
2018-05-06 10:54:50,17,r/technology,38,2018-05-06 14:48:25,0,0,1,0
2018-05-06 10:54:50,17,r/technology,39,2018-05-06 14:49:30,0,0,1,0
2018-05-06 10:54:50,17,r/technology,40,2018-05-06 14:50:19,0,0,1,0
2018-05-06 10:54:50,17,r/technology,41,2018-05-06 14:53:47,0,0,1,0
2018-05-06 10:54:50,17,r/technology,42,2018-05-06 14:56:04,0,0,1,0
2018-05-06 10:54:50,17,r/technology,43,2018-05-06 14:57:37,0,0,1,0
2018-05-06 10:54:50,17,r/technology,44,2018-05-06 14:58:28,0,0,1,0
2018-05-06 10:54:50,17,r/technology,45,2018-05-06 15:00:37,0,0,1,0
2018-05-06 10:54:50,17,r/technology,46,2018-05-06 15:04:12,0,0,1,0
2018-05-06 10:54:50,17,r/technology,47,2018-05-06 15:04:13,0,0,1,0
2018-05-06 10:54:50,17,r/technology,48,2018-05-06 15:04:17,0,0,1,0
2018-05-06 10:54:50,17,r/technology,49,2018-05-06 15:04:29,0,0,1,0
2018-05-06 10:54:50,17,r/technology,50,2018-05-06 15:09:28,0,0,1,0
2018-05-06 10:54:50,17,r/technology,51,2018-05-06 15:09:55,0,0,1,0
2018-05-06 10:54:50,17,r/technology,52,2018-05-06 13:54:45,0,1,0,0
2018-05-06 10:54:50,17,r/technology,52,2018-05-06 14:15:12,1,1,4,0
2018-05-06 10:54:50,17,r/technology,52,2018-05-06 14:45:15,2,0,0,0
2018-05-06 10:54:50,17,r/technology,53,2018-05-06 14:11:09,0,0,1,0
2018-05-06 10:54:50,17,r/technology,54,2018-05-06 14:36:08,0,0,1,0
2018-05-06 10:54:50,17,r/technology,55,2018-05-06 14:46:08,0,0,1,0
2018-05-06 10:54:50,17,r/technology,56,2018-05-06 14:32:33,0,0,0,0
2018-05-06 10:54:50,17,r/technology,57,2018-05-06 13:25:47,0,3,-3,0
2018-05-06 10:54:50,17,r/technology,57,2018-05-06 13:44:11,1,1,1,0
2018-05-06 10:54:50,17,r/technology,57,2018-05-06 13:53:54,2,0,7,0
2018-05-06 10:54:50,17,r/technology,57,2018-05-06 14:00:05,1,0,1,0
2018-05-06 10:54:50,17,r/technology,57,2018-05-06 14:11:09,1,0,-1,0
2018-05-06 10:54:50,17,r/technology,58,2018-05-06 12:43:34,0,0,-7,0
2018-05-06 10:54:50,17,r/technology,59,2018-05-06 12:39:01,0,1,-15,0
2018-05-06 10:54:50,17,r/technology,59,2018-05-06 13:20:10,1,1,5,0
2018-05-06 10:54:50,17,r/technology,60,2018-05-06 13:49:57,0,2,-4,0
2018-05-06 10:54:50,17,r/technology,60,2018-05-06 14:15:48,1,0,4,0
2018-05-06 10:54:50,17,r/technology,60,2018-05-06 14:51:44,1,0,2,0
2018-05-06 10:54:50,17,r/technology,61,2018-05-06 14:18:35,0,0,-1,0
2018-05-06 10:54:50,17,r/technology,62,2018-05-06 14:20:07,0,1,-1,0
2018-05-06 10:54:50,17,r/technology,62,2018-05-06 14:44:09,1,1,2,0
2018-05-06 10:54:50,17,r/technology,62,2018-05-06 14:53:54,2,0,1,0
2018-05-06 10:54:50,17,r/technology,63,2018-05-06 13:12:05,0,1,-4,0
2018-05-06 10:54:50,17,r/technology,63,2018-05-06 13:37:08,1,1,8,0
2018-05-06 10:54:50,17,r/technology,63,2018-05-06 13:40:49,2,1,0,0
2018-05-06 10:54:50,17,r/technology,63,2018-05-06 13:42:47,3,0,8,0
2018-05-06 10:54:50,17,r/technology,64,2018-05-06 14:24:56,0,0,0,0
2018-05-06 10:54:50,17,r/technology,65,2018-05-06 14:33:52,0,0,0,0
2018-05-06 10:54:50,17,r/technology,66,2018-05-06 12:54:36,0,1,-6,0
2018-05-06 10:54:50,17,r/technology,66,2018-05-06 13:03:46,1,1,8,0
2018-05-06 10:54:50,17,r/technology,66,2018-05-06 13:16:29,2,1,-1,0
2018-05-06 10:54:50,17,r/technology,66,2018-05-06 13:19:51,3,0,4,0
2018-05-06 10:54:50,17,r/technology,67,2018-05-06 12:38:30,0,1,-20,0
2018-05-06 10:54:50,17,r/technology,67,2018-05-06 12:52:19,1,2,-8,0
2018-05-06 10:54:50,17,r/technology,67,2018-05-06 13:21:42,2,0,2,0
2018-05-06 10:54:50,17,r/technology,68,2018-05-06 14:26:57,0,0,-2,0
2018-05-06 10:54:50,17,r/technology,69,2018-05-06 13:34:23,0,2,-10,0
2018-05-06 10:54:50,17,r/technology,69,2018-05-06 14:21:05,1,0,5,0
2018-05-06 10:54:50,17,r/technology,69,2018-05-06 14:17:12,1,0,0,0
2018-05-06 10:54:50,17,r/technology,70,2018-05-06 13:03:26,0,0,-3,0
2018-05-06 10:54:50,17,r/technology,71,2018-05-06 12:43:05,0,2,-17,0
2018-05-06 10:54:50,17,r/technology,71,2018-05-06 13:17:50,1,1,12,0
2018-05-06 10:54:50,17,r/technology,71,2018-05-06 13:31:13,2,1,2,0
2018-05-06 10:54:50,17,r/technology,71,2018-05-06 13:38:31,3,1,2,0
2018-05-06 10:54:50,17,r/technology,71,2018-05-06 13:45:49,4,0,2,0
2018-05-06 10:54:50,17,r/technology,71,2018-05-06 13:20:59,1,1,6,0
2018-05-06 10:54:50,17,r/technology,71,2018-05-06 14:22:18,2,1,0,0
2018-05-06 10:54:50,17,r/technology,71,2018-05-06 14:34:44,3,0,1,0
2018-05-06 10:54:50,17,r/technology,72,2018-05-06 13:19:16,0,1,-9,0
2018-05-06 10:54:50,17,r/technology,72,2018-05-06 14:38:29,1,0,1,0
2018-05-06 10:54:50,17,r/technology,73,2018-05-06 12:36:51,0,7,-30,0
2018-05-06 10:54:50,17,r/technology,73,2018-05-06 12:57:01,1,1,15,0
2018-05-06 10:54:50,17,r/technology,73,2018-05-06 13:41:08,2,0,2,0
2018-05-06 10:54:50,17,r/technology,73,2018-05-06 13:23:26,1,0,3,0
2018-05-06 10:54:50,17,r/technology,73,2018-05-06 12:47:40,1,1,6,0
2018-05-06 10:54:50,17,r/technology,73,2018-05-06 13:15:32,2,1,3,0
2018-05-06 10:54:50,17,r/technology,73,2018-05-06 13:18:34,3,0,1,0
2018-05-06 10:54:50,17,r/technology,73,2018-05-06 13:41:10,1,0,1,0
2018-05-06 10:54:50,17,r/technology,73,2018-05-06 14:37:03,1,0,1,0
2018-05-06 10:54:50,17,r/technology,73,2018-05-06 12:42:04,1,2,0,0
2018-05-06 10:54:50,17,r/technology,73,2018-05-06 12:44:38,2,3,-1,0
2018-05-06 10:54:50,17,r/technology,73,2018-05-06 12:49:19,3,1,2,0
2018-05-06 10:54:50,17,r/technology,73,2018-05-06 13:23:11,4,1,2,0
2018-05-06 10:54:50,17,r/technology,73,2018-05-06 13:26:28,5,1,1,0
2018-05-06 10:54:50,17,r/technology,73,2018-05-06 13:38:53,6,0,1,0
2018-05-06 10:54:50,17,r/technology,73,2018-05-06 13:19:06,3,0,1,0
2018-05-06 10:54:50,17,r/technology,73,2018-05-06 13:24:43,3,0,1,0
2018-05-06 10:54:50,17,r/technology,73,2018-05-06 12:46:50,2,2,-7,0
2018-05-06 10:54:50,17,r/technology,73,2018-05-06 12:48:44,3,1,6,0
2018-05-06 10:54:50,17,r/technology,73,2018-05-06 13:29:39,3,0,1,0
2018-05-06 10:54:50,17,r/technology,73,2018-05-06 12:45:30,1,2,-8,0
2018-05-06 10:54:50,17,r/technology,73,2018-05-06 12:59:18,2,0,5,0
2018-05-06 10:54:50,17,r/technology,73,2018-05-06 13:01:15,2,1,0,0
2018-05-06 10:54:50,17,r/technology,73,2018-05-06 13:30:45,3,0,2,0
2018-05-06 10:54:50,17,r/technology,74,2018-05-06 14:01:16,0,0,-4,0
2018-05-06 10:54:50,17,r/technology,75,2018-05-06 14:01:15,0,0,-4,0
2018-05-06 10:54:50,17,r/technology,76,2018-05-06 14:28:54,0,0,-4,0
2018-05-06 10:54:50,17,r/technology,77,2018-05-06 14:43:01,0,0,-1,0
2018-05-06 10:54:50,17,r/technology,78,2018-05-06 14:50:21,0,1,-1,0
2018-05-06 10:54:50,17,r/technology,78,2018-05-06 15:07:54,1,0,1,0
2018-05-06 10:54:50,17,r/technology,79,2018-05-06 13:21:14,0,0,-6,0
2018-05-06 10:54:50,17,r/technology,80,2018-05-06 13:25:26,0,3,-6,0
2018-05-06 10:54:50,17,r/technology,80,2018-05-06 13:34:10,1,0,9,0
2018-05-06 10:54:50,17,r/technology,80,2018-05-06 14:11:35,1,0,4,0
2018-05-06 10:54:50,17,r/technology,80,2018-05-06 13:45:18,1,0,-1,0
2018-05-06 10:54:50,17,r/technology,81,2018-05-06 13:32:08,0,1,-8,0
2018-05-06 10:54:50,17,r/technology,81,2018-05-06 13:35:24,1,0,2,0
2018-05-06 10:54:50,17,r/technology,82,2018-05-06 14:15:04,0,0,-2,0
2018-05-06 10:54:50,17,r/technology,83,2018-05-06 12:56:22,0,0,-8,0
2018-05-06 10:54:50,17,r/technology,84,2018-05-06 13:42:50,0,1,-8,0
2018-05-06 10:54:50,17,r/technology,84,2018-05-06 14:36:17,1,1,5,0
2018-05-06 10:54:50,17,r/technology,84,2018-05-06 14:52:29,2,0,3,0
2018-05-06 12:36:17,18,r/assholedesign,0,2018-05-06 13:03:55,0,10,529,0
2018-05-06 12:36:17,18,r/assholedesign,0,2018-05-06 13:10:16,1,5,311,0
2018-05-06 12:36:17,18,r/assholedesign,0,2018-05-06 13:34:05,2,3,236,0
2018-05-06 12:36:17,18,r/assholedesign,0,2018-05-06 14:19:34,3,1,81,0
2018-05-06 12:36:17,18,r/assholedesign,0,2018-05-06 14:31:26,4,0,1,0
2018-05-06 12:36:17,18,r/assholedesign,0,2018-05-06 14:49:27,3,0,1,0
2018-05-06 12:36:17,18,r/assholedesign,0,2018-05-06 14:54:09,3,0,1,0
2018-05-06 12:36:17,18,r/assholedesign,0,2018-05-06 13:11:36,2,4,50,0
2018-05-06 12:36:17,18,r/assholedesign,0,2018-05-06 13:33:48,3,2,47,0
2018-05-06 12:36:17,18,r/assholedesign,0,2018-05-06 13:52:23,4,1,14,0
2018-05-06 12:36:17,18,r/assholedesign,0,2018-05-06 14:08:02,5,0,5,0
2018-05-06 12:36:17,18,r/assholedesign,0,2018-05-06 14:33:37,4,1,1,0
2018-05-06 12:36:17,18,r/assholedesign,0,2018-05-06 14:48:44,5,1,1,0
2018-05-06 12:36:17,18,r/assholedesign,0,2018-05-06 15:07:16,6,0,1,0
2018-05-06 12:36:17,18,r/assholedesign,0,2018-05-06 14:03:23,3,2,8,0
2018-05-06 12:36:17,18,r/assholedesign,0,2018-05-06 14:46:13,4,0,1,0
2018-05-06 12:36:17,18,r/assholedesign,0,2018-05-06 15:00:10,4,0,1,0
2018-05-06 12:36:17,18,r/assholedesign,0,2018-05-06 14:23:59,3,0,2,0
2018-05-06 12:36:17,18,r/assholedesign,0,2018-05-06 14:30:12,3,0,1,0
2018-05-06 12:36:17,18,r/assholedesign,0,2018-05-06 14:41:29,2,0,1,0
2018-05-06 12:36:17,18,r/assholedesign,0,2018-05-06 14:39:46,2,1,1,0
2018-05-06 12:36:17,18,r/assholedesign,0,2018-05-06 14:55:27,3,0,1,0
2018-05-06 12:36:17,18,r/assholedesign,0,2018-05-06 14:57:44,2,0,1,0
2018-05-06 12:36:17,18,r/assholedesign,0,2018-05-06 13:50:56,1,0,36,0
2018-05-06 12:36:17,18,r/assholedesign,0,2018-05-06 13:55:19,1,0,15,0
2018-05-06 12:36:17,18,r/assholedesign,0,2018-05-06 14:29:13,1,1,1,0
2018-05-06 12:36:17,18,r/assholedesign,0,2018-05-06 15:09:41,2,0,1,0
2018-05-06 12:36:17,18,r/assholedesign,0,2018-05-06 14:25:24,1,0,1,0
2018-05-06 12:36:17,18,r/assholedesign,0,2018-05-06 14:59:23,1,0,1,0
2018-05-06 12:36:17,18,r/assholedesign,0,2018-05-06 14:36:46,1,0,1,0
2018-05-06 12:36:17,18,r/assholedesign,0,2018-05-06 14:50:06,1,0,1,0
2018-05-06 12:36:17,18,r/assholedesign,0,2018-05-06 14:55:53,1,0,1,0
2018-05-06 12:36:17,18,r/assholedesign,0,2018-05-06 13:36:34,1,1,-8,0
2018-05-06 12:36:17,18,r/assholedesign,0,2018-05-06 13:46:43,2,1,16,0
2018-05-06 12:36:17,18,r/assholedesign,0,2018-05-06 13:59:27,3,1,5,0
2018-05-06 12:36:17,18,r/assholedesign,0,2018-05-06 13:59:53,4,0,4,0
2018-05-06 12:36:17,18,r/assholedesign,1,2018-05-06 14:00:35,0,1,55,0
2018-05-06 12:36:17,18,r/assholedesign,1,2018-05-06 14:41:14,1,0,1,0
2018-05-06 12:36:17,18,r/assholedesign,2,2018-05-06 13:36:43,0,0,73,0
2018-05-06 12:36:17,18,r/assholedesign,3,2018-05-06 13:54:27,0,0,24,0
2018-05-06 12:36:17,18,r/assholedesign,4,2018-05-06 13:25:24,0,0,26,0
2018-05-06 12:36:17,18,r/assholedesign,5,2018-05-06 14:10:04,0,0,19,0
2018-05-06 12:36:17,18,r/assholedesign,6,2018-05-06 13:57:16,0,1,10,0
2018-05-06 12:36:17,18,r/assholedesign,6,2018-05-06 14:51:25,1,0,1,0
2018-05-06 12:36:17,18,r/assholedesign,7,2018-05-06 14:25:59,0,0,1,0
2018-05-06 12:36:17,18,r/assholedesign,8,2018-05-06 13:37:08,0,1,18,0
2018-05-06 12:36:17,18,r/assholedesign,8,2018-05-06 14:39:29,1,1,1,0
2018-05-06 12:36:17,18,r/assholedesign,8,2018-05-06 14:42:55,2,0,1,0
2018-05-06 12:36:17,18,r/assholedesign,9,2018-05-06 14:18:40,0,0,1,0
2018-05-06 12:36:17,18,r/assholedesign,10,2018-05-06 14:34:01,0,0,1,0
2018-05-06 12:36:17,18,r/assholedesign,11,2018-05-06 14:48:50,0,0,1,0
2018-05-06 12:36:17,18,r/assholedesign,12,2018-05-06 14:39:45,0,0,1,0
2018-05-06 12:36:17,18,r/assholedesign,13,2018-05-06 14:41:43,0,0,1,0
2018-05-06 12:36:17,18,r/assholedesign,14,2018-05-06 14:50:11,0,0,1,0
2018-05-06 12:36:17,18,r/assholedesign,15,2018-05-06 14:52:07,0,0,1,0
2018-05-06 12:36:17,18,r/assholedesign,16,2018-05-06 14:54:53,0,0,1,0
2018-05-06 12:36:17,18,r/assholedesign,17,2018-05-06 14:59:58,0,0,1,0
2018-05-06 12:36:17,18,r/assholedesign,18,2018-05-06 15:06:41,0,0,1,0
2018-05-06 12:36:17,18,r/assholedesign,19,2018-05-06 15:07:41,0,0,1,0
2018-05-06 12:36:17,18,r/assholedesign,20,2018-05-06 15:08:07,0,0,1,0
2018-05-06 12:36:17,18,r/assholedesign,21,2018-05-06 15:09:06,0,0,1,0
2018-05-06 12:36:17,18,r/assholedesign,22,2018-05-06 15:09:48,0,0,1,0
2018-05-06 12:36:17,18,r/assholedesign,23,2018-05-06 14:36:28,0,0,1,0
2018-05-06 12:36:17,18,r/assholedesign,24,2018-05-06 14:30:23,0,0,1,0
2018-05-06 12:36:17,18,r/assholedesign,25,2018-05-06 14:35:14,0,0,1,0
2018-05-06 12:36:17,18,r/assholedesign,26,2018-05-06 15:05:38,0,0,1,0
2018-05-06 07:38:54,19,r/todayilearned,0,2018-05-06 10:10:32,0,16,6493,0
2018-05-06 07:38:54,19,r/todayilearned,0,2018-05-06 11:03:19,1,6,3455,0
2018-05-06 07:38:54,19,r/todayilearned,0,2018-05-06 11:24:48,2,2,2194,0
2018-05-06 07:38:54,19,r/todayilearned,0,2018-05-06 13:31:05,3,1,515,0
2018-05-06 07:38:54,19,r/todayilearned,0,2018-05-06 13:35:12,4,2,143,0
2018-05-06 07:38:54,19,r/todayilearned,0,2018-05-06 13:43:08,5,3,176,0
2018-05-06 07:38:54,19,r/todayilearned,0,2018-05-06 13:57:07,6,0,97,0
2018-05-06 07:38:54,19,r/todayilearned,0,2018-05-06 15:04:00,6,0,1,0
2018-05-06 07:38:54,19,r/todayilearned,0,2018-05-06 15:06:25,6,0,1,0
2018-05-06 07:38:54,19,r/todayilearned,0,2018-05-06 14:22:20,5,1,1,0
2018-05-06 07:38:54,19,r/todayilearned,0,2018-05-06 11:04:58,2,1,368,0
2018-05-06 07:38:54,19,r/todayilearned,0,2018-05-06 12:56:27,3,3,174,0
2018-05-06 07:38:54,19,r/todayilearned,0,2018-05-06 13:23:36,4,1,57,0
2018-05-06 07:38:54,19,r/todayilearned,0,2018-05-06 13:28:20,5,1,47,0
2018-05-06 07:38:54,19,r/todayilearned,0,2018-05-06 14:15:56,4,0,1,0
2018-05-06 07:38:54,19,r/todayilearned,0,2018-05-06 14:12:53,4,0,1,0
2018-05-06 07:38:54,19,r/todayilearned,0,2018-05-06 13:19:58,2,0,13,0
2018-05-06 07:38:54,19,r/todayilearned,0,2018-05-06 13:44:40,2,0,2,0
2018-05-06 07:38:54,19,r/todayilearned,0,2018-05-06 13:58:44,2,0,2,0
2018-05-06 07:38:54,19,r/todayilearned,0,2018-05-06 11:42:55,1,2,182,0
2018-05-06 07:38:54,19,r/todayilearned,0,2018-05-06 14:23:06,2,1,1,0
2018-05-06 07:38:54,19,r/todayilearned,0,2018-05-06 14:49:20,3,1,1,0
2018-05-06 07:38:54,19,r/todayilearned,0,2018-05-06 14:56:44,4,1,1,0
2018-05-06 07:38:54,19,r/todayilearned,0,2018-05-06 14:29:35,2,0,1,0
2018-05-06 07:38:54,19,r/todayilearned,0,2018-05-06 12:06:22,1,3,138,0
2018-05-06 07:38:54,19,r/todayilearned,0,2018-05-06 12:54:10,2,6,78,0
2018-05-06 07:38:54,19,r/todayilearned,0,2018-05-06 12:58:59,3,4,183,0
2018-05-06 07:38:54,19,r/todayilearned,0,2018-05-06 13:27:03,4,0,26,0
2018-05-06 07:38:54,19,r/todayilearned,0,2018-05-06 13:33:58,4,0,9,0
2018-05-06 07:38:54,19,r/todayilearned,0,2018-05-06 13:37:16,4,1,3,0
2018-05-06 07:38:54,19,r/todayilearned,0,2018-05-06 14:34:46,4,0,1,0
2018-05-06 07:38:54,19,r/todayilearned,0,2018-05-06 12:57:08,3,3,47,0
2018-05-06 07:38:54,19,r/todayilearned,0,2018-05-06 13:07:38,4,5,65,0
2018-05-06 07:38:54,19,r/todayilearned,0,2018-05-06 13:13:34,5,3,45,0
2018-05-06 07:38:54,19,r/todayilearned,0,2018-05-06 13:23:38,6,1,35,0
2018-05-06 07:38:54,19,r/todayilearned,0,2018-05-06 14:12:26,7,0,1,0
2018-05-06 07:38:54,19,r/todayilearned,0,2018-05-06 13:29:10,6,0,2,0
2018-05-06 07:38:54,19,r/todayilearned,0,2018-05-06 13:34:11,6,1,2,0
2018-05-06 07:38:54,19,r/todayilearned,0,2018-05-06 14:08:25,7,1,2,0
2018-05-06 07:38:54,19,r/todayilearned,0,2018-05-06 13:12:43,5,2,14,0
2018-05-06 07:38:54,19,r/todayilearned,0,2018-05-06 14:39:51,6,0,1,0
2018-05-06 07:38:54,19,r/todayilearned,0,2018-05-06 14:22:22,6,0,1,0
2018-05-06 07:38:54,19,r/todayilearned,0,2018-05-06 13:19:34,5,0,2,0
2018-05-06 07:38:54,19,r/todayilearned,0,2018-05-06 13:32:54,5,1,2,0
2018-05-06 07:38:54,19,r/todayilearned,0,2018-05-06 13:05:46,4,0,4,0
2018-05-06 07:38:54,19,r/todayilearned,0,2018-05-06 13:11:55,3,0,2,0
2018-05-06 07:38:54,19,r/todayilearned,0,2018-05-06 13:21:37,3,0,2,0
2018-05-06 07:38:54,19,r/todayilearned,0,2018-05-06 13:28:56,3,0,2,0
2018-05-06 07:38:54,19,r/todayilearned,0,2018-05-06 13:28:53,2,0,2,0
2018-05-06 07:38:54,19,r/todayilearned,0,2018-05-06 13:01:42,1,1,32,0
2018-05-06 07:38:54,19,r/todayilearned,0,2018-05-06 13:10:47,2,0,8,0
2018-05-06 07:38:54,19,r/todayilearned,0,2018-05-06 11:52:47,1,0,51,0
2018-05-06 07:38:54,19,r/todayilearned,0,2018-05-06 12:57:26,1,9,46,0
2018-05-06 07:38:54,19,r/todayilearned,0,2018-05-06 13:01:29,2,2,91,0
2018-05-06 07:38:54,19,r/todayilearned,0,2018-05-06 13:05:52,3,4,38,0
2018-05-06 07:38:54,19,r/todayilearned,0,2018-05-06 13:16:15,4,4,31,0
2018-05-06 07:38:54,19,r/todayilearned,0,2018-05-06 13:24:12,5,1,17,0
2018-05-06 07:38:54,19,r/todayilearned,0,2018-05-06 14:03:19,6,1,8,0
2018-05-06 07:38:54,19,r/todayilearned,0,2018-05-06 14:12:53,7,0,1,0
2018-05-06 07:38:54,19,r/todayilearned,0,2018-05-06 13:23:56,5,0,3,0
2018-05-06 07:38:54,19,r/todayilearned,0,2018-05-06 13:39:06,5,1,3,0
2018-05-06 07:38:54,19,r/todayilearned,0,2018-05-06 14:07:03,6,0,2,0
2018-05-06 07:38:54,19,r/todayilearned,0,2018-05-06 14:37:20,5,0,1,0
2018-05-06 07:38:54,19,r/todayilearned,0,2018-05-06 13:29:34,4,2,5,0
2018-05-06 07:38:54,19,r/todayilearned,0,2018-05-06 14:06:54,5,0,3,0
2018-05-06 07:38:54,19,r/todayilearned,0,2018-05-06 14:08:30,5,1,2,0
2018-05-06 07:38:54,19,r/todayilearned,0,2018-05-06 13:19:42,4,0,2,0
2018-05-06 07:38:54,19,r/todayilearned,0,2018-05-06 14:01:01,3,1,2,0
2018-05-06 07:38:54,19,r/todayilearned,0,2018-05-06 12:59:20,2,0,18,0
2018-05-06 07:38:54,19,r/todayilearned,0,2018-05-06 13:02:33,2,1,15,0
2018-05-06 07:38:54,19,r/todayilearned,0,2018-05-06 13:24:25,3,1,5,0
2018-05-06 07:38:54,19,r/todayilearned,0,2018-05-06 13:07:14,2,3,5,0
2018-05-06 07:38:54,19,r/todayilearned,0,2018-05-06 13:23:43,3,1,2,0
2018-05-06 07:38:54,19,r/todayilearned,0,2018-05-06 13:29:12,4,1,3,0
2018-05-06 07:38:54,19,r/todayilearned,0,2018-05-06 13:38:33,5,0,2,0
2018-05-06 07:38:54,19,r/todayilearned,0,2018-05-06 14:16:48,3,0,1,0
2018-05-06 07:38:54,19,r/todayilearned,0,2018-05-06 13:10:55,3,1,1,0
2018-05-06 07:38:54,19,r/todayilearned,0,2018-05-06 13:31:42,4,0,3,0
2018-05-06 07:38:54,19,r/todayilearned,0,2018-05-06 13:11:17,2,0,6,0
2018-05-06 07:38:54,19,r/todayilearned,0,2018-05-06 13:03:24,2,1,7,0
2018-05-06 07:38:54,19,r/todayilearned,0,2018-05-06 13:35:46,3,1,5,0
2018-05-06 07:38:54,19,r/todayilearned,0,2018-05-06 13:03:44,2,0,3,0
2018-05-06 07:38:54,19,r/todayilearned,0,2018-05-06 13:08:50,2,0,3,0
2018-05-06 07:38:54,19,r/todayilearned,0,2018-05-06 13:15:58,1,1,9,0
2018-05-06 07:38:54,19,r/todayilearned,0,2018-05-06 14:25:37,2,0,1,0
2018-05-06 07:38:54,19,r/todayilearned,0,2018-05-06 12:57:55,1,1,13,0
2018-05-06 07:38:54,19,r/todayilearned,0,2018-05-06 13:23:01,1,0,2,0
2018-05-06 07:38:54,19,r/todayilearned,0,2018-05-06 13:43:30,1,1,2,0
2018-05-06 07:38:54,19,r/todayilearned,0,2018-05-06 14:13:42,1,0,1,0
2018-05-06 07:38:54,19,r/todayilearned,0,2018-05-06 14:32:16,1,0,1,0
2018-05-06 07:38:54,19,r/todayilearned,0,2018-05-06 14:32:46,1,0,1,0
2018-05-06 07:38:54,19,r/todayilearned,0,2018-05-06 14:34:03,1,0,1,0
2018-05-06 07:38:54,19,r/todayilearned,0,2018-05-06 14:58:41,1,0,1,0
2018-05-06 07:38:54,19,r/todayilearned,1,2018-05-06 09:20:34,0,7,2223,0
2018-05-06 07:38:54,19,r/todayilearned,1,2018-05-06 11:56:40,1,7,1629,0
2018-05-06 07:38:54,19,r/todayilearned,1,2018-05-06 12:05:19,2,3,479,0
2018-05-06 07:38:54,19,r/todayilearned,1,2018-05-06 12:09:18,3,8,419,0
2018-05-06 07:38:54,19,r/todayilearned,1,2018-05-06 12:28:35,4,5,209,0
2018-05-06 07:38:54,19,r/todayilearned,1,2018-05-06 12:36:17,5,3,282,0
2018-05-06 07:38:54,19,r/todayilearned,1,2018-05-06 12:53:10,6,3,60,0
2018-05-06 07:38:54,19,r/todayilearned,1,2018-05-06 13:07:30,7,2,138,0
2018-05-06 07:38:54,19,r/todayilearned,1,2018-05-06 13:24:43,8,0,28,0
2018-05-06 07:38:54,19,r/todayilearned,1,2018-05-06 13:33:36,7,0,4,0
2018-05-06 07:38:54,19,r/todayilearned,1,2018-05-06 13:40:44,6,1,2,0
2018-05-06 07:38:54,19,r/todayilearned,1,2018-05-06 13:56:32,7,0,3,0
2018-05-06 07:38:54,19,r/todayilearned,1,2018-05-06 12:42:41,5,2,23,0
2018-05-06 07:38:54,19,r/todayilearned,1,2018-05-06 12:55:45,6,0,5,0
2018-05-06 07:38:54,19,r/todayilearned,1,2018-05-06 12:49:51,5,0,2,0
2018-05-06 07:38:54,19,r/todayilearned,1,2018-05-06 13:07:35,5,0,2,0
2018-05-06 07:38:54,19,r/todayilearned,1,2018-05-06 13:01:52,4,0,11,0
2018-05-06 07:38:54,19,r/todayilearned,1,2018-05-06 12:55:35,4,2,22,0
2018-05-06 07:38:54,19,r/todayilearned,1,2018-05-06 13:20:18,5,0,3,0
2018-05-06 07:38:54,19,r/todayilearned,1,2018-05-06 13:07:08,5,0,6,0
2018-05-06 07:38:54,19,r/todayilearned,1,2018-05-06 13:27:44,4,0,15,0
2018-05-06 07:38:54,19,r/todayilearned,1,2018-05-06 14:00:14,4,0,4,0
2018-05-06 07:38:54,19,r/todayilearned,1,2018-05-06 12:29:07,4,1,6,0
2018-05-06 07:38:54,19,r/todayilearned,1,2018-05-06 12:43:08,4,0,5,0
2018-05-06 07:38:54,19,r/todayilearned,1,2018-05-06 13:42:41,3,0,4,0
2018-05-06 07:38:54,19,r/todayilearned,1,2018-05-06 13:07:47,2,1,9,0
2018-05-06 07:38:54,19,r/todayilearned,1,2018-05-06 13:46:23,3,0,4,0
2018-05-06 07:38:54,19,r/todayilearned,1,2018-05-06 12:52:23,2,2,44,0
2018-05-06 07:38:54,19,r/todayilearned,1,2018-05-06 12:57:19,3,2,46,0
2018-05-06 07:38:54,19,r/todayilearned,1,2018-05-06 14:59:11,4,0,1,0
2018-05-06 07:38:54,19,r/todayilearned,1,2018-05-06 13:26:06,2,0,8,0
2018-05-06 07:38:54,19,r/todayilearned,1,2018-05-06 12:55:44,2,0,7,0
2018-05-06 07:38:54,19,r/todayilearned,1,2018-05-06 13:31:37,2,0,4,0
2018-05-06 07:38:54,19,r/todayilearned,1,2018-05-06 11:32:42,1,2,286,0
2018-05-06 07:38:54,19,r/todayilearned,1,2018-05-06 11:50:31,2,2,102,0
2018-05-06 07:38:54,19,r/todayilearned,1,2018-05-06 13:31:26,3,0,22,0
2018-05-06 07:38:54,19,r/todayilearned,1,2018-05-06 13:19:06,3,1,6,0
2018-05-06 07:38:54,19,r/todayilearned,1,2018-05-06 13:21:16,4,0,9,0
2018-05-06 07:38:54,19,r/todayilearned,1,2018-05-06 12:50:25,1,0,28,0
2018-05-06 07:38:54,19,r/todayilearned,1,2018-05-06 13:22:48,1,0,6,0
2018-05-06 07:38:54,19,r/todayilearned,1,2018-05-06 14:14:16,1,0,1,0
2018-05-06 07:38:54,19,r/todayilearned,1,2018-05-06 13:03:54,1,0,2,0
2018-05-06 07:38:54,19,r/todayilearned,2,2018-05-06 07:50:22,0,23,4353,0
2018-05-06 07:38:54,19,r/todayilearned,2,2018-05-06 10:55:32,1,6,1902,0
2018-05-06 07:38:54,19,r/todayilearned,2,2018-05-06 13:10:00,2,3,279,0
2018-05-06 07:38:54,19,r/todayilearned,2,2018-05-06 14:36:12,3,4,1,0
2018-05-06 07:38:54,19,r/todayilearned,2,2018-05-06 14:39:04,4,0,1,0
2018-05-06 07:38:54,19,r/todayilearned,2,2018-05-06 14:44:16,4,0,1,0
2018-05-06 07:38:54,19,r/todayilearned,2,2018-05-06 14:46:18,4,1,1,0
2018-05-06 07:38:54,19,r/todayilearned,2,2018-05-06 14:50:53,4,0,1,0
2018-05-06 07:38:54,19,r/todayilearned,2,2018-05-06 14:39:41,3,2,1,0
2018-05-06 07:38:54,19,r/todayilearned,2,2018-05-06 14:42:04,4,0,1,0
2018-05-06 07:38:54,19,r/todayilearned,2,2018-05-06 14:56:01,4,0,1,0
2018-05-06 07:38:54,19,r/todayilearned,2,2018-05-06 11:58:18,2,5,676,0
2018-05-06 07:38:54,19,r/todayilearned,2,2018-05-06 12:22:03,3,9,530,0
2018-05-06 07:38:54,19,r/todayilearned,2,2018-05-06 12:45:13,4,6,423,0
2018-05-06 07:38:54,19,r/todayilearned,2,2018-05-06 12:49:56,5,2,418,0
2018-05-06 07:38:54,19,r/todayilearned,2,2018-05-06 12:57:23,6,6,169,0
2018-05-06 07:38:54,19,r/todayilearned,2,2018-05-06 12:58:54,7,6,302,0
2018-05-06 07:38:54,19,r/todayilearned,2,2018-05-06 13:07:42,8,2,163,0
2018-05-06 07:38:54,19,r/todayilearned,2,2018-05-06 13:20:00,9,1,145,0
2018-05-06 07:38:54,19,r/todayilearned,2,2018-05-06 13:21:00,9,1,58,0
2018-05-06 07:38:54,19,r/todayilearned,2,2018-05-06 13:16:32,8,2,49,0
2018-05-06 07:38:54,19,r/todayilearned,2,2018-05-06 13:35:31,9,1,6,0
2018-05-06 07:38:54,19,r/todayilearned,2,2018-05-06 14:22:09,9,1,1,0
2018-05-06 07:38:54,19,r/todayilearned,2,2018-05-06 13:53:50,8,0,3,0
2018-05-06 07:38:54,19,r/todayilearned,2,2018-05-06 14:22:55,8,0,1,0
2018-05-06 07:38:54,19,r/todayilearned,2,2018-05-06 14:05:21,8,0,2,0
2018-05-06 07:38:54,19,r/todayilearned,2,2018-05-06 13:04:26,7,5,131,0
2018-05-06 07:38:54,19,r/todayilearned,2,2018-05-06 13:15:09,8,2,43,0
2018-05-06 07:38:54,19,r/todayilearned,2,2018-05-06 13:39:20,9,0,28,0
2018-05-06 07:38:54,19,r/todayilearned,2,2018-05-06 14:12:23,9,1,1,0
2018-05-06 07:38:54,19,r/todayilearned,2,2018-05-06 13:25:36,8,2,4,0
2018-05-06 07:38:54,19,r/todayilearned,2,2018-05-06 13:43:19,9,1,8,0
2018-05-06 07:38:54,19,r/todayilearned,2,2018-05-06 14:29:37,9,0,1,0
2018-05-06 07:38:54,19,r/todayilearned,2,2018-05-06 13:51:16,8,1,2,0
2018-05-06 07:38:54,19,r/todayilearned,2,2018-05-06 13:13:32,8,3,0,0
2018-05-06 07:38:54,19,r/todayilearned,2,2018-05-06 13:17:09,9,1,26,0
2018-05-06 07:38:54,19,r/todayilearned,2,2018-05-06 13:19:52,9,1,2,0
2018-05-06 07:38:54,19,r/todayilearned,2,2018-05-06 13:02:07,7,0,19,0
2018-05-06 07:38:54,19,r/todayilearned,2,2018-05-06 13:10:43,7,0,7,0
2018-05-06 07:38:54,19,r/todayilearned,2,2018-05-06 13:07:01,7,0,2,0
2018-05-06 07:38:54,19,r/todayilearned,2,2018-05-06 12:56:36,5,2,19,0
2018-05-06 07:38:54,19,r/todayilearned,2,2018-05-06 13:00:41,6,0,3,0
2018-05-06 07:38:54,19,r/todayilearned,2,2018-05-06 12:48:34,5,2,49,0
2018-05-06 07:38:54,19,r/todayilearned,2,2018-05-06 13:09:38,6,0,4,0
2018-05-06 07:38:54,19,r/todayilearned,2,2018-05-06 13:26:59,5,0,3,0
2018-05-06 07:38:54,19,r/todayilearned,2,2018-05-06 13:00:54,5,1,2,0
2018-05-06 07:38:54,19,r/todayilearned,2,2018-05-06 13:05:10,6,1,18,0
2018-05-06 07:38:54,19,r/todayilearned,2,2018-05-06 12:59:42,4,1,16,0
2018-05-06 07:38:54,19,r/todayilearned,2,2018-05-06 13:10:38,5,0,3,0
2018-05-06 07:38:54,19,r/todayilearned,2,2018-05-06 13:33:58,4,0,3,0
2018-05-06 07:38:54,19,r/todayilearned,2,2018-05-06 13:12:29,4,0,2,0
2018-05-06 07:38:54,19,r/todayilearned,2,2018-05-06 13:31:29,4,0,2,0
2018-05-06 07:38:54,19,r/todayilearned,2,2018-05-06 13:54:06,4,0,2,0
2018-05-06 07:38:54,19,r/todayilearned,2,2018-05-06 12:46:18,4,6,5,0
2018-05-06 07:38:54,19,r/todayilearned,2,2018-05-06 12:48:49,5,1,15,0
2018-05-06 07:38:54,19,r/todayilearned,2,2018-05-06 13:27:12,6,1,3,0
2018-05-06 07:38:54,19,r/todayilearned,2,2018-05-06 12:49:17,5,0,9,0
2018-05-06 07:38:54,19,r/todayilearned,2,2018-05-06 12:50:32,5,1,4,0
2018-05-06 07:38:54,19,r/todayilearned,2,2018-05-06 12:56:56,6,1,3,0
2018-05-06 07:38:54,19,r/todayilearned,2,2018-05-06 13:13:11,7,0,1,0
2018-05-06 07:38:54,19,r/todayilearned,2,2018-05-06 12:55:24,5,0,5,0
2018-05-06 07:38:54,19,r/todayilearned,2,2018-05-06 12:57:21,5,0,3,0
2018-05-06 07:38:54,19,r/todayilearned,2,2018-05-06 12:49:08,5,0,4,0
2018-05-06 07:38:54,19,r/todayilearned,2,2018-05-06 12:59:34,4,0,1,0
2018-05-06 07:38:54,19,r/todayilearned,2,2018-05-06 13:08:09,3,0,18,0
2018-05-06 07:38:54,19,r/todayilearned,2,2018-05-06 12:10:48,3,2,49,0
2018-05-06 07:38:54,19,r/todayilearned,2,2018-05-06 12:46:56,4,5,53,0
2018-05-06 07:38:54,19,r/todayilearned,2,2018-05-06 12:48:16,5,2,23,0
2018-05-06 07:38:54,19,r/todayilearned,2,2018-05-06 12:50:53,6,1,21,0
2018-05-06 07:38:54,19,r/todayilearned,2,2018-05-06 12:51:14,6,1,1,0
2018-05-06 07:38:54,19,r/todayilearned,2,2018-05-06 12:53:05,7,0,2,0
2018-05-06 07:38:54,19,r/todayilearned,2,2018-05-06 12:48:19,5,0,28,0
2018-05-06 07:38:54,19,r/todayilearned,2,2018-05-06 12:49:49,5,0,10,0
2018-05-06 07:38:54,19,r/todayilearned,2,2018-05-06 12:49:53,5,1,3,0
2018-05-06 07:38:54,19,r/todayilearned,2,2018-05-06 13:08:32,6,0,3,0
2018-05-06 07:38:54,19,r/todayilearned,2,2018-05-06 13:51:06,3,0,3,0
2018-05-06 07:38:54,19,r/todayilearned,2,2018-05-06 13:09:05,3,0,1,0
2018-05-06 07:38:54,19,r/todayilearned,2,2018-05-06 12:53:29,2,2,47,0
2018-05-06 07:38:54,19,r/todayilearned,2,2018-05-06 13:03:02,3,1,70,0
2018-05-06 07:38:54,19,r/todayilearned,2,2018-05-06 13:09:24,4,1,70,0
2018-05-06 07:38:54,19,r/todayilearned,2,2018-05-06 13:43:34,5,1,22,0
2018-05-06 07:38:54,19,r/todayilearned,2,2018-05-06 13:49:08,6,1,25,0
2018-05-06 07:38:54,19,r/todayilearned,2,2018-05-06 14:47:14,7,0,1,0
2018-05-06 07:38:54,19,r/todayilearned,2,2018-05-06 14:05:34,2,1,10,0
2018-05-06 07:38:54,19,r/todayilearned,2,2018-05-06 14:23:02,3,0,1,0
2018-05-06 07:38:54,19,r/todayilearned,2,2018-05-06 14:06:14,2,0,3,0
2018-05-06 07:38:54,19,r/todayilearned,2,2018-05-06 12:44:21,1,4,113,0
2018-05-06 07:38:54,19,r/todayilearned,2,2018-05-06 13:18:58,2,1,61,0
2018-05-06 07:38:54,19,r/todayilearned,2,2018-05-06 14:39:22,3,0,1,0
2018-05-06 07:38:54,19,r/todayilearned,2,2018-05-06 13:50:48,2,1,11,0
2018-05-06 07:38:54,19,r/todayilearned,2,2018-05-06 13:27:13,2,3,5,0
2018-05-06 07:38:54,19,r/todayilearned,2,2018-05-06 13:32:53,3,2,13,0
2018-05-06 07:38:54,19,r/todayilearned,2,2018-05-06 14:24:35,4,0,1,0
2018-05-06 07:38:54,19,r/todayilearned,2,2018-05-06 13:29:08,3,0,3,0
2018-05-06 07:38:54,19,r/todayilearned,2,2018-05-06 14:37:27,3,0,1,0
2018-05-06 07:38:54,19,r/todayilearned,2,2018-05-06 12:19:38,1,4,80,0
2018-05-06 07:38:54,19,r/todayilearned,2,2018-05-06 12:54:13,2,0,22,0
2018-05-06 07:38:54,19,r/todayilearned,2,2018-05-06 12:49:52,2,2,8,0
2018-05-06 07:38:54,19,r/todayilearned,2,2018-05-06 13:06:05,3,0,3,0
2018-05-06 07:38:54,19,r/todayilearned,2,2018-05-06 13:00:52,2,0,3,0
2018-05-06 07:38:54,19,r/todayilearned,2,2018-05-06 08:19:40,1,3,1485,0
2018-05-06 07:38:54,19,r/todayilearned,2,2018-05-06 11:14:54,2,4,825,0
2018-05-06 07:38:54,19,r/todayilearned,2,2018-05-06 11:15:39,3,2,241,0
2018-05-06 07:38:54,19,r/todayilearned,2,2018-05-06 13:21:19,4,2,43,0
2018-05-06 07:38:54,19,r/todayilearned,2,2018-05-06 13:33:32,5,1,11,0
2018-05-06 07:38:54,19,r/todayilearned,2,2018-05-06 13:45:32,6,1,24,0
2018-05-06 07:38:54,19,r/todayilearned,2,2018-05-06 11:33:26,3,2,142,0
2018-05-06 07:38:54,19,r/todayilearned,2,2018-05-06 12:01:47,4,1,102,0
2018-05-06 07:38:54,19,r/todayilearned,2,2018-05-06 12:26:07,5,1,62,0
2018-05-06 07:38:54,19,r/todayilearned,2,2018-05-06 12:32:32,6,1,39,0
2018-05-06 07:38:54,19,r/todayilearned,2,2018-05-06 12:33:56,7,1,35,0
2018-05-06 07:38:54,19,r/todayilearned,2,2018-05-06 12:42:55,8,2,12,0
2018-05-06 07:38:54,19,r/todayilearned,2,2018-05-06 12:45:53,9,1,16,0
2018-05-06 07:38:54,19,r/todayilearned,2,2018-05-06 12:10:50,3,2,54,0
2018-05-06 07:38:54,19,r/todayilearned,2,2018-05-06 12:47:08,4,1,9,0
2018-05-06 07:38:54,19,r/todayilearned,2,2018-05-06 12:54:09,5,1,3,0
2018-05-06 07:38:54,19,r/todayilearned,2,2018-05-06 12:59:53,6,2,8,0
2018-05-06 07:38:54,19,r/todayilearned,2,2018-05-06 13:05:31,7,0,2,0
2018-05-06 07:38:54,19,r/todayilearned,2,2018-05-06 13:05:49,7,0,2,0
2018-05-06 07:38:54,19,r/todayilearned,2,2018-05-06 12:05:44,2,0,23,0
2018-05-06 07:38:54,19,r/todayilearned,2,2018-05-06 11:53:56,1,2,138,0
2018-05-06 07:38:54,19,r/todayilearned,2,2018-05-06 12:01:55,2,2,98,0
2018-05-06 07:38:54,19,r/todayilearned,2,2018-05-06 12:03:03,3,2,30,0
2018-05-06 07:38:54,19,r/todayilearned,2,2018-05-06 12:27:09,4,3,53,0
2018-05-06 07:38:54,19,r/todayilearned,2,2018-05-06 13:18:42,5,0,13,0
2018-05-06 07:38:54,19,r/todayilearned,2,2018-05-06 12:54:53,5,1,6,0
2018-05-06 07:38:54,19,r/todayilearned,2,2018-05-06 13:50:08,6,2,5,0
2018-05-06 07:38:54,19,r/todayilearned,2,2018-05-06 14:41:13,7,0,1,0
2018-05-06 07:38:54,19,r/todayilearned,2,2018-05-06 13:16:46,4,1,2,0
2018-05-06 07:38:54,19,r/todayilearned,2,2018-05-06 13:26:02,5,0,7,0
2018-05-06 07:38:54,19,r/todayilearned,2,2018-05-06 14:15:27,3,1,1,0
2018-05-06 07:38:54,19,r/todayilearned,2,2018-05-06 14:41:32,4,0,1,0
2018-05-06 07:38:54,19,r/todayilearned,2,2018-05-06 12:44:55,2,1,20,0
2018-05-06 07:38:54,19,r/todayilearned,2,2018-05-06 12:16:16,1,3,87,0
2018-05-06 07:38:54,19,r/todayilearned,2,2018-05-06 12:55:48,2,3,31,0
2018-05-06 07:38:54,19,r/todayilearned,2,2018-05-06 13:03:49,3,2,26,0
2018-05-06 07:38:54,19,r/todayilearned,2,2018-05-06 13:22:50,4,1,4,0
2018-05-06 07:38:54,19,r/todayilearned,2,2018-05-06 13:02:42,3,0,16,0
2018-05-06 07:38:54,19,r/todayilearned,2,2018-05-06 12:56:32,2,4,7,0
2018-05-06 07:38:54,19,r/todayilearned,2,2018-05-06 13:01:08,3,1,6,0
2018-05-06 07:38:54,19,r/todayilearned,2,2018-05-06 13:03:19,4,2,3,0
2018-05-06 07:38:54,19,r/todayilearned,2,2018-05-06 13:07:46,5,0,6,0
2018-05-06 07:38:54,19,r/todayilearned,2,2018-05-06 13:09:50,3,1,6,0
2018-05-06 07:38:54,19,r/todayilearned,2,2018-05-06 13:52:26,4,0,3,0
2018-05-06 07:38:54,19,r/todayilearned,2,2018-05-06 13:10:37,3,0,1,0
2018-05-06 07:38:54,19,r/todayilearned,2,2018-05-06 11:31:22,1,1,52,0
2018-05-06 07:38:54,19,r/todayilearned,2,2018-05-06 11:59:39,2,3,38,0
2018-05-06 07:38:54,19,r/todayilearned,2,2018-05-06 12:13:54,3,3,256,0
2018-05-06 07:38:54,19,r/todayilearned,2,2018-05-06 12:52:06,4,0,28,0
2018-05-06 07:38:54,19,r/todayilearned,2,2018-05-06 13:28:38,4,0,7,0
2018-05-06 07:38:54,19,r/todayilearned,2,2018-05-06 12:30:16,3,1,36,0
2018-05-06 07:38:54,19,r/todayilearned,2,2018-05-06 12:48:07,4,4,27,0
2018-05-06 07:38:54,19,r/todayilearned,2,2018-05-06 12:51:37,5,1,51,0
2018-05-06 07:38:54,19,r/todayilearned,2,2018-05-06 12:58:43,6,2,10,0
2018-05-06 07:38:54,19,r/todayilearned,2,2018-05-06 13:10:07,7,2,25,0
2018-05-06 07:38:54,19,r/todayilearned,2,2018-05-06 13:19:23,8,2,15,0
2018-05-06 07:38:54,19,r/todayilearned,2,2018-05-06 13:31:20,9,1,9,0
2018-05-06 07:38:54,19,r/todayilearned,2,2018-05-06 13:32:40,9,0,2,0
2018-05-06 07:38:54,19,r/todayilearned,2,2018-05-06 13:15:55,7,0,3,0
2018-05-06 07:38:54,19,r/todayilearned,2,2018-05-06 13:28:03,5,0,9,0
2018-05-06 07:38:54,19,r/todayilearned,2,2018-05-06 13:15:12,5,1,1,0
2018-05-06 07:38:54,19,r/todayilearned,2,2018-05-06 14:04:10,6,0,3,0
2018-05-06 07:38:54,19,r/todayilearned,2,2018-05-06 12:44:28,1,3,53,0
2018-05-06 07:38:54,19,r/todayilearned,2,2018-05-06 13:17:07,2,0,10,0
2018-05-06 07:38:54,19,r/todayilearned,2,2018-05-06 13:18:34,2,0,4,0
2018-05-06 07:38:54,19,r/todayilearned,2,2018-05-06 12:46:39,1,0,10,0
2018-05-06 07:38:54,19,r/todayilearned,2,2018-05-06 12:54:44,1,0,11,0
2018-05-06 07:38:54,19,r/todayilearned,2,2018-05-06 12:34:43,1,1,16,0
2018-05-06 07:38:54,19,r/todayilearned,2,2018-05-06 12:50:26,2,0,10,0
2018-05-06 07:38:54,19,r/todayilearned,2,2018-05-06 11:54:34,1,0,8,0
2018-05-06 07:38:54,19,r/todayilearned,2,2018-05-06 12:48:22,1,0,3,0
2018-05-06 07:38:54,19,r/todayilearned,2,2018-05-06 12:55:50,1,0,3,0
2018-05-06 07:38:54,19,r/todayilearned,2,2018-05-06 13:29:39,1,0,3,0
2018-05-06 07:38:54,19,r/todayilearned,2,2018-05-06 14:33:41,1,0,1,0
2018-05-06 07:38:54,19,r/todayilearned,2,2018-05-06 13:15:30,1,0,2,0
2018-05-06 07:38:54,19,r/todayilearned,2,2018-05-06 13:15:40,1,0,2,0
2018-05-06 07:38:54,19,r/todayilearned,2,2018-05-06 14:19:00,1,0,1,0
2018-05-06 07:38:54,19,r/todayilearned,2,2018-05-06 14:43:57,1,0,1,0
2018-05-06 07:38:54,19,r/todayilearned,2,2018-05-06 13:28:22,1,0,3,0
2018-05-06 07:38:54,19,r/todayilearned,2,2018-05-06 13:11:11,1,0,1,0
2018-05-06 07:38:54,19,r/todayilearned,3,2018-05-06 11:47:09,0,6,437,0
2018-05-06 07:38:54,19,r/todayilearned,3,2018-05-06 13:30:30,1,4,132,0
2018-05-06 07:38:54,19,r/todayilearned,3,2018-05-06 14:14:43,2,1,1,0
2018-05-06 07:38:54,19,r/todayilearned,3,2018-05-06 15:00:10,3,0,1,0
2018-05-06 07:38:54,19,r/todayilearned,3,2018-05-06 13:32:52,2,0,47,0
2018-05-06 07:38:54,19,r/todayilearned,3,2018-05-06 14:36:40,2,0,1,0
2018-05-06 07:38:54,19,r/todayilearned,3,2018-05-06 14:56:37,2,0,1,0
2018-05-06 07:38:54,19,r/todayilearned,3,2018-05-06 14:24:27,1,1,1,0
2018-05-06 07:38:54,19,r/todayilearned,3,2018-05-06 14:30:17,2,1,1,0
2018-05-06 07:38:54,19,r/todayilearned,3,2018-05-06 14:55:10,3,1,1,0
2018-05-06 07:38:54,19,r/todayilearned,3,2018-05-06 14:59:05,4,0,1,0
2018-05-06 07:38:54,19,r/todayilearned,3,2018-05-06 14:19:29,1,2,1,0
2018-05-06 07:38:54,19,r/todayilearned,3,2018-05-06 14:30:19,2,0,1,0
2018-05-06 07:38:54,19,r/todayilearned,3,2018-05-06 13:34:10,1,0,8,0
2018-05-06 07:38:54,19,r/todayilearned,3,2018-05-06 14:15:41,1,0,1,0
2018-05-06 07:38:54,19,r/todayilearned,4,2018-05-06 12:21:34,0,3,294,0
2018-05-06 07:38:54,19,r/todayilearned,4,2018-05-06 13:07:00,1,1,123,0
2018-05-06 07:38:54,19,r/todayilearned,4,2018-05-06 14:39:32,2,0,1,0
2018-05-06 07:38:54,19,r/todayilearned,4,2018-05-06 13:15:12,1,1,26,0
2018-05-06 07:38:54,19,r/todayilearned,4,2018-05-06 14:48:49,2,0,1,0
2018-05-06 07:38:54,19,r/todayilearned,5,2018-05-06 08:39:15,0,3,660,0
2018-05-06 07:38:54,19,r/todayilearned,5,2018-05-06 09:02:36,1,9,1159,0
2018-05-06 07:38:54,19,r/todayilearned,5,2018-05-06 09:53:00,2,3,449,0
2018-05-06 07:38:54,19,r/todayilearned,5,2018-05-06 11:31:37,3,1,118,0
2018-05-06 07:38:54,19,r/todayilearned,5,2018-05-06 12:53:40,4,3,141,0
2018-05-06 07:38:54,19,r/todayilearned,5,2018-05-06 13:03:19,5,2,78,0
2018-05-06 07:38:54,19,r/todayilearned,5,2018-05-06 13:12:50,6,6,88,0
2018-05-06 07:38:54,19,r/todayilearned,5,2018-05-06 13:18:59,7,2,63,0
2018-05-06 07:38:54,19,r/todayilearned,5,2018-05-06 13:45:13,8,2,43,0
2018-05-06 07:38:54,19,r/todayilearned,5,2018-05-06 14:07:13,9,0,8,0
2018-05-06 07:38:54,19,r/todayilearned,5,2018-05-06 14:17:35,8,0,1,0
2018-05-06 07:38:54,19,r/todayilearned,5,2018-05-06 13:24:17,7,1,13,0
2018-05-06 07:38:54,19,r/todayilearned,5,2018-05-06 13:33:31,8,0,4,0
2018-05-06 07:38:54,19,r/todayilearned,5,2018-05-06 13:31:14,7,1,4,0
2018-05-06 07:38:54,19,r/todayilearned,5,2018-05-06 13:39:05,7,1,4,0
2018-05-06 07:38:54,19,r/todayilearned,5,2018-05-06 13:56:37,7,0,2,0
2018-05-06 07:38:54,19,r/todayilearned,5,2018-05-06 13:41:43,5,0,2,0
2018-05-06 07:38:54,19,r/todayilearned,5,2018-05-06 11:54:24,3,3,39,0
2018-05-06 07:38:54,19,r/todayilearned,5,2018-05-06 12:00:00,4,1,30,0
2018-05-06 07:38:54,19,r/todayilearned,5,2018-05-06 12:16:10,5,2,17,0
2018-05-06 07:38:54,19,r/todayilearned,5,2018-05-06 12:20:15,6,4,18,0
2018-05-06 07:38:54,19,r/todayilearned,5,2018-05-06 12:48:40,7,1,21,0
2018-05-06 07:38:54,19,r/todayilearned,5,2018-05-06 12:55:10,8,2,7,0
2018-05-06 07:38:54,19,r/todayilearned,5,2018-05-06 13:00:23,9,0,8,0
2018-05-06 07:38:54,19,r/todayilearned,5,2018-05-06 13:15:20,9,0,1,0
2018-05-06 07:38:54,19,r/todayilearned,5,2018-05-06 12:56:06,7,1,7,0
2018-05-06 07:38:54,19,r/todayilearned,5,2018-05-06 12:46:00,7,1,7,0
2018-05-06 07:38:54,19,r/todayilearned,5,2018-05-06 12:57:09,7,0,2,0
2018-05-06 07:38:54,19,r/todayilearned,5,2018-05-06 13:14:11,6,0,2,0
2018-05-06 07:38:54,19,r/todayilearned,5,2018-05-06 13:28:42,4,1,2,0
2018-05-06 07:38:54,19,r/todayilearned,5,2018-05-06 13:32:04,5,1,2,0
2018-05-06 07:38:54,19,r/todayilearned,5,2018-05-06 12:17:05,2,1,13,0
2018-05-06 07:38:54,19,r/todayilearned,5,2018-05-06 09:33:27,2,1,63,0
2018-05-06 07:38:54,19,r/todayilearned,5,2018-05-06 11:06:41,3,1,31,0
2018-05-06 07:38:54,19,r/todayilearned,5,2018-05-06 11:56:25,4,1,16,0
2018-05-06 07:38:54,19,r/todayilearned,5,2018-05-06 12:24:14,5,2,6,0
2018-05-06 07:38:54,19,r/todayilearned,5,2018-05-06 12:56:14,6,1,3,0
2018-05-06 07:38:54,19,r/todayilearned,5,2018-05-06 13:11:47,7,0,1,0
2018-05-06 07:38:54,19,r/todayilearned,5,2018-05-06 13:03:44,6,0,2,0
2018-05-06 07:38:54,19,r/todayilearned,5,2018-05-06 11:47:26,2,0,14,0
2018-05-06 07:38:54,19,r/todayilearned,5,2018-05-06 11:31:01,2,2,42,0
2018-05-06 07:38:54,19,r/todayilearned,5,2018-05-06 12:06:00,3,2,23,0
2018-05-06 07:38:54,19,r/todayilearned,5,2018-05-06 12:07:07,4,2,33,0
2018-05-06 07:38:54,19,r/todayilearned,5,2018-05-06 12:49:57,5,1,14,0
2018-05-06 07:38:54,19,r/todayilearned,5,2018-05-06 13:04:49,6,0,13,0
2018-05-06 07:38:54,19,r/todayilearned,5,2018-05-06 12:56:09,5,4,1,0
2018-05-06 07:38:54,19,r/todayilearned,5,2018-05-06 13:28:22,6,1,3,0
2018-05-06 07:38:54,19,r/todayilearned,5,2018-05-06 13:39:30,7,0,3,0
2018-05-06 07:38:54,19,r/todayilearned,5,2018-05-06 13:39:28,6,0,2,0
2018-05-06 07:38:54,19,r/todayilearned,5,2018-05-06 13:43:35,6,0,2,0
2018-05-06 07:38:54,19,r/todayilearned,5,2018-05-06 11:07:49,2,2,22,0
2018-05-06 07:38:54,19,r/todayilearned,5,2018-05-06 11:22:17,3,2,99,0
2018-05-06 07:38:54,19,r/todayilearned,5,2018-05-06 11:39:59,4,3,22,0
2018-05-06 07:38:54,19,r/todayilearned,5,2018-05-06 12:13:52,5,0,9,0
2018-05-06 07:38:54,19,r/todayilearned,5,2018-05-06 12:02:21,5,0,12,0
2018-05-06 07:38:54,19,r/todayilearned,5,2018-05-06 13:41:09,5,0,2,0
2018-05-06 07:38:54,19,r/todayilearned,5,2018-05-06 12:01:50,4,1,11,0
2018-05-06 07:38:54,19,r/todayilearned,5,2018-05-06 12:28:01,5,0,10,0
2018-05-06 07:38:54,19,r/todayilearned,5,2018-05-06 12:44:35,3,1,11,0
2018-05-06 07:38:54,19,r/todayilearned,5,2018-05-06 13:20:15,4,0,3,0
2018-05-06 07:38:54,19,r/todayilearned,5,2018-05-06 13:00:16,2,0,3,0
2018-05-06 07:38:54,19,r/todayilearned,5,2018-05-06 10:52:01,2,0,2,0
2018-05-06 07:38:54,19,r/todayilearned,5,2018-05-06 12:54:42,1,0,20,0
2018-05-06 07:38:54,19,r/todayilearned,5,2018-05-06 11:34:46,1,0,21,0
2018-05-06 07:38:54,19,r/todayilearned,6,2018-05-06 08:37:14,0,2,217,0
2018-05-06 07:38:54,19,r/todayilearned,6,2018-05-06 11:52:52,1,1,291,0
2018-05-06 07:38:54,19,r/todayilearned,6,2018-05-06 12:16:55,2,6,176,0
2018-05-06 07:38:54,19,r/todayilearned,6,2018-05-06 12:59:26,3,2,50,0
2018-05-06 07:38:54,19,r/todayilearned,6,2018-05-06 13:04:45,4,2,75,0
2018-05-06 07:38:54,19,r/todayilearned,6,2018-05-06 14:02:46,5,1,14,0
2018-05-06 07:38:54,19,r/todayilearned,6,2018-05-06 13:13:20,5,0,5,0
2018-05-06 07:38:54,19,r/todayilearned,6,2018-05-06 13:52:22,4,0,3,0
2018-05-06 07:38:54,19,r/todayilearned,6,2018-05-06 12:52:43,3,1,110,0
2018-05-06 07:38:54,19,r/todayilearned,6,2018-05-06 14:07:39,4,0,2,0
2018-05-06 07:38:54,19,r/todayilearned,6,2018-05-06 13:29:16,3,0,19,0
2018-05-06 07:38:54,19,r/todayilearned,6,2018-05-06 13:00:21,3,2,14,0
2018-05-06 07:38:54,19,r/todayilearned,6,2018-05-06 13:19:52,4,1,9,0
2018-05-06 07:38:54,19,r/todayilearned,6,2018-05-06 13:39:12,3,1,5,0
2018-05-06 07:38:54,19,r/todayilearned,7,2018-05-06 10:00:19,0,0,255,0
2018-05-06 07:38:54,19,r/todayilearned,8,2018-05-06 12:53:58,0,3,59,0
2018-05-06 07:38:54,19,r/todayilearned,8,2018-05-06 13:37:24,1,0,27,0
2018-05-06 07:38:54,19,r/todayilearned,8,2018-05-06 13:59:01,1,0,3,0
2018-05-06 07:38:54,19,r/todayilearned,9,2018-05-06 11:39:37,0,3,41,0
2018-05-06 07:38:54,19,r/todayilearned,9,2018-05-06 12:11:16,1,1,98,0
2018-05-06 07:38:54,19,r/todayilearned,9,2018-05-06 12:40:36,2,1,36,0
2018-05-06 07:38:54,19,r/todayilearned,9,2018-05-06 13:04:07,3,1,10,0
2018-05-06 07:38:54,19,r/todayilearned,9,2018-05-06 13:51:24,1,0,9,0
2018-05-06 07:38:54,19,r/todayilearned,10,2018-05-06 12:00:23,0,1,23,0
2018-05-06 07:38:54,19,r/todayilearned,11,2018-05-06 08:34:11,0,1,170,0
2018-05-06 07:38:54,19,r/todayilearned,11,2018-05-06 09:15:51,1,0,23,0
2018-05-06 07:38:54,19,r/todayilearned,12,2018-05-06 11:32:47,0,2,98,0
2018-05-06 07:38:54,19,r/todayilearned,12,2018-05-06 13:21:59,1,1,41,0
2018-05-06 07:38:54,19,r/todayilearned,13,2018-05-06 12:24:11,0,1,91,0
2018-05-06 07:38:54,19,r/todayilearned,13,2018-05-06 14:25:34,1,1,1,0
2018-05-06 07:38:54,19,r/todayilearned,14,2018-05-06 12:53:57,0,1,13,0
2018-05-06 07:38:54,19,r/todayilearned,14,2018-05-06 13:57:41,1,1,2,0
2018-05-06 07:38:54,19,r/todayilearned,15,2018-05-06 11:26:26,0,0,24,0
2018-05-06 07:38:54,19,r/todayilearned,16,2018-05-06 10:33:31,0,0,33,0
2018-05-06 07:38:54,19,r/todayilearned,17,2018-05-06 08:11:21,0,1,29,0
2018-05-06 07:38:54,19,r/todayilearned,17,2018-05-06 13:10:56,1,1,2,0
2018-05-06 07:38:54,19,r/todayilearned,17,2018-05-06 13:45:23,2,0,3,0
2018-05-06 07:38:54,19,r/todayilearned,18,2018-05-06 10:45:03,0,2,38,0
2018-05-06 07:38:54,19,r/todayilearned,18,2018-05-06 13:00:57,1,1,14,0
2018-05-06 07:38:54,19,r/todayilearned,18,2018-05-06 13:59:00,2,0,2,0
2018-05-06 07:38:54,19,r/todayilearned,19,2018-05-06 13:25:17,0,0,8,0
2018-05-06 07:38:54,19,r/todayilearned,20,2018-05-06 12:38:21,0,0,14,0
2018-05-06 07:38:54,19,r/todayilearned,21,2018-05-06 12:41:06,0,1,9,0
2018-05-06 07:38:54,19,r/todayilearned,21,2018-05-06 13:04:12,1,0,7,0
2018-05-06 07:38:54,19,r/todayilearned,22,2018-05-06 13:08:32,0,0,6,0
2018-05-06 07:38:54,19,r/todayilearned,23,2018-05-06 13:12:35,0,0,6,0
2018-05-06 07:38:54,19,r/todayilearned,24,2018-05-06 13:56:53,0,1,5,0
2018-05-06 07:38:54,19,r/todayilearned,25,2018-05-06 12:57:32,0,0,8,0
2018-05-06 07:38:54,19,r/todayilearned,26,2018-05-06 12:48:36,0,0,8,0
2018-05-06 07:38:54,19,r/todayilearned,27,2018-05-06 12:49:28,0,1,17,0
2018-05-06 07:38:54,19,r/todayilearned,28,2018-05-06 12:36:51,0,3,22,0
2018-05-06 07:38:54,19,r/todayilearned,28,2018-05-06 12:59:27,1,0,33,0
2018-05-06 07:38:54,19,r/todayilearned,28,2018-05-06 12:57:36,1,1,38,0
2018-05-06 07:38:54,19,r/todayilearned,28,2018-05-06 13:34:39,2,0,3,0
2018-05-06 07:38:54,19,r/todayilearned,28,2018-05-06 13:35:09,1,0,3,0
2018-05-06 07:38:54,19,r/todayilearned,29,2018-05-06 12:49:00,0,0,3,0
2018-05-06 07:38:54,19,r/todayilearned,30,2018-05-06 13:16:44,0,0,3,0
2018-05-06 07:38:54,19,r/todayilearned,31,2018-05-06 10:58:08,0,1,28,0
2018-05-06 07:38:54,19,r/todayilearned,31,2018-05-06 12:42:08,1,4,36,0
2018-05-06 07:38:54,19,r/todayilearned,31,2018-05-06 12:50:16,2,2,12,0
2018-05-06 07:38:54,19,r/todayilearned,31,2018-05-06 13:08:39,3,2,21,0
2018-05-06 07:38:54,19,r/todayilearned,31,2018-05-06 13:41:14,4,1,2,0
2018-05-06 07:38:54,19,r/todayilearned,31,2018-05-06 13:17:27,2,0,3,0
2018-05-06 07:38:54,19,r/todayilearned,31,2018-05-06 13:08:06,2,2,4,0
2018-05-06 07:38:54,19,r/todayilearned,31,2018-05-06 13:56:38,3,0,4,0
2018-05-06 07:38:54,19,r/todayilearned,32,2018-05-06 13:07:35,0,1,2,0
2018-05-06 07:38:54,19,r/todayilearned,32,2018-05-06 13:37:17,1,1,3,0
2018-05-06 07:38:54,19,r/todayilearned,33,2018-05-06 13:18:44,0,0,2,0
2018-05-06 07:38:54,19,r/todayilearned,34,2018-05-06 14:24:49,0,0,1,0
2018-05-06 07:38:54,19,r/todayilearned,35,2018-05-06 14:41:25,0,0,1,0
2018-05-06 07:38:54,19,r/todayilearned,36,2018-05-06 14:47:27,0,0,1,0
2018-05-06 07:38:54,19,r/todayilearned,37,2018-05-06 14:49:23,0,0,1,0
2018-05-06 07:38:54,19,r/todayilearned,38,2018-05-06 14:55:10,0,0,1,0
2018-05-06 07:38:54,19,r/todayilearned,39,2018-05-06 15:01:23,0,0,1,0
2018-05-06 07:38:54,19,r/todayilearned,40,2018-05-06 13:04:28,0,0,2,0
2018-05-06 07:38:54,19,r/todayilearned,41,2018-05-06 13:01:06,0,0,3,0
2018-05-06 07:38:54,19,r/todayilearned,42,2018-05-06 08:33:00,0,0,3,0
2018-05-06 07:38:54,19,r/todayilearned,43,2018-05-06 13:05:01,0,0,2,0
2018-05-06 07:38:54,19,r/todayilearned,44,2018-05-06 11:18:43,0,0,1,0
2018-05-06 07:38:54,19,r/todayilearned,45,2018-05-06 12:11:58,0,0,1,0
2018-05-06 07:38:54,19,r/todayilearned,46,2018-05-06 12:51:20,0,1,1,0
2018-05-06 07:38:54,19,r/todayilearned,46,2018-05-06 13:36:35,1,0,3,0
2018-05-06 07:38:54,19,r/todayilearned,47,2018-05-06 12:51:28,0,0,1,0
2018-05-06 07:38:54,19,r/todayilearned,48,2018-05-06 12:53:23,0,0,1,0
2018-05-06 07:38:54,19,r/todayilearned,49,2018-05-06 12:58:49,0,0,1,0
2018-05-06 07:38:54,19,r/todayilearned,50,2018-05-06 12:59:53,0,0,1,0
2018-05-06 07:38:54,19,r/todayilearned,51,2018-05-06 13:01:55,0,0,1,0
2018-05-06 07:38:54,19,r/todayilearned,52,2018-05-06 13:05:15,0,0,1,0
2018-05-06 07:38:54,19,r/todayilearned,53,2018-05-06 13:09:47,0,0,1,0
2018-05-06 07:38:54,19,r/todayilearned,54,2018-05-06 13:13:38,0,0,1,0
2018-05-06 07:38:54,19,r/todayilearned,55,2018-05-06 13:15:50,0,0,1,0
2018-05-06 07:38:54,19,r/todayilearned,56,2018-05-06 13:18:37,0,0,1,0
2018-05-06 07:38:54,19,r/todayilearned,57,2018-05-06 13:18:48,0,1,1,0
2018-05-06 07:38:54,19,r/todayilearned,57,2018-05-06 13:25:21,1,1,2,0
2018-05-06 09:48:06,20,r/gifsthatkeepongiving,0,2018-05-06 10:40:05,0,2,842,1
2018-05-06 09:48:06,20,r/gifsthatkeepongiving,0,2018-05-06 13:21:46,1,3,84,0
2018-05-06 09:48:06,20,r/gifsthatkeepongiving,0,2018-05-06 14:26:58,2,1,13,0
2018-05-06 09:48:06,20,r/gifsthatkeepongiving,0,2018-05-06 14:44:16,3,0,2,0
2018-05-06 09:48:06,20,r/gifsthatkeepongiving,0,2018-05-06 14:49:00,2,0,1,0
2018-05-06 09:48:06,20,r/gifsthatkeepongiving,0,2018-05-06 14:56:29,2,0,1,0
2018-05-06 09:48:06,20,r/gifsthatkeepongiving,0,2018-05-06 14:05:09,1,1,5,0
2018-05-06 09:48:06,20,r/gifsthatkeepongiving,0,2018-05-06 14:41:29,2,0,1,0
2018-05-06 09:48:06,20,r/gifsthatkeepongiving,1,2018-05-06 10:52:46,0,1,324,0
2018-05-06 09:48:06,20,r/gifsthatkeepongiving,1,2018-05-06 14:53:00,1,0,3,0
2018-05-06 09:48:06,20,r/gifsthatkeepongiving,2,2018-05-06 10:45:38,0,2,1301,0
2018-05-06 09:48:06,20,r/gifsthatkeepongiving,2,2018-05-06 12:05:32,1,2,270,0
2018-05-06 09:48:06,20,r/gifsthatkeepongiving,2,2018-05-06 12:28:19,2,1,66,0
2018-05-06 09:48:06,20,r/gifsthatkeepongiving,2,2018-05-06 12:54:19,3,1,24,0
2018-05-06 09:48:06,20,r/gifsthatkeepongiving,2,2018-05-06 13:22:35,4,1,8,0
2018-05-06 09:48:06,20,r/gifsthatkeepongiving,2,2018-05-06 13:27:13,5,1,5,0
2018-05-06 09:48:06,20,r/gifsthatkeepongiving,2,2018-05-06 13:33:56,6,1,4,0
2018-05-06 09:48:06,20,r/gifsthatkeepongiving,2,2018-05-06 14:10:31,7,0,1,0
2018-05-06 09:48:06,20,r/gifsthatkeepongiving,2,2018-05-06 15:05:15,2,0,1,0
2018-05-06 09:48:06,20,r/gifsthatkeepongiving,2,2018-05-06 13:21:12,1,1,42,0
2018-05-06 09:48:06,20,r/gifsthatkeepongiving,2,2018-05-06 13:35:13,2,3,17,0
2018-05-06 09:48:06,20,r/gifsthatkeepongiving,2,2018-05-06 14:22:59,3,1,8,0
2018-05-06 09:48:06,20,r/gifsthatkeepongiving,2,2018-05-06 14:25:12,4,1,0,0
2018-05-06 09:48:06,20,r/gifsthatkeepongiving,2,2018-05-06 14:41:27,5,1,7,0
2018-05-06 09:48:06,20,r/gifsthatkeepongiving,2,2018-05-06 14:51:20,6,1,1,0
2018-05-06 09:48:06,20,r/gifsthatkeepongiving,2,2018-05-06 15:00:11,7,0,1,0
2018-05-06 09:48:06,20,r/gifsthatkeepongiving,2,2018-05-06 13:35:51,3,0,5,0
2018-05-06 09:48:06,20,r/gifsthatkeepongiving,2,2018-05-06 14:18:38,3,0,2,0
2018-05-06 09:48:06,20,r/gifsthatkeepongiving,3,2018-05-06 12:00:23,0,2,191,0
2018-05-06 09:48:06,20,r/gifsthatkeepongiving,3,2018-05-06 13:56:33,1,1,22,0
2018-05-06 09:48:06,20,r/gifsthatkeepongiving,3,2018-05-06 14:02:17,2,1,18,0
2018-05-06 09:48:06,20,r/gifsthatkeepongiving,3,2018-05-06 14:17:07,3,0,6,0
2018-05-06 09:48:06,20,r/gifsthatkeepongiving,3,2018-05-06 14:08:18,1,0,5,0
2018-05-06 09:48:06,20,r/gifsthatkeepongiving,4,2018-05-06 12:49:57,0,2,81,0
2018-05-06 09:48:06,20,r/gifsthatkeepongiving,4,2018-05-06 14:49:54,1,0,2,0
2018-05-06 09:48:06,20,r/gifsthatkeepongiving,4,2018-05-06 14:40:45,1,0,1,0
2018-05-06 09:48:06,20,r/gifsthatkeepongiving,5,2018-05-06 10:16:06,0,1,142,0
2018-05-06 09:48:06,20,r/gifsthatkeepongiving,5,2018-05-06 12:31:39,1,3,22,0
2018-05-06 09:48:06,20,r/gifsthatkeepongiving,5,2018-05-06 12:58:48,2,1,17,0
2018-05-06 09:48:06,20,r/gifsthatkeepongiving,5,2018-05-06 14:42:56,3,1,1,0
2018-05-06 09:48:06,20,r/gifsthatkeepongiving,5,2018-05-06 14:49:10,4,1,2,0
2018-05-06 09:48:06,20,r/gifsthatkeepongiving,5,2018-05-06 15:04:01,5,0,1,0
2018-05-06 09:48:06,20,r/gifsthatkeepongiving,5,2018-05-06 13:23:41,2,0,7,0
2018-05-06 09:48:06,20,r/gifsthatkeepongiving,5,2018-05-06 14:23:11,2,0,1,0
2018-05-06 09:48:06,20,r/gifsthatkeepongiving,6,2018-05-06 12:50:06,0,0,32,0
2018-05-06 09:48:06,20,r/gifsthatkeepongiving,7,2018-05-06 14:08:24,0,1,13,0
2018-05-06 09:48:06,20,r/gifsthatkeepongiving,7,2018-05-06 14:19:26,1,0,11,0
2018-05-06 09:48:06,20,r/gifsthatkeepongiving,8,2018-05-06 12:47:50,0,0,10,0
2018-05-06 09:48:06,20,r/gifsthatkeepongiving,9,2018-05-06 13:12:40,0,2,11,0
2018-05-06 09:48:06,20,r/gifsthatkeepongiving,9,2018-05-06 14:29:40,1,1,2,0
2018-05-06 09:48:06,20,r/gifsthatkeepongiving,9,2018-05-06 14:51:39,2,0,1,0
2018-05-06 09:48:06,20,r/gifsthatkeepongiving,9,2018-05-06 14:04:22,1,1,1,0
2018-05-06 09:48:06,20,r/gifsthatkeepongiving,9,2018-05-06 15:09:59,2,0,1,0
2018-05-06 09:48:06,20,r/gifsthatkeepongiving,10,2018-05-06 13:25:35,0,3,55,0
2018-05-06 09:48:06,20,r/gifsthatkeepongiving,10,2018-05-06 13:45:54,1,1,18,0
2018-05-06 09:48:06,20,r/gifsthatkeepongiving,10,2018-05-06 13:49:33,2,0,9,0
2018-05-06 09:48:06,20,r/gifsthatkeepongiving,10,2018-05-06 14:15:46,1,1,-3,0
2018-05-06 09:48:06,20,r/gifsthatkeepongiving,10,2018-05-06 14:31:19,2,0,6,0
2018-05-06 09:48:06,20,r/gifsthatkeepongiving,10,2018-05-06 14:51:01,1,0,-2,0
2018-05-06 09:48:06,20,r/gifsthatkeepongiving,11,2018-05-06 13:40:27,0,0,6,0
2018-05-06 09:48:06,20,r/gifsthatkeepongiving,12,2018-05-06 10:30:10,0,0,4,0
2018-05-06 09:48:06,20,r/gifsthatkeepongiving,13,2018-05-06 13:58:48,0,0,4,0
2018-05-06 09:48:06,20,r/gifsthatkeepongiving,14,2018-05-06 13:39:29,0,0,3,0
2018-05-06 09:48:06,20,r/gifsthatkeepongiving,15,2018-05-06 13:42:44,0,2,3,0
2018-05-06 09:48:06,20,r/gifsthatkeepongiving,15,2018-05-06 14:00:47,1,0,4,0
2018-05-06 09:48:06,20,r/gifsthatkeepongiving,15,2018-05-06 14:56:25,1,1,1,0
2018-05-06 09:48:06,20,r/gifsthatkeepongiving,15,2018-05-06 15:04:01,2,0,1,0
2018-05-06 09:48:06,20,r/gifsthatkeepongiving,16,2018-05-06 13:44:12,0,0,3,0
2018-05-06 09:48:06,20,r/gifsthatkeepongiving,17,2018-05-06 13:54:49,0,0,3,0
2018-05-06 09:48:06,20,r/gifsthatkeepongiving,18,2018-05-06 14:06:40,0,0,3,0
2018-05-06 09:48:06,20,r/gifsthatkeepongiving,19,2018-05-06 14:19:25,0,0,3,0
2018-05-06 09:48:06,20,r/gifsthatkeepongiving,20,2018-05-06 10:18:13,0,0,4,0
2018-05-06 09:48:06,20,r/gifsthatkeepongiving,21,2018-05-06 13:45:53,0,1,5,0
2018-05-06 09:48:06,20,r/gifsthatkeepongiving,21,2018-05-06 14:55:23,1,0,3,0
2018-05-06 09:48:06,20,r/gifsthatkeepongiving,22,2018-05-06 14:20:25,0,0,2,0
2018-05-06 09:48:06,20,r/gifsthatkeepongiving,23,2018-05-06 13:03:14,0,0,1,0
2018-05-06 09:48:06,20,r/gifsthatkeepongiving,24,2018-05-06 13:58:51,0,0,1,0
2018-05-06 09:48:06,20,r/gifsthatkeepongiving,25,2018-05-06 13:59:05,0,0,1,0
2018-05-06 09:48:06,20,r/gifsthatkeepongiving,26,2018-05-06 14:09:06,0,0,1,0
2018-05-06 09:48:06,20,r/gifsthatkeepongiving,27,2018-05-06 14:22:31,0,0,1,0
2018-05-06 09:48:06,20,r/gifsthatkeepongiving,28,2018-05-06 14:24:35,0,0,1,0
2018-05-06 09:48:06,20,r/gifsthatkeepongiving,29,2018-05-06 14:26:00,0,0,1,0
2018-05-06 09:48:06,20,r/gifsthatkeepongiving,30,2018-05-06 14:27:41,0,0,1,0
2018-05-06 09:48:06,20,r/gifsthatkeepongiving,31,2018-05-06 14:31:43,0,0,1,0
2018-05-06 09:48:06,20,r/gifsthatkeepongiving,32,2018-05-06 14:34:00,0,0,1,0
2018-05-06 09:48:06,20,r/gifsthatkeepongiving,33,2018-05-06 14:45:55,0,0,1,0
2018-05-06 09:48:06,20,r/gifsthatkeepongiving,34,2018-05-06 14:49:30,0,0,1,0
2018-05-06 09:48:06,20,r/gifsthatkeepongiving,35,2018-05-06 14:53:10,0,0,1,0
2018-05-06 09:48:06,20,r/gifsthatkeepongiving,36,2018-05-06 14:54:23,0,0,1,0
2018-05-06 09:48:06,20,r/gifsthatkeepongiving,37,2018-05-06 14:56:04,0,0,1,0
2018-05-06 09:48:06,20,r/gifsthatkeepongiving,38,2018-05-06 14:57:32,0,0,1,0
2018-05-06 09:48:06,20,r/gifsthatkeepongiving,39,2018-05-06 15:00:02,0,0,1,0
2018-05-06 09:48:06,20,r/gifsthatkeepongiving,40,2018-05-06 15:00:32,0,0,1,0
2018-05-06 09:48:06,20,r/gifsthatkeepongiving,41,2018-05-06 15:06:16,0,0,1,0
2018-05-06 09:48:06,20,r/gifsthatkeepongiving,42,2018-05-06 12:28:59,0,1,2,0
2018-05-06 09:48:06,20,r/gifsthatkeepongiving,42,2018-05-06 12:37:25,1,0,3,0
2018-05-06 09:48:06,20,r/gifsthatkeepongiving,43,2018-05-06 13:55:36,0,0,1,0
2018-05-06 09:48:06,20,r/gifsthatkeepongiving,44,2018-05-06 13:19:02,0,0,0,0
2018-05-06 09:48:06,20,r/gifsthatkeepongiving,45,2018-05-06 14:00:36,0,0,-3,0
2018-05-06 09:48:06,20,r/gifsthatkeepongiving,46,2018-05-06 14:51:11,0,0,0,0
2018-05-06 09:48:06,20,r/gifsthatkeepongiving,47,2018-05-06 13:02:27,0,1,-19,0
2018-05-06 09:48:06,20,r/gifsthatkeepongiving,47,2018-05-06 13:17:09,1,2,6,0
2018-05-06 09:48:06,20,r/gifsthatkeepongiving,47,2018-05-06 13:19:16,2,2,3,0
2018-05-06 09:48:06,20,r/gifsthatkeepongiving,47,2018-05-06 13:19:57,3,1,6,0
2018-05-06 09:48:06,20,r/gifsthatkeepongiving,47,2018-05-06 13:23:22,4,1,1,0
2018-05-06 09:48:06,20,r/gifsthatkeepongiving,47,2018-05-06 13:26:29,5,1,-6,0
2018-05-06 09:48:06,20,r/gifsthatkeepongiving,47,2018-05-06 13:28:20,6,1,4,0
2018-05-06 09:48:06,20,r/gifsthatkeepongiving,47,2018-05-06 13:31:20,7,1,-1,0
2018-05-06 09:48:06,20,r/gifsthatkeepongiving,47,2018-05-06 13:59:54,8,0,2,0
2018-05-06 09:48:06,20,r/gifsthatkeepongiving,47,2018-05-06 13:23:32,3,0,0,0
2018-05-06 09:48:06,20,r/gifsthatkeepongiving,47,2018-05-06 13:40:27,2,1,1,0
2018-05-06 09:48:06,20,r/gifsthatkeepongiving,47,2018-05-06 13:44:47,3,1,-5,0
2018-05-06 09:48:06,20,r/gifsthatkeepongiving,47,2018-05-06 13:47:00,4,1,2,0
2018-05-06 09:48:06,20,r/gifsthatkeepongiving,47,2018-05-06 13:47:46,5,0,1,0
2018-05-06 09:09:22,21,r/Showerthoughts,0,2018-05-06 12:58:50,0,8,768,0
2018-05-06 09:09:22,21,r/Showerthoughts,0,2018-05-06 14:23:05,1,7,1,0
2018-05-06 09:09:22,21,r/Showerthoughts,0,2018-05-06 14:24:57,2,6,1,0
2018-05-06 09:09:22,21,r/Showerthoughts,0,2018-05-06 14:29:21,3,1,1,0
2018-05-06 09:09:22,21,r/Showerthoughts,0,2018-05-06 14:40:52,4,0,1,0
2018-05-06 09:09:22,21,r/Showerthoughts,0,2018-05-06 14:40:41,3,1,1,0
2018-05-06 09:09:22,21,r/Showerthoughts,0,2018-05-06 15:08:03,4,0,1,0
2018-05-06 09:09:22,21,r/Showerthoughts,0,2018-05-06 14:57:18,3,1,1,0
2018-05-06 09:09:22,21,r/Showerthoughts,0,2018-05-06 15:06:37,4,0,1,0
2018-05-06 09:09:22,21,r/Showerthoughts,0,2018-05-06 14:59:17,3,0,1,0
2018-05-06 09:09:22,21,r/Showerthoughts,0,2018-05-06 15:08:01,3,0,1,0
2018-05-06 09:09:22,21,r/Showerthoughts,0,2018-05-06 15:04:25,3,0,1,0
2018-05-06 09:09:22,21,r/Showerthoughts,0,2018-05-06 14:56:44,2,1,1,0
2018-05-06 09:09:22,21,r/Showerthoughts,0,2018-05-06 15:06:29,3,0,1,0
2018-05-06 09:09:22,21,r/Showerthoughts,0,2018-05-06 14:37:16,2,1,1,0
2018-05-06 09:09:22,21,r/Showerthoughts,0,2018-05-06 14:53:50,3,0,1,0
2018-05-06 09:09:22,21,r/Showerthoughts,0,2018-05-06 15:02:05,2,0,1,0
2018-05-06 09:09:22,21,r/Showerthoughts,0,2018-05-06 14:40:48,2,3,1,0
2018-05-06 09:09:22,21,r/Showerthoughts,0,2018-05-06 14:45:07,3,3,1,0
2018-05-06 09:09:22,21,r/Showerthoughts,0,2018-05-06 15:01:22,4,0,1,0
2018-05-06 09:09:22,21,r/Showerthoughts,0,2018-05-06 14:55:07,4,1,1,0
2018-05-06 09:09:22,21,r/Showerthoughts,0,2018-05-06 15:00:43,5,1,1,0
2018-05-06 09:09:22,21,r/Showerthoughts,0,2018-05-06 15:03:57,6,0,1,0
2018-05-06 09:09:22,21,r/Showerthoughts,0,2018-05-06 15:07:51,4,0,1,0
2018-05-06 09:09:22,21,r/Showerthoughts,0,2018-05-06 14:59:35,3,1,1,0
2018-05-06 09:09:22,21,r/Showerthoughts,0,2018-05-06 15:03:51,4,0,1,0
2018-05-06 09:09:22,21,r/Showerthoughts,0,2018-05-06 15:02:45,3,1,1,0
2018-05-06 09:09:22,21,r/Showerthoughts,0,2018-05-06 15:09:17,4,0,1,0
2018-05-06 09:09:22,21,r/Showerthoughts,0,2018-05-06 15:02:43,2,0,1,0
2018-05-06 09:09:22,21,r/Showerthoughts,0,2018-05-06 15:06:34,2,0,1,0
2018-05-06 09:09:22,21,r/Showerthoughts,0,2018-05-06 14:22:02,1,3,1,0
2018-05-06 09:09:22,21,r/Showerthoughts,0,2018-05-06 14:27:38,2,2,1,0
2018-05-06 09:09:22,21,r/Showerthoughts,0,2018-05-06 14:36:24,3,2,1,0
2018-05-06 09:09:22,21,r/Showerthoughts,0,2018-05-06 14:38:22,4,3,1,0
2018-05-06 09:09:22,21,r/Showerthoughts,0,2018-05-06 14:45:54,5,2,1,0
2018-05-06 09:09:22,21,r/Showerthoughts,0,2018-05-06 14:57:16,6,0,1,0
2018-05-06 09:09:22,21,r/Showerthoughts,0,2018-05-06 15:03:13,6,0,1,0
2018-05-06 09:09:22,21,r/Showerthoughts,0,2018-05-06 14:40:25,5,0,1,0
2018-05-06 09:09:22,21,r/Showerthoughts,0,2018-05-06 15:02:04,5,1,1,0
2018-05-06 09:09:22,21,r/Showerthoughts,0,2018-05-06 15:03:18,6,1,1,0
2018-05-06 09:09:22,21,r/Showerthoughts,0,2018-05-06 15:07:03,7,0,1,0
2018-05-06 09:09:22,21,r/Showerthoughts,0,2018-05-06 14:46:32,4,2,1,0
2018-05-06 09:09:22,21,r/Showerthoughts,0,2018-05-06 14:55:05,5,1,1,0
2018-05-06 09:09:22,21,r/Showerthoughts,0,2018-05-06 14:56:43,6,0,1,0
2018-05-06 09:09:22,21,r/Showerthoughts,0,2018-05-06 15:00:09,5,0,1,0
2018-05-06 09:09:22,21,r/Showerthoughts,0,2018-05-06 14:55:20,3,2,1,0
2018-05-06 09:09:22,21,r/Showerthoughts,0,2018-05-06 15:00:52,4,0,1,0
2018-05-06 09:09:22,21,r/Showerthoughts,0,2018-05-06 14:58:01,4,0,1,0
2018-05-06 09:09:22,21,r/Showerthoughts,0,2018-05-06 14:41:15,2,1,1,0
2018-05-06 09:09:22,21,r/Showerthoughts,0,2018-05-06 15:04:45,3,0,1,0
2018-05-06 09:09:22,21,r/Showerthoughts,0,2018-05-06 14:46:20,2,0,1,0
2018-05-06 09:09:22,21,r/Showerthoughts,0,2018-05-06 14:38:18,1,0,1,0
2018-05-06 09:09:22,21,r/Showerthoughts,0,2018-05-06 14:49:16,1,0,1,0
2018-05-06 09:09:22,21,r/Showerthoughts,0,2018-05-06 15:03:07,1,0,1,0
2018-05-06 09:09:22,21,r/Showerthoughts,0,2018-05-06 14:36:43,1,0,1,0
2018-05-06 09:09:22,21,r/Showerthoughts,0,2018-05-06 14:37:20,1,0,1,0
2018-05-06 09:09:22,21,r/Showerthoughts,0,2018-05-06 14:53:59,1,0,1,0
2018-05-06 09:09:22,21,r/Showerthoughts,1,2018-05-06 09:10:36,0,14,1256,0
2018-05-06 09:09:22,21,r/Showerthoughts,1,2018-05-06 12:50:25,1,5,760,0
2018-05-06 09:09:22,21,r/Showerthoughts,1,2018-05-06 13:37:52,2,1,182,0
2018-05-06 09:09:22,21,r/Showerthoughts,1,2018-05-06 13:44:52,3,1,70,0
2018-05-06 09:09:22,21,r/Showerthoughts,1,2018-05-06 14:18:16,4,1,1,0
2018-05-06 09:09:22,21,r/Showerthoughts,1,2018-05-06 14:20:02,5,2,1,0
2018-05-06 09:09:22,21,r/Showerthoughts,1,2018-05-06 14:23:36,6,0,1,0
2018-05-06 09:09:22,21,r/Showerthoughts,1,2018-05-06 14:48:30,6,0,1,0
2018-05-06 09:09:22,21,r/Showerthoughts,1,2018-05-06 13:56:35,2,4,33,0
2018-05-06 09:09:22,21,r/Showerthoughts,1,2018-05-06 14:17:19,3,1,1,0
2018-05-06 09:09:22,21,r/Showerthoughts,1,2018-05-06 14:29:00,4,1,1,0
2018-05-06 09:09:22,21,r/Showerthoughts,1,2018-05-06 14:38:50,5,1,1,0
2018-05-06 09:09:22,21,r/Showerthoughts,1,2018-05-06 14:46:27,6,0,1,0
2018-05-06 09:09:22,21,r/Showerthoughts,1,2018-05-06 14:03:45,3,1,15,0
2018-05-06 09:09:22,21,r/Showerthoughts,1,2018-05-06 14:56:30,4,0,1,0
2018-05-06 09:09:22,21,r/Showerthoughts,1,2018-05-06 14:05:04,3,0,11,0
2018-05-06 09:09:22,21,r/Showerthoughts,1,2018-05-06 14:36:48,3,0,1,0
2018-05-06 09:09:22,21,r/Showerthoughts,1,2018-05-06 14:27:33,2,1,1,0
2018-05-06 09:09:22,21,r/Showerthoughts,1,2018-05-06 14:46:03,3,1,1,0
2018-05-06 09:09:22,21,r/Showerthoughts,1,2018-05-06 14:59:15,4,0,1,0
2018-05-06 09:09:22,21,r/Showerthoughts,1,2018-05-06 14:32:45,2,1,1,0
2018-05-06 09:09:22,21,r/Showerthoughts,1,2018-05-06 15:06:23,3,0,1,0
2018-05-06 09:09:22,21,r/Showerthoughts,1,2018-05-06 14:28:14,2,0,1,0
2018-05-06 09:09:22,21,r/Showerthoughts,1,2018-05-06 09:43:21,1,3,156,0
2018-05-06 09:09:22,21,r/Showerthoughts,1,2018-05-06 11:54:12,2,1,47,0
2018-05-06 09:09:22,21,r/Showerthoughts,1,2018-05-06 12:12:07,3,1,8,0
2018-05-06 09:09:22,21,r/Showerthoughts,1,2018-05-06 14:07:25,4,0,1,0
2018-05-06 09:09:22,21,r/Showerthoughts,1,2018-05-06 14:15:25,2,0,1,0
2018-05-06 09:09:22,21,r/Showerthoughts,1,2018-05-06 14:36:52,2,0,1,0
2018-05-06 09:09:22,21,r/Showerthoughts,1,2018-05-06 13:13:58,1,1,22,0
2018-05-06 09:09:22,21,r/Showerthoughts,1,2018-05-06 13:18:25,2,2,43,0
2018-05-06 09:09:22,21,r/Showerthoughts,1,2018-05-06 13:28:36,3,2,35,0
2018-05-06 09:09:22,21,r/Showerthoughts,1,2018-05-06 13:30:17,4,2,9,0
2018-05-06 09:09:22,21,r/Showerthoughts,1,2018-05-06 13:32:27,5,1,13,0
2018-05-06 09:09:22,21,r/Showerthoughts,1,2018-05-06 14:21:54,6,0,1,0
2018-05-06 09:09:22,21,r/Showerthoughts,1,2018-05-06 13:56:46,5,1,3,0
2018-05-06 09:09:22,21,r/Showerthoughts,1,2018-05-06 14:05:15,6,0,2,0
2018-05-06 09:09:22,21,r/Showerthoughts,1,2018-05-06 14:43:34,4,0,1,0
2018-05-06 09:09:22,21,r/Showerthoughts,1,2018-05-06 14:04:39,3,2,5,0
2018-05-06 09:09:22,21,r/Showerthoughts,1,2018-05-06 14:30:24,4,1,1,0
2018-05-06 09:09:22,21,r/Showerthoughts,1,2018-05-06 14:30:50,5,1,1,0
2018-05-06 09:09:22,21,r/Showerthoughts,1,2018-05-06 14:36:22,6,0,1,0
2018-05-06 09:09:22,21,r/Showerthoughts,1,2018-05-06 14:42:17,4,1,1,0
2018-05-06 09:09:22,21,r/Showerthoughts,1,2018-05-06 15:05:25,5,0,1,0
2018-05-06 09:09:22,21,r/Showerthoughts,1,2018-05-06 14:21:45,1,0,1,0
2018-05-06 09:09:22,21,r/Showerthoughts,1,2018-05-06 13:55:33,1,0,7,0
2018-05-06 09:09:22,21,r/Showerthoughts,1,2018-05-06 11:38:53,1,1,11,0
2018-05-06 09:09:22,21,r/Showerthoughts,1,2018-05-06 11:52:57,2,1,6,0
2018-05-06 09:09:22,21,r/Showerthoughts,1,2018-05-06 12:00:07,3,2,30,0
2018-05-06 09:09:22,21,r/Showerthoughts,1,2018-05-06 13:50:22,4,0,5,0
2018-05-06 09:09:22,21,r/Showerthoughts,1,2018-05-06 13:16:17,4,1,4,0
2018-05-06 09:09:22,21,r/Showerthoughts,1,2018-05-06 13:57:12,5,1,2,0
2018-05-06 09:09:22,21,r/Showerthoughts,1,2018-05-06 14:04:40,6,1,0,0
2018-05-06 09:09:22,21,r/Showerthoughts,1,2018-05-06 14:16:33,7,0,1,0
2018-05-06 09:09:22,21,r/Showerthoughts,1,2018-05-06 14:05:51,1,0,8,0
2018-05-06 09:09:22,21,r/Showerthoughts,1,2018-05-06 14:08:30,1,0,3,0
2018-05-06 09:09:22,21,r/Showerthoughts,1,2018-05-06 13:34:02,1,1,2,0
2018-05-06 09:09:22,21,r/Showerthoughts,1,2018-05-06 14:43:22,2,0,1,0
2018-05-06 09:09:22,21,r/Showerthoughts,1,2018-05-06 14:01:58,1,0,2,0
2018-05-06 09:09:22,21,r/Showerthoughts,1,2018-05-06 14:25:38,1,0,1,0
2018-05-06 09:09:22,21,r/Showerthoughts,1,2018-05-06 13:54:32,1,1,1,0
2018-05-06 09:09:22,21,r/Showerthoughts,1,2018-05-06 14:06:19,2,1,7,0
2018-05-06 09:09:22,21,r/Showerthoughts,1,2018-05-06 14:53:13,3,0,1,0
2018-05-06 09:09:22,21,r/Showerthoughts,1,2018-05-06 14:37:31,1,0,1,0
2018-05-06 09:09:22,21,r/Showerthoughts,1,2018-05-06 14:58:15,1,0,1,0
2018-05-06 09:09:22,21,r/Showerthoughts,2,2018-05-06 09:51:56,0,6,1933,0
2018-05-06 09:09:22,21,r/Showerthoughts,2,2018-05-06 11:45:42,1,5,825,0
2018-05-06 09:09:22,21,r/Showerthoughts,2,2018-05-06 12:32:18,2,4,431,0
2018-05-06 09:09:22,21,r/Showerthoughts,2,2018-05-06 13:18:44,3,1,56,0
2018-05-06 09:09:22,21,r/Showerthoughts,2,2018-05-06 13:28:50,4,2,18,0
2018-05-06 09:09:22,21,r/Showerthoughts,2,2018-05-06 14:45:06,5,0,1,0
2018-05-06 09:09:22,21,r/Showerthoughts,2,2018-05-06 14:47:39,5,0,1,0
2018-05-06 09:09:22,21,r/Showerthoughts,2,2018-05-06 13:25:47,3,0,3,0
2018-05-06 09:09:22,21,r/Showerthoughts,2,2018-05-06 14:37:53,3,0,1,0
2018-05-06 09:09:22,21,r/Showerthoughts,2,2018-05-06 14:55:29,3,0,1,0
2018-05-06 09:09:22,21,r/Showerthoughts,2,2018-05-06 13:16:38,2,0,18,0
2018-05-06 09:09:22,21,r/Showerthoughts,2,2018-05-06 13:39:04,2,1,17,0
2018-05-06 09:09:22,21,r/Showerthoughts,2,2018-05-06 14:22:02,3,0,1,0
2018-05-06 09:09:22,21,r/Showerthoughts,2,2018-05-06 14:31:57,2,1,1,0
2018-05-06 09:09:22,21,r/Showerthoughts,2,2018-05-06 14:41:59,3,1,1,0
2018-05-06 09:09:22,21,r/Showerthoughts,2,2018-05-06 14:54:11,4,0,1,0
2018-05-06 09:09:22,21,r/Showerthoughts,2,2018-05-06 14:48:04,2,0,1,0
2018-05-06 09:09:22,21,r/Showerthoughts,2,2018-05-06 11:55:35,1,0,20,0
2018-05-06 09:09:22,21,r/Showerthoughts,2,2018-05-06 13:37:41,1,1,17,0
2018-05-06 09:09:22,21,r/Showerthoughts,2,2018-05-06 14:54:11,2,0,1,0
2018-05-06 09:09:22,21,r/Showerthoughts,2,2018-05-06 14:13:27,1,1,1,0
2018-05-06 09:09:22,21,r/Showerthoughts,2,2018-05-06 14:35:43,2,2,1,0
2018-05-06 09:09:22,21,r/Showerthoughts,2,2018-05-06 14:37:05,3,0,1,0
2018-05-06 09:09:22,21,r/Showerthoughts,2,2018-05-06 14:45:55,3,1,1,0
2018-05-06 09:09:22,21,r/Showerthoughts,2,2018-05-06 14:46:00,4,0,1,0
2018-05-06 09:09:22,21,r/Showerthoughts,2,2018-05-06 14:21:04,1,0,1,0
2018-05-06 09:09:22,21,r/Showerthoughts,2,2018-05-06 14:45:04,1,0,1,0
2018-05-06 09:09:22,21,r/Showerthoughts,3,2018-05-06 12:44:37,0,5,246,0
2018-05-06 09:09:22,21,r/Showerthoughts,3,2018-05-06 13:35:30,1,0,87,0
2018-05-06 09:09:22,21,r/Showerthoughts,3,2018-05-06 14:10:45,1,1,1,0
2018-05-06 09:09:22,21,r/Showerthoughts,3,2018-05-06 14:40:33,2,1,1,0
2018-05-06 09:09:22,21,r/Showerthoughts,3,2018-05-06 14:44:22,3,0,1,0
2018-05-06 09:09:22,21,r/Showerthoughts,3,2018-05-06 15:01:42,1,0,1,0
2018-05-06 09:09:22,21,r/Showerthoughts,3,2018-05-06 15:10:05,1,0,1,0
2018-05-06 09:09:22,21,r/Showerthoughts,3,2018-05-06 14:14:35,1,0,1,0
2018-05-06 09:09:22,21,r/Showerthoughts,4,2018-05-06 09:21:38,0,4,328,0
2018-05-06 09:09:22,21,r/Showerthoughts,4,2018-05-06 10:58:10,1,3,237,0
2018-05-06 09:09:22,21,r/Showerthoughts,4,2018-05-06 12:50:30,2,1,87,0
2018-05-06 09:09:22,21,r/Showerthoughts,4,2018-05-06 14:12:18,3,1,1,0
2018-05-06 09:09:22,21,r/Showerthoughts,4,2018-05-06 14:25:24,4,0,1,0
2018-05-06 09:09:22,21,r/Showerthoughts,4,2018-05-06 11:56:47,2,0,6,0
2018-05-06 09:09:22,21,r/Showerthoughts,4,2018-05-06 14:12:33,2,1,1,0
2018-05-06 09:09:22,21,r/Showerthoughts,4,2018-05-06 14:24:09,3,0,1,0
2018-05-06 09:09:22,21,r/Showerthoughts,4,2018-05-06 09:36:15,1,3,63,0
2018-05-06 09:09:22,21,r/Showerthoughts,4,2018-05-06 12:08:47,2,0,114,0
2018-05-06 09:09:22,21,r/Showerthoughts,4,2018-05-06 11:06:15,2,0,20,0
2018-05-06 09:09:22,21,r/Showerthoughts,4,2018-05-06 12:01:58,2,1,12,0
2018-05-06 09:09:22,21,r/Showerthoughts,4,2018-05-06 12:32:55,3,0,9,0
2018-05-06 09:09:22,21,r/Showerthoughts,4,2018-05-06 14:44:21,1,0,1,0
2018-05-06 09:09:22,21,r/Showerthoughts,4,2018-05-06 15:03:25,1,0,1,0
2018-05-06 09:09:22,21,r/Showerthoughts,5,2018-05-06 09:26:15,0,3,216,0
2018-05-06 09:09:22,21,r/Showerthoughts,5,2018-05-06 14:13:30,1,2,1,0
2018-05-06 09:09:22,21,r/Showerthoughts,5,2018-05-06 14:33:07,2,2,1,0
2018-05-06 09:09:22,21,r/Showerthoughts,5,2018-05-06 14:38:15,3,1,1,0
2018-05-06 09:09:22,21,r/Showerthoughts,5,2018-05-06 15:06:38,4,0,1,0
2018-05-06 09:09:22,21,r/Showerthoughts,5,2018-05-06 15:07:37,3,0,1,0
2018-05-06 09:09:22,21,r/Showerthoughts,5,2018-05-06 14:31:03,2,0,1,0
2018-05-06 09:09:22,21,r/Showerthoughts,5,2018-05-06 14:47:48,1,0,1,0
2018-05-06 09:09:22,21,r/Showerthoughts,5,2018-05-06 10:52:03,1,1,-35,0
2018-05-06 09:09:22,21,r/Showerthoughts,5,2018-05-06 11:22:46,2,5,-57,0
2018-05-06 09:09:22,21,r/Showerthoughts,5,2018-05-06 12:12:24,3,1,27,0
2018-05-06 09:09:22,21,r/Showerthoughts,5,2018-05-06 13:07:02,4,1,3,0
2018-05-06 09:09:22,21,r/Showerthoughts,5,2018-05-06 13:16:53,5,1,7,0
2018-05-06 09:09:22,21,r/Showerthoughts,5,2018-05-06 13:21:44,6,0,1,0
2018-05-06 09:09:22,21,r/Showerthoughts,5,2018-05-06 12:00:59,3,0,19,0
2018-05-06 09:09:22,21,r/Showerthoughts,5,2018-05-06 12:32:37,3,0,-4,0
2018-05-06 09:09:22,21,r/Showerthoughts,5,2018-05-06 13:27:09,3,1,-1,0
2018-05-06 09:09:22,21,r/Showerthoughts,5,2018-05-06 13:44:31,4,3,-1,0
2018-05-06 09:09:22,21,r/Showerthoughts,5,2018-05-06 14:37:05,5,0,1,0
2018-05-06 09:09:22,21,r/Showerthoughts,5,2018-05-06 14:59:23,5,0,1,0
2018-05-06 09:09:22,21,r/Showerthoughts,5,2018-05-06 14:11:02,5,0,1,0
2018-05-06 09:09:22,21,r/Showerthoughts,5,2018-05-06 12:19:23,3,1,-4,0
2018-05-06 09:09:22,21,r/Showerthoughts,5,2018-05-06 13:35:46,4,3,-6,0
2018-05-06 09:09:22,21,r/Showerthoughts,5,2018-05-06 14:36:30,5,0,1,0
2018-05-06 09:09:22,21,r/Showerthoughts,5,2018-05-06 14:49:26,5,0,1,0
2018-05-06 09:09:22,21,r/Showerthoughts,5,2018-05-06 14:16:29,5,0,1,0
2018-05-06 09:09:22,21,r/Showerthoughts,6,2018-05-06 10:30:14,0,4,468,0
2018-05-06 09:09:22,21,r/Showerthoughts,6,2018-05-06 13:34:54,1,3,252,0
2018-05-06 09:09:22,21,r/Showerthoughts,6,2018-05-06 14:20:35,2,0,1,0
2018-05-06 09:09:22,21,r/Showerthoughts,6,2018-05-06 14:26:48,2,1,1,0
2018-05-06 09:09:22,21,r/Showerthoughts,6,2018-05-06 14:34:59,3,1,1,0
2018-05-06 09:09:22,21,r/Showerthoughts,6,2018-05-06 14:44:22,4,1,1,0
2018-05-06 09:09:22,21,r/Showerthoughts,6,2018-05-06 14:55:04,5,1,1,0
2018-05-06 09:09:22,21,r/Showerthoughts,6,2018-05-06 15:07:02,6,0,1,0
2018-05-06 09:09:22,21,r/Showerthoughts,6,2018-05-06 14:19:18,2,0,1,0
2018-05-06 09:09:22,21,r/Showerthoughts,6,2018-05-06 10:57:11,1,1,31,0
2018-05-06 09:09:22,21,r/Showerthoughts,6,2018-05-06 11:18:34,2,2,26,0
2018-05-06 09:09:22,21,r/Showerthoughts,6,2018-05-06 11:27:11,3,4,28,0
2018-05-06 09:09:22,21,r/Showerthoughts,6,2018-05-06 13:34:58,4,4,21,0
2018-05-06 09:09:22,21,r/Showerthoughts,6,2018-05-06 14:23:34,5,0,1,0
2018-05-06 09:09:22,21,r/Showerthoughts,6,2018-05-06 14:23:36,5,0,1,0
2018-05-06 09:09:22,21,r/Showerthoughts,6,2018-05-06 14:52:01,5,0,1,0
2018-05-06 09:09:22,21,r/Showerthoughts,6,2018-05-06 15:04:15,5,0,1,0
2018-05-06 09:09:22,21,r/Showerthoughts,6,2018-05-06 14:15:22,4,0,1,0
2018-05-06 09:09:22,21,r/Showerthoughts,6,2018-05-06 12:18:32,4,2,13,0
2018-05-06 09:09:22,21,r/Showerthoughts,6,2018-05-06 12:45:36,5,2,14,0
2018-05-06 09:09:22,21,r/Showerthoughts,6,2018-05-06 13:19:00,6,0,4,0
2018-05-06 09:09:22,21,r/Showerthoughts,6,2018-05-06 14:50:48,6,0,1,0
2018-05-06 09:09:22,21,r/Showerthoughts,6,2018-05-06 14:18:49,5,0,1,0
2018-05-06 09:09:22,21,r/Showerthoughts,6,2018-05-06 14:45:58,4,0,1,0
2018-05-06 09:09:22,21,r/Showerthoughts,6,2018-05-06 12:04:45,3,1,7,0
2018-05-06 09:09:22,21,r/Showerthoughts,6,2018-05-06 13:32:50,4,0,5,0
2018-05-06 09:09:22,21,r/Showerthoughts,6,2018-05-06 14:39:45,1,0,1,0
2018-05-06 09:09:22,21,r/Showerthoughts,6,2018-05-06 14:58:58,1,0,1,0
2018-05-06 09:09:22,21,r/Showerthoughts,7,2018-05-06 11:34:19,0,4,98,0
2018-05-06 09:09:22,21,r/Showerthoughts,7,2018-05-06 13:29:09,1,5,93,0
2018-05-06 09:09:22,21,r/Showerthoughts,7,2018-05-06 13:35:14,2,0,50,0
2018-05-06 09:09:22,21,r/Showerthoughts,7,2018-05-06 14:22:22,2,1,1,0
2018-05-06 09:09:22,21,r/Showerthoughts,7,2018-05-06 14:47:12,3,0,1,0
2018-05-06 09:09:22,21,r/Showerthoughts,7,2018-05-06 14:29:56,2,0,1,0
2018-05-06 09:09:22,21,r/Showerthoughts,7,2018-05-06 14:36:52,2,0,1,0
2018-05-06 09:09:22,21,r/Showerthoughts,7,2018-05-06 14:49:18,2,0,1,0
2018-05-06 09:09:22,21,r/Showerthoughts,7,2018-05-06 12:19:35,1,2,8,0
2018-05-06 09:09:22,21,r/Showerthoughts,7,2018-05-06 12:32:46,2,1,20,0
2018-05-06 09:09:22,21,r/Showerthoughts,7,2018-05-06 13:51:18,3,1,7,0
2018-05-06 09:09:22,21,r/Showerthoughts,7,2018-05-06 13:58:17,4,1,9,0
2018-05-06 09:09:22,21,r/Showerthoughts,7,2018-05-06 14:00:51,5,0,4,0
2018-05-06 09:09:22,21,r/Showerthoughts,7,2018-05-06 12:54:36,2,3,-15,0
2018-05-06 09:09:22,21,r/Showerthoughts,7,2018-05-06 13:04:35,3,0,24,0
2018-05-06 09:09:22,21,r/Showerthoughts,7,2018-05-06 13:13:44,3,0,2,0
2018-05-06 09:09:22,21,r/Showerthoughts,7,2018-05-06 13:20:24,3,0,0,0
2018-05-06 09:09:22,21,r/Showerthoughts,7,2018-05-06 14:31:51,1,1,1,0
2018-05-06 09:09:22,21,r/Showerthoughts,7,2018-05-06 15:01:55,2,0,1,0
2018-05-06 09:09:22,21,r/Showerthoughts,7,2018-05-06 14:47:56,1,1,1,0
2018-05-06 09:09:22,21,r/Showerthoughts,7,2018-05-06 15:03:12,2,0,1,0
2018-05-06 09:09:22,21,r/Showerthoughts,8,2018-05-06 11:59:06,0,1,107,0
2018-05-06 09:09:22,21,r/Showerthoughts,8,2018-05-06 14:09:09,1,3,78,0
2018-05-06 09:09:22,21,r/Showerthoughts,8,2018-05-06 14:25:10,2,0,1,0
2018-05-06 09:09:22,21,r/Showerthoughts,8,2018-05-06 14:48:29,2,0,1,0
2018-05-06 09:09:22,21,r/Showerthoughts,8,2018-05-06 15:08:37,2,0,1,0
2018-05-06 09:09:22,21,r/Showerthoughts,9,2018-05-06 13:35:28,0,0,40,0
2018-05-06 09:09:22,21,r/Showerthoughts,10,2018-05-06 13:22:24,0,1,15,0
2018-05-06 09:09:22,21,r/Showerthoughts,10,2018-05-06 14:12:48,1,0,1,0
2018-05-06 09:09:22,21,r/Showerthoughts,11,2018-05-06 11:35:49,0,2,89,0
2018-05-06 09:09:22,21,r/Showerthoughts,11,2018-05-06 13:36:28,1,3,88,0
2018-05-06 09:09:22,21,r/Showerthoughts,11,2018-05-06 14:30:45,2,1,1,0
2018-05-06 09:09:22,21,r/Showerthoughts,11,2018-05-06 14:42:52,3,0,1,0
2018-05-06 09:09:22,21,r/Showerthoughts,11,2018-05-06 14:54:00,2,0,1,0
2018-05-06 09:09:22,21,r/Showerthoughts,11,2018-05-06 14:15:47,2,1,1,0
2018-05-06 09:09:22,21,r/Showerthoughts,11,2018-05-06 14:27:45,3,0,1,0
2018-05-06 09:09:22,21,r/Showerthoughts,11,2018-05-06 13:05:12,1,1,14,0
2018-05-06 09:09:22,21,r/Showerthoughts,11,2018-05-06 13:08:18,2,4,48,0
2018-05-06 09:09:22,21,r/Showerthoughts,11,2018-05-06 13:19:47,3,0,27,0
2018-05-06 09:09:22,21,r/Showerthoughts,11,2018-05-06 13:10:21,3,5,17,0
2018-05-06 09:09:22,21,r/Showerthoughts,11,2018-05-06 13:14:41,4,2,33,0
2018-05-06 09:09:22,21,r/Showerthoughts,11,2018-05-06 13:51:38,5,0,17,0
2018-05-06 09:09:22,21,r/Showerthoughts,11,2018-05-06 13:52:28,5,1,5,0
2018-05-06 09:09:22,21,r/Showerthoughts,11,2018-05-06 14:15:42,6,0,1,0
2018-05-06 09:09:22,21,r/Showerthoughts,11,2018-05-06 13:36:58,4,1,9,0
2018-05-06 09:09:22,21,r/Showerthoughts,11,2018-05-06 13:56:54,5,0,16,0
2018-05-06 09:09:22,21,r/Showerthoughts,11,2018-05-06 14:27:42,4,0,1,0
2018-05-06 09:09:22,21,r/Showerthoughts,11,2018-05-06 14:50:43,4,0,1,0
2018-05-06 09:09:22,21,r/Showerthoughts,11,2018-05-06 14:53:27,4,0,1,0
2018-05-06 09:09:22,21,r/Showerthoughts,11,2018-05-06 14:14:34,3,0,1,0
2018-05-06 09:09:22,21,r/Showerthoughts,11,2018-05-06 14:41:54,3,0,1,0
2018-05-06 09:09:22,21,r/Showerthoughts,12,2018-05-06 11:02:54,0,0,58,0
2018-05-06 09:09:22,21,r/Showerthoughts,13,2018-05-06 09:14:52,0,3,37,0
2018-05-06 09:09:22,21,r/Showerthoughts,13,2018-05-06 12:07:06,1,1,22,0
2018-05-06 09:09:22,21,r/Showerthoughts,13,2018-05-06 12:23:28,2,2,11,0
2018-05-06 09:09:22,21,r/Showerthoughts,13,2018-05-06 14:27:55,3,1,1,0
2018-05-06 09:09:22,21,r/Showerthoughts,13,2018-05-06 14:36:56,4,0,1,0
2018-05-06 09:09:22,21,r/Showerthoughts,13,2018-05-06 14:47:24,3,1,1,0
2018-05-06 09:09:22,21,r/Showerthoughts,13,2018-05-06 14:50:59,4,0,1,0
2018-05-06 09:09:22,21,r/Showerthoughts,13,2018-05-06 14:34:52,1,1,1,0
2018-05-06 09:09:22,21,r/Showerthoughts,13,2018-05-06 14:53:15,2,0,1,0
2018-05-06 09:09:22,21,r/Showerthoughts,13,2018-05-06 14:51:10,1,0,1,0
2018-05-06 09:09:22,21,r/Showerthoughts,14,2018-05-06 12:22:58,0,1,37,0
2018-05-06 09:09:22,21,r/Showerthoughts,14,2018-05-06 13:34:06,1,1,28,0
2018-05-06 09:09:22,21,r/Showerthoughts,14,2018-05-06 13:51:57,2,0,4,0
2018-05-06 09:09:22,21,r/Showerthoughts,15,2018-05-06 12:08:36,0,0,47,0
2018-05-06 09:09:22,21,r/Showerthoughts,16,2018-05-06 13:50:37,0,1,9,0
2018-05-06 09:09:22,21,r/Showerthoughts,16,2018-05-06 15:05:07,1,0,1,0
2018-05-06 09:09:22,21,r/Showerthoughts,17,2018-05-06 11:05:21,0,2,34,0
2018-05-06 09:09:22,21,r/Showerthoughts,17,2018-05-06 11:51:53,1,1,17,0
2018-05-06 09:09:22,21,r/Showerthoughts,17,2018-05-06 12:28:44,2,0,6,0
2018-05-06 09:09:22,21,r/Showerthoughts,17,2018-05-06 12:07:57,1,0,-3,0
2018-05-06 09:09:22,21,r/Showerthoughts,18,2018-05-06 13:54:51,0,1,6,0
2018-05-06 09:09:22,21,r/Showerthoughts,18,2018-05-06 14:49:50,1,0,1,0
2018-05-06 09:09:22,21,r/Showerthoughts,19,2018-05-06 13:13:43,0,1,9,0
2018-05-06 09:09:22,21,r/Showerthoughts,19,2018-05-06 14:52:47,1,0,1,0
2018-05-06 09:09:22,21,r/Showerthoughts,20,2018-05-06 14:01:49,0,1,3,0
2018-05-06 09:09:22,21,r/Showerthoughts,20,2018-05-06 14:26:18,1,0,1,0
2018-05-06 09:09:22,21,r/Showerthoughts,21,2018-05-06 14:40:54,0,0,1,0
2018-05-06 09:09:22,21,r/Showerthoughts,22,2018-05-06 12:14:15,0,0,9,0
2018-05-06 09:09:22,21,r/Showerthoughts,23,2018-05-06 13:14:49,0,0,2,0
2018-05-06 09:09:22,21,r/Showerthoughts,24,2018-05-06 13:56:05,0,0,2,0
2018-05-06 09:09:22,21,r/Showerthoughts,25,2018-05-06 14:03:58,0,0,2,0
2018-05-06 09:09:22,21,r/Showerthoughts,26,2018-05-06 14:45:32,0,1,1,0
2018-05-06 09:09:22,21,r/Showerthoughts,26,2018-05-06 14:51:50,1,1,1,0
2018-05-06 09:09:22,21,r/Showerthoughts,26,2018-05-06 14:53:59,2,0,1,0
2018-05-06 09:09:22,21,r/Showerthoughts,27,2018-05-06 14:48:06,0,0,1,0
2018-05-06 09:09:22,21,r/Showerthoughts,28,2018-05-06 11:37:43,0,7,14,0
2018-05-06 09:09:22,21,r/Showerthoughts,28,2018-05-06 12:19:00,1,5,30,0
2018-05-06 09:09:22,21,r/Showerthoughts,28,2018-05-06 12:56:22,2,1,11,0
2018-05-06 09:09:22,21,r/Showerthoughts,28,2018-05-06 13:16:15,3,1,2,0
2018-05-06 09:09:22,21,r/Showerthoughts,28,2018-05-06 14:46:06,4,0,1,0
2018-05-06 09:09:22,21,r/Showerthoughts,28,2018-05-06 14:32:59,2,0,1,0
2018-05-06 09:09:22,21,r/Showerthoughts,28,2018-05-06 14:10:40,2,0,1,0
2018-05-06 09:09:22,21,r/Showerthoughts,28,2018-05-06 13:06:12,2,0,1,0
2018-05-06 09:09:22,21,r/Showerthoughts,28,2018-05-06 14:30:26,2,0,1,0
2018-05-06 09:09:22,21,r/Showerthoughts,28,2018-05-06 13:34:48,1,3,24,0
2018-05-06 09:09:22,21,r/Showerthoughts,28,2018-05-06 14:53:16,2,0,1,0
2018-05-06 09:09:22,21,r/Showerthoughts,28,2018-05-06 14:56:24,2,0,1,0
2018-05-06 09:09:22,21,r/Showerthoughts,28,2018-05-06 14:19:49,2,1,1,0
2018-05-06 09:09:22,21,r/Showerthoughts,28,2018-05-06 14:49:19,3,1,1,0
2018-05-06 09:09:22,21,r/Showerthoughts,28,2018-05-06 14:52:19,4,1,1,0
2018-05-06 09:09:22,21,r/Showerthoughts,28,2018-05-06 14:53:52,5,0,1,0
2018-05-06 09:09:22,21,r/Showerthoughts,28,2018-05-06 14:14:47,1,0,1,0
2018-05-06 09:09:22,21,r/Showerthoughts,28,2018-05-06 14:56:04,1,0,1,0
2018-05-06 09:09:22,21,r/Showerthoughts,28,2018-05-06 14:29:42,1,0,1,0
2018-05-06 09:09:22,21,r/Showerthoughts,28,2018-05-06 14:11:35,1,2,1,0
2018-05-06 09:09:22,21,r/Showerthoughts,28,2018-05-06 14:31:13,2,1,1,0
2018-05-06 09:09:22,21,r/Showerthoughts,28,2018-05-06 14:34:13,3,0,1,0
2018-05-06 09:09:22,21,r/Showerthoughts,28,2018-05-06 14:56:50,2,0,1,0
2018-05-06 09:09:22,21,r/Showerthoughts,28,2018-05-06 14:45:44,1,0,1,0
2018-05-06 09:09:22,21,r/Showerthoughts,29,2018-05-06 12:39:16,0,0,6,0
2018-05-06 09:09:22,21,r/Showerthoughts,30,2018-05-06 14:02:01,0,0,3,0
2018-05-06 09:09:22,21,r/Showerthoughts,31,2018-05-06 11:44:59,0,1,3,0
2018-05-06 09:09:22,21,r/Showerthoughts,31,2018-05-06 12:21:00,1,1,-1,0
2018-05-06 09:09:22,21,r/Showerthoughts,31,2018-05-06 12:22:14,2,0,1,0
2018-05-06 09:09:22,21,r/Showerthoughts,32,2018-05-06 13:10:08,0,0,4,0
2018-05-06 09:09:22,21,r/Showerthoughts,33,2018-05-06 12:22:53,0,0,3,0
2018-05-06 09:09:22,21,r/Showerthoughts,34,2018-05-06 12:57:51,0,0,2,0
2018-05-06 09:09:22,21,r/Showerthoughts,35,2018-05-06 13:44:37,0,0,2,0
2018-05-06 09:09:22,21,r/Showerthoughts,36,2018-05-06 13:44:58,0,1,2,0
2018-05-06 09:09:22,21,r/Showerthoughts,36,2018-05-06 14:10:09,1,1,1,0
2018-05-06 09:09:22,21,r/Showerthoughts,36,2018-05-06 14:57:36,2,0,1,0
2018-05-06 09:09:22,21,r/Showerthoughts,37,2018-05-06 12:45:03,0,0,1,0
2018-05-06 09:09:22,21,r/Showerthoughts,38,2018-05-06 12:52:51,0,0,1,0
2018-05-06 09:09:22,21,r/Showerthoughts,39,2018-05-06 13:25:43,0,0,1,0
2018-05-06 09:09:22,21,r/Showerthoughts,40,2018-05-06 13:38:02,0,0,1,0
2018-05-06 09:09:22,21,r/Showerthoughts,41,2018-05-06 13:46:28,0,0,1,0
2018-05-06 09:09:22,21,r/Showerthoughts,42,2018-05-06 13:55:45,0,0,1,0
2018-05-06 09:09:22,21,r/Showerthoughts,43,2018-05-06 13:57:14,0,0,1,0
2018-05-06 09:09:22,21,r/Showerthoughts,44,2018-05-06 14:01:37,0,0,1,0
2018-05-06 09:09:22,21,r/Showerthoughts,45,2018-05-06 14:02:37,0,0,1,0
2018-05-06 09:09:22,21,r/Showerthoughts,46,2018-05-06 14:03:57,0,0,1,0
2018-05-06 09:09:22,21,r/Showerthoughts,47,2018-05-06 14:04:00,0,0,1,0
2018-05-06 09:09:22,21,r/Showerthoughts,48,2018-05-06 14:05:12,0,0,1,0
2018-05-06 09:09:22,21,r/Showerthoughts,49,2018-05-06 14:06:00,0,0,1,0
2018-05-06 09:09:22,21,r/Showerthoughts,50,2018-05-06 14:07:27,0,0,1,0
2018-05-06 09:09:22,21,r/Showerthoughts,51,2018-05-06 14:07:55,0,0,1,0
2018-05-06 09:09:22,21,r/Showerthoughts,52,2018-05-06 14:08:44,0,1,1,0
2018-05-06 09:09:22,21,r/Showerthoughts,52,2018-05-06 14:55:10,1,0,1,0
2018-05-06 09:09:22,21,r/Showerthoughts,53,2018-05-06 14:09:52,0,0,1,0
2018-05-06 09:09:22,21,r/Showerthoughts,54,2018-05-06 14:10:26,0,0,1,0
2018-05-06 09:09:22,21,r/Showerthoughts,55,2018-05-06 14:10:31,0,0,1,0
2018-05-06 09:09:22,21,r/Showerthoughts,56,2018-05-06 14:12:31,0,0,1,0
2018-05-06 09:09:22,21,r/Showerthoughts,57,2018-05-06 14:12:50,0,0,1,0
2018-05-06 09:09:22,21,r/Showerthoughts,58,2018-05-06 14:18:34,0,0,1,0
2018-05-06 09:09:22,21,r/Showerthoughts,59,2018-05-06 14:21:54,0,0,1,0
2018-05-06 09:09:22,21,r/Showerthoughts,60,2018-05-06 14:22:54,0,0,1,0
2018-05-06 09:09:22,21,r/Showerthoughts,61,2018-05-06 14:23:16,0,0,1,0
2018-05-06 09:09:22,21,r/Showerthoughts,62,2018-05-06 14:23:35,0,0,1,0
2018-05-06 09:09:22,21,r/Showerthoughts,63,2018-05-06 14:25:32,0,0,1,0
2018-05-06 09:09:22,21,r/Showerthoughts,64,2018-05-06 14:26:16,0,0,1,0
2018-05-06 09:09:22,21,r/Showerthoughts,65,2018-05-06 14:26:41,0,0,1,0
2018-05-06 09:09:22,21,r/Showerthoughts,66,2018-05-06 14:27:41,0,0,1,0
2018-05-06 09:09:22,21,r/Showerthoughts,67,2018-05-06 14:27:51,0,0,1,0
2018-05-06 09:09:22,21,r/Showerthoughts,68,2018-05-06 14:28:40,0,0,1,0
2018-05-06 09:09:22,21,r/Showerthoughts,69,2018-05-06 14:30:02,0,0,1,0
2018-05-06 09:09:22,21,r/Showerthoughts,70,2018-05-06 14:30:20,0,0,1,0
2018-05-06 09:09:22,21,r/Showerthoughts,71,2018-05-06 14:30:24,0,0,1,0
2018-05-06 09:09:22,21,r/Showerthoughts,72,2018-05-06 14:30:27,0,0,1,0
2018-05-06 09:09:22,21,r/Showerthoughts,73,2018-05-06 14:31:36,0,0,1,0
2018-05-06 09:09:22,21,r/Showerthoughts,74,2018-05-06 14:31:44,0,0,1,0
2018-05-06 09:09:22,21,r/Showerthoughts,75,2018-05-06 14:33:33,0,1,1,0
2018-05-06 09:09:22,21,r/Showerthoughts,75,2018-05-06 14:35:22,1,0,1,0
2018-05-06 09:09:22,21,r/Showerthoughts,76,2018-05-06 14:34:39,0,0,1,0
2018-05-06 09:09:22,21,r/Showerthoughts,77,2018-05-06 14:35:49,0,0,1,0
2018-05-06 09:09:22,21,r/Showerthoughts,78,2018-05-06 14:36:49,0,0,1,0
2018-05-06 09:09:22,21,r/Showerthoughts,79,2018-05-06 14:37:26,0,0,1,0
2018-05-06 09:09:22,21,r/Showerthoughts,80,2018-05-06 14:40:04,0,0,1,0
2018-05-06 09:09:22,21,r/Showerthoughts,81,2018-05-06 14:41:09,0,0,1,0
2018-05-06 09:09:22,21,r/Showerthoughts,82,2018-05-06 14:41:26,0,0,1,0
2018-05-06 09:09:22,21,r/Showerthoughts,83,2018-05-06 14:41:43,0,0,1,0
2018-05-06 09:09:22,21,r/Showerthoughts,84,2018-05-06 14:41:44,0,0,1,0
2018-05-06 09:09:22,21,r/Showerthoughts,85,2018-05-06 14:42:09,0,0,1,0
2018-05-06 09:09:22,21,r/Showerthoughts,86,2018-05-06 14:42:25,0,0,1,0
2018-05-06 09:09:22,21,r/Showerthoughts,87,2018-05-06 14:42:49,0,0,1,0
2018-05-06 09:09:22,21,r/Showerthoughts,88,2018-05-06 14:43:03,0,0,1,0
2018-05-06 09:09:22,21,r/Showerthoughts,89,2018-05-06 14:45:08,0,0,1,0
2018-05-06 09:09:22,21,r/Showerthoughts,90,2018-05-06 14:46:30,0,0,1,0
2018-05-06 09:09:22,21,r/Showerthoughts,91,2018-05-06 14:46:38,0,0,1,0
2018-05-06 09:09:22,21,r/Showerthoughts,92,2018-05-06 14:47:29,0,0,1,0
2018-05-06 09:09:22,21,r/Showerthoughts,93,2018-05-06 14:47:46,0,0,1,0
2018-05-06 09:09:22,21,r/Showerthoughts,94,2018-05-06 14:48:33,0,0,1,0
2018-05-06 09:09:22,21,r/Showerthoughts,95,2018-05-06 14:48:41,0,0,1,0
2018-05-06 09:09:22,21,r/Showerthoughts,96,2018-05-06 14:50:35,0,0,1,0
2018-05-06 09:09:22,21,r/Showerthoughts,97,2018-05-06 14:51:58,0,0,1,0
2018-05-06 09:09:22,21,r/Showerthoughts,98,2018-05-06 14:52:27,0,0,1,0
2018-05-06 09:09:22,21,r/Showerthoughts,99,2018-05-06 14:52:48,0,0,1,0
2018-05-06 09:09:22,21,r/Showerthoughts,100,2018-05-06 14:53:04,0,0,1,0
2018-05-06 09:09:22,21,r/Showerthoughts,101,2018-05-06 14:53:46,0,0,1,0
2018-05-06 09:09:22,21,r/Showerthoughts,102,2018-05-06 14:55:32,0,0,1,0
2018-05-06 09:09:22,21,r/Showerthoughts,103,2018-05-06 14:56:44,0,0,1,0
2018-05-06 09:09:22,21,r/Showerthoughts,104,2018-05-06 14:57:11,0,0,1,0
2018-05-06 09:09:22,21,r/Showerthoughts,105,2018-05-06 14:59:19,0,0,1,0
2018-05-06 09:09:22,21,r/Showerthoughts,106,2018-05-06 15:00:02,0,0,1,0
2018-05-06 09:09:22,21,r/Showerthoughts,107,2018-05-06 15:00:36,0,0,1,0
2018-05-06 09:09:22,21,r/Showerthoughts,108,2018-05-06 15:02:59,0,0,1,0
2018-05-06 09:09:22,21,r/Showerthoughts,109,2018-05-06 15:04:10,0,0,1,0
2018-05-06 09:09:22,21,r/Showerthoughts,110,2018-05-06 15:04:17,0,0,1,0
2018-05-06 09:09:22,21,r/Showerthoughts,111,2018-05-06 15:04:23,0,0,1,0
2018-05-06 09:09:22,21,r/Showerthoughts,112,2018-05-06 15:05:05,0,0,1,0
2018-05-06 09:09:22,21,r/Showerthoughts,113,2018-05-06 15:05:39,0,0,1,0
2018-05-06 09:09:22,21,r/Showerthoughts,114,2018-05-06 15:05:40,0,0,1,0
2018-05-06 09:09:22,21,r/Showerthoughts,115,2018-05-06 15:05:59,0,0,1,0
2018-05-06 09:09:22,21,r/Showerthoughts,116,2018-05-06 15:08:43,0,0,1,0
2018-05-06 09:09:22,21,r/Showerthoughts,117,2018-05-06 15:08:43,0,0,1,0
2018-05-06 09:09:22,21,r/Showerthoughts,118,2018-05-06 15:09:10,0,0,1,0
2018-05-06 09:09:22,21,r/Showerthoughts,119,2018-05-06 09:12:50,0,0,1,0
2018-05-06 09:09:22,21,r/Showerthoughts,120,2018-05-06 14:23:28,0,1,1,0
2018-05-06 09:09:22,21,r/Showerthoughts,120,2018-05-06 14:54:05,1,0,1,0
2018-05-06 09:09:22,21,r/Showerthoughts,121,2018-05-06 14:46:51,0,0,1,0
2018-05-06 09:09:22,21,r/Showerthoughts,122,2018-05-06 15:01:46,0,0,1,0
2018-05-06 09:09:22,21,r/Showerthoughts,123,2018-05-06 11:22:08,0,1,0,0
2018-05-06 09:09:22,21,r/Showerthoughts,123,2018-05-06 14:32:58,1,0,1,0
2018-05-06 09:09:22,21,r/Showerthoughts,124,2018-05-06 10:40:41,0,0,-1,0
2018-05-06 09:09:22,21,r/Showerthoughts,125,2018-05-06 12:18:22,0,0,-1,0
2018-05-06 09:09:22,21,r/Showerthoughts,126,2018-05-06 12:42:56,0,1,0,0
2018-05-06 09:09:22,21,r/Showerthoughts,126,2018-05-06 13:24:45,1,1,5,0
2018-05-06 09:09:22,21,r/Showerthoughts,126,2018-05-06 13:46:36,2,1,1,0
2018-05-06 09:09:22,21,r/Showerthoughts,126,2018-05-06 14:19:50,3,0,1,0
2018-05-06 09:09:22,21,r/Showerthoughts,127,2018-05-06 14:13:01,0,0,1,0
2018-05-06 09:09:22,21,r/Showerthoughts,128,2018-05-06 14:17:06,0,0,1,0
2018-05-06 09:09:22,21,r/Showerthoughts,129,2018-05-06 14:23:25,0,2,1,0
2018-05-06 09:09:22,21,r/Showerthoughts,129,2018-05-06 14:54:12,1,0,1,0
2018-05-06 09:09:22,21,r/Showerthoughts,129,2018-05-06 15:02:24,1,1,1,0
2018-05-06 09:09:22,21,r/Showerthoughts,129,2018-05-06 15:10:13,2,0,1,0
2018-05-06 09:09:22,21,r/Showerthoughts,130,2018-05-06 10:32:49,0,1,-1,0
2018-05-06 09:09:22,21,r/Showerthoughts,130,2018-05-06 10:44:05,1,0,2,0
2018-05-06 09:09:22,21,r/Showerthoughts,131,2018-05-06 14:04:14,0,1,-2,0
2018-05-06 09:09:22,21,r/Showerthoughts,131,2018-05-06 14:12:32,1,0,1,0
2018-05-06 09:09:22,21,r/Showerthoughts,132,2018-05-06 11:24:49,0,1,-8,0
2018-05-06 09:09:22,21,r/Showerthoughts,132,2018-05-06 14:45:51,1,0,1,0
2018-05-06 07:42:53,22,r/worldnews,0,2018-05-06 12:00:29,0,8,5567,1
2018-05-06 07:42:53,22,r/worldnews,0,2018-05-06 12:47:28,1,3,844,0
2018-05-06 07:42:53,22,r/worldnews,0,2018-05-06 13:50:09,2,5,1,0
2018-05-06 07:42:53,22,r/worldnews,0,2018-05-06 13:58:12,3,1,1,0
2018-05-06 07:42:53,22,r/worldnews,0,2018-05-06 14:23:26,4,0,1,0
2018-05-06 07:42:53,22,r/worldnews,0,2018-05-06 14:07:51,3,2,1,0
2018-05-06 07:42:53,22,r/worldnews,0,2018-05-06 14:41:30,4,0,1,0
2018-05-06 07:42:53,22,r/worldnews,0,2018-05-06 14:31:38,3,0,1,0
2018-05-06 07:42:53,22,r/worldnews,0,2018-05-06 14:28:25,3,0,1,0
2018-05-06 07:42:53,22,r/worldnews,0,2018-05-06 13:00:24,2,4,60,0
2018-05-06 07:42:53,22,r/worldnews,0,2018-05-06 13:13:09,3,1,81,0
2018-05-06 07:42:53,22,r/worldnews,0,2018-05-06 13:17:03,4,2,45,0
2018-05-06 07:42:53,22,r/worldnews,0,2018-05-06 13:24:28,5,4,48,0
2018-05-06 07:42:53,22,r/worldnews,0,2018-05-06 14:32:27,6,0,1,0
2018-05-06 07:42:53,22,r/worldnews,0,2018-05-06 13:52:53,6,2,1,0
2018-05-06 07:42:53,22,r/worldnews,0,2018-05-06 14:46:51,7,0,1,0
2018-05-06 07:42:53,22,r/worldnews,0,2018-05-06 14:10:21,6,0,1,0
2018-05-06 07:42:53,22,r/worldnews,0,2018-05-06 13:49:18,5,1,1,0
2018-05-06 07:42:53,22,r/worldnews,0,2018-05-06 13:07:03,3,2,171,0
2018-05-06 07:42:53,22,r/worldnews,0,2018-05-06 13:21:37,4,1,9,0
2018-05-06 07:42:53,22,r/worldnews,0,2018-05-06 13:28:02,5,3,10,0
2018-05-06 07:42:53,22,r/worldnews,0,2018-05-06 13:49:15,6,1,1,0
2018-05-06 07:42:53,22,r/worldnews,0,2018-05-06 13:48:53,6,1,1,0
2018-05-06 07:42:53,22,r/worldnews,0,2018-05-06 13:49:03,6,1,1,0
2018-05-06 07:42:53,22,r/worldnews,0,2018-05-06 13:28:07,3,1,2,0
2018-05-06 07:42:53,22,r/worldnews,0,2018-05-06 13:16:04,1,2,46,0
2018-05-06 07:42:53,22,r/worldnews,0,2018-05-06 13:35:22,2,4,38,0
2018-05-06 07:42:53,22,r/worldnews,0,2018-05-06 13:45:02,3,1,1,0
2018-05-06 07:42:53,22,r/worldnews,0,2018-05-06 14:04:35,4,0,1,0
2018-05-06 07:42:53,22,r/worldnews,0,2018-05-06 14:35:33,3,1,1,0
2018-05-06 07:42:53,22,r/worldnews,0,2018-05-06 14:39:43,4,2,1,0
2018-05-06 07:42:53,22,r/worldnews,0,2018-05-06 14:49:51,5,0,1,0
2018-05-06 07:42:53,22,r/worldnews,0,2018-05-06 14:55:56,5,0,1,0
2018-05-06 07:42:53,22,r/worldnews,0,2018-05-06 13:57:04,3,1,1,0
2018-05-06 07:42:53,22,r/worldnews,0,2018-05-06 13:25:33,2,4,4,0
2018-05-06 07:42:53,22,r/worldnews,0,2018-05-06 13:40:26,3,2,1,0
2018-05-06 07:42:53,22,r/worldnews,0,2018-05-06 13:45:31,4,1,1,0
2018-05-06 07:42:53,22,r/worldnews,0,2018-05-06 13:29:18,3,2,5,0
2018-05-06 07:42:53,22,r/worldnews,0,2018-05-06 13:52:37,4,1,1,0
2018-05-06 07:42:53,22,r/worldnews,0,2018-05-06 14:03:59,5,0,1,0
2018-05-06 07:42:53,22,r/worldnews,0,2018-05-06 13:39:20,3,0,2,0
2018-05-06 07:42:53,22,r/worldnews,0,2018-05-06 12:54:41,1,3,39,0
2018-05-06 07:42:53,22,r/worldnews,0,2018-05-06 13:06:23,2,1,15,0
2018-05-06 07:42:53,22,r/worldnews,0,2018-05-06 13:43:06,2,1,1,0
2018-05-06 07:42:53,22,r/worldnews,0,2018-05-06 12:38:15,1,1,7,0
2018-05-06 07:42:53,22,r/worldnews,0,2018-05-06 12:49:53,2,1,2,0
2018-05-06 07:42:53,22,r/worldnews,0,2018-05-06 12:55:09,3,0,12,0
2018-05-06 07:42:53,22,r/worldnews,0,2018-05-06 13:25:30,1,0,2,0
2018-05-06 07:42:53,22,r/worldnews,0,2018-05-06 13:34:53,1,0,3,0
2018-05-06 07:42:53,22,r/worldnews,0,2018-05-06 14:04:52,1,0,1,0
2018-05-06 07:42:53,22,r/worldnews,1,2018-05-06 08:24:03,0,11,4303,0
2018-05-06 07:42:53,22,r/worldnews,1,2018-05-06 09:06:04,1,4,825,0
2018-05-06 07:42:53,22,r/worldnews,1,2018-05-06 11:01:40,2,5,725,0
2018-05-06 07:42:53,22,r/worldnews,1,2018-05-06 11:12:39,3,4,418,0
2018-05-06 07:42:53,22,r/worldnews,1,2018-05-06 11:48:25,4,3,184,0
2018-05-06 07:42:53,22,r/worldnews,1,2018-05-06 12:12:24,5,4,82,0
2018-05-06 07:42:53,22,r/worldnews,1,2018-05-06 12:26:09,6,3,127,0
2018-05-06 07:42:53,22,r/worldnews,1,2018-05-06 12:40:38,7,2,55,0
2018-05-06 07:42:53,22,r/worldnews,1,2018-05-06 13:09:26,8,2,27,0
2018-05-06 07:42:53,22,r/worldnews,1,2018-05-06 13:15:15,9,1,9,0
2018-05-06 07:42:53,22,r/worldnews,1,2018-05-06 13:33:24,7,0,2,0
2018-05-06 07:42:53,22,r/worldnews,1,2018-05-06 13:21:27,6,0,9,0
2018-05-06 07:42:53,22,r/worldnews,1,2018-05-06 12:17:31,6,1,2,0
2018-05-06 07:42:53,22,r/worldnews,1,2018-05-06 12:22:21,7,1,1,0
2018-05-06 07:42:53,22,r/worldnews,1,2018-05-06 13:11:39,5,4,3,0
2018-05-06 07:42:53,22,r/worldnews,1,2018-05-06 14:13:28,6,0,1,0
2018-05-06 07:42:53,22,r/worldnews,1,2018-05-06 14:29:11,6,0,1,0
2018-05-06 07:42:53,22,r/worldnews,1,2018-05-06 14:10:03,6,0,1,0
2018-05-06 07:42:53,22,r/worldnews,1,2018-05-06 13:48:14,6,2,1,0
2018-05-06 07:42:53,22,r/worldnews,1,2018-05-06 14:37:42,7,0,1,0
2018-05-06 07:42:53,22,r/worldnews,1,2018-05-06 13:25:59,4,0,5,0
2018-05-06 07:42:53,22,r/worldnews,1,2018-05-06 12:26:18,4,3,22,0
2018-05-06 07:42:53,22,r/worldnews,1,2018-05-06 14:23:19,5,1,1,0
2018-05-06 07:42:53,22,r/worldnews,1,2018-05-06 13:27:24,5,0,3,0
2018-05-06 07:42:53,22,r/worldnews,1,2018-05-06 12:02:04,3,3,38,0
2018-05-06 07:42:53,22,r/worldnews,1,2018-05-06 12:26:35,4,2,11,0
2018-05-06 07:42:53,22,r/worldnews,1,2018-05-06 12:37:31,5,3,22,0
2018-05-06 07:42:53,22,r/worldnews,1,2018-05-06 12:38:54,6,1,5,0
2018-05-06 07:42:53,22,r/worldnews,1,2018-05-06 13:38:32,7,0,2,0
2018-05-06 07:42:53,22,r/worldnews,1,2018-05-06 13:01:26,6,3,2,0
2018-05-06 07:42:53,22,r/worldnews,1,2018-05-06 13:16:33,7,1,9,0
2018-05-06 07:42:53,22,r/worldnews,1,2018-05-06 13:56:19,8,1,1,0
2018-05-06 07:42:53,22,r/worldnews,1,2018-05-06 14:10:55,7,1,1,0
2018-05-06 07:42:53,22,r/worldnews,1,2018-05-06 12:40:40,5,0,9,0
2018-05-06 07:42:53,22,r/worldnews,1,2018-05-06 12:40:17,4,5,6,0
2018-05-06 07:42:53,22,r/worldnews,1,2018-05-06 13:56:31,5,1,1,0
2018-05-06 07:42:53,22,r/worldnews,1,2018-05-06 13:00:23,5,1,20,0
2018-05-06 07:42:53,22,r/worldnews,1,2018-05-06 14:34:34,6,0,1,0
2018-05-06 07:42:53,22,r/worldnews,1,2018-05-06 13:21:33,5,1,11,0
2018-05-06 07:42:53,22,r/worldnews,1,2018-05-06 13:22:33,5,0,1,0
2018-05-06 07:42:53,22,r/worldnews,1,2018-05-06 12:16:41,3,2,13,0
2018-05-06 07:42:53,22,r/worldnews,1,2018-05-06 12:59:11,4,0,4,0
2018-05-06 07:42:53,22,r/worldnews,1,2018-05-06 11:18:10,3,1,1,0
2018-05-06 07:42:53,22,r/worldnews,1,2018-05-06 11:35:00,4,2,46,0
2018-05-06 07:42:53,22,r/worldnews,1,2018-05-06 12:56:26,5,1,2,0
2018-05-06 07:42:53,22,r/worldnews,1,2018-05-06 12:18:16,2,2,74,0
2018-05-06 07:42:53,22,r/worldnews,1,2018-05-06 12:30:21,3,1,30,0
2018-05-06 07:42:53,22,r/worldnews,1,2018-05-06 12:34:38,4,1,20,0
2018-05-06 07:42:53,22,r/worldnews,1,2018-05-06 13:05:08,5,3,12,0
2018-05-06 07:42:53,22,r/worldnews,1,2018-05-06 14:17:18,6,0,1,0
2018-05-06 07:42:53,22,r/worldnews,1,2018-05-06 13:27:28,6,1,7,0
2018-05-06 07:42:53,22,r/worldnews,1,2018-05-06 13:55:39,7,0,1,0
2018-05-06 07:42:53,22,r/worldnews,1,2018-05-06 12:26:55,2,0,8,0
2018-05-06 07:42:53,22,r/worldnews,1,2018-05-06 12:11:24,1,3,87,0
2018-05-06 07:42:53,22,r/worldnews,1,2018-05-06 12:51:33,2,2,19,0
2018-05-06 07:42:53,22,r/worldnews,1,2018-05-06 13:31:06,3,2,4,0
2018-05-06 07:42:53,22,r/worldnews,1,2018-05-06 13:42:09,4,1,1,0
2018-05-06 07:42:53,22,r/worldnews,1,2018-05-06 14:07:40,5,1,1,0
2018-05-06 07:42:53,22,r/worldnews,1,2018-05-06 12:56:38,2,0,3,0
2018-05-06 07:42:53,22,r/worldnews,1,2018-05-06 12:12:08,1,0,41,0
2018-05-06 07:42:53,22,r/worldnews,1,2018-05-06 12:16:39,1,5,24,0
2018-05-06 07:42:53,22,r/worldnews,1,2018-05-06 12:55:37,2,3,111,0
2018-05-06 07:42:53,22,r/worldnews,1,2018-05-06 13:09:58,3,2,-10,0
2018-05-06 07:42:53,22,r/worldnews,1,2018-05-06 13:17:01,4,2,17,0
2018-05-06 07:42:53,22,r/worldnews,1,2018-05-06 13:36:16,5,1,1,0
2018-05-06 07:42:53,22,r/worldnews,1,2018-05-06 13:45:44,6,0,1,0
2018-05-06 07:42:53,22,r/worldnews,1,2018-05-06 13:29:48,3,0,2,0
2018-05-06 07:42:53,22,r/worldnews,1,2018-05-06 12:54:01,2,2,25,0
2018-05-06 07:42:53,22,r/worldnews,1,2018-05-06 14:11:33,3,0,1,0
2018-05-06 07:42:53,22,r/worldnews,1,2018-05-06 13:01:28,2,0,3,0
2018-05-06 07:42:53,22,r/worldnews,1,2018-05-06 13:03:27,2,0,2,0
2018-05-06 07:42:53,22,r/worldnews,1,2018-05-06 12:42:00,1,1,14,0
2018-05-06 07:42:53,22,r/worldnews,1,2018-05-06 12:27:57,1,1,5,0
2018-05-06 07:42:53,22,r/worldnews,1,2018-05-06 11:52:05,1,1,7,0
2018-05-06 07:42:53,22,r/worldnews,1,2018-05-06 12:42:24,1,0,2,0
2018-05-06 07:42:53,22,r/worldnews,1,2018-05-06 12:13:54,1,0,2,0
2018-05-06 07:42:53,22,r/worldnews,1,2018-05-06 08:32:44,1,5,-35,0
2018-05-06 07:42:53,22,r/worldnews,1,2018-05-06 10:41:46,2,7,12,0
2018-05-06 07:42:53,22,r/worldnews,1,2018-05-06 10:56:27,3,1,47,0
2018-05-06 07:42:53,22,r/worldnews,1,2018-05-06 11:14:26,3,2,28,0
2018-05-06 07:42:53,22,r/worldnews,1,2018-05-06 11:24:06,4,2,1,0
2018-05-06 07:42:53,22,r/worldnews,1,2018-05-06 11:46:46,5,0,3,0
2018-05-06 07:42:53,22,r/worldnews,1,2018-05-06 12:13:41,5,0,5,0
2018-05-06 07:42:53,22,r/worldnews,1,2018-05-06 12:45:19,3,0,3,0
2018-05-06 07:42:53,22,r/worldnews,1,2018-05-06 12:39:16,3,0,5,0
2018-05-06 07:42:53,22,r/worldnews,1,2018-05-06 11:05:45,3,2,20,0
2018-05-06 07:42:53,22,r/worldnews,1,2018-05-06 11:24:55,4,1,-6,0
2018-05-06 07:42:53,22,r/worldnews,1,2018-05-06 11:32:51,5,2,10,0
2018-05-06 07:42:53,22,r/worldnews,1,2018-05-06 12:56:28,6,1,3,0
2018-05-06 07:42:53,22,r/worldnews,1,2018-05-06 12:20:11,3,0,4,0
2018-05-06 07:42:53,22,r/worldnews,1,2018-05-06 12:34:21,2,0,2,0
2018-05-06 07:42:53,22,r/worldnews,1,2018-05-06 12:47:41,2,0,2,0
2018-05-06 07:42:53,22,r/worldnews,1,2018-05-06 09:06:56,2,1,-1,0
2018-05-06 07:42:53,22,r/worldnews,1,2018-05-06 10:58:22,3,0,2,0
2018-05-06 07:42:53,22,r/worldnews,2,2018-05-06 08:18:05,0,3,252,0
2018-05-06 07:42:53,22,r/worldnews,2,2018-05-06 08:40:34,1,2,75,0
2018-05-06 07:42:53,22,r/worldnews,2,2018-05-06 12:49:36,2,2,4,0
2018-05-06 07:42:53,22,r/worldnews,2,2018-05-06 13:02:25,3,1,13,0
2018-05-06 07:42:53,22,r/worldnews,2,2018-05-06 13:22:53,4,2,3,0
2018-05-06 07:42:53,22,r/worldnews,2,2018-05-06 13:36:27,5,0,4,0
2018-05-06 07:42:53,22,r/worldnews,2,2018-05-06 08:25:12,1,1,22,0
2018-05-06 07:42:53,22,r/worldnews,2,2018-05-06 10:51:00,2,0,7,0
2018-05-06 07:42:53,22,r/worldnews,3,2018-05-06 08:00:57,0,2,294,0
2018-05-06 07:42:53,22,r/worldnews,3,2018-05-06 10:27:26,1,3,222,0
2018-05-06 07:42:53,22,r/worldnews,3,2018-05-06 10:54:25,2,5,36,0
2018-05-06 07:42:53,22,r/worldnews,3,2018-05-06 11:25:49,3,1,193,0
2018-05-06 07:42:53,22,r/worldnews,3,2018-05-06 11:08:11,3,1,99,0
2018-05-06 07:42:53,22,r/worldnews,3,2018-05-06 12:46:56,3,1,30,0
2018-05-06 07:42:53,22,r/worldnews,3,2018-05-06 11:08:03,3,0,8,0
2018-05-06 07:42:53,22,r/worldnews,3,2018-05-06 10:53:37,2,0,3,0
2018-05-06 07:42:53,22,r/worldnews,4,2018-05-06 08:08:52,0,16,2806,0
2018-05-06 07:42:53,22,r/worldnews,4,2018-05-06 08:51:49,1,2,287,0
2018-05-06 07:42:53,22,r/worldnews,4,2018-05-06 09:42:20,2,2,176,0
2018-05-06 07:42:53,22,r/worldnews,4,2018-05-06 10:40:41,3,2,92,0
2018-05-06 07:42:53,22,r/worldnews,4,2018-05-06 10:56:55,4,1,95,0
2018-05-06 07:42:53,22,r/worldnews,4,2018-05-06 11:00:51,5,2,14,0
2018-05-06 07:42:53,22,r/worldnews,4,2018-05-06 11:12:24,6,1,7,0
2018-05-06 07:42:53,22,r/worldnews,4,2018-05-06 11:18:30,7,0,14,0
2018-05-06 07:42:53,22,r/worldnews,4,2018-05-06 11:09:18,2,0,31,0
2018-05-06 07:42:53,22,r/worldnews,4,2018-05-06 12:44:20,1,0,13,0
2018-05-06 07:42:53,22,r/worldnews,4,2018-05-06 11:39:32,1,1,178,0
2018-05-06 07:42:53,22,r/worldnews,4,2018-05-06 12:08:05,2,6,108,0
2018-05-06 07:42:53,22,r/worldnews,4,2018-05-06 12:21:49,3,5,70,0
2018-05-06 07:42:53,22,r/worldnews,4,2018-05-06 12:54:03,4,2,20,0
2018-05-06 07:42:53,22,r/worldnews,4,2018-05-06 14:15:52,5,1,1,0
2018-05-06 07:42:53,22,r/worldnews,4,2018-05-06 14:38:54,4,1,1,0
2018-05-06 07:42:53,22,r/worldnews,4,2018-05-06 14:51:24,4,1,1,0
2018-05-06 07:42:53,22,r/worldnews,4,2018-05-06 14:34:07,4,0,1,0
2018-05-06 07:42:53,22,r/worldnews,4,2018-05-06 12:45:16,3,0,15,0
2018-05-06 07:42:53,22,r/worldnews,4,2018-05-06 12:21:25,3,3,34,0
2018-05-06 07:42:53,22,r/worldnews,4,2018-05-06 12:25:06,4,3,45,0
2018-05-06 07:42:53,22,r/worldnews,4,2018-05-06 12:37:34,5,1,17,0
2018-05-06 07:42:53,22,r/worldnews,4,2018-05-06 14:37:33,5,0,1,0
2018-05-06 07:42:53,22,r/worldnews,4,2018-05-06 12:28:45,4,1,9,0
2018-05-06 07:42:53,22,r/worldnews,4,2018-05-06 12:27:13,3,1,5,0
2018-05-06 07:42:53,22,r/worldnews,4,2018-05-06 12:28:57,4,1,1,0
2018-05-06 07:42:53,22,r/worldnews,4,2018-05-06 12:59:36,5,3,5,0
2018-05-06 07:42:53,22,r/worldnews,4,2018-05-06 14:00:17,6,1,1,0
2018-05-06 07:42:53,22,r/worldnews,4,2018-05-06 13:18:51,6,1,2,0
2018-05-06 07:42:53,22,r/worldnews,4,2018-05-06 12:30:40,3,2,5,0
2018-05-06 07:42:53,22,r/worldnews,4,2018-05-06 12:31:31,4,1,7,0
2018-05-06 07:42:53,22,r/worldnews,4,2018-05-06 13:04:43,4,0,2,0
2018-05-06 07:42:53,22,r/worldnews,4,2018-05-06 10:37:49,1,2,56,0
2018-05-06 07:42:53,22,r/worldnews,4,2018-05-06 11:00:14,2,1,45,0
2018-05-06 07:42:53,22,r/worldnews,4,2018-05-06 11:53:47,3,1,24,0
2018-05-06 07:42:53,22,r/worldnews,4,2018-05-06 12:15:47,2,1,1,0
2018-05-06 07:42:53,22,r/worldnews,4,2018-05-06 12:27:05,3,0,2,0
2018-05-06 07:42:53,22,r/worldnews,4,2018-05-06 11:49:01,1,1,15,0
2018-05-06 07:42:53,22,r/worldnews,4,2018-05-06 10:51:49,1,9,142,0
2018-05-06 07:42:53,22,r/worldnews,4,2018-05-06 11:17:45,2,3,73,0
2018-05-06 07:42:53,22,r/worldnews,4,2018-05-06 11:45:57,3,1,36,0
2018-05-06 07:42:53,22,r/worldnews,4,2018-05-06 11:57:55,4,0,10,0
2018-05-06 07:42:53,22,r/worldnews,4,2018-05-06 12:33:52,3,0,4,0
2018-05-06 07:42:53,22,r/worldnews,4,2018-05-06 11:58:53,2,0,16,0
2018-05-06 07:42:53,22,r/worldnews,4,2018-05-06 12:09:23,2,1,9,0
2018-05-06 07:42:53,22,r/worldnews,4,2018-05-06 12:27:27,3,0,3,0
2018-05-06 07:42:53,22,r/worldnews,4,2018-05-06 12:13:01,2,0,9,0
2018-05-06 07:42:53,22,r/worldnews,4,2018-05-06 12:52:33,2,0,4,0
2018-05-06 07:42:53,22,r/worldnews,4,2018-05-06 12:18:35,2,1,4,0
2018-05-06 07:42:53,22,r/worldnews,4,2018-05-06 12:46:30,3,0,2,0
2018-05-06 07:42:53,22,r/worldnews,4,2018-05-06 12:06:34,2,1,0,0
2018-05-06 07:42:53,22,r/worldnews,4,2018-05-06 12:34:07,3,2,3,0
2018-05-06 07:42:53,22,r/worldnews,4,2018-05-06 12:46:01,4,0,5,0
2018-05-06 07:42:53,22,r/worldnews,4,2018-05-06 12:04:15,2,2,-2,0
2018-05-06 07:42:53,22,r/worldnews,4,2018-05-06 12:11:46,3,2,21,0
2018-05-06 07:42:53,22,r/worldnews,4,2018-05-06 12:18:04,4,1,1,0
2018-05-06 07:42:53,22,r/worldnews,4,2018-05-06 11:37:17,1,1,7,0
2018-05-06 07:42:53,22,r/worldnews,4,2018-05-06 11:44:08,2,1,6,0
2018-05-06 07:42:53,22,r/worldnews,4,2018-05-06 11:11:23,1,5,26,0
2018-05-06 07:42:53,22,r/worldnews,4,2018-05-06 12:14:21,2,1,7,0
2018-05-06 07:42:53,22,r/worldnews,4,2018-05-06 13:12:46,2,0,2,0
2018-05-06 07:42:53,22,r/worldnews,4,2018-05-06 13:38:57,2,0,2,0
2018-05-06 07:42:53,22,r/worldnews,4,2018-05-06 11:55:48,2,0,4,0
2018-05-06 07:42:53,22,r/worldnews,4,2018-05-06 10:59:41,1,1,14,0
2018-05-06 07:42:53,22,r/worldnews,4,2018-05-06 12:02:48,1,1,5,0
2018-05-06 07:42:53,22,r/worldnews,4,2018-05-06 12:52:47,1,0,2,0
2018-05-06 07:42:53,22,r/worldnews,4,2018-05-06 13:02:38,1,1,2,0
2018-05-06 07:42:53,22,r/worldnews,4,2018-05-06 12:07:30,1,0,3,0
2018-05-06 07:42:53,22,r/worldnews,4,2018-05-06 08:26:43,1,2,6,0
2018-05-06 07:42:53,22,r/worldnews,4,2018-05-06 08:47:10,2,2,26,0
2018-05-06 07:42:53,22,r/worldnews,4,2018-05-06 11:05:06,3,2,20,0
2018-05-06 07:42:53,22,r/worldnews,4,2018-05-06 11:21:17,4,1,8,0
2018-05-06 07:42:53,22,r/worldnews,4,2018-05-06 11:48:50,5,4,6,0
2018-05-06 07:42:53,22,r/worldnews,4,2018-05-06 11:54:12,6,1,6,0
2018-05-06 07:42:53,22,r/worldnews,4,2018-05-06 12:01:08,7,1,2,0
2018-05-06 07:42:53,22,r/worldnews,4,2018-05-06 12:51:48,6,0,2,0
2018-05-06 07:42:53,22,r/worldnews,4,2018-05-06 11:57:20,6,0,1,0
2018-05-06 07:42:53,22,r/worldnews,4,2018-05-06 12:11:46,1,0,1,0
2018-05-06 07:42:53,22,r/worldnews,5,2018-05-06 11:41:50,0,2,153,0
2018-05-06 07:42:53,22,r/worldnews,5,2018-05-06 12:09:55,1,2,11,0
2018-05-06 07:42:53,22,r/worldnews,5,2018-05-06 12:11:06,2,1,11,0
2018-05-06 07:42:53,22,r/worldnews,6,2018-05-06 12:35:24,0,2,94,0
2018-05-06 07:42:53,22,r/worldnews,6,2018-05-06 14:40:59,1,2,1,0
2018-05-06 07:42:53,22,r/worldnews,6,2018-05-06 14:55:21,2,0,1,0
2018-05-06 07:42:53,22,r/worldnews,6,2018-05-06 14:36:47,1,0,1,0
2018-05-06 07:42:53,22,r/worldnews,7,2018-05-06 11:50:32,0,2,62,0
2018-05-06 07:42:53,22,r/worldnews,7,2018-05-06 14:10:26,1,1,1,0
2018-05-06 07:42:53,22,r/worldnews,8,2018-05-06 11:34:06,0,1,39,0
2018-05-06 07:42:53,22,r/worldnews,9,2018-05-06 13:28:52,0,0,23,0
2018-05-06 07:42:53,22,r/worldnews,10,2018-05-06 12:21:43,0,4,202,0
2018-05-06 07:42:53,22,r/worldnews,10,2018-05-06 12:44:02,1,3,76,0
2018-05-06 07:42:53,22,r/worldnews,10,2018-05-06 13:22:30,2,2,17,0
2018-05-06 07:42:53,22,r/worldnews,10,2018-05-06 13:37:27,3,2,5,0
2018-05-06 07:42:53,22,r/worldnews,10,2018-05-06 14:08:31,4,1,1,0
2018-05-06 07:42:53,22,r/worldnews,10,2018-05-06 14:00:40,3,1,1,0
2018-05-06 07:42:53,22,r/worldnews,10,2018-05-06 13:19:57,2,1,2,0
2018-05-06 07:42:53,22,r/worldnews,10,2018-05-06 13:32:03,1,1,7,0
2018-05-06 07:42:53,22,r/worldnews,10,2018-05-06 14:45:52,1,0,1,0
2018-05-06 07:42:53,22,r/worldnews,11,2018-05-06 09:34:00,0,7,510,0
2018-05-06 07:42:53,22,r/worldnews,11,2018-05-06 10:30:50,1,2,182,0
2018-05-06 07:42:53,22,r/worldnews,11,2018-05-06 10:52:17,2,5,-1,0
2018-05-06 07:42:53,22,r/worldnews,11,2018-05-06 12:53:07,3,0,6,0
2018-05-06 07:42:53,22,r/worldnews,11,2018-05-06 11:26:02,3,1,32,0
2018-05-06 07:42:53,22,r/worldnews,11,2018-05-06 11:33:42,4,1,38,0
2018-05-06 07:42:53,22,r/worldnews,11,2018-05-06 11:44:45,5,1,12,0
2018-05-06 07:42:53,22,r/worldnews,11,2018-05-06 12:53:24,3,1,5,0
2018-05-06 07:42:53,22,r/worldnews,11,2018-05-06 13:41:45,4,0,1,0
2018-05-06 07:42:53,22,r/worldnews,11,2018-05-06 14:54:08,3,0,1,0
2018-05-06 07:42:53,22,r/worldnews,11,2018-05-06 13:41:39,1,1,1,0
2018-05-06 07:42:53,22,r/worldnews,11,2018-05-06 14:10:43,2,0,1,0
2018-05-06 07:42:53,22,r/worldnews,11,2018-05-06 10:52:25,1,2,55,0
2018-05-06 07:42:53,22,r/worldnews,11,2018-05-06 11:58:38,2,4,22,0
2018-05-06 07:42:53,22,r/worldnews,11,2018-05-06 12:24:53,3,3,86,0
2018-05-06 07:42:53,22,r/worldnews,11,2018-05-06 13:32:29,4,1,39,0
2018-05-06 07:42:53,22,r/worldnews,11,2018-05-06 12:52:50,4,3,1,0
2018-05-06 07:42:53,22,r/worldnews,11,2018-05-06 13:12:52,5,2,19,0
2018-05-06 07:42:53,22,r/worldnews,11,2018-05-06 13:26:47,6,2,9,0
2018-05-06 07:42:53,22,r/worldnews,11,2018-05-06 14:28:38,7,0,1,0
2018-05-06 07:42:53,22,r/worldnews,11,2018-05-06 13:48:24,5,1,1,0
2018-05-06 07:42:53,22,r/worldnews,11,2018-05-06 12:44:25,3,3,37,0
2018-05-06 07:42:53,22,r/worldnews,11,2018-05-06 12:46:33,4,3,35,0
2018-05-06 07:42:53,22,r/worldnews,11,2018-05-06 13:08:33,5,1,7,0
2018-05-06 07:42:53,22,r/worldnews,11,2018-05-06 12:56:34,5,1,6,0
2018-05-06 07:42:53,22,r/worldnews,11,2018-05-06 13:12:30,4,1,2,0
2018-05-06 07:42:53,22,r/worldnews,11,2018-05-06 12:49:32,3,1,8,0
2018-05-06 07:42:53,22,r/worldnews,11,2018-05-06 12:09:58,3,1,1,0
2018-05-06 07:42:53,22,r/worldnews,11,2018-05-06 12:33:04,4,1,13,0
2018-05-06 07:42:53,22,r/worldnews,11,2018-05-06 11:29:24,2,2,3,0
2018-05-06 07:42:53,22,r/worldnews,11,2018-05-06 11:53:48,3,2,11,0
2018-05-06 07:42:53,22,r/worldnews,11,2018-05-06 13:27:36,4,0,4,0
2018-05-06 07:42:53,22,r/worldnews,11,2018-05-06 13:42:21,4,0,1,0
2018-05-06 07:42:53,22,r/worldnews,11,2018-05-06 12:24:57,1,1,3,0
2018-05-06 07:42:53,22,r/worldnews,11,2018-05-06 12:27:32,2,0,3,0
2018-05-06 07:42:53,22,r/worldnews,11,2018-05-06 12:59:29,1,0,2,0
2018-05-06 07:42:53,22,r/worldnews,11,2018-05-06 10:51:34,1,10,-5,0
2018-05-06 07:42:53,22,r/worldnews,11,2018-05-06 12:14:02,2,0,3,0
2018-05-06 07:42:53,22,r/worldnews,11,2018-05-06 12:06:35,2,0,6,0
2018-05-06 07:42:53,22,r/worldnews,11,2018-05-06 11:13:13,2,1,13,0
2018-05-06 07:42:53,22,r/worldnews,11,2018-05-06 12:17:33,2,0,2,0
2018-05-06 07:42:53,22,r/worldnews,11,2018-05-06 12:17:59,2,0,2,0
2018-05-06 07:42:53,22,r/worldnews,11,2018-05-06 12:18:02,2,0,2,0
2018-05-06 07:42:53,22,r/worldnews,11,2018-05-06 11:15:11,2,2,5,0
2018-05-06 07:42:53,22,r/worldnews,11,2018-05-06 12:41:50,3,1,2,0
2018-05-06 07:42:53,22,r/worldnews,11,2018-05-06 12:44:08,4,1,2,0
2018-05-06 07:42:53,22,r/worldnews,11,2018-05-06 12:14:17,2,1,2,0
2018-05-06 07:42:53,22,r/worldnews,11,2018-05-06 12:16:39,2,0,1,0
2018-05-06 07:42:53,22,r/worldnews,12,2018-05-06 11:41:00,0,2,58,0
2018-05-06 07:42:53,22,r/worldnews,12,2018-05-06 12:37:10,1,2,0,0
2018-05-06 07:42:53,22,r/worldnews,12,2018-05-06 13:01:33,2,1,10,0
2018-05-06 07:42:53,22,r/worldnews,13,2018-05-06 13:11:44,0,0,6,0
2018-05-06 07:42:53,22,r/worldnews,14,2018-05-06 13:58:09,0,1,1,0
2018-05-06 07:42:53,22,r/worldnews,14,2018-05-06 14:02:29,1,1,1,0
2018-05-06 07:42:53,22,r/worldnews,15,2018-05-06 14:25:04,0,1,1,0
2018-05-06 07:42:53,22,r/worldnews,16,2018-05-06 11:51:39,0,2,61,0
2018-05-06 07:42:53,22,r/worldnews,16,2018-05-06 12:02:26,1,1,22,0
2018-05-06 07:42:53,22,r/worldnews,17,2018-05-06 12:53:16,0,2,30,0
2018-05-06 07:42:53,22,r/worldnews,17,2018-05-06 13:30:53,1,0,9,0
2018-05-06 07:42:53,22,r/worldnews,18,2018-05-06 12:25:13,0,3,48,0
2018-05-06 07:42:53,22,r/worldnews,18,2018-05-06 12:31:04,1,1,2,0
2018-05-06 07:42:53,22,r/worldnews,18,2018-05-06 13:23:08,1,1,2,0
2018-05-06 07:42:53,22,r/worldnews,19,2018-05-06 11:40:43,0,4,122,0
2018-05-06 07:42:53,22,r/worldnews,19,2018-05-06 11:51:22,1,1,43,0
2018-05-06 07:42:53,22,r/worldnews,19,2018-05-06 11:54:01,1,3,21,0
2018-05-06 07:42:53,22,r/worldnews,19,2018-05-06 12:03:30,2,1,5,0
2018-05-06 07:42:53,22,r/worldnews,19,2018-05-06 12:03:08,2,2,1,0
2018-05-06 07:42:53,22,r/worldnews,19,2018-05-06 12:07:14,3,1,-3,0
2018-05-06 07:42:53,22,r/worldnews,19,2018-05-06 11:52:19,1,1,1,0
2018-05-06 07:42:53,22,r/worldnews,19,2018-05-06 12:06:57,2,0,13,0
2018-05-06 07:42:53,22,r/worldnews,20,2018-05-06 13:59:45,0,0,1,0
2018-05-06 07:42:53,22,r/worldnews,21,2018-05-06 14:02:34,0,0,1,0
2018-05-06 07:42:53,22,r/worldnews,22,2018-05-06 13:41:01,0,1,1,0
2018-05-06 07:42:53,22,r/worldnews,23,2018-05-06 12:48:05,0,1,9,0
2018-05-06 07:42:53,22,r/worldnews,24,2018-05-06 12:43:09,0,0,6,0
2018-05-06 07:42:53,22,r/worldnews,25,2018-05-06 13:32:42,0,0,9,0
2018-05-06 07:42:53,22,r/worldnews,26,2018-05-06 11:55:06,0,5,15,0
2018-05-06 07:42:53,22,r/worldnews,26,2018-05-06 12:33:35,1,0,16,0
2018-05-06 07:42:53,22,r/worldnews,26,2018-05-06 12:20:48,1,0,8,0
2018-05-06 07:42:53,22,r/worldnews,26,2018-05-06 13:20:27,1,0,2,0
2018-05-06 07:42:53,22,r/worldnews,26,2018-05-06 13:28:34,1,0,2,0
2018-05-06 07:42:53,22,r/worldnews,27,2018-05-06 13:47:49,0,0,1,0
2018-05-06 07:42:53,22,r/worldnews,28,2018-05-06 14:54:43,0,0,1,0
2018-05-06 07:42:53,22,r/worldnews,29,2018-05-06 12:50:26,0,0,5,0
2018-05-06 07:42:53,22,r/worldnews,30,2018-05-06 11:59:27,0,1,9,0
2018-05-06 07:42:53,22,r/worldnews,31,2018-05-06 12:14:59,0,3,29,0
2018-05-06 07:42:53,22,r/worldnews,31,2018-05-06 14:31:07,1,0,1,0
2018-05-06 07:42:53,22,r/worldnews,31,2018-05-06 12:36:45,1,1,4,0
2018-05-06 07:42:53,22,r/worldnews,31,2018-05-06 12:40:26,2,3,6,0
2018-05-06 07:42:53,22,r/worldnews,31,2018-05-06 13:52:35,3,0,1,0
2018-05-06 07:42:53,22,r/worldnews,31,2018-05-06 14:31:50,3,0,1,0
2018-05-06 07:42:53,22,r/worldnews,31,2018-05-06 13:19:39,3,0,4,0
2018-05-06 07:42:53,22,r/worldnews,32,2018-05-06 11:58:27,0,0,5,0
2018-05-06 07:42:53,22,r/worldnews,33,2018-05-06 12:18:36,0,1,4,0
2018-05-06 07:42:53,22,r/worldnews,34,2018-05-06 13:50:16,0,1,1,0
2018-05-06 07:42:53,22,r/worldnews,34,2018-05-06 14:13:02,1,0,1,0
2018-05-06 07:42:53,22,r/worldnews,35,2018-05-06 11:55:52,0,0,2,0
2018-05-06 07:42:53,22,r/worldnews,36,2018-05-06 13:07:35,0,0,2,0
2018-05-06 07:42:53,22,r/worldnews,37,2018-05-06 13:50:47,0,0,1,0
2018-05-06 07:42:53,22,r/worldnews,38,2018-05-06 14:27:00,0,0,1,0
2018-05-06 07:42:53,22,r/worldnews,39,2018-05-06 14:40:47,0,0,1,0
2018-05-06 07:42:53,22,r/worldnews,40,2018-05-06 14:42:08,0,0,1,0
2018-05-06 07:42:53,22,r/worldnews,41,2018-05-06 14:50:02,0,0,1,0
2018-05-06 07:42:53,22,r/worldnews,42,2018-05-06 14:53:36,0,0,1,0
2018-05-06 07:42:53,22,r/worldnews,43,2018-05-06 14:56:04,0,0,1,0
2018-05-06 07:42:53,22,r/worldnews,44,2018-05-06 13:45:37,0,1,1,0
2018-05-06 07:42:53,22,r/worldnews,45,2018-05-06 13:58:15,0,0,1,0
2018-05-06 07:42:53,22,r/worldnews,46,2018-05-06 12:34:42,0,3,13,0
2018-05-06 07:42:53,22,r/worldnews,46,2018-05-06 12:42:26,1,1,14,0
2018-05-06 07:42:53,22,r/worldnews,46,2018-05-06 13:57:47,1,1,1,0
2018-05-06 07:42:53,22,r/worldnews,47,2018-05-06 12:35:01,0,2,12,0
2018-05-06 07:42:53,22,r/worldnews,47,2018-05-06 12:44:37,1,1,8,0
2018-05-06 07:42:53,22,r/worldnews,47,2018-05-06 13:27:57,2,1,1,0
2018-05-06 07:42:53,22,r/worldnews,47,2018-05-06 13:31:27,3,1,3,0
2018-05-06 07:42:53,22,r/worldnews,47,2018-05-06 12:46:05,1,2,5,0
2018-05-06 07:42:53,22,r/worldnews,47,2018-05-06 13:27:46,2,0,5,0
2018-05-06 07:42:53,22,r/worldnews,47,2018-05-06 13:10:24,2,0,3,0
2018-05-06 07:42:53,22,r/worldnews,48,2018-05-06 14:20:23,0,0,1,0
2018-05-06 07:42:53,22,r/worldnews,49,2018-05-06 13:45:21,0,1,1,0
2018-05-06 07:42:53,22,r/worldnews,50,2018-05-06 12:28:04,0,1,10,0
2018-05-06 07:42:53,22,r/worldnews,51,2018-05-06 13:07:24,0,0,5,0
2018-05-06 07:42:53,22,r/worldnews,52,2018-05-06 13:23:20,0,0,4,0
2018-05-06 07:42:53,22,r/worldnews,53,2018-05-06 12:55:39,0,0,3,0
2018-05-06 07:42:53,22,r/worldnews,54,2018-05-06 13:45:30,0,0,1,0
2018-05-06 07:42:53,22,r/worldnews,55,2018-05-06 13:51:42,0,0,1,0
2018-05-06 07:42:53,22,r/worldnews,56,2018-05-06 14:01:09,0,0,1,0
2018-05-06 07:42:53,22,r/worldnews,57,2018-05-06 14:32:22,0,0,1,0
2018-05-06 07:42:53,22,r/worldnews,58,2018-05-06 14:50:11,0,0,1,0
2018-05-06 07:42:53,22,r/worldnews,59,2018-05-06 11:13:08,0,3,4,0
2018-05-06 07:42:53,22,r/worldnews,59,2018-05-06 12:01:28,1,2,12,0
2018-05-06 07:42:53,22,r/worldnews,59,2018-05-06 12:17:05,2,0,8,0
2018-05-06 07:42:53,22,r/worldnews,59,2018-05-06 12:16:27,2,0,5,0
2018-05-06 07:42:53,22,r/worldnews,59,2018-05-06 12:07:09,1,0,6,0
2018-05-06 07:42:53,22,r/worldnews,60,2018-05-06 12:17:39,0,1,9,0
2018-05-06 07:42:53,22,r/worldnews,61,2018-05-06 12:23:39,0,3,10,0
2018-05-06 07:42:53,22,r/worldnews,61,2018-05-06 13:28:29,1,0,6,0
2018-05-06 07:42:53,22,r/worldnews,61,2018-05-06 13:35:20,1,1,1,0
2018-05-06 07:42:53,22,r/worldnews,61,2018-05-06 14:36:22,2,0,1,0
2018-05-06 07:42:53,22,r/worldnews,62,2018-05-06 12:37:39,0,1,2,0
2018-05-06 07:42:53,22,r/worldnews,63,2018-05-06 13:19:27,0,1,3,0
2018-05-06 07:42:53,22,r/worldnews,64,2018-05-06 13:58:36,0,1,1,0
2018-05-06 07:42:53,22,r/worldnews,65,2018-05-06 14:00:19,0,1,1,0
2018-05-06 07:42:53,22,r/worldnews,66,2018-05-06 12:46:31,0,1,4,0
2018-05-06 07:42:53,22,r/worldnews,67,2018-05-06 14:29:34,0,2,1,0
2018-05-06 07:42:53,22,r/worldnews,67,2018-05-06 14:50:01,1,0,1,0
2018-05-06 07:42:53,22,r/worldnews,67,2018-05-06 14:36:58,1,0,1,0
2018-05-06 07:42:53,22,r/worldnews,68,2018-05-06 13:08:10,0,1,4,0
2018-05-06 07:42:53,22,r/worldnews,68,2018-05-06 13:27:21,1,1,1,0
2018-05-06 07:42:53,22,r/worldnews,68,2018-05-06 14:55:22,2,0,1,0
2018-05-06 07:42:53,22,r/worldnews,69,2018-05-06 12:56:23,0,0,5,0
2018-05-06 07:42:53,22,r/worldnews,70,2018-05-06 13:22:04,0,3,4,0
2018-05-06 07:42:53,22,r/worldnews,70,2018-05-06 13:23:50,1,1,7,0
2018-05-06 07:42:53,22,r/worldnews,70,2018-05-06 13:49:47,1,1,1,0
2018-05-06 07:42:53,22,r/worldnews,71,2018-05-06 12:32:07,0,1,2,0
2018-05-06 07:42:53,22,r/worldnews,72,2018-05-06 12:53:10,0,0,2,0
2018-05-06 07:42:53,22,r/worldnews,73,2018-05-06 12:53:58,0,1,2,0
2018-05-06 07:42:53,22,r/worldnews,74,2018-05-06 12:54:35,0,0,2,0
2018-05-06 07:42:53,22,r/worldnews,75,2018-05-06 13:14:35,0,1,2,0
2018-05-06 07:42:53,22,r/worldnews,76,2018-05-06 13:43:19,0,0,1,0
2018-05-06 07:42:53,22,r/worldnews,77,2018-05-06 13:45:17,0,0,1,0
2018-05-06 07:42:53,22,r/worldnews,78,2018-05-06 14:32:47,0,0,1,0
2018-05-06 07:42:53,22,r/worldnews,79,2018-05-06 12:21:52,0,1,1,0
2018-05-06 07:42:53,22,r/worldnews,80,2018-05-06 13:09:39,0,0,1,0
2018-05-06 07:42:53,22,r/worldnews,81,2018-05-06 14:23:24,0,1,1,0
2018-05-06 07:42:53,22,r/worldnews,82,2018-05-06 10:55:48,0,1,3,0
2018-05-06 07:42:53,22,r/worldnews,82,2018-05-06 11:24:25,1,1,4,0
2018-05-06 07:42:53,22,r/worldnews,83,2018-05-06 12:51:34,0,0,3,0
2018-05-06 07:42:53,22,r/worldnews,84,2018-05-06 13:06:37,0,0,2,0
2018-05-06 07:42:53,22,r/worldnews,85,2018-05-06 13:32:55,0,1,3,0
2018-05-06 07:42:53,22,r/worldnews,86,2018-05-06 12:39:45,0,2,0,0
2018-05-06 07:42:53,22,r/worldnews,86,2018-05-06 13:04:24,1,0,2,0
2018-05-06 07:42:53,22,r/worldnews,87,2018-05-06 12:26:59,0,0,2,0
2018-05-06 07:42:53,22,r/worldnews,88,2018-05-06 12:39:34,0,0,2,0
2018-05-06 07:42:53,22,r/worldnews,89,2018-05-06 12:41:35,0,0,2,0
2018-05-06 07:42:53,22,r/worldnews,90,2018-05-06 11:11:05,0,3,-13,0
2018-05-06 07:42:53,22,r/worldnews,90,2018-05-06 11:35:40,1,2,26,0
2018-05-06 07:42:53,22,r/worldnews,90,2018-05-06 12:35:34,2,1,4,0
2018-05-06 07:42:53,22,r/worldnews,90,2018-05-06 11:35:37,1,1,6,0
2018-05-06 07:42:53,22,r/worldnews,91,2018-05-06 11:35:05,0,4,1,0
2018-05-06 07:42:53,22,r/worldnews,91,2018-05-06 12:19:56,1,0,3,0
2018-05-06 07:42:53,22,r/worldnews,91,2018-05-06 12:23:57,1,0,2,0
2018-05-06 07:42:53,22,r/worldnews,91,2018-05-06 12:14:53,1,0,2,0
2018-05-06 07:42:53,22,r/worldnews,92,2018-05-06 08:58:00,0,4,-56,0
2018-05-06 07:42:53,22,r/worldnews,92,2018-05-06 12:00:39,1,1,15,0
2018-05-06 07:42:53,22,r/worldnews,92,2018-05-06 09:23:51,1,3,59,0
2018-05-06 07:42:53,22,r/worldnews,92,2018-05-06 12:09:57,2,1,29,0
2018-05-06 07:42:53,22,r/worldnews,92,2018-05-06 12:13:05,2,0,5,0
2018-05-06 07:42:53,22,r/worldnews,92,2018-05-06 09:14:10,1,4,60,0
2018-05-06 07:42:53,22,r/worldnews,92,2018-05-06 09:21:54,2,1,45,0
2018-05-06 07:42:53,22,r/worldnews,92,2018-05-06 10:48:48,2,1,36,0
2018-05-06 07:42:53,22,r/worldnews,92,2018-05-06 11:22:30,2,1,3,0
2018-05-06 07:42:53,22,r/worldnews,92,2018-05-06 13:05:20,1,0,2,0
2018-05-06 07:42:53,22,r/worldnews,93,2018-05-06 11:52:24,0,4,-9,0
2018-05-06 07:42:53,22,r/worldnews,93,2018-05-06 13:20:01,1,0,4,0
2018-05-06 07:42:53,22,r/worldnews,93,2018-05-06 14:18:02,1,0,1,0
2018-05-06 07:42:53,22,r/worldnews,93,2018-05-06 12:05:31,1,1,8,0
2018-05-06 07:42:53,22,r/worldnews,94,2018-05-06 10:59:53,0,1,0,0
2018-05-06 07:42:53,22,r/worldnews,95,2018-05-06 12:12:16,0,0,1,0
2018-05-06 07:42:53,22,r/worldnews,96,2018-05-06 12:14:47,0,0,1,0
2018-05-06 07:42:53,22,r/worldnews,97,2018-05-06 12:18:43,0,0,1,0
2018-05-06 10:16:10,23,r/PoliticalHumor,0,2018-05-06 14:03:53,0,0,1,0
2018-05-06 10:16:10,23,r/PoliticalHumor,1,2018-05-06 10:22:03,0,6,436,0
2018-05-06 10:16:10,23,r/PoliticalHumor,1,2018-05-06 11:14:39,1,5,332,0
2018-05-06 10:16:10,23,r/PoliticalHumor,1,2018-05-06 14:42:52,2,0,6,0
2018-05-06 10:16:10,23,r/PoliticalHumor,1,2018-05-06 14:15:12,2,7,48,0
2018-05-06 10:16:10,23,r/PoliticalHumor,1,2018-05-06 14:20:37,3,1,78,0
2018-05-06 10:16:10,23,r/PoliticalHumor,1,2018-05-06 14:36:36,4,6,11,0
2018-05-06 10:16:10,23,r/PoliticalHumor,1,2018-05-06 14:44:52,5,3,33,0
2018-05-06 10:16:10,23,r/PoliticalHumor,1,2018-05-06 14:57:45,6,1,4,0
2018-05-06 10:16:10,23,r/PoliticalHumor,1,2018-05-06 15:03:22,7,0,1,0
2018-05-06 10:16:10,23,r/PoliticalHumor,1,2018-05-06 15:00:32,6,1,1,0
2018-05-06 10:16:10,23,r/PoliticalHumor,1,2018-05-06 15:10:00,7,0,1,0
2018-05-06 10:16:10,23,r/PoliticalHumor,1,2018-05-06 14:59:27,6,0,4,0
2018-05-06 10:16:10,23,r/PoliticalHumor,1,2018-05-06 14:53:22,5,2,10,0
2018-05-06 10:16:10,23,r/PoliticalHumor,1,2018-05-06 14:57:27,6,0,-3,0
2018-05-06 10:16:10,23,r/PoliticalHumor,1,2018-05-06 14:58:46,6,0,0,0
2018-05-06 10:16:10,23,r/PoliticalHumor,1,2018-05-06 14:58:03,5,0,2,0
2018-05-06 10:16:10,23,r/PoliticalHumor,1,2018-05-06 15:04:21,5,0,1,0
2018-05-06 10:16:10,23,r/PoliticalHumor,1,2018-05-06 15:05:16,5,0,1,0
2018-05-06 10:16:10,23,r/PoliticalHumor,1,2018-05-06 15:00:49,5,0,1,0
2018-05-06 10:16:10,23,r/PoliticalHumor,1,2018-05-06 14:20:50,3,1,4,0
2018-05-06 10:16:10,23,r/PoliticalHumor,1,2018-05-06 14:54:18,4,0,0,0
2018-05-06 10:16:10,23,r/PoliticalHumor,1,2018-05-06 14:51:13,3,1,2,0
2018-05-06 10:16:10,23,r/PoliticalHumor,1,2018-05-06 14:54:27,4,1,-1,0
2018-05-06 10:16:10,23,r/PoliticalHumor,1,2018-05-06 15:01:26,5,0,1,0
2018-05-06 10:16:10,23,r/PoliticalHumor,1,2018-05-06 14:23:27,3,0,4,0
2018-05-06 10:16:10,23,r/PoliticalHumor,1,2018-05-06 14:35:02,3,1,1,0
2018-05-06 10:16:10,23,r/PoliticalHumor,1,2018-05-06 14:47:52,4,0,2,0
2018-05-06 10:16:10,23,r/PoliticalHumor,1,2018-05-06 15:08:03,3,0,1,0
2018-05-06 10:16:10,23,r/PoliticalHumor,1,2018-05-06 14:37:02,3,0,-2,0
2018-05-06 10:16:10,23,r/PoliticalHumor,1,2018-05-06 15:04:22,2,0,1,0
2018-05-06 10:16:10,23,r/PoliticalHumor,1,2018-05-06 14:53:02,2,0,-1,0
2018-05-06 10:16:10,23,r/PoliticalHumor,1,2018-05-06 14:55:10,2,0,-4,0
2018-05-06 10:16:10,23,r/PoliticalHumor,1,2018-05-06 11:35:15,1,3,88,0
2018-05-06 10:16:10,23,r/PoliticalHumor,1,2018-05-06 13:53:22,2,4,49,0
2018-05-06 10:16:10,23,r/PoliticalHumor,1,2018-05-06 14:00:49,3,1,35,0
2018-05-06 10:16:10,23,r/PoliticalHumor,1,2018-05-06 14:13:20,4,2,-5,0
2018-05-06 10:16:10,23,r/PoliticalHumor,1,2018-05-06 14:17:38,5,4,39,0
2018-05-06 10:16:10,23,r/PoliticalHumor,1,2018-05-06 14:21:18,6,0,24,0
2018-05-06 10:16:10,23,r/PoliticalHumor,1,2018-05-06 14:28:39,6,0,11,0
2018-05-06 10:16:10,23,r/PoliticalHumor,1,2018-05-06 14:31:48,6,0,7,0
2018-05-06 10:16:10,23,r/PoliticalHumor,1,2018-05-06 14:42:45,6,0,1,0
2018-05-06 10:16:10,23,r/PoliticalHumor,1,2018-05-06 15:04:58,5,0,1,0
2018-05-06 10:16:10,23,r/PoliticalHumor,1,2018-05-06 13:57:29,3,0,5,0
2018-05-06 10:16:10,23,r/PoliticalHumor,1,2018-05-06 15:08:03,3,0,1,0
2018-05-06 10:16:10,23,r/PoliticalHumor,1,2018-05-06 14:01:09,3,1,-13,0
2018-05-06 10:16:10,23,r/PoliticalHumor,1,2018-05-06 14:05:26,4,2,17,0
2018-05-06 10:16:10,23,r/PoliticalHumor,1,2018-05-06 14:26:33,5,1,5,0
2018-05-06 10:16:10,23,r/PoliticalHumor,1,2018-05-06 14:45:24,6,2,2,0
2018-05-06 10:16:10,23,r/PoliticalHumor,1,2018-05-06 14:53:26,7,0,-2,0
2018-05-06 10:16:10,23,r/PoliticalHumor,1,2018-05-06 14:49:29,7,0,-3,0
2018-05-06 10:16:10,23,r/PoliticalHumor,1,2018-05-06 14:07:55,5,2,-18,0
2018-05-06 10:16:10,23,r/PoliticalHumor,1,2018-05-06 14:14:46,6,1,6,0
2018-05-06 10:16:10,23,r/PoliticalHumor,1,2018-05-06 14:19:34,7,0,-6,0
2018-05-06 10:16:10,23,r/PoliticalHumor,1,2018-05-06 14:13:17,6,0,8,0
2018-05-06 10:16:10,23,r/PoliticalHumor,1,2018-05-06 13:47:09,2,2,8,0
2018-05-06 10:16:10,23,r/PoliticalHumor,1,2018-05-06 13:54:14,3,2,-8,0
2018-05-06 10:16:10,23,r/PoliticalHumor,1,2018-05-06 14:05:47,4,1,10,0
2018-05-06 10:16:10,23,r/PoliticalHumor,1,2018-05-06 14:07:20,5,3,4,0
2018-05-06 10:16:10,23,r/PoliticalHumor,1,2018-05-06 14:12:33,6,1,4,0
2018-05-06 10:16:10,23,r/PoliticalHumor,1,2018-05-06 14:34:48,7,1,12,0
2018-05-06 10:16:10,23,r/PoliticalHumor,1,2018-05-06 14:53:06,8,0,1,0
2018-05-06 10:16:10,23,r/PoliticalHumor,1,2018-05-06 14:12:14,6,3,-13,0
2018-05-06 10:16:10,23,r/PoliticalHumor,1,2018-05-06 14:18:41,7,1,9,0
2018-05-06 10:16:10,23,r/PoliticalHumor,1,2018-05-06 14:22:31,8,1,-3,0
2018-05-06 10:16:10,23,r/PoliticalHumor,1,2018-05-06 14:25:11,9,1,1,0
2018-05-06 10:16:10,23,r/PoliticalHumor,1,2018-05-06 14:27:56,7,1,10,0
2018-05-06 10:16:10,23,r/PoliticalHumor,1,2018-05-06 14:28:56,8,1,-7,0
2018-05-06 10:16:10,23,r/PoliticalHumor,1,2018-05-06 14:42:18,9,0,5,0
2018-05-06 10:16:10,23,r/PoliticalHumor,1,2018-05-06 14:56:31,7,1,2,0
2018-05-06 10:16:10,23,r/PoliticalHumor,1,2018-05-06 15:05:00,8,0,1,0
2018-05-06 10:16:10,23,r/PoliticalHumor,1,2018-05-06 14:16:39,6,1,-7,0
2018-05-06 10:16:10,23,r/PoliticalHumor,1,2018-05-06 14:17:58,7,0,11,0
2018-05-06 10:16:10,23,r/PoliticalHumor,1,2018-05-06 14:02:05,4,2,-1,0
2018-05-06 10:16:10,23,r/PoliticalHumor,1,2018-05-06 14:43:32,5,0,3,0
2018-05-06 10:16:10,23,r/PoliticalHumor,1,2018-05-06 14:04:39,5,4,3,0
2018-05-06 10:16:10,23,r/PoliticalHumor,1,2018-05-06 14:06:43,6,0,8,0
2018-05-06 10:16:10,23,r/PoliticalHumor,1,2018-05-06 14:12:10,6,1,3,0
2018-05-06 10:16:10,23,r/PoliticalHumor,1,2018-05-06 14:22:48,7,1,-2,0
2018-05-06 10:16:10,23,r/PoliticalHumor,1,2018-05-06 14:43:59,8,1,-1,0
2018-05-06 10:16:10,23,r/PoliticalHumor,1,2018-05-06 14:57:34,9,0,1,0
2018-05-06 10:16:10,23,r/PoliticalHumor,1,2018-05-06 14:12:09,6,2,1,0
2018-05-06 10:16:10,23,r/PoliticalHumor,1,2018-05-06 14:36:25,7,0,3,0
2018-05-06 10:16:10,23,r/PoliticalHumor,1,2018-05-06 14:23:14,7,0,-1,0
2018-05-06 10:16:10,23,r/PoliticalHumor,1,2018-05-06 14:17:52,6,1,0,0
2018-05-06 10:16:10,23,r/PoliticalHumor,1,2018-05-06 14:21:29,7,1,2,0
2018-05-06 10:16:10,23,r/PoliticalHumor,1,2018-05-06 14:50:06,8,1,1,0
2018-05-06 10:16:10,23,r/PoliticalHumor,1,2018-05-06 14:55:43,9,0,3,0
2018-05-06 10:16:10,23,r/PoliticalHumor,1,2018-05-06 13:53:46,3,2,-22,0
2018-05-06 10:16:10,23,r/PoliticalHumor,1,2018-05-06 13:56:45,4,1,16,0
2018-05-06 10:16:10,23,r/PoliticalHumor,1,2018-05-06 14:33:38,5,2,-8,0
2018-05-06 10:16:10,23,r/PoliticalHumor,1,2018-05-06 14:45:44,6,0,3,0
2018-05-06 10:16:10,23,r/PoliticalHumor,1,2018-05-06 14:55:35,6,0,2,0
2018-05-06 10:16:10,23,r/PoliticalHumor,1,2018-05-06 14:17:19,4,0,1,0
2018-05-06 10:16:10,23,r/PoliticalHumor,1,2018-05-06 14:00:33,2,0,2,0
2018-05-06 10:16:10,23,r/PoliticalHumor,1,2018-05-06 11:12:56,1,3,58,0
2018-05-06 10:16:10,23,r/PoliticalHumor,1,2018-05-06 14:13:35,2,0,5,0
2018-05-06 10:16:10,23,r/PoliticalHumor,1,2018-05-06 14:27:48,2,2,-1,0
2018-05-06 10:16:10,23,r/PoliticalHumor,1,2018-05-06 14:40:06,3,1,10,0
2018-05-06 10:16:10,23,r/PoliticalHumor,1,2018-05-06 14:42:40,4,0,3,0
2018-05-06 10:16:10,23,r/PoliticalHumor,1,2018-05-06 14:33:19,3,1,2,0
2018-05-06 10:16:10,23,r/PoliticalHumor,1,2018-05-06 14:36:34,4,1,2,0
2018-05-06 10:16:10,23,r/PoliticalHumor,1,2018-05-06 14:39:46,5,2,5,0
2018-05-06 10:16:10,23,r/PoliticalHumor,1,2018-05-06 14:46:40,6,1,-2,0
2018-05-06 10:16:10,23,r/PoliticalHumor,1,2018-05-06 14:50:57,7,0,3,0
2018-05-06 10:16:10,23,r/PoliticalHumor,1,2018-05-06 14:41:55,6,1,-3,0
2018-05-06 10:16:10,23,r/PoliticalHumor,1,2018-05-06 14:48:33,7,0,4,0
2018-05-06 10:16:10,23,r/PoliticalHumor,1,2018-05-06 14:14:19,2,1,-5,0
2018-05-06 10:16:10,23,r/PoliticalHumor,1,2018-05-06 14:19:21,3,0,17,0
2018-05-06 10:16:10,23,r/PoliticalHumor,1,2018-05-06 15:04:17,1,0,1,0
2018-05-06 10:16:10,23,r/PoliticalHumor,1,2018-05-06 14:55:37,1,0,0,0
2018-05-06 10:16:10,23,r/PoliticalHumor,1,2018-05-06 11:08:35,1,0,-22,0
2018-05-06 10:16:10,23,r/PoliticalHumor,2,2018-05-06 11:44:39,0,4,150,0
2018-05-06 10:16:10,23,r/PoliticalHumor,2,2018-05-06 13:50:24,1,1,46,0
2018-05-06 10:16:10,23,r/PoliticalHumor,2,2018-05-06 14:41:10,2,1,19,0
2018-05-06 10:16:10,23,r/PoliticalHumor,2,2018-05-06 15:08:27,3,0,1,0
2018-05-06 10:16:10,23,r/PoliticalHumor,2,2018-05-06 13:49:56,1,0,8,0
2018-05-06 10:16:10,23,r/PoliticalHumor,2,2018-05-06 14:54:30,1,0,1,0
2018-05-06 10:16:10,23,r/PoliticalHumor,2,2018-05-06 14:02:45,1,1,-7,0
2018-05-06 10:16:10,23,r/PoliticalHumor,2,2018-05-06 14:07:43,2,1,1,0
2018-05-06 10:16:10,23,r/PoliticalHumor,2,2018-05-06 14:10:54,3,3,-3,0
2018-05-06 10:16:10,23,r/PoliticalHumor,2,2018-05-06 14:19:18,4,1,3,0
2018-05-06 10:16:10,23,r/PoliticalHumor,2,2018-05-06 14:20:26,5,1,-3,0
2018-05-06 10:16:10,23,r/PoliticalHumor,2,2018-05-06 14:31:35,6,1,2,0
2018-05-06 10:16:10,23,r/PoliticalHumor,2,2018-05-06 14:32:44,7,0,1,0
2018-05-06 10:16:10,23,r/PoliticalHumor,2,2018-05-06 14:31:53,4,0,2,0
2018-05-06 10:16:10,23,r/PoliticalHumor,2,2018-05-06 14:12:21,4,1,3,0
2018-05-06 10:16:10,23,r/PoliticalHumor,2,2018-05-06 14:15:49,5,1,1,0
2018-05-06 10:16:10,23,r/PoliticalHumor,2,2018-05-06 14:22:03,6,1,3,0
2018-05-06 10:16:10,23,r/PoliticalHumor,2,2018-05-06 14:31:49,7,1,-2,0
2018-05-06 10:16:10,23,r/PoliticalHumor,2,2018-05-06 14:40:43,8,2,3,0
2018-05-06 10:16:10,23,r/PoliticalHumor,2,2018-05-06 14:41:55,9,1,-1,0
2018-05-06 10:16:10,23,r/PoliticalHumor,2,2018-05-06 14:53:39,9,1,0,0
2018-05-06 10:16:10,23,r/PoliticalHumor,3,2018-05-06 13:49:50,0,4,40,0
2018-05-06 10:16:10,23,r/PoliticalHumor,3,2018-05-06 13:55:12,1,2,24,0
2018-05-06 10:16:10,23,r/PoliticalHumor,3,2018-05-06 14:06:49,2,1,50,0
2018-05-06 10:16:10,23,r/PoliticalHumor,3,2018-05-06 14:08:25,3,0,-14,0
2018-05-06 10:16:10,23,r/PoliticalHumor,3,2018-05-06 14:28:25,2,2,27,0
2018-05-06 10:16:10,23,r/PoliticalHumor,3,2018-05-06 14:35:49,3,2,19,0
2018-05-06 10:16:10,23,r/PoliticalHumor,3,2018-05-06 14:49:26,4,1,20,0
2018-05-06 10:16:10,23,r/PoliticalHumor,3,2018-05-06 15:01:46,5,1,1,0
2018-05-06 10:16:10,23,r/PoliticalHumor,3,2018-05-06 15:05:33,6,0,1,0
2018-05-06 10:16:10,23,r/PoliticalHumor,3,2018-05-06 15:01:44,4,0,1,0
2018-05-06 10:16:10,23,r/PoliticalHumor,3,2018-05-06 14:33:15,3,2,-7,0
2018-05-06 10:16:10,23,r/PoliticalHumor,3,2018-05-06 14:41:47,4,1,4,0
2018-05-06 10:16:10,23,r/PoliticalHumor,3,2018-05-06 14:49:45,5,2,-1,0
2018-05-06 10:16:10,23,r/PoliticalHumor,3,2018-05-06 15:00:30,6,0,1,0
2018-05-06 10:16:10,23,r/PoliticalHumor,3,2018-05-06 14:55:22,6,1,2,0
2018-05-06 10:16:10,23,r/PoliticalHumor,3,2018-05-06 15:09:48,7,0,1,0
2018-05-06 10:16:10,23,r/PoliticalHumor,3,2018-05-06 14:56:47,4,0,4,0
2018-05-06 10:16:10,23,r/PoliticalHumor,3,2018-05-06 14:39:34,1,2,3,0
2018-05-06 10:16:10,23,r/PoliticalHumor,3,2018-05-06 14:40:08,2,0,1,0
2018-05-06 10:16:10,23,r/PoliticalHumor,3,2018-05-06 14:53:38,2,2,1,0
2018-05-06 10:16:10,23,r/PoliticalHumor,3,2018-05-06 14:57:27,3,1,1,0
2018-05-06 10:16:10,23,r/PoliticalHumor,3,2018-05-06 15:07:30,4,0,1,0
2018-05-06 10:16:10,23,r/PoliticalHumor,3,2018-05-06 14:57:43,3,0,1,0
2018-05-06 10:16:10,23,r/PoliticalHumor,3,2018-05-06 14:40:54,1,1,2,0
2018-05-06 10:16:10,23,r/PoliticalHumor,3,2018-05-06 14:50:34,2,1,1,0
2018-05-06 10:16:10,23,r/PoliticalHumor,3,2018-05-06 14:56:30,3,0,0,0
2018-05-06 10:16:10,23,r/PoliticalHumor,3,2018-05-06 15:02:57,1,0,1,0
2018-05-06 10:16:10,23,r/PoliticalHumor,4,2018-05-06 14:57:47,0,0,5,0
2018-05-06 10:16:10,23,r/PoliticalHumor,5,2018-05-06 14:26:14,0,1,45,0
2018-05-06 10:16:10,23,r/PoliticalHumor,5,2018-05-06 14:55:30,1,1,-4,0
2018-05-06 10:16:10,23,r/PoliticalHumor,5,2018-05-06 15:02:47,2,1,1,0
2018-05-06 10:16:10,23,r/PoliticalHumor,5,2018-05-06 15:05:17,3,2,1,0
2018-05-06 10:16:10,23,r/PoliticalHumor,5,2018-05-06 15:07:48,4,0,1,0
2018-05-06 10:16:10,23,r/PoliticalHumor,5,2018-05-06 15:07:58,4,0,1,0
2018-05-06 10:16:10,23,r/PoliticalHumor,6,2018-05-06 14:09:46,0,9,138,1
2018-05-06 10:16:10,23,r/PoliticalHumor,6,2018-05-06 14:59:19,1,0,6,0
2018-05-06 10:16:10,23,r/PoliticalHumor,6,2018-05-06 14:51:09,1,0,15,0
2018-05-06 10:16:10,23,r/PoliticalHumor,6,2018-05-06 14:49:26,1,2,22,0
2018-05-06 10:16:10,23,r/PoliticalHumor,6,2018-05-06 15:05:19,2,2,1,0
2018-05-06 10:16:10,23,r/PoliticalHumor,6,2018-05-06 15:07:19,3,0,1,0
2018-05-06 10:16:10,23,r/PoliticalHumor,6,2018-05-06 15:09:02,3,0,1,0
2018-05-06 10:16:10,23,r/PoliticalHumor,6,2018-05-06 14:53:53,2,1,-6,0
2018-05-06 10:16:10,23,r/PoliticalHumor,6,2018-05-06 14:56:46,3,1,0,0
2018-05-06 10:16:10,23,r/PoliticalHumor,6,2018-05-06 15:05:36,4,0,1,0
2018-05-06 10:16:10,23,r/PoliticalHumor,6,2018-05-06 15:08:43,1,0,1,0
2018-05-06 10:16:10,23,r/PoliticalHumor,6,2018-05-06 14:59:07,1,0,0,0
2018-05-06 10:16:10,23,r/PoliticalHumor,6,2018-05-06 15:03:49,1,0,1,0
2018-05-06 10:16:10,23,r/PoliticalHumor,6,2018-05-06 15:02:47,1,1,1,0
2018-05-06 10:16:10,23,r/PoliticalHumor,6,2018-05-06 15:08:29,2,0,1,0
2018-05-06 10:16:10,23,r/PoliticalHumor,6,2018-05-06 14:52:22,1,1,-2,0
2018-05-06 10:16:10,23,r/PoliticalHumor,6,2018-05-06 14:58:28,2,1,0,0
2018-05-06 10:16:10,23,r/PoliticalHumor,6,2018-05-06 15:00:05,3,0,3,0
2018-05-06 10:16:10,23,r/PoliticalHumor,6,2018-05-06 14:53:13,1,3,-13,0
2018-05-06 10:16:10,23,r/PoliticalHumor,6,2018-05-06 14:59:20,2,0,5,0
2018-05-06 10:16:10,23,r/PoliticalHumor,6,2018-05-06 14:55:24,2,1,7,0
2018-05-06 10:16:10,23,r/PoliticalHumor,6,2018-05-06 15:08:47,3,0,1,0
2018-05-06 10:16:10,23,r/PoliticalHumor,6,2018-05-06 15:05:57,2,0,1,0
2018-05-06 10:16:10,23,r/PoliticalHumor,7,2018-05-06 14:32:06,0,0,7,0
2018-05-06 10:16:10,23,r/PoliticalHumor,8,2018-05-06 14:27:17,0,0,9,0
2018-05-06 10:16:10,23,r/PoliticalHumor,9,2018-05-06 14:10:17,0,3,14,0
2018-05-06 10:16:10,23,r/PoliticalHumor,9,2018-05-06 14:33:15,1,0,6,0
2018-05-06 10:16:10,23,r/PoliticalHumor,9,2018-05-06 14:53:32,1,1,2,0
2018-05-06 10:16:10,23,r/PoliticalHumor,9,2018-05-06 15:00:04,2,0,1,0
2018-05-06 10:16:10,23,r/PoliticalHumor,9,2018-05-06 14:20:25,1,1,-5,0
2018-05-06 10:16:10,23,r/PoliticalHumor,9,2018-05-06 14:41:18,2,1,2,0
2018-05-06 10:16:10,23,r/PoliticalHumor,9,2018-05-06 14:42:09,3,1,0,0
2018-05-06 10:16:10,23,r/PoliticalHumor,9,2018-05-06 14:42:48,4,1,3,0
2018-05-06 10:16:10,23,r/PoliticalHumor,9,2018-05-06 14:44:05,5,0,1,0
2018-05-06 10:16:10,23,r/PoliticalHumor,10,2018-05-06 14:41:12,0,1,3,0
2018-05-06 10:16:10,23,r/PoliticalHumor,10,2018-05-06 14:49:56,1,1,0,0
2018-05-06 10:16:10,23,r/PoliticalHumor,10,2018-05-06 14:52:01,2,0,0,0
2018-05-06 10:16:10,23,r/PoliticalHumor,11,2018-05-06 14:52:41,0,0,3,0
2018-05-06 10:16:10,23,r/PoliticalHumor,12,2018-05-06 14:56:24,0,0,1,0
2018-05-06 10:16:10,23,r/PoliticalHumor,13,2018-05-06 14:37:23,0,0,1,0
2018-05-06 10:16:10,23,r/PoliticalHumor,14,2018-05-06 13:13:28,0,0,1,0
2018-05-06 10:16:10,23,r/PoliticalHumor,15,2018-05-06 14:13:06,0,0,2,0
2018-05-06 10:16:10,23,r/PoliticalHumor,16,2018-05-06 13:59:29,0,0,1,0
2018-05-06 10:16:10,23,r/PoliticalHumor,17,2018-05-06 14:37:59,0,0,1,0
2018-05-06 10:16:10,23,r/PoliticalHumor,18,2018-05-06 15:06:00,0,0,1,0
2018-05-06 10:16:10,23,r/PoliticalHumor,19,2018-05-06 15:06:28,0,0,1,0
2018-05-06 10:16:10,23,r/PoliticalHumor,20,2018-05-06 15:08:05,0,0,1,0
2018-05-06 10:16:10,23,r/PoliticalHumor,21,2018-05-06 15:08:17,0,0,1,0
2018-05-06 10:16:10,23,r/PoliticalHumor,22,2018-05-06 15:09:41,0,0,1,0
2018-05-06 10:16:10,23,r/PoliticalHumor,23,2018-05-06 14:15:47,0,1,-2,0
2018-05-06 10:16:10,23,r/PoliticalHumor,23,2018-05-06 14:23:18,1,1,-6,0
2018-05-06 10:16:10,23,r/PoliticalHumor,23,2018-05-06 14:26:55,2,2,10,0
2018-05-06 10:16:10,23,r/PoliticalHumor,23,2018-05-06 14:29:37,3,1,-5,0
2018-05-06 10:16:10,23,r/PoliticalHumor,23,2018-05-06 14:36:46,4,4,-3,0
2018-05-06 10:16:10,23,r/PoliticalHumor,23,2018-05-06 14:38:28,5,0,-1,0
2018-05-06 10:16:10,23,r/PoliticalHumor,23,2018-05-06 14:55:40,5,0,2,0
2018-05-06 10:16:10,23,r/PoliticalHumor,23,2018-05-06 15:01:37,5,0,1,0
2018-05-06 10:16:10,23,r/PoliticalHumor,23,2018-05-06 15:05:41,5,0,1,0
2018-05-06 10:16:10,23,r/PoliticalHumor,23,2018-05-06 14:56:22,3,1,-2,0
2018-05-06 10:16:10,23,r/PoliticalHumor,23,2018-05-06 15:00:12,4,0,3,0
2018-05-06 10:16:10,23,r/PoliticalHumor,24,2018-05-06 14:48:00,0,0,1,0
2018-05-06 10:16:10,23,r/PoliticalHumor,25,2018-05-06 14:36:14,0,0,0,0
2018-05-06 10:16:10,23,r/PoliticalHumor,26,2018-05-06 13:37:50,0,2,-22,0
2018-05-06 10:16:10,23,r/PoliticalHumor,26,2018-05-06 13:39:57,1,2,32,0
2018-05-06 10:16:10,23,r/PoliticalHumor,26,2018-05-06 14:21:38,2,0,0,0
2018-05-06 10:16:10,23,r/PoliticalHumor,26,2018-05-06 13:59:22,2,2,-14,0
2018-05-06 10:16:10,23,r/PoliticalHumor,26,2018-05-06 14:03:03,3,1,6,0
2018-05-06 10:16:10,23,r/PoliticalHumor,26,2018-05-06 14:07:38,4,2,-10,0
2018-05-06 10:16:10,23,r/PoliticalHumor,26,2018-05-06 14:22:48,5,1,5,0
2018-05-06 10:16:10,23,r/PoliticalHumor,26,2018-05-06 14:27:22,6,1,-3,0
2018-05-06 10:16:10,23,r/PoliticalHumor,26,2018-05-06 14:29:41,7,1,2,0
2018-05-06 10:16:10,23,r/PoliticalHumor,26,2018-05-06 14:31:53,8,0,-2,0
2018-05-06 10:16:10,23,r/PoliticalHumor,26,2018-05-06 14:22:29,5,1,1,0
2018-05-06 10:16:10,23,r/PoliticalHumor,26,2018-05-06 14:28:51,6,1,1,0
2018-05-06 10:16:10,23,r/PoliticalHumor,26,2018-05-06 14:36:04,7,0,1,0
2018-05-06 10:16:10,23,r/PoliticalHumor,26,2018-05-06 14:22:18,3,1,3,0
2018-05-06 10:16:10,23,r/PoliticalHumor,26,2018-05-06 14:44:38,4,0,1,0
2018-05-06 10:16:10,23,r/PoliticalHumor,26,2018-05-06 14:15:28,1,1,2,0
2018-05-06 10:16:10,23,r/PoliticalHumor,26,2018-05-06 14:20:44,2,2,-3,0
2018-05-06 10:16:10,23,r/PoliticalHumor,26,2018-05-06 14:56:40,3,0,2,0
2018-05-06 10:16:10,23,r/PoliticalHumor,26,2018-05-06 14:41:18,3,0,0,0
2018-05-06 10:16:10,23,r/PoliticalHumor,27,2018-05-06 13:48:56,0,1,-19,0
2018-05-06 10:16:10,23,r/PoliticalHumor,27,2018-05-06 14:01:43,1,2,-7,0
2018-05-06 10:16:10,23,r/PoliticalHumor,27,2018-05-06 15:02:03,2,0,1,0
2018-05-06 10:16:10,23,r/PoliticalHumor,27,2018-05-06 14:13:28,2,1,-5,0
2018-05-06 10:16:10,23,r/PoliticalHumor,27,2018-05-06 14:26:07,3,1,-3,0
2018-05-06 10:16:10,23,r/PoliticalHumor,27,2018-05-06 14:27:15,4,2,-1,0
2018-05-06 10:16:10,23,r/PoliticalHumor,27,2018-05-06 14:29:08,5,0,2,0
2018-05-06 10:16:10,23,r/PoliticalHumor,27,2018-05-06 14:51:43,5,0,2,0
2018-05-06 10:16:10,23,r/PoliticalHumor,28,2018-05-06 14:34:03,0,0,-3,0
2018-05-06 10:16:10,23,r/PoliticalHumor,29,2018-05-06 14:39:02,0,1,-3,0
2018-05-06 10:16:10,23,r/PoliticalHumor,29,2018-05-06 15:04:13,1,1,1,0
2018-05-06 10:16:10,23,r/PoliticalHumor,29,2018-05-06 15:07:11,2,0,1,0
2018-05-06 10:16:10,23,r/PoliticalHumor,30,2018-05-06 14:05:19,0,0,-1,0
2018-05-06 10:16:10,23,r/PoliticalHumor,31,2018-05-06 14:47:29,0,0,-1,0
2018-05-06 10:16:10,23,r/PoliticalHumor,32,2018-05-06 15:04:31,0,0,1,0
2018-05-06 10:16:10,23,r/PoliticalHumor,33,2018-05-06 13:49:05,0,1,-24,0
2018-05-06 10:16:10,23,r/PoliticalHumor,33,2018-05-06 14:01:21,1,2,-3,0
2018-05-06 10:16:10,23,r/PoliticalHumor,33,2018-05-06 14:20:37,2,1,1,0
2018-05-06 10:16:10,23,r/PoliticalHumor,33,2018-05-06 14:27:55,3,1,5,0
2018-05-06 10:16:10,23,r/PoliticalHumor,33,2018-05-06 14:30:51,4,1,2,0
2018-05-06 10:16:10,23,r/PoliticalHumor,33,2018-05-06 15:04:25,5,0,1,0
2018-05-06 10:16:10,23,r/PoliticalHumor,33,2018-05-06 14:20:10,2,2,-1,0
2018-05-06 10:16:10,23,r/PoliticalHumor,33,2018-05-06 14:21:51,3,0,4,0
2018-05-06 10:16:10,23,r/PoliticalHumor,33,2018-05-06 14:32:01,3,0,2,0
2018-05-06 10:16:10,23,r/PoliticalHumor,34,2018-05-06 11:16:54,0,0,-6,0
2018-05-06 10:16:10,23,r/PoliticalHumor,35,2018-05-06 14:12:41,0,0,-4,0
2018-05-06 10:16:10,23,r/PoliticalHumor,36,2018-05-06 14:09:39,0,0,-2,0
2018-05-06 10:16:10,23,r/PoliticalHumor,37,2018-05-06 14:48:14,0,0,-1,0
2018-05-06 10:16:10,23,r/PoliticalHumor,38,2018-05-06 14:53:14,0,0,-3,0
2018-05-06 08:11:15,24,r/mechanical_gifs,0,2018-05-06 09:30:09,0,3,1149,0
2018-05-06 08:11:15,24,r/mechanical_gifs,0,2018-05-06 10:49:02,1,8,265,0
2018-05-06 08:11:15,24,r/mechanical_gifs,0,2018-05-06 11:19:13,2,1,198,0
2018-05-06 08:11:15,24,r/mechanical_gifs,0,2018-05-06 12:23:17,3,4,117,0
2018-05-06 08:11:15,24,r/mechanical_gifs,0,2018-05-06 13:43:43,4,2,180,0
2018-05-06 08:11:15,24,r/mechanical_gifs,0,2018-05-06 14:24:39,5,0,11,0
2018-05-06 08:11:15,24,r/mechanical_gifs,0,2018-05-06 14:55:32,5,0,3,0
2018-05-06 08:11:15,24,r/mechanical_gifs,0,2018-05-06 13:54:11,4,1,25,0
2018-05-06 08:11:15,24,r/mechanical_gifs,0,2018-05-06 14:07:48,5,1,3,0
2018-05-06 08:11:15,24,r/mechanical_gifs,0,2018-05-06 14:17:40,6,0,0,0
2018-05-06 08:11:15,24,r/mechanical_gifs,0,2018-05-06 13:53:33,4,0,9,0
2018-05-06 08:11:15,24,r/mechanical_gifs,0,2018-05-06 13:15:47,4,0,14,0
2018-05-06 08:11:15,24,r/mechanical_gifs,0,2018-05-06 11:09:22,2,8,426,0
2018-05-06 08:11:15,24,r/mechanical_gifs,0,2018-05-06 12:49:26,3,4,175,0
2018-05-06 08:11:15,24,r/mechanical_gifs,0,2018-05-06 13:01:18,4,3,55,0
2018-05-06 08:11:15,24,r/mechanical_gifs,0,2018-05-06 13:26:42,5,2,36,0
2018-05-06 08:11:15,24,r/mechanical_gifs,0,2018-05-06 13:43:33,6,4,27,0
2018-05-06 08:11:15,24,r/mechanical_gifs,0,2018-05-06 13:48:05,7,7,118,0
2018-05-06 08:11:15,24,r/mechanical_gifs,0,2018-05-06 14:28:29,8,1,12,0
2018-05-06 08:11:15,24,r/mechanical_gifs,0,2018-05-06 14:59:54,9,0,1,0
2018-05-06 08:11:15,24,r/mechanical_gifs,0,2018-05-06 13:55:02,8,1,14,0
2018-05-06 08:11:15,24,r/mechanical_gifs,0,2018-05-06 14:07:40,9,1,9,0
2018-05-06 08:11:15,24,r/mechanical_gifs,0,2018-05-06 14:44:49,8,0,3,0
2018-05-06 08:11:15,24,r/mechanical_gifs,0,2018-05-06 14:57:10,8,0,1,0
2018-05-06 08:11:15,24,r/mechanical_gifs,0,2018-05-06 13:55:23,8,1,-1,0
2018-05-06 08:11:15,24,r/mechanical_gifs,0,2018-05-06 14:35:40,9,0,1,0
2018-05-06 08:11:15,24,r/mechanical_gifs,0,2018-05-06 13:52:31,8,1,-18,0
2018-05-06 08:11:15,24,r/mechanical_gifs,0,2018-05-06 13:58:21,9,0,0,0
2018-05-06 08:11:15,24,r/mechanical_gifs,0,2018-05-06 14:12:56,8,3,-9,0
2018-05-06 08:11:15,24,r/mechanical_gifs,0,2018-05-06 14:16:37,9,0,5,0
2018-05-06 08:11:15,24,r/mechanical_gifs,0,2018-05-06 14:38:39,9,1,3,0
2018-05-06 08:11:15,24,r/mechanical_gifs,0,2018-05-06 14:52:38,9,0,0,0
2018-05-06 08:11:15,24,r/mechanical_gifs,0,2018-05-06 13:56:17,7,1,12,0
2018-05-06 08:11:15,24,r/mechanical_gifs,0,2018-05-06 14:09:35,8,2,3,0
2018-05-06 08:11:15,24,r/mechanical_gifs,0,2018-05-06 15:01:08,9,0,2,0
2018-05-06 08:11:15,24,r/mechanical_gifs,0,2018-05-06 14:36:51,9,0,2,0
2018-05-06 08:11:15,24,r/mechanical_gifs,0,2018-05-06 13:53:04,7,1,4,0
2018-05-06 08:11:15,24,r/mechanical_gifs,0,2018-05-06 14:07:35,8,0,3,0
2018-05-06 08:11:15,24,r/mechanical_gifs,0,2018-05-06 14:35:51,7,0,2,0
2018-05-06 08:11:15,24,r/mechanical_gifs,0,2018-05-06 14:26:12,6,0,2,0
2018-05-06 08:11:15,24,r/mechanical_gifs,0,2018-05-06 13:57:00,5,0,1,0
2018-05-06 08:11:15,24,r/mechanical_gifs,0,2018-05-06 14:25:32,5,0,1,0
2018-05-06 08:11:15,24,r/mechanical_gifs,0,2018-05-06 13:42:54,4,1,6,0
2018-05-06 08:11:15,24,r/mechanical_gifs,0,2018-05-06 13:50:55,5,0,6,0
2018-05-06 08:11:15,24,r/mechanical_gifs,0,2018-05-06 14:09:04,4,1,-2,0
2018-05-06 08:11:15,24,r/mechanical_gifs,0,2018-05-06 14:23:23,5,0,0,0
2018-05-06 08:11:15,24,r/mechanical_gifs,0,2018-05-06 14:41:13,4,1,-1,0
2018-05-06 08:11:15,24,r/mechanical_gifs,0,2018-05-06 14:57:53,5,1,1,0
2018-05-06 08:11:15,24,r/mechanical_gifs,0,2018-05-06 15:04:55,6,0,1,0
2018-05-06 08:11:15,24,r/mechanical_gifs,0,2018-05-06 11:20:52,3,3,70,0
2018-05-06 08:11:15,24,r/mechanical_gifs,0,2018-05-06 11:47:28,4,3,91,0
2018-05-06 08:11:15,24,r/mechanical_gifs,0,2018-05-06 11:54:51,5,1,43,0
2018-05-06 08:11:15,24,r/mechanical_gifs,0,2018-05-06 12:17:35,6,4,24,0
2018-05-06 08:11:15,24,r/mechanical_gifs,0,2018-05-06 12:29:32,7,2,27,0
2018-05-06 08:11:15,24,r/mechanical_gifs,0,2018-05-06 12:35:18,8,0,28,0
2018-05-06 08:11:15,24,r/mechanical_gifs,0,2018-05-06 13:29:00,8,2,5,0
2018-05-06 08:11:15,24,r/mechanical_gifs,0,2018-05-06 13:37:54,9,0,6,0
2018-05-06 08:11:15,24,r/mechanical_gifs,0,2018-05-06 13:42:33,9,1,5,0
2018-05-06 08:11:15,24,r/mechanical_gifs,0,2018-05-06 13:48:29,7,1,4,0
2018-05-06 08:11:15,24,r/mechanical_gifs,0,2018-05-06 14:01:13,8,0,0,0
2018-05-06 08:11:15,24,r/mechanical_gifs,0,2018-05-06 13:52:01,7,1,1,0
2018-05-06 08:11:15,24,r/mechanical_gifs,0,2018-05-06 13:59:22,8,1,1,0
2018-05-06 08:11:15,24,r/mechanical_gifs,0,2018-05-06 14:36:28,9,0,1,0
2018-05-06 08:11:15,24,r/mechanical_gifs,0,2018-05-06 14:57:43,7,0,1,0
2018-05-06 08:11:15,24,r/mechanical_gifs,0,2018-05-06 14:38:59,5,0,1,0
2018-05-06 08:11:15,24,r/mechanical_gifs,0,2018-05-06 11:51:24,5,0,-2,0
2018-05-06 08:11:15,24,r/mechanical_gifs,0,2018-05-06 13:32:42,4,0,1,0
2018-05-06 08:11:15,24,r/mechanical_gifs,0,2018-05-06 12:02:15,4,3,-9,0
2018-05-06 08:11:15,24,r/mechanical_gifs,0,2018-05-06 12:54:07,5,0,6,0
2018-05-06 08:11:15,24,r/mechanical_gifs,0,2018-05-06 12:52:32,5,0,3,0
2018-05-06 08:11:15,24,r/mechanical_gifs,0,2018-05-06 13:00:13,5,0,2,0
2018-05-06 08:11:15,24,r/mechanical_gifs,0,2018-05-06 12:59:52,3,2,5,0
2018-05-06 08:11:15,24,r/mechanical_gifs,0,2018-05-06 13:31:47,4,0,7,0
2018-05-06 08:11:15,24,r/mechanical_gifs,0,2018-05-06 13:54:11,4,0,1,0
2018-05-06 08:11:15,24,r/mechanical_gifs,0,2018-05-06 12:44:23,3,2,4,0
2018-05-06 08:11:15,24,r/mechanical_gifs,0,2018-05-06 13:10:54,4,0,1,0
2018-05-06 08:11:15,24,r/mechanical_gifs,0,2018-05-06 12:59:34,4,0,1,0
2018-05-06 08:11:15,24,r/mechanical_gifs,0,2018-05-06 12:45:18,3,1,1,0
2018-05-06 08:11:15,24,r/mechanical_gifs,0,2018-05-06 12:54:12,4,0,3,0
2018-05-06 08:11:15,24,r/mechanical_gifs,0,2018-05-06 13:40:10,3,0,1,0
2018-05-06 08:11:15,24,r/mechanical_gifs,0,2018-05-06 14:35:05,3,0,1,0
2018-05-06 08:11:15,24,r/mechanical_gifs,0,2018-05-06 14:52:02,3,0,1,0
2018-05-06 08:11:15,24,r/mechanical_gifs,0,2018-05-06 12:23:28,2,2,6,0
2018-05-06 08:11:15,24,r/mechanical_gifs,0,2018-05-06 13:17:16,3,0,5,0
2018-05-06 08:11:15,24,r/mechanical_gifs,0,2018-05-06 12:57:58,3,1,4,0
2018-05-06 08:11:15,24,r/mechanical_gifs,0,2018-05-06 13:20:24,4,0,7,0
2018-05-06 08:11:15,24,r/mechanical_gifs,0,2018-05-06 14:09:32,2,0,2,0
2018-05-06 08:11:15,24,r/mechanical_gifs,0,2018-05-06 13:48:46,2,0,1,0
2018-05-06 08:11:15,24,r/mechanical_gifs,0,2018-05-06 13:57:13,2,0,1,0
2018-05-06 08:11:15,24,r/mechanical_gifs,0,2018-05-06 13:42:01,2,0,1,0
2018-05-06 08:11:15,24,r/mechanical_gifs,0,2018-05-06 14:38:23,2,0,0,0
2018-05-06 08:11:15,24,r/mechanical_gifs,0,2018-05-06 12:20:12,1,0,12,0
2018-05-06 08:11:15,24,r/mechanical_gifs,0,2018-05-06 14:17:10,1,0,1,0
2018-05-06 08:11:15,24,r/mechanical_gifs,1,2018-05-06 08:43:12,0,4,350,0
2018-05-06 08:11:15,24,r/mechanical_gifs,1,2018-05-06 11:22:34,1,4,233,0
2018-05-06 08:11:15,24,r/mechanical_gifs,1,2018-05-06 12:18:16,2,1,43,0
2018-05-06 08:11:15,24,r/mechanical_gifs,1,2018-05-06 13:24:01,3,1,46,0
2018-05-06 08:11:15,24,r/mechanical_gifs,1,2018-05-06 13:54:05,4,0,10,0
2018-05-06 08:11:15,24,r/mechanical_gifs,1,2018-05-06 11:51:08,2,0,11,0
2018-05-06 08:11:15,24,r/mechanical_gifs,1,2018-05-06 12:09:24,2,0,7,0
2018-05-06 08:11:15,24,r/mechanical_gifs,1,2018-05-06 11:24:56,2,0,-2,0
2018-05-06 08:11:15,24,r/mechanical_gifs,1,2018-05-06 12:15:27,1,0,15,0
2018-05-06 08:11:15,24,r/mechanical_gifs,1,2018-05-06 08:55:31,1,0,24,0
2018-05-06 08:11:15,24,r/mechanical_gifs,1,2018-05-06 12:59:33,1,0,1,0
2018-05-06 08:11:15,24,r/mechanical_gifs,2,2018-05-06 09:20:41,0,3,124,0
2018-05-06 08:11:15,24,r/mechanical_gifs,2,2018-05-06 12:52:08,1,1,25,0
2018-05-06 08:11:15,24,r/mechanical_gifs,2,2018-05-06 13:46:23,2,0,8,0
2018-05-06 08:11:15,24,r/mechanical_gifs,2,2018-05-06 12:54:22,1,3,-15,0
2018-05-06 08:11:15,24,r/mechanical_gifs,2,2018-05-06 13:05:31,2,1,13,0
2018-05-06 08:11:15,24,r/mechanical_gifs,2,2018-05-06 13:16:41,3,0,7,0
2018-05-06 08:11:15,24,r/mechanical_gifs,2,2018-05-06 14:23:36,2,0,5,0
2018-05-06 08:11:15,24,r/mechanical_gifs,2,2018-05-06 13:30:46,2,0,3,0
2018-05-06 08:11:15,24,r/mechanical_gifs,2,2018-05-06 11:02:42,1,4,-73,0
2018-05-06 08:11:15,24,r/mechanical_gifs,2,2018-05-06 11:24:40,2,2,74,0
2018-05-06 08:11:15,24,r/mechanical_gifs,2,2018-05-06 11:31:44,3,1,13,0
2018-05-06 08:11:15,24,r/mechanical_gifs,2,2018-05-06 11:40:07,4,1,6,0
2018-05-06 08:11:15,24,r/mechanical_gifs,2,2018-05-06 12:08:41,5,0,2,0
2018-05-06 08:11:15,24,r/mechanical_gifs,2,2018-05-06 11:26:39,3,1,-30,0
2018-05-06 08:11:15,24,r/mechanical_gifs,2,2018-05-06 11:27:40,4,3,27,0
2018-05-06 08:11:15,24,r/mechanical_gifs,2,2018-05-06 12:26:39,5,0,6,0
2018-05-06 08:11:15,24,r/mechanical_gifs,2,2018-05-06 12:27:19,5,1,1,0
2018-05-06 08:11:15,24,r/mechanical_gifs,2,2018-05-06 13:50:01,6,0,1,0
2018-05-06 08:11:15,24,r/mechanical_gifs,2,2018-05-06 11:29:14,5,1,-21,0
2018-05-06 08:11:15,24,r/mechanical_gifs,2,2018-05-06 11:30:33,6,1,17,0
2018-05-06 08:11:15,24,r/mechanical_gifs,2,2018-05-06 11:32:22,7,2,-9,0
2018-05-06 08:11:15,24,r/mechanical_gifs,2,2018-05-06 11:37:04,8,2,11,0
2018-05-06 08:11:15,24,r/mechanical_gifs,2,2018-05-06 11:51:22,9,0,11,0
2018-05-06 08:11:15,24,r/mechanical_gifs,2,2018-05-06 11:56:42,9,1,1,0
2018-05-06 08:11:15,24,r/mechanical_gifs,2,2018-05-06 12:44:20,8,0,1,0
2018-05-06 08:11:15,24,r/mechanical_gifs,2,2018-05-06 12:46:27,2,2,15,0
2018-05-06 08:11:15,24,r/mechanical_gifs,2,2018-05-06 12:52:10,3,0,3,0
2018-05-06 08:11:15,24,r/mechanical_gifs,2,2018-05-06 12:57:16,3,0,1,0
2018-05-06 08:11:15,24,r/mechanical_gifs,2,2018-05-06 11:41:59,2,1,4,0
2018-05-06 08:11:15,24,r/mechanical_gifs,2,2018-05-06 11:43:58,3,2,3,0
2018-05-06 08:11:15,24,r/mechanical_gifs,2,2018-05-06 12:42:37,4,1,4,0
2018-05-06 08:11:15,24,r/mechanical_gifs,2,2018-05-06 12:46:16,5,1,1,0
2018-05-06 08:11:15,24,r/mechanical_gifs,2,2018-05-06 12:57:48,6,0,2,0
2018-05-06 08:11:15,24,r/mechanical_gifs,2,2018-05-06 12:05:39,4,1,2,0
2018-05-06 08:11:15,24,r/mechanical_gifs,2,2018-05-06 12:10:51,5,1,2,0
2018-05-06 08:11:15,24,r/mechanical_gifs,2,2018-05-06 12:22:18,6,1,2,0
2018-05-06 08:11:15,24,r/mechanical_gifs,2,2018-05-06 12:27:20,7,0,1,0
2018-05-06 08:11:15,24,r/mechanical_gifs,2,2018-05-06 11:45:33,2,1,-1,0
2018-05-06 08:11:15,24,r/mechanical_gifs,2,2018-05-06 11:49:13,3,1,4,0
2018-05-06 08:11:15,24,r/mechanical_gifs,2,2018-05-06 11:54:19,4,1,1,0
2018-05-06 08:11:15,24,r/mechanical_gifs,2,2018-05-06 11:58:49,5,0,3,0
2018-05-06 08:11:15,24,r/mechanical_gifs,3,2018-05-06 08:46:46,0,4,100,0
2018-05-06 08:11:15,24,r/mechanical_gifs,3,2018-05-06 11:32:52,1,1,60,0
2018-05-06 08:11:15,24,r/mechanical_gifs,3,2018-05-06 12:17:52,2,2,46,0
2018-05-06 08:11:15,24,r/mechanical_gifs,3,2018-05-06 12:59:57,3,1,28,0
2018-05-06 08:11:15,24,r/mechanical_gifs,3,2018-05-06 14:59:06,4,0,1,0
2018-05-06 08:11:15,24,r/mechanical_gifs,3,2018-05-06 13:18:45,3,0,12,0
2018-05-06 08:11:15,24,r/mechanical_gifs,3,2018-05-06 12:52:40,1,1,22,0
2018-05-06 08:11:15,24,r/mechanical_gifs,3,2018-05-06 13:47:25,2,0,4,0
2018-05-06 08:11:15,24,r/mechanical_gifs,3,2018-05-06 13:11:43,1,1,12,0
2018-05-06 08:11:15,24,r/mechanical_gifs,3,2018-05-06 14:06:03,2,0,5,0
2018-05-06 08:11:15,24,r/mechanical_gifs,3,2018-05-06 14:11:00,1,0,0,0
2018-05-06 08:11:15,24,r/mechanical_gifs,4,2018-05-06 13:01:47,0,1,17,0
2018-05-06 08:11:15,24,r/mechanical_gifs,4,2018-05-06 14:28:52,1,0,1,0
2018-05-06 08:11:15,24,r/mechanical_gifs,5,2018-05-06 08:38:34,0,0,35,0
2018-05-06 08:11:15,24,r/mechanical_gifs,6,2018-05-06 13:27:16,0,1,9,0
2018-05-06 08:11:15,24,r/mechanical_gifs,6,2018-05-06 15:08:41,1,0,1,0
2018-05-06 08:11:15,24,r/mechanical_gifs,7,2018-05-06 09:55:42,0,0,7,0
2018-05-06 08:11:15,24,r/mechanical_gifs,8,2018-05-06 08:47:23,0,2,39,0
2018-05-06 08:11:15,24,r/mechanical_gifs,8,2018-05-06 11:52:02,1,2,17,0
2018-05-06 08:11:15,24,r/mechanical_gifs,8,2018-05-06 12:54:36,2,1,12,0
2018-05-06 08:11:15,24,r/mechanical_gifs,8,2018-05-06 13:32:25,3,1,23,0
2018-05-06 08:11:15,24,r/mechanical_gifs,8,2018-05-06 13:38:51,4,2,-5,0
2018-05-06 08:11:15,24,r/mechanical_gifs,8,2018-05-06 14:13:18,5,0,6,0
2018-05-06 08:11:15,24,r/mechanical_gifs,8,2018-05-06 13:51:44,5,0,1,0
2018-05-06 08:11:15,24,r/mechanical_gifs,8,2018-05-06 12:57:41,2,1,6,0
2018-05-06 08:11:15,24,r/mechanical_gifs,8,2018-05-06 13:45:25,3,1,1,0
2018-05-06 08:11:15,24,r/mechanical_gifs,8,2018-05-06 14:34:40,4,0,2,0
2018-05-06 08:11:15,24,r/mechanical_gifs,8,2018-05-06 12:36:24,1,5,6,0
2018-05-06 08:11:15,24,r/mechanical_gifs,8,2018-05-06 12:43:38,2,1,22,0
2018-05-06 08:11:15,24,r/mechanical_gifs,8,2018-05-06 12:47:11,3,1,11,0
2018-05-06 08:11:15,24,r/mechanical_gifs,8,2018-05-06 13:11:19,4,0,9,0
2018-05-06 08:11:15,24,r/mechanical_gifs,8,2018-05-06 12:44:05,2,1,5,0
2018-05-06 08:11:15,24,r/mechanical_gifs,8,2018-05-06 12:48:07,3,0,11,0
2018-05-06 08:11:15,24,r/mechanical_gifs,8,2018-05-06 12:51:54,2,1,3,0
2018-05-06 08:11:15,24,r/mechanical_gifs,8,2018-05-06 12:53:50,3,2,9,0
2018-05-06 08:11:15,24,r/mechanical_gifs,8,2018-05-06 13:01:22,4,0,8,0
2018-05-06 08:11:15,24,r/mechanical_gifs,8,2018-05-06 14:52:10,4,0,1,0
2018-05-06 08:11:15,24,r/mechanical_gifs,8,2018-05-06 13:01:18,2,0,3,0
2018-05-06 08:11:15,24,r/mechanical_gifs,8,2018-05-06 14:41:36,2,0,1,0
2018-05-06 08:11:15,24,r/mechanical_gifs,9,2018-05-06 12:37:00,0,1,4,0
2018-05-06 08:11:15,24,r/mechanical_gifs,9,2018-05-06 14:58:43,1,0,1,0
2018-05-06 08:11:15,24,r/mechanical_gifs,10,2018-05-06 10:49:49,0,0,11,0
2018-05-06 08:11:15,24,r/mechanical_gifs,11,2018-05-06 13:19:03,0,0,3,0
2018-05-06 08:11:15,24,r/mechanical_gifs,12,2018-05-06 13:47:50,0,0,3,0
2018-05-06 08:11:15,24,r/mechanical_gifs,13,2018-05-06 08:12:17,0,1,6,0
2018-05-06 08:11:15,24,r/mechanical_gifs,13,2018-05-06 14:02:51,1,0,1,0
2018-05-06 08:11:15,24,r/mechanical_gifs,14,2018-05-06 08:20:45,0,5,9,0
2018-05-06 08:11:15,24,r/mechanical_gifs,14,2018-05-06 08:28:55,1,1,11,0
2018-05-06 08:11:15,24,r/mechanical_gifs,14,2018-05-06 15:07:57,2,0,1,0
2018-05-06 08:11:15,24,r/mechanical_gifs,14,2018-05-06 09:53:51,1,5,48,0
2018-05-06 08:11:15,24,r/mechanical_gifs,14,2018-05-06 10:29:56,2,5,21,0
2018-05-06 08:11:15,24,r/mechanical_gifs,14,2018-05-06 10:57:13,3,2,17,0
2018-05-06 08:11:15,24,r/mechanical_gifs,14,2018-05-06 11:45:17,4,1,10,0
2018-05-06 08:11:15,24,r/mechanical_gifs,14,2018-05-06 12:20:11,5,1,4,0
2018-05-06 08:11:15,24,r/mechanical_gifs,14,2018-05-06 12:29:07,6,1,5,0
2018-05-06 08:11:15,24,r/mechanical_gifs,14,2018-05-06 14:18:13,7,0,1,0
2018-05-06 08:11:15,24,r/mechanical_gifs,14,2018-05-06 14:37:15,4,0,1,0
2018-05-06 08:11:15,24,r/mechanical_gifs,14,2018-05-06 10:30:04,3,0,2,0
2018-05-06 08:11:15,24,r/mechanical_gifs,14,2018-05-06 12:59:25,3,0,2,0
2018-05-06 08:11:15,24,r/mechanical_gifs,14,2018-05-06 11:21:05,3,3,1,0
2018-05-06 08:11:15,24,r/mechanical_gifs,14,2018-05-06 12:50:48,4,1,5,0
2018-05-06 08:11:15,24,r/mechanical_gifs,14,2018-05-06 13:27:16,5,0,-1,0
2018-05-06 08:11:15,24,r/mechanical_gifs,14,2018-05-06 14:36:43,4,0,1,0
2018-05-06 08:11:15,24,r/mechanical_gifs,14,2018-05-06 12:53:03,4,2,0,0
2018-05-06 08:11:15,24,r/mechanical_gifs,14,2018-05-06 13:19:16,5,1,3,0
2018-05-06 08:11:15,24,r/mechanical_gifs,14,2018-05-06 13:27:57,6,0,1,0
2018-05-06 08:11:15,24,r/mechanical_gifs,14,2018-05-06 13:23:44,5,0,1,0
2018-05-06 08:11:15,24,r/mechanical_gifs,14,2018-05-06 11:10:02,3,0,2,0
2018-05-06 08:11:15,24,r/mechanical_gifs,14,2018-05-06 10:43:59,2,3,3,0
2018-05-06 08:11:15,24,r/mechanical_gifs,14,2018-05-06 10:51:31,3,2,7,0
2018-05-06 08:11:15,24,r/mechanical_gifs,14,2018-05-06 11:38:57,4,3,6,0
2018-05-06 08:11:15,24,r/mechanical_gifs,14,2018-05-06 12:14:30,5,1,7,0
2018-05-06 08:11:15,24,r/mechanical_gifs,14,2018-05-06 13:52:01,6,0,2,0
2018-05-06 08:11:15,24,r/mechanical_gifs,14,2018-05-06 12:44:29,5,0,3,0
2018-05-06 08:11:15,24,r/mechanical_gifs,14,2018-05-06 12:46:44,5,0,2,0
2018-05-06 08:11:15,24,r/mechanical_gifs,14,2018-05-06 15:09:23,4,0,1,0
2018-05-06 08:11:15,24,r/mechanical_gifs,14,2018-05-06 11:33:11,3,1,3,0
2018-05-06 08:11:15,24,r/mechanical_gifs,14,2018-05-06 11:40:17,4,2,1,0
2018-05-06 08:11:15,24,r/mechanical_gifs,14,2018-05-06 11:49:30,5,0,2,0
2018-05-06 08:11:15,24,r/mechanical_gifs,14,2018-05-06 11:47:45,5,0,1,0
2018-05-06 08:11:15,24,r/mechanical_gifs,14,2018-05-06 12:45:03,3,1,2,0
2018-05-06 08:11:15,24,r/mechanical_gifs,14,2018-05-06 15:10:22,4,0,1,0
2018-05-06 08:11:15,24,r/mechanical_gifs,14,2018-05-06 12:58:22,2,1,2,0
2018-05-06 08:11:15,24,r/mechanical_gifs,14,2018-05-06 14:52:34,3,0,1,0
2018-05-06 08:11:15,24,r/mechanical_gifs,14,2018-05-06 15:08:43,2,0,1,0
2018-05-06 08:11:15,24,r/mechanical_gifs,14,2018-05-06 12:25:33,2,2,1,0
2018-05-06 08:11:15,24,r/mechanical_gifs,14,2018-05-06 13:19:59,3,1,2,0
2018-05-06 08:11:15,24,r/mechanical_gifs,14,2018-05-06 14:14:28,4,1,0,0
2018-05-06 08:11:15,24,r/mechanical_gifs,14,2018-05-06 14:20:51,5,0,2,0
2018-05-06 08:11:15,24,r/mechanical_gifs,14,2018-05-06 14:51:27,3,0,1,0
2018-05-06 08:11:15,24,r/mechanical_gifs,14,2018-05-06 11:50:06,1,0,1,0
2018-05-06 08:11:15,24,r/mechanical_gifs,14,2018-05-06 13:07:13,1,0,1,0
2018-05-06 08:11:15,24,r/mechanical_gifs,14,2018-05-06 14:48:51,1,0,1,0
2018-05-06 08:11:15,24,r/mechanical_gifs,15,2018-05-06 10:27:30,0,0,2,0
2018-05-06 08:11:15,24,r/mechanical_gifs,16,2018-05-06 10:28:14,0,0,2,0
2018-05-06 08:11:15,24,r/mechanical_gifs,17,2018-05-06 10:39:42,0,0,2,0
2018-05-06 08:11:15,24,r/mechanical_gifs,18,2018-05-06 11:42:49,0,0,1,0
2018-05-06 08:11:15,24,r/mechanical_gifs,19,2018-05-06 12:09:41,0,0,2,0
2018-05-06 08:11:15,24,r/mechanical_gifs,20,2018-05-06 13:30:22,0,0,2,0
2018-05-06 08:11:15,24,r/mechanical_gifs,21,2018-05-06 13:39:38,0,0,2,0
2018-05-06 08:11:15,24,r/mechanical_gifs,22,2018-05-06 13:49:39,0,0,1,0
2018-05-06 08:11:15,24,r/mechanical_gifs,23,2018-05-06 14:07:55,0,0,2,0
2018-05-06 08:11:15,24,r/mechanical_gifs,24,2018-05-06 13:31:29,0,1,1,0
2018-05-06 08:11:15,24,r/mechanical_gifs,24,2018-05-06 14:40:07,1,0,2,0
2018-05-06 08:11:15,24,r/mechanical_gifs,25,2018-05-06 12:44:02,0,2,0,0
2018-05-06 08:11:15,24,r/mechanical_gifs,25,2018-05-06 13:52:16,1,0,2,0
2018-05-06 08:11:15,24,r/mechanical_gifs,25,2018-05-06 13:30:50,1,1,1,0
2018-05-06 08:11:15,24,r/mechanical_gifs,25,2018-05-06 14:50:24,2,1,1,0
2018-05-06 08:11:15,24,r/mechanical_gifs,25,2018-05-06 14:54:55,3,0,1,0
2018-05-06 08:11:15,24,r/mechanical_gifs,26,2018-05-06 11:12:39,0,0,1,0
2018-05-06 08:11:15,24,r/mechanical_gifs,27,2018-05-06 11:48:16,0,1,1,0
2018-05-06 08:11:15,24,r/mechanical_gifs,27,2018-05-06 13:04:24,1,0,0,0
2018-05-06 08:11:15,24,r/mechanical_gifs,28,2018-05-06 12:42:44,0,0,1,0
2018-05-06 08:11:15,24,r/mechanical_gifs,29,2018-05-06 12:42:44,0,0,1,0
2018-05-06 08:11:15,24,r/mechanical_gifs,30,2018-05-06 12:49:16,0,0,1,0
2018-05-06 08:11:15,24,r/mechanical_gifs,31,2018-05-06 12:55:47,0,0,1,0
2018-05-06 08:11:15,24,r/mechanical_gifs,32,2018-05-06 12:56:34,0,0,1,0
2018-05-06 08:11:15,24,r/mechanical_gifs,33,2018-05-06 12:59:26,0,0,1,0
2018-05-06 08:11:15,24,r/mechanical_gifs,34,2018-05-06 13:01:12,0,0,1,0
2018-05-06 08:11:15,24,r/mechanical_gifs,35,2018-05-06 13:20:16,0,0,1,0
2018-05-06 08:11:15,24,r/mechanical_gifs,36,2018-05-06 13:20:51,0,0,1,0
2018-05-06 08:11:15,24,r/mechanical_gifs,37,2018-05-06 13:29:13,0,0,1,0
2018-05-06 08:11:15,24,r/mechanical_gifs,38,2018-05-06 13:33:50,0,0,1,0
2018-05-06 08:11:15,24,r/mechanical_gifs,39,2018-05-06 13:50:01,0,0,0,0
2018-05-06 08:11:15,24,r/mechanical_gifs,40,2018-05-06 13:53:26,0,0,0,0
2018-05-06 08:11:15,24,r/mechanical_gifs,41,2018-05-06 13:53:46,0,0,0,0
2018-05-06 08:11:15,24,r/mechanical_gifs,42,2018-05-06 13:54:38,0,0,1,0
2018-05-06 08:11:15,24,r/mechanical_gifs,43,2018-05-06 14:00:53,0,0,1,0
2018-05-06 08:11:15,24,r/mechanical_gifs,44,2018-05-06 14:01:09,0,0,0,0
2018-05-06 08:11:15,24,r/mechanical_gifs,45,2018-05-06 14:13:40,0,0,1,0
2018-05-06 08:11:15,24,r/mechanical_gifs,46,2018-05-06 14:15:34,0,0,1,0
2018-05-06 08:11:15,24,r/mechanical_gifs,47,2018-05-06 14:16:58,0,0,0,0
2018-05-06 08:11:15,24,r/mechanical_gifs,48,2018-05-06 14:17:05,0,0,0,0
2018-05-06 08:11:15,24,r/mechanical_gifs,49,2018-05-06 14:19:29,0,0,0,0
2018-05-06 08:11:15,24,r/mechanical_gifs,50,2018-05-06 14:21:17,0,1,1,0
2018-05-06 08:11:15,24,r/mechanical_gifs,50,2018-05-06 14:38:41,1,0,1,0
2018-05-06 08:11:15,24,r/mechanical_gifs,51,2018-05-06 14:28:58,0,0,1,0
2018-05-06 08:11:15,24,r/mechanical_gifs,52,2018-05-06 14:38:42,0,0,1,0
2018-05-06 08:11:15,24,r/mechanical_gifs,53,2018-05-06 14:38:56,0,0,1,0
2018-05-06 08:11:15,24,r/mechanical_gifs,54,2018-05-06 14:46:43,0,0,1,0
2018-05-06 08:11:15,24,r/mechanical_gifs,55,2018-05-06 14:49:24,0,0,1,0
2018-05-06 08:11:15,24,r/mechanical_gifs,56,2018-05-06 14:49:39,0,0,1,0
2018-05-06 08:11:15,24,r/mechanical_gifs,57,2018-05-06 14:49:53,0,0,1,0
2018-05-06 08:11:15,24,r/mechanical_gifs,58,2018-05-06 14:54:40,0,0,1,0
2018-05-06 08:11:15,24,r/mechanical_gifs,59,2018-05-06 14:55:18,0,0,1,0
2018-05-06 08:11:15,24,r/mechanical_gifs,60,2018-05-06 14:58:19,0,0,1,0
2018-05-06 08:11:15,24,r/mechanical_gifs,61,2018-05-06 15:10:11,0,0,1,0
2018-05-06 08:11:15,24,r/mechanical_gifs,62,2018-05-06 10:33:02,0,1,1,0
2018-05-06 08:11:15,24,r/mechanical_gifs,62,2018-05-06 11:33:06,1,1,10,0
2018-05-06 08:11:15,24,r/mechanical_gifs,62,2018-05-06 13:33:39,2,1,0,0
2018-05-06 08:11:15,24,r/mechanical_gifs,62,2018-05-06 13:46:56,3,0,1,0
2018-05-06 08:11:15,24,r/mechanical_gifs,63,2018-05-06 11:07:37,0,1,1,0
2018-05-06 08:11:15,24,r/mechanical_gifs,63,2018-05-06 12:34:45,1,0,1,0
2018-05-06 08:11:15,24,r/mechanical_gifs,64,2018-05-06 12:18:15,0,0,1,0
2018-05-06 08:11:15,24,r/mechanical_gifs,65,2018-05-06 08:44:08,0,0,2,0
2018-05-06 08:11:15,24,r/mechanical_gifs,66,2018-05-06 10:59:24,0,1,0,0
2018-05-06 08:11:15,24,r/mechanical_gifs,66,2018-05-06 12:38:25,1,1,4,0
2018-05-06 08:11:15,24,r/mechanical_gifs,66,2018-05-06 12:41:42,2,0,3,0
2018-05-06 08:11:15,24,r/mechanical_gifs,67,2018-05-06 12:29:17,0,0,0,0
2018-05-06 08:11:15,24,r/mechanical_gifs,68,2018-05-06 10:50:30,0,1,-4,0
2018-05-06 08:11:15,24,r/mechanical_gifs,68,2018-05-06 11:57:49,1,1,4,0
2018-05-06 08:11:15,24,r/mechanical_gifs,68,2018-05-06 12:03:57,2,0,3,0
2018-05-06 08:11:15,24,r/mechanical_gifs,69,2018-05-06 08:44:45,0,4,-13,0
2018-05-06 08:11:15,24,r/mechanical_gifs,69,2018-05-06 08:53:08,1,0,20,0
2018-05-06 08:11:15,24,r/mechanical_gifs,69,2018-05-06 08:51:07,1,1,42,0
2018-05-06 08:11:15,24,r/mechanical_gifs,69,2018-05-06 09:13:58,2,1,-10,0
2018-05-06 08:11:15,24,r/mechanical_gifs,69,2018-05-06 09:19:40,3,0,-5,0
2018-05-06 08:11:15,24,r/mechanical_gifs,69,2018-05-06 09:14:37,1,0,7,0
2018-05-06 08:11:15,24,r/mechanical_gifs,69,2018-05-06 08:55:09,1,0,5,0
2018-05-06 08:11:15,24,r/mechanical_gifs,70,2018-05-06 12:09:02,0,0,0,0
2018-05-06 08:11:15,24,r/mechanical_gifs,71,2018-05-06 14:07:54,0,0,-1,0
2018-05-06 08:11:15,24,r/mechanical_gifs,72,2018-05-06 14:08:33,0,0,-1,0
2018-05-06 10:52:10,25,r/trebuchetmemes,0,2018-05-06 12:10:05,0,0,156,0
2018-05-06 10:52:10,25,r/trebuchetmemes,1,2018-05-06 12:17:07,0,1,43,0
2018-05-06 10:52:10,25,r/trebuchetmemes,1,2018-05-06 13:27:52,1,0,15,0
2018-05-06 10:52:10,25,r/trebuchetmemes,2,2018-05-06 11:58:25,0,0,24,0
2018-05-06 10:52:10,25,r/trebuchetmemes,3,2018-05-06 12:42:49,0,1,21,0
2018-05-06 10:52:10,25,r/trebuchetmemes,3,2018-05-06 12:50:17,1,0,15,0
2018-05-06 10:52:10,25,r/trebuchetmemes,4,2018-05-06 12:48:40,0,0,17,0
2018-05-06 10:52:10,25,r/trebuchetmemes,5,2018-05-06 14:00:55,0,1,8,0
2018-05-06 10:52:10,25,r/trebuchetmemes,5,2018-05-06 14:26:55,1,0,2,0
2018-05-06 10:52:10,25,r/trebuchetmemes,6,2018-05-06 13:08:27,0,0,14,0
2018-05-06 10:52:10,25,r/trebuchetmemes,7,2018-05-06 13:43:08,0,0,6,0
2018-05-06 10:52:10,25,r/trebuchetmemes,8,2018-05-06 12:56:11,0,0,10,0
2018-05-06 10:52:10,25,r/trebuchetmemes,9,2018-05-06 13:56:05,0,0,2,0
2018-05-06 10:52:10,25,r/trebuchetmemes,10,2018-05-06 14:02:02,0,0,2,0
2018-05-06 10:52:10,25,r/trebuchetmemes,11,2018-05-06 14:15:57,0,0,2,0
2018-05-06 10:52:10,25,r/trebuchetmemes,12,2018-05-06 14:30:05,0,1,2,0
2018-05-06 10:52:10,25,r/trebuchetmemes,12,2018-05-06 14:33:36,1,0,2,0
2018-05-06 10:52:10,25,r/trebuchetmemes,13,2018-05-06 14:33:08,0,0,2,0
2018-05-06 10:52:10,25,r/trebuchetmemes,14,2018-05-06 14:33:46,0,0,2,0
2018-05-06 10:52:10,25,r/trebuchetmemes,15,2018-05-06 14:45:58,0,0,2,0
2018-05-06 10:52:10,25,r/trebuchetmemes,16,2018-05-06 14:50:04,0,0,2,0
2018-05-06 10:52:10,25,r/trebuchetmemes,17,2018-05-06 14:52:42,0,0,2,0
2018-05-06 10:52:10,25,r/trebuchetmemes,18,2018-05-06 13:48:58,0,1,3,0
2018-05-06 10:52:10,25,r/trebuchetmemes,18,2018-05-06 14:34:09,1,0,1,0
2018-05-06 10:52:10,25,r/trebuchetmemes,19,2018-05-06 14:04:58,0,0,1,0
2018-05-06 09:58:53,26,r/hmmm,0,2018-05-06 10:13:46,0,3,717,0
2018-05-06 09:58:53,26,r/hmmm,0,2018-05-06 10:58:38,1,18,1267,0
2018-05-06 09:58:53,26,r/hmmm,0,2018-05-06 13:11:14,2,2,307,0
2018-05-06 09:58:53,26,r/hmmm,0,2018-05-06 14:01:36,3,1,107,0
2018-05-06 09:58:53,26,r/hmmm,0,2018-05-06 14:06:20,4,3,95,0
2018-05-06 09:58:53,26,r/hmmm,0,2018-05-06 14:12:51,5,1,82,0
2018-05-06 09:58:53,26,r/hmmm,0,2018-05-06 15:07:44,6,0,1,0
2018-05-06 09:58:53,26,r/hmmm,0,2018-05-06 14:15:00,5,1,16,0
2018-05-06 09:58:53,26,r/hmmm,0,2018-05-06 14:52:24,6,0,5,0
2018-05-06 09:58:53,26,r/hmmm,0,2018-05-06 14:49:39,5,0,5,0
2018-05-06 09:58:53,26,r/hmmm,0,2018-05-06 14:00:00,3,2,19,0
2018-05-06 09:58:53,26,r/hmmm,0,2018-05-06 14:12:10,4,0,7,0
2018-05-06 09:58:53,26,r/hmmm,0,2018-05-06 14:16:09,4,1,1,0
2018-05-06 09:58:53,26,r/hmmm,0,2018-05-06 14:35:59,5,0,2,0
2018-05-06 09:58:53,26,r/hmmm,0,2018-05-06 13:12:21,2,0,48,0
2018-05-06 09:58:53,26,r/hmmm,0,2018-05-06 13:47:35,2,3,72,0
2018-05-06 09:58:53,26,r/hmmm,0,2018-05-06 14:43:20,3,1,7,0
2018-05-06 09:58:53,26,r/hmmm,0,2018-05-06 14:49:44,4,1,2,0
2018-05-06 09:58:53,26,r/hmmm,0,2018-05-06 14:57:22,5,0,4,0
2018-05-06 09:58:53,26,r/hmmm,0,2018-05-06 14:19:49,3,1,6,0
2018-05-06 09:58:53,26,r/hmmm,0,2018-05-06 14:32:03,4,0,5,0
2018-05-06 09:58:53,26,r/hmmm,0,2018-05-06 14:50:36,3,0,1,0
2018-05-06 09:58:53,26,r/hmmm,0,2018-05-06 13:56:25,2,0,13,0
2018-05-06 09:58:53,26,r/hmmm,0,2018-05-06 14:09:32,2,2,40,0
2018-05-06 09:58:53,26,r/hmmm,0,2018-05-06 15:05:59,3,0,1,0
2018-05-06 09:58:53,26,r/hmmm,0,2018-05-06 14:44:52,3,2,-3,0
2018-05-06 09:58:53,26,r/hmmm,0,2018-05-06 15:02:00,4,0,5,0
2018-05-06 09:58:53,26,r/hmmm,0,2018-05-06 14:47:50,4,0,-7,0
2018-05-06 09:58:53,26,r/hmmm,0,2018-05-06 14:22:31,2,0,4,0
2018-05-06 09:58:53,26,r/hmmm,0,2018-05-06 14:26:54,2,0,4,0
2018-05-06 09:58:53,26,r/hmmm,0,2018-05-06 14:42:32,2,0,2,0
2018-05-06 09:58:53,26,r/hmmm,0,2018-05-06 14:56:17,2,0,1,0
2018-05-06 09:58:53,26,r/hmmm,0,2018-05-06 15:04:17,2,0,1,0
2018-05-06 09:58:53,26,r/hmmm,0,2018-05-06 15:04:49,2,0,1,0
2018-05-06 09:58:53,26,r/hmmm,0,2018-05-06 15:09:35,2,0,1,0
2018-05-06 09:58:53,26,r/hmmm,0,2018-05-06 14:39:10,2,0,1,0
2018-05-06 09:58:53,26,r/hmmm,0,2018-05-06 14:14:56,2,0,0,0
2018-05-06 09:58:53,26,r/hmmm,0,2018-05-06 13:45:18,2,2,-8,0
2018-05-06 09:58:53,26,r/hmmm,0,2018-05-06 13:47:13,3,1,20,0
2018-05-06 09:58:53,26,r/hmmm,0,2018-05-06 13:50:27,4,0,5,0
2018-05-06 09:58:53,26,r/hmmm,0,2018-05-06 14:32:02,3,0,1,0
2018-05-06 09:58:53,26,r/hmmm,0,2018-05-06 14:32:38,2,0,0,0
2018-05-06 09:58:53,26,r/hmmm,0,2018-05-06 14:42:32,2,0,0,0
2018-05-06 09:58:53,26,r/hmmm,0,2018-05-06 14:36:42,2,1,-6,0
2018-05-06 09:58:53,26,r/hmmm,0,2018-05-06 14:49:07,3,0,1,0
2018-05-06 09:58:53,26,r/hmmm,0,2018-05-06 10:46:57,1,2,12,0
2018-05-06 09:58:53,26,r/hmmm,0,2018-05-06 10:56:27,2,4,35,0
2018-05-06 09:58:53,26,r/hmmm,0,2018-05-06 11:38:19,3,0,20,0
2018-05-06 09:58:53,26,r/hmmm,0,2018-05-06 14:42:19,3,0,5,0
2018-05-06 09:58:53,26,r/hmmm,0,2018-05-06 14:39:09,3,0,1,0
2018-05-06 09:58:53,26,r/hmmm,0,2018-05-06 12:52:21,3,1,0,0
2018-05-06 09:58:53,26,r/hmmm,0,2018-05-06 13:26:32,4,2,15,0
2018-05-06 09:58:53,26,r/hmmm,0,2018-05-06 14:36:05,5,0,5,0
2018-05-06 09:58:53,26,r/hmmm,0,2018-05-06 14:07:24,5,1,5,0
2018-05-06 09:58:53,26,r/hmmm,0,2018-05-06 14:10:12,6,0,5,0
2018-05-06 09:58:53,26,r/hmmm,0,2018-05-06 13:36:45,2,0,-20,0
2018-05-06 09:58:53,26,r/hmmm,0,2018-05-06 15:10:05,1,0,1,0
2018-05-06 09:58:53,26,r/hmmm,1,2018-05-06 10:40:58,0,2,435,0
2018-05-06 09:58:53,26,r/hmmm,1,2018-05-06 10:55:29,1,1,90,0
2018-05-06 09:58:53,26,r/hmmm,1,2018-05-06 14:16:41,2,0,16,0
2018-05-06 09:58:53,26,r/hmmm,1,2018-05-06 15:03:51,1,0,-3,0
2018-05-06 09:58:53,26,r/hmmm,2,2018-05-06 12:52:19,0,4,131,0
2018-05-06 09:58:53,26,r/hmmm,2,2018-05-06 14:48:23,1,1,13,0
2018-05-06 09:58:53,26,r/hmmm,2,2018-05-06 14:58:48,2,0,4,0
2018-05-06 09:58:53,26,r/hmmm,2,2018-05-06 12:55:08,1,2,23,0
2018-05-06 09:58:53,26,r/hmmm,2,2018-05-06 13:14:38,2,0,65,0
2018-05-06 09:58:53,26,r/hmmm,2,2018-05-06 13:50:58,2,0,29,0
2018-05-06 09:58:53,26,r/hmmm,2,2018-05-06 15:07:30,1,0,2,0
2018-05-06 09:58:53,26,r/hmmm,2,2018-05-06 15:04:01,1,0,1,0
2018-05-06 09:58:53,26,r/hmmm,3,2018-05-06 11:36:43,0,1,20,0
2018-05-06 09:58:53,26,r/hmmm,3,2018-05-06 14:22:09,1,1,11,0
2018-05-06 09:58:53,26,r/hmmm,3,2018-05-06 14:30:07,2,0,2,0
2018-05-06 09:58:53,26,r/hmmm,4,2018-05-06 14:25:23,0,0,17,0
2018-05-06 09:58:53,26,r/hmmm,5,2018-05-06 11:04:21,0,1,26,0
2018-05-06 09:58:53,26,r/hmmm,5,2018-05-06 14:26:45,1,1,12,0
2018-05-06 09:58:53,26,r/hmmm,5,2018-05-06 14:30:11,2,1,12,0
2018-05-06 09:58:53,26,r/hmmm,5,2018-05-06 14:33:44,3,3,12,0
2018-05-06 09:58:53,26,r/hmmm,5,2018-05-06 14:36:36,4,1,12,0
2018-05-06 09:58:53,26,r/hmmm,5,2018-05-06 14:40:32,5,1,8,0
2018-05-06 09:58:53,26,r/hmmm,5,2018-05-06 14:54:06,6,0,0,0
2018-05-06 09:58:53,26,r/hmmm,5,2018-05-06 14:36:40,4,1,5,0
2018-05-06 09:58:53,26,r/hmmm,5,2018-05-06 14:43:37,5,0,4,0
2018-05-06 09:58:53,26,r/hmmm,5,2018-05-06 14:37:24,4,1,1,0
2018-05-06 09:58:53,26,r/hmmm,5,2018-05-06 14:54:25,5,0,3,0
2018-05-06 09:58:53,26,r/hmmm,6,2018-05-06 10:31:39,0,0,8,0
2018-05-06 09:58:53,26,r/hmmm,7,2018-05-06 11:55:16,0,3,10,0
2018-05-06 09:58:53,26,r/hmmm,7,2018-05-06 12:52:35,1,1,3,0
2018-05-06 09:58:53,26,r/hmmm,7,2018-05-06 15:07:41,2,0,1,0
2018-05-06 09:58:53,26,r/hmmm,7,2018-05-06 14:38:47,1,0,1,0
2018-05-06 09:58:53,26,r/hmmm,7,2018-05-06 14:43:33,1,0,1,0
2018-05-06 09:58:53,26,r/hmmm,8,2018-05-06 13:52:31,0,0,5,0
2018-05-06 09:58:53,26,r/hmmm,9,2018-05-06 14:31:52,0,0,3,0
2018-05-06 09:58:53,26,r/hmmm,10,2018-05-06 13:56:07,0,0,2,0
2018-05-06 09:58:53,26,r/hmmm,11,2018-05-06 14:06:09,0,0,2,0
2018-05-06 09:58:53,26,r/hmmm,12,2018-05-06 14:27:32,0,0,2,0
2018-05-06 09:58:53,26,r/hmmm,13,2018-05-06 14:29:31,0,1,2,0
2018-05-06 09:58:53,26,r/hmmm,13,2018-05-06 15:04:21,1,0,1,0
2018-05-06 09:58:53,26,r/hmmm,14,2018-05-06 14:43:58,0,0,2,0
2018-05-06 09:58:53,26,r/hmmm,15,2018-05-06 14:50:05,0,0,2,0
2018-05-06 09:58:53,26,r/hmmm,16,2018-05-06 14:53:37,0,0,1,0
2018-05-06 09:58:53,26,r/hmmm,17,2018-05-06 11:50:38,0,0,2,0
2018-05-06 09:58:53,26,r/hmmm,18,2018-05-06 10:05:36,0,0,1,0
2018-05-06 09:58:53,26,r/hmmm,19,2018-05-06 10:40:14,0,0,1,0
2018-05-06 09:58:53,26,r/hmmm,20,2018-05-06 12:52:15,0,0,1,0
2018-05-06 09:58:53,26,r/hmmm,21,2018-05-06 13:43:31,0,0,1,0
2018-05-06 09:58:53,26,r/hmmm,22,2018-05-06 14:06:21,0,0,1,0
2018-05-06 09:58:53,26,r/hmmm,23,2018-05-06 14:09:46,0,0,1,0
2018-05-06 09:58:53,26,r/hmmm,24,2018-05-06 14:13:28,0,0,1,0
2018-05-06 09:58:53,26,r/hmmm,25,2018-05-06 14:21:56,0,0,1,0
2018-05-06 09:58:53,26,r/hmmm,26,2018-05-06 14:30:43,0,0,1,0
2018-05-06 09:58:53,26,r/hmmm,27,2018-05-06 14:38:47,0,0,1,0
2018-05-06 09:58:53,26,r/hmmm,28,2018-05-06 14:39:55,0,0,1,0
2018-05-06 09:58:53,26,r/hmmm,29,2018-05-06 14:43:14,0,0,1,0
2018-05-06 09:58:53,26,r/hmmm,30,2018-05-06 14:49:49,0,0,1,0
2018-05-06 09:58:53,26,r/hmmm,31,2018-05-06 14:54:41,0,0,1,0
2018-05-06 09:58:53,26,r/hmmm,32,2018-05-06 15:03:01,0,0,1,0
2018-05-06 09:58:53,26,r/hmmm,33,2018-05-06 15:08:00,0,0,1,0
2018-05-06 09:58:53,26,r/hmmm,34,2018-05-06 15:09:23,0,0,1,0
2018-05-06 09:58:53,26,r/hmmm,35,2018-05-06 14:19:08,0,0,1,0
2018-05-06 09:58:53,26,r/hmmm,36,2018-05-06 14:21:54,0,0,1,0
2018-05-06 09:58:53,26,r/hmmm,37,2018-05-06 13:18:47,0,2,1,0
2018-05-06 09:58:53,26,r/hmmm,37,2018-05-06 14:53:48,1,0,5,0
2018-05-06 09:58:53,26,r/hmmm,37,2018-05-06 14:19:26,1,0,1,0
2018-05-06 09:58:53,26,r/hmmm,38,2018-05-06 13:59:13,0,0,1,0
2018-05-06 09:58:53,26,r/hmmm,39,2018-05-06 14:00:58,0,0,0,0
2018-05-06 09:58:53,26,r/hmmm,40,2018-05-06 12:13:28,0,0,-2,0
2018-05-06 08:14:18,27,r/PrequelMemes,0,2018-05-06 09:15:53,0,6,1036,0
2018-05-06 08:14:18,27,r/PrequelMemes,0,2018-05-06 09:43:34,1,2,183,0
2018-05-06 08:14:18,27,r/PrequelMemes,0,2018-05-06 13:34:36,2,0,70,0
2018-05-06 08:14:18,27,r/PrequelMemes,0,2018-05-06 14:39:08,2,0,4,0
2018-05-06 08:14:18,27,r/PrequelMemes,0,2018-05-06 13:43:50,1,1,51,0
2018-05-06 08:14:18,27,r/PrequelMemes,0,2018-05-06 13:52:37,2,1,29,0
2018-05-06 08:14:18,27,r/PrequelMemes,0,2018-05-06 13:59:27,3,0,25,0
2018-05-06 08:14:18,27,r/PrequelMemes,0,2018-05-06 14:06:23,1,1,19,0
2018-05-06 08:14:18,27,r/PrequelMemes,0,2018-05-06 14:50:54,2,1,1,0
2018-05-06 08:14:18,27,r/PrequelMemes,0,2018-05-06 15:00:37,3,1,1,0
2018-05-06 08:14:18,27,r/PrequelMemes,0,2018-05-06 15:01:22,4,0,1,0
2018-05-06 08:14:18,27,r/PrequelMemes,0,2018-05-06 14:10:43,1,0,5,0
2018-05-06 08:14:18,27,r/PrequelMemes,0,2018-05-06 14:45:04,1,1,1,0
2018-05-06 08:14:18,27,r/PrequelMemes,0,2018-05-06 14:50:07,2,1,1,0
2018-05-06 08:14:18,27,r/PrequelMemes,0,2018-05-06 14:51:45,3,0,1,0
2018-05-06 08:14:18,27,r/PrequelMemes,0,2018-05-06 14:19:55,1,0,2,0
2018-05-06 08:14:18,27,r/PrequelMemes,1,2018-05-06 08:16:01,0,2,673,0
2018-05-06 08:14:18,27,r/PrequelMemes,1,2018-05-06 08:16:29,1,3,253,0
2018-05-06 08:14:18,27,r/PrequelMemes,1,2018-05-06 08:17:23,2,2,114,0
2018-05-06 08:14:18,27,r/PrequelMemes,1,2018-05-06 08:31:59,3,0,69,0
2018-05-06 08:14:18,27,r/PrequelMemes,1,2018-05-06 14:55:55,3,0,1,0
2018-05-06 08:14:18,27,r/PrequelMemes,1,2018-05-06 12:19:12,2,1,26,0
2018-05-06 08:14:18,27,r/PrequelMemes,1,2018-05-06 14:11:04,3,0,8,0
2018-05-06 08:14:18,27,r/PrequelMemes,1,2018-05-06 14:09:24,2,0,3,0
2018-05-06 08:14:18,27,r/PrequelMemes,1,2018-05-06 12:41:15,1,1,9,0
2018-05-06 08:14:18,27,r/PrequelMemes,1,2018-05-06 14:08:59,2,0,5,0
2018-05-06 08:14:18,27,r/PrequelMemes,2,2018-05-06 09:20:12,0,2,86,0
2018-05-06 08:14:18,27,r/PrequelMemes,2,2018-05-06 09:39:28,1,0,13,0
2018-05-06 08:14:18,27,r/PrequelMemes,2,2018-05-06 12:51:33,1,2,4,0
2018-05-06 08:14:18,27,r/PrequelMemes,2,2018-05-06 14:50:22,2,0,1,0
2018-05-06 08:14:18,27,r/PrequelMemes,2,2018-05-06 14:03:31,2,0,2,0
2018-05-06 08:14:18,27,r/PrequelMemes,3,2018-05-06 12:49:14,0,3,168,0
2018-05-06 08:14:18,27,r/PrequelMemes,3,2018-05-06 13:38:28,1,1,42,0
2018-05-06 08:14:18,27,r/PrequelMemes,3,2018-05-06 14:22:25,2,0,8,0
2018-05-06 08:14:18,27,r/PrequelMemes,3,2018-05-06 13:53:56,1,1,15,0
2018-05-06 08:14:18,27,r/PrequelMemes,3,2018-05-06 14:11:11,2,2,43,0
2018-05-06 08:14:18,27,r/PrequelMemes,3,2018-05-06 14:48:47,3,0,1,0
2018-05-06 08:14:18,27,r/PrequelMemes,3,2018-05-06 14:52:40,3,0,1,0
2018-05-06 08:14:18,27,r/PrequelMemes,3,2018-05-06 15:01:20,1,0,1,0
2018-05-06 08:14:18,27,r/PrequelMemes,4,2018-05-06 09:58:36,0,3,230,0
2018-05-06 08:14:18,27,r/PrequelMemes,4,2018-05-06 11:41:01,1,1,102,0
2018-05-06 08:14:18,27,r/PrequelMemes,4,2018-05-06 14:23:32,2,0,8,0
2018-05-06 08:14:18,27,r/PrequelMemes,4,2018-05-06 13:49:25,1,0,2,0
2018-05-06 08:14:18,27,r/PrequelMemes,4,2018-05-06 15:02:14,1,0,1,0
2018-05-06 08:14:18,27,r/PrequelMemes,5,2018-05-06 12:45:49,0,4,220,0
2018-05-06 08:14:18,27,r/PrequelMemes,5,2018-05-06 13:45:54,1,0,86,0
2018-05-06 08:14:18,27,r/PrequelMemes,5,2018-05-06 13:56:42,1,1,36,0
2018-05-06 08:14:18,27,r/PrequelMemes,5,2018-05-06 14:41:40,2,0,1,0
2018-05-06 08:14:18,27,r/PrequelMemes,5,2018-05-06 14:49:50,1,0,1,0
2018-05-06 08:14:18,27,r/PrequelMemes,5,2018-05-06 15:00:18,1,0,1,0
2018-05-06 08:14:18,27,r/PrequelMemes,6,2018-05-06 11:04:57,0,1,66,0
2018-05-06 08:14:18,27,r/PrequelMemes,6,2018-05-06 11:41:24,1,0,25,0
2018-05-06 08:14:18,27,r/PrequelMemes,7,2018-05-06 08:49:47,0,2,108,0
2018-05-06 08:14:18,27,r/PrequelMemes,7,2018-05-06 08:54:03,1,1,84,0
2018-05-06 08:14:18,27,r/PrequelMemes,7,2018-05-06 12:44:47,2,1,32,0
2018-05-06 08:14:18,27,r/PrequelMemes,7,2018-05-06 14:09:59,3,1,7,0
2018-05-06 08:14:18,27,r/PrequelMemes,7,2018-05-06 14:50:47,4,0,1,0
2018-05-06 08:14:18,27,r/PrequelMemes,7,2018-05-06 13:17:39,1,1,13,0
2018-05-06 08:14:18,27,r/PrequelMemes,7,2018-05-06 13:44:23,2,0,10,0
2018-05-06 08:14:18,27,r/PrequelMemes,8,2018-05-06 13:21:51,0,1,46,0
2018-05-06 08:14:18,27,r/PrequelMemes,8,2018-05-06 13:39:34,1,0,18,0
2018-05-06 08:14:18,27,r/PrequelMemes,9,2018-05-06 11:31:25,0,1,17,0
2018-05-06 08:14:18,27,r/PrequelMemes,9,2018-05-06 11:42:18,1,0,12,0
2018-05-06 08:14:18,27,r/PrequelMemes,10,2018-05-06 12:48:03,0,0,9,0
2018-05-06 08:14:18,27,r/PrequelMemes,11,2018-05-06 11:49:45,0,0,5,0
2018-05-06 08:14:18,27,r/PrequelMemes,12,2018-05-06 11:51:19,0,0,8,0
2018-05-06 08:14:18,27,r/PrequelMemes,13,2018-05-06 12:13:29,0,1,3,0
2018-05-06 08:14:18,27,r/PrequelMemes,13,2018-05-06 15:01:32,1,0,1,0
2018-05-06 08:14:18,27,r/PrequelMemes,14,2018-05-06 11:47:43,0,0,4,0
2018-05-06 08:14:18,27,r/PrequelMemes,15,2018-05-06 12:46:07,0,0,3,0
2018-05-06 08:14:18,27,r/PrequelMemes,16,2018-05-06 13:00:12,0,0,3,0
2018-05-06 08:14:18,27,r/PrequelMemes,17,2018-05-06 13:00:51,0,1,2,0
2018-05-06 08:14:18,27,r/PrequelMemes,17,2018-05-06 13:54:05,1,0,2,0
2018-05-06 08:14:18,27,r/PrequelMemes,18,2018-05-06 13:23:41,0,0,2,0
2018-05-06 08:14:18,27,r/PrequelMemes,19,2018-05-06 13:47:29,0,0,2,0
2018-05-06 08:14:18,27,r/PrequelMemes,20,2018-05-06 13:59:23,0,0,2,0
2018-05-06 08:14:18,27,r/PrequelMemes,21,2018-05-06 14:03:16,0,0,2,0
2018-05-06 08:14:18,27,r/PrequelMemes,22,2018-05-06 14:42:11,0,0,1,0
2018-05-06 08:14:18,27,r/PrequelMemes,23,2018-05-06 14:26:12,0,0,1,0
2018-05-06 08:14:18,27,r/PrequelMemes,24,2018-05-06 14:41:08,0,0,1,0
2018-05-06 08:14:18,27,r/PrequelMemes,25,2018-05-06 14:45:47,0,0,1,0
2018-05-06 08:14:18,27,r/PrequelMemes,26,2018-05-06 15:01:52,0,0,1,0
2018-05-06 08:14:18,27,r/PrequelMemes,27,2018-05-06 15:08:02,0,0,1,0
2018-05-06 06:04:56,28,r/pics,0,2018-05-06 07:53:46,0,6,3597,0
2018-05-06 06:04:56,28,r/pics,0,2018-05-06 11:13:02,1,4,715,0
2018-05-06 06:04:56,28,r/pics,0,2018-05-06 12:34:31,2,5,776,0
2018-05-06 06:04:56,28,r/pics,0,2018-05-06 13:40:34,3,6,753,0
2018-05-06 06:04:56,28,r/pics,0,2018-05-06 14:07:03,4,1,166,0
2018-05-06 06:04:56,28,r/pics,0,2018-05-06 14:53:37,5,0,1,0
2018-05-06 06:04:56,28,r/pics,0,2018-05-06 14:12:10,4,0,1,0
2018-05-06 06:04:56,28,r/pics,0,2018-05-06 14:31:27,4,0,1,0
2018-05-06 06:04:56,28,r/pics,0,2018-05-06 14:21:54,4,1,1,0
2018-05-06 06:04:56,28,r/pics,0,2018-05-06 14:37:44,5,0,1,0
2018-05-06 06:04:56,28,r/pics,0,2018-05-06 14:35:48,4,0,1,0
2018-05-06 06:04:56,28,r/pics,0,2018-05-06 13:53:38,3,1,58,0
2018-05-06 06:04:56,28,r/pics,0,2018-05-06 14:05:31,3,1,29,0
2018-05-06 06:04:56,28,r/pics,0,2018-05-06 14:16:57,3,0,1,0
2018-05-06 06:04:56,28,r/pics,0,2018-05-06 12:06:44,2,3,84,0
2018-05-06 06:04:56,28,r/pics,0,2018-05-06 13:14:21,3,1,17,0
2018-05-06 06:04:56,28,r/pics,0,2018-05-06 14:46:24,3,0,1,0
2018-05-06 06:04:56,28,r/pics,0,2018-05-06 13:30:00,2,1,6,0
2018-05-06 06:04:56,28,r/pics,0,2018-05-06 13:01:12,1,1,20,0
2018-05-06 06:04:56,28,r/pics,0,2018-05-06 12:56:46,1,0,12,0
2018-05-06 06:04:56,28,r/pics,0,2018-05-06 12:59:43,1,0,6,0
2018-05-06 06:04:56,28,r/pics,0,2018-05-06 13:41:05,1,0,3,0
2018-05-06 06:04:56,28,r/pics,1,2018-05-06 06:19:33,0,4,11451,0
2018-05-06 06:04:56,28,r/pics,1,2018-05-06 06:37:53,1,4,4051,0
2018-05-06 06:04:56,28,r/pics,1,2018-05-06 07:11:19,2,7,6965,0
2018-05-06 06:04:56,28,r/pics,1,2018-05-06 07:40:27,3,14,4998,0
2018-05-06 06:04:56,28,r/pics,1,2018-05-06 09:06:03,4,5,1279,0
2018-05-06 06:04:56,28,r/pics,1,2018-05-06 10:24:58,5,4,676,0
2018-05-06 06:04:56,28,r/pics,1,2018-05-06 13:08:13,6,2,244,0
2018-05-06 06:04:56,28,r/pics,1,2018-05-06 14:15:48,7,1,1,0
2018-05-06 06:04:56,28,r/pics,1,2018-05-06 13:25:23,6,0,48,0
2018-05-06 06:04:56,28,r/pics,1,2018-05-06 12:50:12,6,0,16,0
2018-05-06 06:04:56,28,r/pics,1,2018-05-06 10:35:43,5,2,80,0
2018-05-06 06:04:56,28,r/pics,1,2018-05-06 13:29:02,6,0,6,0
2018-05-06 06:04:56,28,r/pics,1,2018-05-06 12:20:13,5,0,3,0
2018-05-06 06:04:56,28,r/pics,1,2018-05-06 12:30:09,5,0,3,0
2018-05-06 06:04:56,28,r/pics,1,2018-05-06 08:15:20,4,2,1557,0
2018-05-06 06:04:56,28,r/pics,1,2018-05-06 11:33:01,5,1,57,0
2018-05-06 06:04:56,28,r/pics,1,2018-05-06 11:42:02,5,0,10,0
2018-05-06 06:04:56,28,r/pics,1,2018-05-06 08:34:34,4,3,1904,0
2018-05-06 06:04:56,28,r/pics,1,2018-05-06 09:10:06,5,5,172,0
2018-05-06 06:04:56,28,r/pics,1,2018-05-06 09:27:57,6,1,27,0
2018-05-06 06:04:56,28,r/pics,1,2018-05-06 11:32:50,7,1,2,0
2018-05-06 06:04:56,28,r/pics,1,2018-05-06 09:27:41,6,1,38,0
2018-05-06 06:04:56,28,r/pics,1,2018-05-06 10:04:56,6,1,3,0
2018-05-06 06:04:56,28,r/pics,1,2018-05-06 10:08:02,7,0,4,0
2018-05-06 06:04:56,28,r/pics,1,2018-05-06 09:49:09,6,0,7,0
2018-05-06 06:04:56,28,r/pics,1,2018-05-06 10:37:28,5,1,4,0
2018-05-06 06:04:56,28,r/pics,1,2018-05-06 10:59:57,6,0,3,0
2018-05-06 06:04:56,28,r/pics,1,2018-05-06 09:18:52,4,2,280,0
2018-05-06 06:04:56,28,r/pics,1,2018-05-06 11:50:22,5,1,95,0
2018-05-06 06:04:56,28,r/pics,1,2018-05-06 13:20:03,6,1,15,0
2018-05-06 06:04:56,28,r/pics,1,2018-05-06 08:23:11,4,1,168,0
2018-05-06 06:04:56,28,r/pics,1,2018-05-06 08:27:57,5,2,58,0
2018-05-06 06:04:56,28,r/pics,1,2018-05-06 08:51:18,6,0,11,0
2018-05-06 06:04:56,28,r/pics,1,2018-05-06 08:31:01,4,2,50,0
2018-05-06 06:04:56,28,r/pics,1,2018-05-06 08:48:57,5,2,25,0
2018-05-06 06:04:56,28,r/pics,1,2018-05-06 10:49:36,6,0,4,0
2018-05-06 06:04:56,28,r/pics,1,2018-05-06 09:08:04,6,0,3,0
2018-05-06 06:04:56,28,r/pics,1,2018-05-06 09:51:46,5,0,3,0
2018-05-06 06:04:56,28,r/pics,1,2018-05-06 08:44:44,4,1,26,0
2018-05-06 06:04:56,28,r/pics,1,2018-05-06 10:42:24,5,1,44,0
2018-05-06 06:04:56,28,r/pics,1,2018-05-06 09:18:53,4,1,12,0
2018-05-06 06:04:56,28,r/pics,1,2018-05-06 11:50:11,5,0,2,0
2018-05-06 06:04:56,28,r/pics,1,2018-05-06 08:30:28,4,0,7,0
2018-05-06 06:04:56,28,r/pics,1,2018-05-06 12:48:11,4,0,3,0
2018-05-06 06:04:56,28,r/pics,1,2018-05-06 10:34:48,4,0,2,0
2018-05-06 06:04:56,28,r/pics,1,2018-05-06 12:09:43,4,0,2,0
2018-05-06 06:04:56,28,r/pics,1,2018-05-06 12:27:46,4,0,2,0
2018-05-06 06:04:56,28,r/pics,1,2018-05-06 07:14:02,3,2,200,0
2018-05-06 06:04:56,28,r/pics,1,2018-05-06 07:24:00,4,9,748,0
2018-05-06 06:04:56,28,r/pics,1,2018-05-06 07:52:44,5,1,367,0
2018-05-06 06:04:56,28,r/pics,1,2018-05-06 08:00:25,6,2,159,0
2018-05-06 06:04:56,28,r/pics,1,2018-05-06 09:32:43,7,0,4,0
2018-05-06 06:04:56,28,r/pics,1,2018-05-06 08:24:03,5,1,38,0
2018-05-06 06:04:56,28,r/pics,1,2018-05-06 08:28:53,6,4,179,0
2018-05-06 06:04:56,28,r/pics,1,2018-05-06 09:02:07,7,1,44,0
2018-05-06 06:04:56,28,r/pics,1,2018-05-06 10:24:35,8,0,6,0
2018-05-06 06:04:56,28,r/pics,1,2018-05-06 08:49:10,7,1,31,0
2018-05-06 06:04:56,28,r/pics,1,2018-05-06 12:14:14,7,0,2,0
2018-05-06 06:04:56,28,r/pics,1,2018-05-06 07:27:19,5,1,48,0
2018-05-06 06:04:56,28,r/pics,1,2018-05-06 08:10:44,5,4,17,0
2018-05-06 06:04:56,28,r/pics,1,2018-05-06 08:19:38,6,2,174,0
2018-05-06 06:04:56,28,r/pics,1,2018-05-06 09:03:47,7,1,23,0
2018-05-06 06:04:56,28,r/pics,1,2018-05-06 09:07:22,8,0,2,0
2018-05-06 06:04:56,28,r/pics,1,2018-05-06 08:15:18,6,1,33,0
2018-05-06 06:04:56,28,r/pics,1,2018-05-06 08:27:26,6,0,20,0
2018-05-06 06:04:56,28,r/pics,1,2018-05-06 07:40:27,5,0,15,0
2018-05-06 06:04:56,28,r/pics,1,2018-05-06 08:14:21,5,0,3,0
2018-05-06 06:04:56,28,r/pics,1,2018-05-06 08:10:45,5,0,4,0
2018-05-06 06:04:56,28,r/pics,1,2018-05-06 09:31:13,5,0,2,0
2018-05-06 06:04:56,28,r/pics,1,2018-05-06 08:21:07,3,1,20,0
2018-05-06 06:04:56,28,r/pics,1,2018-05-06 08:25:03,4,0,2,0
2018-05-06 06:04:56,28,r/pics,1,2018-05-06 08:29:40,3,0,15,0
2018-05-06 06:04:56,28,r/pics,1,2018-05-06 08:38:56,3,0,9,0
2018-05-06 06:04:56,28,r/pics,1,2018-05-06 10:26:28,3,0,3,0
2018-05-06 06:04:56,28,r/pics,1,2018-05-06 06:58:41,2,1,49,0
2018-05-06 06:04:56,28,r/pics,1,2018-05-06 09:51:19,3,0,3,0
2018-05-06 06:04:56,28,r/pics,1,2018-05-06 09:03:08,2,0,2,0
2018-05-06 06:04:56,28,r/pics,1,2018-05-06 06:58:17,1,2,163,0
2018-05-06 06:04:56,28,r/pics,1,2018-05-06 07:02:14,2,3,211,0
2018-05-06 06:04:56,28,r/pics,1,2018-05-06 08:27:08,3,1,38,0
2018-05-06 06:04:56,28,r/pics,1,2018-05-06 08:39:20,4,2,80,0
2018-05-06 06:04:56,28,r/pics,1,2018-05-06 08:49:46,5,1,57,0
2018-05-06 06:04:56,28,r/pics,1,2018-05-06 08:54:59,6,0,6,0
2018-05-06 06:04:56,28,r/pics,1,2018-05-06 10:50:52,3,0,2,0
2018-05-06 06:04:56,28,r/pics,1,2018-05-06 09:42:13,1,0,3,0
2018-05-06 06:04:56,28,r/pics,2,2018-05-06 06:08:29,0,5,4416,0
2018-05-06 06:04:56,28,r/pics,2,2018-05-06 06:31:30,1,7,12180,1
2018-05-06 06:04:56,28,r/pics,2,2018-05-06 06:39:48,2,3,2050,0
2018-05-06 06:04:56,28,r/pics,2,2018-05-06 08:34:34,3,3,5017,1
2018-05-06 06:04:56,28,r/pics,2,2018-05-06 09:28:51,4,1,796,0
2018-05-06 06:04:56,28,r/pics,2,2018-05-06 12:21:59,5,1,32,0
2018-05-06 06:04:56,28,r/pics,2,2018-05-06 12:34:35,6,0,7,0
2018-05-06 06:04:56,28,r/pics,2,2018-05-06 09:14:34,4,1,330,0
2018-05-06 06:04:56,28,r/pics,2,2018-05-06 10:00:36,5,1,164,0
2018-05-06 06:04:56,28,r/pics,2,2018-05-06 13:17:52,6,1,7,0
2018-05-06 06:04:56,28,r/pics,2,2018-05-06 13:25:17,7,0,3,0
2018-05-06 06:04:56,28,r/pics,2,2018-05-06 08:34:54,3,5,133,0
2018-05-06 06:04:56,28,r/pics,2,2018-05-06 11:59:02,4,0,6,0
2018-05-06 06:04:56,28,r/pics,2,2018-05-06 12:34:06,4,0,6,0
2018-05-06 06:04:56,28,r/pics,2,2018-05-06 12:22:57,4,0,3,0
2018-05-06 06:04:56,28,r/pics,2,2018-05-06 12:20:28,4,0,2,0
2018-05-06 06:04:56,28,r/pics,2,2018-05-06 09:00:11,3,0,11,0
2018-05-06 06:04:56,28,r/pics,2,2018-05-06 07:05:54,2,1,291,0
2018-05-06 06:04:56,28,r/pics,2,2018-05-06 08:12:43,3,2,263,0
2018-05-06 06:04:56,28,r/pics,2,2018-05-06 08:31:16,4,2,84,0
2018-05-06 06:04:56,28,r/pics,2,2018-05-06 10:30:30,5,0,24,0
2018-05-06 06:04:56,28,r/pics,2,2018-05-06 08:58:53,2,1,37,0
2018-05-06 06:04:56,28,r/pics,2,2018-05-06 09:34:33,2,0,4,0
2018-05-06 06:04:56,28,r/pics,2,2018-05-06 09:54:13,2,0,4,0
2018-05-06 06:04:56,28,r/pics,2,2018-05-06 12:18:25,2,0,2,0
2018-05-06 06:04:56,28,r/pics,2,2018-05-06 06:46:02,1,1,49,0
2018-05-06 06:04:56,28,r/pics,2,2018-05-06 07:53:25,2,2,77,0
2018-05-06 06:04:56,28,r/pics,2,2018-05-06 08:14:21,3,1,55,0
2018-05-06 06:04:56,28,r/pics,2,2018-05-06 08:27:35,4,1,30,0
2018-05-06 06:04:56,28,r/pics,2,2018-05-06 11:00:46,1,0,2,0
2018-05-06 06:04:56,28,r/pics,2,2018-05-06 11:43:02,1,0,2,0
2018-05-06 06:04:56,28,r/pics,3,2018-05-06 08:37:36,0,3,1536,0
2018-05-06 06:04:56,28,r/pics,3,2018-05-06 09:05:35,1,1,531,0
2018-05-06 06:04:56,28,r/pics,3,2018-05-06 10:51:37,2,1,164,0
2018-05-06 06:04:56,28,r/pics,3,2018-05-06 11:54:41,3,1,119,0
2018-05-06 06:04:56,28,r/pics,3,2018-05-06 12:03:59,4,3,104,0
2018-05-06 06:04:56,28,r/pics,3,2018-05-06 13:47:17,5,2,11,0
2018-05-06 06:04:56,28,r/pics,3,2018-05-06 13:48:57,6,2,10,0
2018-05-06 06:04:56,28,r/pics,3,2018-05-06 14:53:22,7,0,1,0
2018-05-06 06:04:56,28,r/pics,3,2018-05-06 14:17:11,5,0,1,0
2018-05-06 06:04:56,28,r/pics,3,2018-05-06 12:15:44,1,0,11,0
2018-05-06 06:04:56,28,r/pics,4,2018-05-06 06:17:36,0,7,21980,1
2018-05-06 06:04:56,28,r/pics,4,2018-05-06 07:38:52,1,18,20546,2
2018-05-06 06:04:56,28,r/pics,4,2018-05-06 07:39:37,2,3,3277,1
2018-05-06 06:04:56,28,r/pics,4,2018-05-06 08:46:52,3,3,615,0
2018-05-06 06:04:56,28,r/pics,4,2018-05-06 13:00:44,4,3,69,0
2018-05-06 06:04:56,28,r/pics,4,2018-05-06 13:32:33,5,1,19,0
2018-05-06 06:04:56,28,r/pics,4,2018-05-06 14:00:47,6,1,5,0
2018-05-06 06:04:56,28,r/pics,4,2018-05-06 13:42:44,5,1,3,0
2018-05-06 06:04:56,28,r/pics,4,2018-05-06 14:11:11,4,0,1,0
2018-05-06 06:04:56,28,r/pics,4,2018-05-06 07:41:39,3,5,940,0
2018-05-06 06:04:56,28,r/pics,4,2018-05-06 07:44:44,4,2,605,0
2018-05-06 06:04:56,28,r/pics,4,2018-05-06 08:05:57,5,4,298,0
2018-05-06 06:04:56,28,r/pics,4,2018-05-06 08:15:48,6,6,762,0
2018-05-06 06:04:56,28,r/pics,4,2018-05-06 08:51:14,7,2,163,0
2018-05-06 06:04:56,28,r/pics,4,2018-05-06 09:24:38,8,4,95,0
2018-05-06 06:04:56,28,r/pics,4,2018-05-06 09:40:31,9,1,31,0
2018-05-06 06:04:56,28,r/pics,4,2018-05-06 10:38:10,9,0,7,0
2018-05-06 06:04:56,28,r/pics,4,2018-05-06 09:53:02,9,0,8,0
2018-05-06 06:04:56,28,r/pics,4,2018-05-06 10:16:38,9,1,3,0
2018-05-06 06:04:56,28,r/pics,4,2018-05-06 12:24:03,8,0,3,0
2018-05-06 06:04:56,28,r/pics,4,2018-05-06 10:10:28,7,1,7,0
2018-05-06 06:04:56,28,r/pics,4,2018-05-06 11:24:35,8,0,3,0
2018-05-06 06:04:56,28,r/pics,4,2018-05-06 08:28:43,7,1,39,0
2018-05-06 06:04:56,28,r/pics,4,2018-05-06 09:02:12,7,0,3,0
2018-05-06 06:04:56,28,r/pics,4,2018-05-06 11:11:19,7,0,2,0
2018-05-06 06:04:56,28,r/pics,4,2018-05-06 08:10:10,6,4,58,0
2018-05-06 06:04:56,28,r/pics,4,2018-05-06 08:31:30,7,3,149,0
2018-05-06 06:04:56,28,r/pics,4,2018-05-06 08:35:02,8,2,34,0
2018-05-06 06:04:56,28,r/pics,4,2018-05-06 08:42:54,9,1,33,0
2018-05-06 06:04:56,28,r/pics,4,2018-05-06 08:39:20,8,2,4,0
2018-05-06 06:04:56,28,r/pics,4,2018-05-06 08:57:58,9,1,8,0
2018-05-06 06:04:56,28,r/pics,4,2018-05-06 08:32:21,7,1,35,0
2018-05-06 06:04:56,28,r/pics,4,2018-05-06 08:35:59,8,2,31,0
2018-05-06 06:04:56,28,r/pics,4,2018-05-06 09:46:35,9,0,4,0
2018-05-06 06:04:56,28,r/pics,4,2018-05-06 09:26:30,7,0,4,0
2018-05-06 06:04:56,28,r/pics,4,2018-05-06 08:44:21,6,1,2,0
2018-05-06 06:04:56,28,r/pics,4,2018-05-06 08:46:07,7,1,5,0
2018-05-06 06:04:56,28,r/pics,4,2018-05-06 10:02:21,4,2,6,0
2018-05-06 06:04:56,28,r/pics,4,2018-05-06 12:56:54,5,1,3,0
2018-05-06 06:04:56,28,r/pics,4,2018-05-06 08:35:16,4,0,16,0
2018-05-06 06:04:56,28,r/pics,4,2018-05-06 10:43:24,4,0,2,0
2018-05-06 06:04:56,28,r/pics,4,2018-05-06 08:35:10,2,3,267,0
2018-05-06 06:04:56,28,r/pics,4,2018-05-06 09:16:06,3,1,7,0
2018-05-06 06:04:56,28,r/pics,4,2018-05-06 12:37:12,4,0,4,0
2018-05-06 06:04:56,28,r/pics,4,2018-05-06 13:23:09,3,0,6,0
2018-05-06 06:04:56,28,r/pics,4,2018-05-06 08:22:28,2,2,275,0
2018-05-06 06:04:56,28,r/pics,4,2018-05-06 08:31:09,3,1,112,0
2018-05-06 06:04:56,28,r/pics,4,2018-05-06 08:43:12,4,2,51,0
2018-05-06 06:04:56,28,r/pics,4,2018-05-06 09:23:01,5,1,35,0
2018-05-06 06:04:56,28,r/pics,4,2018-05-06 10:49:41,6,2,43,0
2018-05-06 06:04:56,28,r/pics,4,2018-05-06 11:18:09,7,1,3,0
2018-05-06 06:04:56,28,r/pics,4,2018-05-06 08:14:18,2,2,129,0
2018-05-06 06:04:56,28,r/pics,4,2018-05-06 08:30:46,3,3,64,0
2018-05-06 06:04:56,28,r/pics,4,2018-05-06 08:34:12,4,3,30,0
2018-05-06 06:04:56,28,r/pics,4,2018-05-06 09:36:31,5,0,78,0
2018-05-06 06:04:56,28,r/pics,4,2018-05-06 11:52:52,5,0,3,0
2018-05-06 06:04:56,28,r/pics,4,2018-05-06 09:21:14,4,0,4,0
2018-05-06 06:04:56,28,r/pics,4,2018-05-06 09:12:49,3,0,6,0
2018-05-06 06:04:56,28,r/pics,4,2018-05-06 08:28:11,2,8,755,0
2018-05-06 06:04:56,28,r/pics,4,2018-05-06 09:10:09,3,1,380,0
2018-05-06 06:04:56,28,r/pics,4,2018-05-06 12:11:25,4,0,13,0
2018-05-06 06:04:56,28,r/pics,4,2018-05-06 08:40:48,3,3,167,0
2018-05-06 06:04:56,28,r/pics,4,2018-05-06 08:55:58,4,1,33,0
2018-05-06 06:04:56,28,r/pics,4,2018-05-06 09:02:58,5,2,6,0
2018-05-06 06:04:56,28,r/pics,4,2018-05-06 09:22:21,6,1,19,0
2018-05-06 06:04:56,28,r/pics,4,2018-05-06 12:04:20,7,1,2,0
2018-05-06 06:04:56,28,r/pics,4,2018-05-06 12:20:48,8,0,2,0
2018-05-06 06:04:56,28,r/pics,4,2018-05-06 09:28:55,6,1,2,0
2018-05-06 06:04:56,28,r/pics,4,2018-05-06 10:10:06,4,0,2,0
2018-05-06 06:04:56,28,r/pics,4,2018-05-06 08:59:51,3,0,29,0
2018-05-06 06:04:56,28,r/pics,4,2018-05-06 10:07:19,3,0,4,0
2018-05-06 06:04:56,28,r/pics,4,2018-05-06 10:02:12,3,0,4,0
2018-05-06 06:04:56,28,r/pics,4,2018-05-06 09:46:45,3,1,2,0
2018-05-06 06:04:56,28,r/pics,4,2018-05-06 10:01:05,3,0,2,0
2018-05-06 06:04:56,28,r/pics,4,2018-05-06 08:24:01,2,0,70,0
2018-05-06 06:04:56,28,r/pics,4,2018-05-06 08:25:22,2,2,60,0
2018-05-06 06:04:56,28,r/pics,4,2018-05-06 08:57:09,3,3,76,0
2018-05-06 06:04:56,28,r/pics,4,2018-05-06 09:10:26,4,1,28,0
2018-05-06 06:04:56,28,r/pics,4,2018-05-06 09:56:25,5,1,23,0
2018-05-06 06:04:56,28,r/pics,4,2018-05-06 09:59:23,6,2,25,0
2018-05-06 06:04:56,28,r/pics,4,2018-05-06 10:37:38,7,1,10,0
2018-05-06 06:04:56,28,r/pics,4,2018-05-06 09:25:30,4,1,5,0
2018-05-06 06:04:56,28,r/pics,4,2018-05-06 10:01:40,5,0,5,0
2018-05-06 06:04:56,28,r/pics,4,2018-05-06 08:58:10,2,2,2,0
2018-05-06 06:04:56,28,r/pics,4,2018-05-06 09:12:56,3,0,3,0
2018-05-06 06:04:56,28,r/pics,4,2018-05-06 09:08:33,3,1,2,0
2018-05-06 06:04:56,28,r/pics,4,2018-05-06 09:24:26,4,1,5,0
2018-05-06 06:04:56,28,r/pics,4,2018-05-06 08:24:02,2,0,12,0
2018-05-06 06:04:56,28,r/pics,4,2018-05-06 08:43:46,2,1,28,0
2018-05-06 06:04:56,28,r/pics,4,2018-05-06 08:46:41,2,0,2,0
2018-05-06 06:04:56,28,r/pics,4,2018-05-06 08:50:21,2,0,2,0
2018-05-06 06:04:56,28,r/pics,4,2018-05-06 09:34:35,2,0,2,0
2018-05-06 06:04:56,28,r/pics,4,2018-05-06 09:40:15,2,0,2,0
2018-05-06 06:04:56,28,r/pics,4,2018-05-06 10:36:17,2,0,2,0
2018-05-06 06:04:56,28,r/pics,4,2018-05-06 10:48:25,2,0,2,0
2018-05-06 06:04:56,28,r/pics,4,2018-05-06 10:59:12,2,0,2,0
2018-05-06 06:04:56,28,r/pics,4,2018-05-06 07:27:51,1,3,511,0
2018-05-06 06:04:56,28,r/pics,4,2018-05-06 07:54:38,2,2,163,0
2018-05-06 06:04:56,28,r/pics,4,2018-05-06 08:04:30,3,8,78,0
2018-05-06 06:04:56,28,r/pics,4,2018-05-06 08:24:00,4,1,18,0
2018-05-06 06:04:56,28,r/pics,4,2018-05-06 11:57:13,5,1,5,0
2018-05-06 06:04:56,28,r/pics,4,2018-05-06 12:49:34,6,0,5,0
2018-05-06 06:04:56,28,r/pics,4,2018-05-06 08:08:42,4,2,15,0
2018-05-06 06:04:56,28,r/pics,4,2018-05-06 08:19:02,5,0,5,0
2018-05-06 06:04:56,28,r/pics,4,2018-05-06 11:19:04,5,0,2,0
2018-05-06 06:04:56,28,r/pics,4,2018-05-06 08:25:10,4,0,5,0
2018-05-06 06:04:56,28,r/pics,4,2018-05-06 08:33:57,4,0,2,0
2018-05-06 06:04:56,28,r/pics,4,2018-05-06 08:49:59,4,0,2,0
2018-05-06 06:04:56,28,r/pics,4,2018-05-06 10:37:31,4,0,2,0
2018-05-06 06:04:56,28,r/pics,4,2018-05-06 10:58:08,4,0,2,0
2018-05-06 06:04:56,28,r/pics,4,2018-05-06 09:07:38,2,0,36,0
2018-05-06 06:04:56,28,r/pics,4,2018-05-06 08:18:14,1,6,513,0
2018-05-06 06:04:56,28,r/pics,4,2018-05-06 08:28:58,2,4,573,0
2018-05-06 06:04:56,28,r/pics,4,2018-05-06 08:40:35,3,4,233,0
2018-05-06 06:04:56,28,r/pics,4,2018-05-06 10:37:43,4,2,312,0
2018-05-06 06:04:56,28,r/pics,4,2018-05-06 12:58:50,5,0,11,0
2018-05-06 06:04:56,28,r/pics,4,2018-05-06 09:38:13,4,1,11,0
2018-05-06 06:04:56,28,r/pics,4,2018-05-06 09:47:31,5,1,5,0
2018-05-06 06:04:56,28,r/pics,4,2018-05-06 11:45:39,4,0,2,0
2018-05-06 06:04:56,28,r/pics,4,2018-05-06 10:15:20,3,1,43,0
2018-05-06 06:04:56,28,r/pics,4,2018-05-06 11:00:25,4,0,20,0
2018-05-06 06:04:56,28,r/pics,4,2018-05-06 09:44:33,3,0,2,0
2018-05-06 06:04:56,28,r/pics,4,2018-05-06 08:28:13,2,1,75,0
2018-05-06 06:04:56,28,r/pics,4,2018-05-06 08:32:25,3,2,34,0
2018-05-06 06:04:56,28,r/pics,4,2018-05-06 09:11:58,4,1,77,0
2018-05-06 06:04:56,28,r/pics,4,2018-05-06 09:55:42,5,0,46,0
2018-05-06 06:04:56,28,r/pics,4,2018-05-06 11:13:11,2,0,4,0
2018-05-06 06:04:56,28,r/pics,4,2018-05-06 08:36:13,2,0,5,0
2018-05-06 06:04:56,28,r/pics,4,2018-05-06 09:14:54,2,0,4,0
2018-05-06 06:04:56,28,r/pics,4,2018-05-06 06:48:33,1,0,30,0
2018-05-06 06:04:56,28,r/pics,4,2018-05-06 09:52:32,1,0,2,0
2018-05-06 06:04:56,28,r/pics,4,2018-05-06 10:39:58,1,0,2,0
2018-05-06 06:04:56,28,r/pics,5,2018-05-06 06:19:38,0,8,3750,0
2018-05-06 06:04:56,28,r/pics,5,2018-05-06 06:59:31,1,4,863,0
2018-05-06 06:04:56,28,r/pics,5,2018-05-06 07:33:00,2,2,378,0
2018-05-06 06:04:56,28,r/pics,5,2018-05-06 08:49:41,3,0,94,0
2018-05-06 06:04:56,28,r/pics,5,2018-05-06 11:36:55,3,0,4,0
2018-05-06 06:04:56,28,r/pics,5,2018-05-06 08:54:17,2,3,38,0
2018-05-06 06:04:56,28,r/pics,5,2018-05-06 09:03:53,3,0,14,0
2018-05-06 06:04:56,28,r/pics,5,2018-05-06 08:56:39,3,2,8,0
2018-05-06 06:04:56,28,r/pics,5,2018-05-06 10:17:27,4,2,31,0
2018-05-06 06:04:56,28,r/pics,5,2018-05-06 11:26:59,5,1,3,0
2018-05-06 06:04:56,28,r/pics,5,2018-05-06 11:30:57,6,0,12,0
2018-05-06 06:04:56,28,r/pics,5,2018-05-06 08:33:04,2,0,2,0
2018-05-06 06:04:56,28,r/pics,5,2018-05-06 08:20:33,1,1,108,0
2018-05-06 06:04:56,28,r/pics,5,2018-05-06 06:38:10,1,3,114,0
2018-05-06 06:04:56,28,r/pics,5,2018-05-06 06:43:24,2,3,238,0
2018-05-06 06:04:56,28,r/pics,5,2018-05-06 08:04:32,3,0,50,0
2018-05-06 06:04:56,28,r/pics,5,2018-05-06 07:41:23,3,0,18,0
2018-05-06 06:04:56,28,r/pics,5,2018-05-06 08:35:00,2,4,20,0
2018-05-06 06:04:56,28,r/pics,5,2018-05-06 08:36:08,3,2,24,0
2018-05-06 06:04:56,28,r/pics,5,2018-05-06 12:03:44,4,1,5,0
2018-05-06 06:04:56,28,r/pics,5,2018-05-06 12:04:31,5,0,3,0
2018-05-06 06:04:56,28,r/pics,5,2018-05-06 09:11:05,3,1,8,0
2018-05-06 06:04:56,28,r/pics,5,2018-05-06 10:12:58,3,1,2,0
2018-05-06 06:04:56,28,r/pics,5,2018-05-06 11:30:14,4,1,2,0
2018-05-06 06:04:56,28,r/pics,5,2018-05-06 08:29:51,1,0,50,0
2018-05-06 06:04:56,28,r/pics,5,2018-05-06 08:30:41,1,3,15,0
2018-05-06 06:04:56,28,r/pics,5,2018-05-06 12:07:59,2,1,17,0
2018-05-06 06:04:56,28,r/pics,5,2018-05-06 12:19:22,3,0,2,0
2018-05-06 06:04:56,28,r/pics,5,2018-05-06 13:26:50,2,1,3,0
2018-05-06 06:04:56,28,r/pics,5,2018-05-06 09:15:54,1,0,2,0
2018-05-06 06:04:56,28,r/pics,5,2018-05-06 09:41:06,1,0,2,0
2018-05-06 06:04:56,28,r/pics,6,2018-05-06 09:31:37,0,4,896,0
2018-05-06 06:04:56,28,r/pics,6,2018-05-06 11:30:14,1,1,109,0
2018-05-06 06:04:56,28,r/pics,6,2018-05-06 12:19:51,2,0,4,0
2018-05-06 06:04:56,28,r/pics,6,2018-05-06 12:31:38,1,0,46,0
2018-05-06 06:04:56,28,r/pics,6,2018-05-06 13:03:43,1,1,11,0
2018-05-06 06:04:56,28,r/pics,7,2018-05-06 07:00:18,0,2,2160,0
2018-05-06 06:04:56,28,r/pics,7,2018-05-06 08:33:49,1,2,280,0
2018-05-06 06:04:56,28,r/pics,7,2018-05-06 09:45:22,2,2,10,0
2018-05-06 06:04:56,28,r/pics,7,2018-05-06 11:23:14,3,1,7,0
2018-05-06 06:04:56,28,r/pics,7,2018-05-06 13:12:41,4,0,3,0
2018-05-06 06:04:56,28,r/pics,8,2018-05-06 06:28:50,0,4,947,0
2018-05-06 06:04:56,28,r/pics,8,2018-05-06 06:52:08,1,3,316,0
2018-05-06 06:04:56,28,r/pics,8,2018-05-06 07:13:13,2,2,439,0
2018-05-06 06:04:56,28,r/pics,8,2018-05-06 08:26:16,3,2,91,0
2018-05-06 06:04:56,28,r/pics,8,2018-05-06 08:35:56,4,3,227,0
2018-05-06 06:04:56,28,r/pics,8,2018-05-06 08:54:05,5,0,24,0
2018-05-06 06:04:56,28,r/pics,8,2018-05-06 09:25:26,5,2,17,0
2018-05-06 06:04:56,28,r/pics,8,2018-05-06 12:16:32,6,1,5,0
2018-05-06 06:04:56,28,r/pics,8,2018-05-06 11:20:53,3,0,3,0
2018-05-06 06:04:56,28,r/pics,8,2018-05-06 06:59:13,2,0,6,0
2018-05-06 06:04:56,28,r/pics,8,2018-05-06 08:52:56,1,1,12,0
2018-05-06 06:04:56,28,r/pics,8,2018-05-06 10:21:01,1,0,3,0
2018-05-06 06:04:56,28,r/pics,9,2018-05-06 06:54:59,0,5,2070,0
2018-05-06 06:04:56,28,r/pics,9,2018-05-06 07:36:53,1,4,1122,0
2018-05-06 06:04:56,28,r/pics,9,2018-05-06 08:22:33,2,5,238,0
2018-05-06 06:04:56,28,r/pics,9,2018-05-06 08:58:57,3,3,90,0
2018-05-06 06:04:56,28,r/pics,9,2018-05-06 10:11:00,4,0,9,0
2018-05-06 06:04:56,28,r/pics,9,2018-05-06 09:01:16,4,0,17,0
2018-05-06 06:04:56,28,r/pics,9,2018-05-06 12:03:33,3,0,6,0
2018-05-06 06:04:56,28,r/pics,9,2018-05-06 11:58:44,3,0,3,0
2018-05-06 06:04:56,28,r/pics,9,2018-05-06 08:42:37,3,1,5,0
2018-05-06 06:04:56,28,r/pics,9,2018-05-06 08:44:00,4,1,3,0
2018-05-06 06:04:56,28,r/pics,9,2018-05-06 10:27:28,5,0,10,0
2018-05-06 06:04:56,28,r/pics,9,2018-05-06 07:54:14,2,0,128,0
2018-05-06 06:04:56,28,r/pics,9,2018-05-06 08:41:57,2,1,25,0
2018-05-06 06:04:56,28,r/pics,9,2018-05-06 09:38:00,3,0,2,0
2018-05-06 06:04:56,28,r/pics,9,2018-05-06 06:59:41,1,2,29,0
2018-05-06 06:04:56,28,r/pics,9,2018-05-06 07:37:08,2,2,27,0
2018-05-06 06:04:56,28,r/pics,9,2018-05-06 09:57:57,3,0,2,0
2018-05-06 06:04:56,28,r/pics,9,2018-05-06 07:42:10,1,0,35,0
2018-05-06 06:04:56,28,r/pics,9,2018-05-06 08:25:58,1,1,22,0
2018-05-06 06:04:56,28,r/pics,9,2018-05-06 10:57:15,2,0,2,0
2018-05-06 06:04:56,28,r/pics,10,2018-05-06 07:38:55,0,3,594,0
2018-05-06 06:04:56,28,r/pics,10,2018-05-06 07:57:31,1,5,758,0
2018-05-06 06:04:56,28,r/pics,10,2018-05-06 08:23:51,2,2,607,0
2018-05-06 06:04:56,28,r/pics,10,2018-05-06 08:49:47,3,1,194,0
2018-05-06 06:04:56,28,r/pics,10,2018-05-06 09:05:02,2,0,99,0
2018-05-06 06:04:56,28,r/pics,10,2018-05-06 09:14:25,2,0,30,0
2018-05-06 06:04:56,28,r/pics,10,2018-05-06 12:33:45,2,0,1,0
2018-05-06 06:04:56,28,r/pics,10,2018-05-06 11:37:50,1,0,2,0
2018-05-06 06:04:56,28,r/pics,11,2018-05-06 06:37:01,0,4,791,0
2018-05-06 06:04:56,28,r/pics,11,2018-05-06 09:11:10,1,0,222,0
2018-05-06 06:04:56,28,r/pics,11,2018-05-06 10:11:58,1,2,102,0
2018-05-06 06:04:56,28,r/pics,11,2018-05-06 10:38:05,2,0,3,0
2018-05-06 06:04:56,28,r/pics,11,2018-05-06 10:08:07,1,1,25,0
2018-05-06 06:04:56,28,r/pics,11,2018-05-06 11:37:33,2,0,3,0
2018-05-06 06:04:56,28,r/pics,12,2018-05-06 07:18:33,0,1,143,0
2018-05-06 06:04:56,28,r/pics,12,2018-05-06 10:39:35,1,1,25,0
2018-05-06 06:04:56,28,r/pics,12,2018-05-06 12:38:37,2,0,7,0
2018-05-06 06:04:56,28,r/pics,13,2018-05-06 07:05:47,0,0,43,0
2018-05-06 06:04:56,28,r/pics,14,2018-05-06 07:36:31,0,5,458,0
2018-05-06 06:04:56,28,r/pics,14,2018-05-06 07:41:58,1,7,589,0
2018-05-06 06:04:56,28,r/pics,14,2018-05-06 08:59:52,2,0,49,0
2018-05-06 06:04:56,28,r/pics,14,2018-05-06 09:22:50,2,0,38,0
2018-05-06 06:04:56,28,r/pics,14,2018-05-06 10:07:51,2,0,29,0
2018-05-06 06:04:56,28,r/pics,14,2018-05-06 10:12:58,2,1,26,0
2018-05-06 06:04:56,28,r/pics,14,2018-05-06 12:10:43,3,0,9,0
2018-05-06 06:04:56,28,r/pics,14,2018-05-06 09:00:58,2,1,14,0
2018-05-06 06:04:56,28,r/pics,14,2018-05-06 12:12:58,3,0,2,0
2018-05-06 06:04:56,28,r/pics,14,2018-05-06 10:55:50,2,1,3,0
2018-05-06 06:04:56,28,r/pics,14,2018-05-06 08:11:52,1,1,88,0
2018-05-06 06:04:56,28,r/pics,14,2018-05-06 08:15:36,2,1,14,0
2018-05-06 06:04:56,28,r/pics,14,2018-05-06 09:23:28,3,0,4,0
2018-05-06 06:04:56,28,r/pics,14,2018-05-06 09:30:33,1,1,3,0
2018-05-06 06:04:56,28,r/pics,14,2018-05-06 11:38:31,2,0,2,0
2018-05-06 06:04:56,28,r/pics,14,2018-05-06 12:07:31,1,0,3,0
2018-05-06 06:04:56,28,r/pics,15,2018-05-06 09:10:14,0,0,86,0
2018-05-06 06:04:56,28,r/pics,16,2018-05-06 07:59:35,0,1,55,0
2018-05-06 06:04:56,28,r/pics,16,2018-05-06 11:52:11,1,0,5,0
2018-05-06 06:04:56,28,r/pics,17,2018-05-06 06:35:12,0,3,121,0
2018-05-06 06:04:56,28,r/pics,17,2018-05-06 08:58:37,1,7,475,0
2018-05-06 06:04:56,28,r/pics,17,2018-05-06 09:07:59,2,1,39,0
2018-05-06 06:04:56,28,r/pics,17,2018-05-06 09:10:21,2,0,44,0
2018-05-06 06:04:56,28,r/pics,17,2018-05-06 10:04:50,2,1,6,0
2018-05-06 06:04:56,28,r/pics,17,2018-05-06 09:32:40,2,0,5,0
2018-05-06 06:04:56,28,r/pics,17,2018-05-06 09:30:50,2,0,9,0
2018-05-06 06:04:56,28,r/pics,17,2018-05-06 10:55:22,2,0,3,0
2018-05-06 06:04:56,28,r/pics,17,2018-05-06 11:01:25,2,0,2,0
2018-05-06 06:04:56,28,r/pics,17,2018-05-06 10:43:34,1,0,3,0
2018-05-06 06:04:56,28,r/pics,18,2018-05-06 10:58:01,0,2,38,0
2018-05-06 06:04:56,28,r/pics,18,2018-05-06 12:55:06,1,1,8,0
2018-05-06 06:04:56,28,r/pics,19,2018-05-06 06:56:22,0,1,78,0
2018-05-06 06:04:56,28,r/pics,20,2018-05-06 08:57:15,0,0,36,0
2018-05-06 06:04:56,28,r/pics,21,2018-05-06 06:37:53,0,1,16,0
2018-05-06 06:04:56,28,r/pics,22,2018-05-06 06:31:58,0,2,118,0
2018-05-06 06:04:56,28,r/pics,22,2018-05-06 07:47:06,1,1,109,0
2018-05-06 06:04:56,28,r/pics,22,2018-05-06 08:46:44,2,0,41,0
2018-05-06 06:04:56,28,r/pics,22,2018-05-06 10:25:22,1,0,26,0
2018-05-06 06:04:56,28,r/pics,23,2018-05-06 08:14:56,0,0,12,0
2018-05-06 06:04:56,28,r/pics,24,2018-05-06 08:22:11,0,6,107,0
2018-05-06 06:04:56,28,r/pics,24,2018-05-06 09:15:48,1,0,30,0
2018-05-06 06:04:56,28,r/pics,24,2018-05-06 09:16:18,1,0,9,0
2018-05-06 06:04:56,28,r/pics,24,2018-05-06 10:17:48,1,1,3,0
2018-05-06 06:04:56,28,r/pics,24,2018-05-06 10:31:39,2,1,3,0
2018-05-06 06:04:56,28,r/pics,24,2018-05-06 11:22:56,1,0,3,0
2018-05-06 06:04:56,28,r/pics,24,2018-05-06 12:44:10,1,0,2,0
2018-05-06 06:04:56,28,r/pics,25,2018-05-06 07:54:07,0,1,82,0
2018-05-06 06:04:56,28,r/pics,26,2018-05-06 08:03:47,0,1,14,0
2018-05-06 06:04:56,28,r/pics,27,2018-05-06 08:30:20,0,0,15,0
2018-05-06 06:04:56,28,r/pics,28,2018-05-06 06:53:27,0,1,24,0
2018-05-06 06:04:56,28,r/pics,28,2018-05-06 09:44:50,1,0,6,0
2018-05-06 06:04:56,28,r/pics,29,2018-05-06 10:11:45,0,0,6,0
2018-05-06 06:04:56,28,r/pics,30,2018-05-06 13:00:55,0,0,5,0
2018-05-06 06:04:56,28,r/pics,31,2018-05-06 13:38:52,0,0,6,0
2018-05-06 06:04:56,28,r/pics,32,2018-05-06 08:21:56,0,0,8,0
2018-05-06 06:04:56,28,r/pics,33,2018-05-06 09:19:10,0,0,4,0
2018-05-06 06:04:56,28,r/pics,34,2018-05-06 10:11:42,0,0,5,0
2018-05-06 06:04:56,28,r/pics,35,2018-05-06 10:12:47,0,0,4,0
2018-05-06 06:04:56,28,r/pics,36,2018-05-06 12:23:59,0,0,4,0
2018-05-06 06:04:56,28,r/pics,37,2018-05-06 13:10:20,0,0,5,0
2018-05-06 06:04:56,28,r/pics,38,2018-05-06 13:33:06,0,0,4,0
2018-05-06 06:04:56,28,r/pics,39,2018-05-06 13:35:42,0,0,4,0
2018-05-06 06:04:56,28,r/pics,40,2018-05-06 13:38:45,0,0,4,0
2018-05-06 06:04:56,28,r/pics,41,2018-05-06 13:57:11,0,0,4,0
2018-05-06 06:04:56,28,r/pics,42,2018-05-06 14:16:49,0,0,1,0
2018-05-06 06:04:56,28,r/pics,43,2018-05-06 09:20:41,0,0,13,0
2018-05-06 06:04:56,28,r/pics,44,2018-05-06 08:35:55,0,0,7,0
2018-05-06 06:04:56,28,r/pics,45,2018-05-06 09:51:40,0,0,8,0
2018-05-06 06:04:56,28,r/pics,46,2018-05-06 06:30:58,0,0,5,0
2018-05-06 06:04:56,28,r/pics,47,2018-05-06 06:35:57,0,0,3,0
2018-05-06 06:04:56,28,r/pics,48,2018-05-06 06:49:08,0,0,3,0
2018-05-06 06:04:56,28,r/pics,49,2018-05-06 06:49:55,0,0,3,0
2018-05-06 06:04:56,28,r/pics,50,2018-05-06 08:30:49,0,0,3,0
2018-05-06 06:04:56,28,r/pics,51,2018-05-06 08:32:10,0,0,3,0
2018-05-06 06:04:56,28,r/pics,52,2018-05-06 10:13:23,0,0,3,0
2018-05-06 06:04:56,28,r/pics,53,2018-05-06 10:16:22,0,0,3,0
2018-05-06 06:04:56,28,r/pics,54,2018-05-06 10:18:06,0,1,3,0
2018-05-06 06:04:56,28,r/pics,55,2018-05-06 12:08:39,0,0,3,0
2018-05-06 06:04:56,28,r/pics,56,2018-05-06 12:11:47,0,0,3,0
2018-05-06 06:04:56,28,r/pics,57,2018-05-06 12:24:02,0,0,3,0
2018-05-06 06:04:56,28,r/pics,58,2018-05-06 12:29:25,0,0,3,0
2018-05-06 06:04:56,28,r/pics,59,2018-05-06 12:35:39,0,0,3,0
2018-05-06 06:04:56,28,r/pics,60,2018-05-06 12:35:57,0,1,3,0
2018-05-06 06:04:56,28,r/pics,61,2018-05-06 12:45:09,0,0,3,0
2018-05-06 06:04:56,28,r/pics,62,2018-05-06 13:26:30,0,0,3,0
2018-05-06 06:04:56,28,r/pics,63,2018-05-06 13:28:05,0,0,3,0
2018-05-06 06:04:56,28,r/pics,64,2018-05-06 13:35:42,0,0,3,0
2018-05-06 06:04:56,28,r/pics,65,2018-05-06 13:42:26,0,1,3,0
2018-05-06 06:04:56,28,r/pics,66,2018-05-06 14:00:18,0,0,3,0
2018-05-06 06:04:56,28,r/pics,67,2018-05-06 14:19:51,0,0,1,0
2018-05-06 06:04:56,28,r/pics,68,2018-05-06 14:31:11,0,0,1,0
2018-05-06 06:04:56,28,r/pics,69,2018-05-06 08:20:18,0,1,28,0
2018-05-06 06:04:56,28,r/pics,70,2018-05-06 10:03:18,0,0,7,0
2018-05-06 06:04:56,28,r/pics,71,2018-05-06 08:31:42,0,0,11,0
2018-05-06 06:04:56,28,r/pics,72,2018-05-06 08:53:42,0,2,11,0
2018-05-06 06:04:56,28,r/pics,72,2018-05-06 09:10:50,1,1,9,0
2018-05-06 06:04:56,28,r/pics,72,2018-05-06 09:08:29,1,0,6,0
2018-05-06 06:04:56,28,r/pics,73,2018-05-06 09:19:41,0,1,16,0
2018-05-06 06:04:56,28,r/pics,74,2018-05-06 08:58:07,0,0,9,0
2018-05-06 06:04:56,28,r/pics,75,2018-05-06 08:35:00,0,1,5,0
2018-05-06 06:04:56,28,r/pics,75,2018-05-06 09:56:32,1,0,3,0
2018-05-06 06:04:56,28,r/pics,76,2018-05-06 10:07:36,0,0,5,0
2018-05-06 06:04:56,28,r/pics,77,2018-05-06 07:12:24,0,0,6,0
2018-05-06 06:04:56,28,r/pics,78,2018-05-06 06:52:15,0,0,2,0
2018-05-06 06:04:56,28,r/pics,79,2018-05-06 07:40:33,0,0,2,0
2018-05-06 06:04:56,28,r/pics,80,2018-05-06 07:51:13,0,0,2,0
2018-05-06 06:04:56,28,r/pics,81,2018-05-06 07:55:35,0,0,2,0
2018-05-06 06:04:56,28,r/pics,82,2018-05-06 07:59:52,0,0,2,0
2018-05-06 06:04:56,28,r/pics,83,2018-05-06 08:23:55,0,0,2,0
2018-05-06 06:04:56,28,r/pics,84,2018-05-06 08:26:23,0,1,2,0
2018-05-06 06:04:56,28,r/pics,85,2018-05-06 08:26:52,0,0,2,0
2018-05-06 06:04:56,28,r/pics,86,2018-05-06 08:28:03,0,0,2,0
2018-05-06 06:04:56,28,r/pics,87,2018-05-06 09:06:25,0,0,2,0
2018-05-06 06:04:56,28,r/pics,88,2018-05-06 09:17:29,0,0,2,0
2018-05-06 06:04:56,28,r/pics,89,2018-05-06 09:52:05,0,0,2,0
2018-05-06 06:04:56,28,r/pics,90,2018-05-06 09:58:11,0,0,2,0
2018-05-06 06:04:56,28,r/pics,91,2018-05-06 10:05:38,0,0,2,0
2018-05-06 06:04:56,28,r/pics,92,2018-05-06 10:08:41,0,0,2,0
2018-05-06 06:04:56,28,r/pics,93,2018-05-06 10:22:45,0,0,2,0
2018-05-06 06:04:56,28,r/pics,94,2018-05-06 10:39:48,0,0,2,0
2018-05-06 06:04:56,28,r/pics,95,2018-05-06 10:51:28,0,0,2,0
2018-05-06 06:04:56,28,r/pics,96,2018-05-06 10:52:28,0,0,2,0
2018-05-06 06:04:56,28,r/pics,97,2018-05-06 11:04:09,0,0,2,0
2018-05-06 06:04:56,28,r/pics,98,2018-05-06 11:04:33,0,0,2,0
2018-05-06 06:04:56,28,r/pics,99,2018-05-06 11:17:44,0,0,2,0
2018-05-06 06:04:56,28,r/pics,100,2018-05-06 11:24:42,0,0,2,0
2018-05-06 06:04:56,28,r/pics,101,2018-05-06 11:24:47,0,0,2,0
2018-05-06 06:04:56,28,r/pics,102,2018-05-06 12:22:53,0,0,2,0
2018-05-06 06:04:56,28,r/pics,103,2018-05-06 12:29:21,0,1,2,0
2018-05-06 08:41:50,29,r/sadcringe,0,2018-05-06 11:08:25,0,2,442,0
2018-05-06 08:41:50,29,r/sadcringe,0,2018-05-06 12:14:38,1,3,168,0
2018-05-06 08:41:50,29,r/sadcringe,0,2018-05-06 13:20:36,2,1,48,0
2018-05-06 08:41:50,29,r/sadcringe,0,2018-05-06 13:22:07,3,2,107,0
2018-05-06 08:41:50,29,r/sadcringe,0,2018-05-06 13:47:25,4,1,54,0
2018-05-06 08:41:50,29,r/sadcringe,0,2018-05-06 13:51:41,5,0,12,0
2018-05-06 08:41:50,29,r/sadcringe,0,2018-05-06 13:51:13,4,0,5,0
2018-05-06 08:41:50,29,r/sadcringe,0,2018-05-06 13:09:07,2,1,12,0
2018-05-06 08:41:50,29,r/sadcringe,0,2018-05-06 13:32:17,3,0,7,0
2018-05-06 08:41:50,29,r/sadcringe,0,2018-05-06 14:42:30,2,0,1,0
2018-05-06 08:41:50,29,r/sadcringe,0,2018-05-06 14:10:18,1,1,2,0
2018-05-06 08:41:50,29,r/sadcringe,0,2018-05-06 15:04:30,2,0,1,0
2018-05-06 08:41:50,29,r/sadcringe,1,2018-05-06 12:19:03,0,2,162,0
2018-05-06 08:41:50,29,r/sadcringe,1,2018-05-06 12:19:30,1,1,336,0
2018-05-06 08:41:50,29,r/sadcringe,1,2018-05-06 12:43:50,2,1,111,0
2018-05-06 08:41:50,29,r/sadcringe,1,2018-05-06 12:44:00,3,2,160,0
2018-05-06 08:41:50,29,r/sadcringe,1,2018-05-06 13:09:45,4,1,50,0
2018-05-06 08:41:50,29,r/sadcringe,1,2018-05-06 13:10:28,5,2,40,0
2018-05-06 08:41:50,29,r/sadcringe,1,2018-05-06 13:11:37,6,1,45,0
2018-05-06 08:41:50,29,r/sadcringe,1,2018-05-06 13:12:07,7,1,36,0
2018-05-06 08:41:50,29,r/sadcringe,1,2018-05-06 14:00:31,8,0,17,0
2018-05-06 08:41:50,29,r/sadcringe,1,2018-05-06 13:11:40,6,0,7,0
2018-05-06 08:41:50,29,r/sadcringe,1,2018-05-06 14:32:11,4,0,1,0
2018-05-06 08:41:50,29,r/sadcringe,1,2018-05-06 15:07:28,1,0,1,0
2018-05-06 08:41:50,29,r/sadcringe,2,2018-05-06 11:23:22,0,0,58,0
2018-05-06 08:41:50,29,r/sadcringe,3,2018-05-06 12:33:08,0,2,43,0
2018-05-06 08:41:50,29,r/sadcringe,3,2018-05-06 15:08:10,1,0,1,0
2018-05-06 08:41:50,29,r/sadcringe,3,2018-05-06 15:00:50,1,0,0,0
2018-05-06 08:41:50,29,r/sadcringe,4,2018-05-06 08:43:46,0,2,342,0
2018-05-06 08:41:50,29,r/sadcringe,4,2018-05-06 09:26:22,1,0,50,0
2018-05-06 08:41:50,29,r/sadcringe,4,2018-05-06 13:11:13,1,0,9,0
2018-05-06 08:41:50,29,r/sadcringe,5,2018-05-06 11:51:17,0,1,98,0
2018-05-06 08:41:50,29,r/sadcringe,5,2018-05-06 13:45:20,1,1,20,0
2018-05-06 08:41:50,29,r/sadcringe,5,2018-05-06 14:19:24,2,0,8,0
2018-05-06 08:41:50,29,r/sadcringe,6,2018-05-06 12:48:54,0,0,13,0
2018-05-06 08:41:50,29,r/sadcringe,7,2018-05-06 12:56:02,0,0,12,0
2018-05-06 08:41:50,29,r/sadcringe,8,2018-05-06 11:52:30,0,1,9,0
2018-05-06 08:41:50,29,r/sadcringe,8,2018-05-06 14:47:33,1,0,1,0
2018-05-06 08:41:50,29,r/sadcringe,9,2018-05-06 12:36:10,0,0,6,0
2018-05-06 08:41:50,29,r/sadcringe,10,2018-05-06 12:41:09,0,0,5,0
2018-05-06 08:41:50,29,r/sadcringe,11,2018-05-06 08:59:23,0,1,16,0
2018-05-06 08:41:50,29,r/sadcringe,11,2018-05-06 10:09:14,1,1,72,0
2018-05-06 08:41:50,29,r/sadcringe,11,2018-05-06 12:42:53,2,0,6,0
2018-05-06 08:41:50,29,r/sadcringe,12,2018-05-06 14:37:49,0,0,2,0
2018-05-06 08:41:50,29,r/sadcringe,13,2018-05-06 11:59:46,0,0,6,0
2018-05-06 08:41:50,29,r/sadcringe,14,2018-05-06 12:34:45,0,0,3,0
2018-05-06 08:41:50,29,r/sadcringe,15,2018-05-06 13:46:58,0,0,2,0
2018-05-06 08:41:50,29,r/sadcringe,16,2018-05-06 12:55:55,0,1,2,0
2018-05-06 08:41:50,29,r/sadcringe,16,2018-05-06 14:28:47,1,0,4,0
2018-05-06 08:41:50,29,r/sadcringe,17,2018-05-06 13:58:08,0,0,1,0
2018-05-06 08:41:50,29,r/sadcringe,18,2018-05-06 14:41:08,0,0,1,0
2018-05-06 08:41:50,29,r/sadcringe,19,2018-05-06 14:42:02,0,0,1,0
2018-05-06 08:41:50,29,r/sadcringe,20,2018-05-06 14:47:05,0,0,1,0
2018-05-06 08:41:50,29,r/sadcringe,21,2018-05-06 14:49:02,0,0,1,0
2018-05-06 08:41:50,29,r/sadcringe,22,2018-05-06 14:59:37,0,0,1,0
2018-05-06 08:41:50,29,r/sadcringe,23,2018-05-06 15:01:02,0,0,1,0
2018-05-06 08:41:50,29,r/sadcringe,24,2018-05-06 13:11:15,0,0,1,0
2018-05-06 08:41:50,29,r/sadcringe,25,2018-05-06 13:03:45,0,2,0,0
2018-05-06 08:41:50,29,r/sadcringe,25,2018-05-06 15:00:06,1,0,0,0
2018-05-06 08:41:50,29,r/sadcringe,25,2018-05-06 15:00:33,1,0,0,0
2018-05-06 08:41:50,29,r/sadcringe,26,2018-05-06 12:43:00,0,0,-12,0
2018-05-06 08:41:50,29,r/sadcringe,27,2018-05-06 11:47:39,0,0,-7,0
2018-05-06 09:03:53,30,r/boottoobig,0,2018-05-06 09:21:59,0,0,1,0
2018-05-06 09:03:53,30,r/boottoobig,1,2018-05-06 09:48:58,0,3,511,0
2018-05-06 09:03:53,30,r/boottoobig,1,2018-05-06 13:33:05,1,1,44,0
2018-05-06 09:03:53,30,r/boottoobig,1,2018-05-06 14:04:22,2,2,12,0
2018-05-06 09:03:53,30,r/boottoobig,1,2018-05-06 14:05:34,3,0,8,0
2018-05-06 09:03:53,30,r/boottoobig,1,2018-05-06 14:32:24,3,0,3,0
2018-05-06 09:03:53,30,r/boottoobig,1,2018-05-06 13:35:33,1,0,11,0
2018-05-06 09:03:53,30,r/boottoobig,1,2018-05-06 14:47:02,1,1,1,0
2018-05-06 09:03:53,30,r/boottoobig,1,2018-05-06 14:47:40,2,0,1,0
2018-05-06 09:03:53,30,r/boottoobig,2,2018-05-06 11:05:31,0,1,165,0
2018-05-06 09:03:53,30,r/boottoobig,2,2018-05-06 13:57:46,1,0,8,0
2018-05-06 09:03:53,30,r/boottoobig,3,2018-05-06 09:58:12,0,1,148,0
2018-05-06 09:03:53,30,r/boottoobig,3,2018-05-06 10:46:13,1,3,139,0
2018-05-06 09:03:53,30,r/boottoobig,3,2018-05-06 10:54:52,2,1,66,0
2018-05-06 09:03:53,30,r/boottoobig,3,2018-05-06 11:41:34,3,3,27,0
2018-05-06 09:03:53,30,r/boottoobig,3,2018-05-06 11:48:37,4,0,6,0
2018-05-06 09:03:53,30,r/boottoobig,3,2018-05-06 12:59:20,4,1,7,0
2018-05-06 09:03:53,30,r/boottoobig,3,2018-05-06 13:50:23,5,1,1,0
2018-05-06 09:03:53,30,r/boottoobig,3,2018-05-06 13:51:03,6,0,1,0
2018-05-06 09:03:53,30,r/boottoobig,3,2018-05-06 13:08:48,4,1,3,0
2018-05-06 09:03:53,30,r/boottoobig,3,2018-05-06 13:13:57,5,0,3,0
2018-05-06 09:03:53,30,r/boottoobig,3,2018-05-06 11:37:49,2,1,5,0
2018-05-06 09:03:53,30,r/boottoobig,3,2018-05-06 14:16:38,3,0,1,0
2018-05-06 09:03:53,30,r/boottoobig,3,2018-05-06 13:22:23,2,0,1,0
2018-05-06 09:03:53,30,r/boottoobig,4,2018-05-06 11:43:11,0,1,43,0
2018-05-06 09:03:53,30,r/boottoobig,4,2018-05-06 13:34:06,1,0,4,0
2018-05-06 09:03:53,30,r/boottoobig,5,2018-05-06 11:51:12,0,0,15,0
2018-05-06 09:03:53,30,r/boottoobig,6,2018-05-06 11:21:43,0,0,29,0
2018-05-06 09:03:53,30,r/boottoobig,7,2018-05-06 12:12:31,0,1,30,0
2018-05-06 09:03:53,30,r/boottoobig,7,2018-05-06 12:49:05,1,1,16,0
2018-05-06 09:03:53,30,r/boottoobig,7,2018-05-06 12:55:33,2,1,2,0
2018-05-06 09:03:53,30,r/boottoobig,7,2018-05-06 13:37:44,3,1,7,0
2018-05-06 09:03:53,30,r/boottoobig,7,2018-05-06 15:04:36,4,0,1,0
2018-05-06 09:03:53,30,r/boottoobig,8,2018-05-06 11:05:14,0,0,7,0
2018-05-06 09:03:53,30,r/boottoobig,9,2018-05-06 12:51:58,0,0,6,0
2018-05-06 09:03:53,30,r/boottoobig,10,2018-05-06 09:04:29,0,2,8,0
2018-05-06 09:03:53,30,r/boottoobig,10,2018-05-06 09:06:06,1,0,5,0
2018-05-06 09:03:53,30,r/boottoobig,10,2018-05-06 13:01:02,1,0,2,0
2018-05-06 09:03:53,30,r/boottoobig,11,2018-05-06 14:04:24,0,0,3,0
2018-05-06 09:03:53,30,r/boottoobig,12,2018-05-06 13:48:24,0,0,2,0
2018-05-06 09:03:53,30,r/boottoobig,13,2018-05-06 13:15:16,0,0,1,0
2018-05-06 09:03:53,30,r/boottoobig,14,2018-05-06 13:22:42,0,0,1,0
2018-05-06 09:03:53,30,r/boottoobig,15,2018-05-06 13:29:31,0,0,1,0
2018-05-06 09:03:53,30,r/boottoobig,16,2018-05-06 13:30:11,0,0,1,0
2018-05-06 09:03:53,30,r/boottoobig,17,2018-05-06 13:44:39,0,1,1,0
2018-05-06 09:03:53,30,r/boottoobig,17,2018-05-06 14:06:14,1,0,1,0
2018-05-06 09:03:53,30,r/boottoobig,18,2018-05-06 13:51:04,0,0,1,0
2018-05-06 09:03:53,30,r/boottoobig,19,2018-05-06 13:53:46,0,1,1,0
2018-05-06 09:03:53,30,r/boottoobig,19,2018-05-06 14:34:46,1,1,-1,0
2018-05-06 09:03:53,30,r/boottoobig,19,2018-05-06 14:41:09,2,1,2,0
2018-05-06 09:03:53,30,r/boottoobig,19,2018-05-06 14:46:18,3,0,1,0
2018-05-06 09:03:53,30,r/boottoobig,20,2018-05-06 14:26:36,0,0,1,0
2018-05-06 09:03:53,30,r/boottoobig,21,2018-05-06 14:27:15,0,0,1,0
2018-05-06 09:03:53,30,r/boottoobig,22,2018-05-06 14:57:36,0,0,1,0
2018-05-06 13:20:59,31,r/evilbuildings,0,2018-05-06 13:25:01,0,6,106,0
2018-05-06 13:20:59,31,r/evilbuildings,0,2018-05-06 13:34:29,1,3,59,0
2018-05-06 13:20:59,31,r/evilbuildings,0,2018-05-06 14:00:10,2,0,32,0
2018-05-06 13:20:59,31,r/evilbuildings,0,2018-05-06 14:15:35,2,1,28,0
2018-05-06 13:20:59,31,r/evilbuildings,0,2018-05-06 14:18:54,3,0,14,0
2018-05-06 13:20:59,31,r/evilbuildings,0,2018-05-06 15:03:04,2,0,5,0
2018-05-06 13:20:59,31,r/evilbuildings,0,2018-05-06 14:04:16,1,1,8,0
2018-05-06 13:20:59,31,r/evilbuildings,0,2018-05-06 15:08:51,2,0,1,0
2018-05-06 13:20:59,31,r/evilbuildings,0,2018-05-06 13:43:06,1,0,13,0
2018-05-06 13:20:59,31,r/evilbuildings,0,2018-05-06 14:11:49,1,1,5,0
2018-05-06 13:20:59,31,r/evilbuildings,0,2018-05-06 14:23:23,2,1,15,0
2018-05-06 13:20:59,31,r/evilbuildings,0,2018-05-06 14:26:34,3,0,6,0
2018-05-06 13:20:59,31,r/evilbuildings,0,2018-05-06 14:04:47,1,0,4,0
2018-05-06 13:20:59,31,r/evilbuildings,0,2018-05-06 15:06:45,1,0,1,0
2018-05-06 13:20:59,31,r/evilbuildings,1,2018-05-06 14:05:44,0,1,28,0
2018-05-06 13:20:59,31,r/evilbuildings,1,2018-05-06 14:30:02,1,1,8,0
2018-05-06 13:20:59,31,r/evilbuildings,1,2018-05-06 15:10:10,2,0,1,0
2018-05-06 13:20:59,31,r/evilbuildings,2,2018-05-06 13:46:37,0,2,41,0
2018-05-06 13:20:59,31,r/evilbuildings,2,2018-05-06 14:29:26,1,0,7,0
2018-05-06 13:20:59,31,r/evilbuildings,2,2018-05-06 14:51:33,1,0,3,0
2018-05-06 13:20:59,31,r/evilbuildings,3,2018-05-06 14:42:32,0,0,9,0
2018-05-06 13:20:59,31,r/evilbuildings,4,2018-05-06 14:20:44,0,0,10,0
2018-05-06 13:20:59,31,r/evilbuildings,5,2018-05-06 14:03:29,0,0,9,0
2018-05-06 13:20:59,31,r/evilbuildings,6,2018-05-06 13:51:46,0,0,8,0
2018-05-06 13:20:59,31,r/evilbuildings,7,2018-05-06 14:06:00,0,1,3,0
2018-05-06 13:20:59,31,r/evilbuildings,7,2018-05-06 15:08:59,1,0,1,0
2018-05-06 13:20:59,31,r/evilbuildings,8,2018-05-06 13:58:34,0,0,2,0
2018-05-06 13:20:59,31,r/evilbuildings,9,2018-05-06 14:16:10,0,0,2,0
2018-05-06 13:20:59,31,r/evilbuildings,10,2018-05-06 14:34:26,0,0,2,0
2018-05-06 13:20:59,31,r/evilbuildings,11,2018-05-06 14:34:48,0,0,2,0
2018-05-06 13:20:59,31,r/evilbuildings,12,2018-05-06 13:26:19,0,1,2,0
2018-05-06 13:20:59,31,r/evilbuildings,12,2018-05-06 14:29:08,1,0,2,0
2018-05-06 13:20:59,31,r/evilbuildings,13,2018-05-06 14:55:06,0,0,1,0
2018-05-06 13:20:59,31,r/evilbuildings,14,2018-05-06 14:57:03,0,0,1,0
2018-05-06 13:20:59,31,r/evilbuildings,15,2018-05-06 15:01:40,0,0,1,0
2018-05-06 13:20:59,31,r/evilbuildings,16,2018-05-06 15:01:56,0,0,1,0
2018-05-06 13:20:59,31,r/evilbuildings,17,2018-05-06 15:02:47,0,0,1,0
2018-05-06 13:20:59,31,r/evilbuildings,18,2018-05-06 15:05:28,0,0,1,0
2018-05-06 13:20:59,31,r/evilbuildings,19,2018-05-06 15:06:39,0,0,1,0
2018-05-06 13:20:59,31,r/evilbuildings,20,2018-05-06 15:08:33,0,0,1,0
2018-05-06 13:20:59,31,r/evilbuildings,21,2018-05-06 15:09:02,0,0,1,0
2018-05-06 13:20:59,31,r/evilbuildings,22,2018-05-06 15:09:28,0,0,1,0
2018-05-06 13:20:59,31,r/evilbuildings,23,2018-05-06 14:42:31,0,1,0,0
2018-05-06 13:20:59,31,r/evilbuildings,23,2018-05-06 15:07:55,1,1,1,0
2018-05-06 13:20:59,31,r/evilbuildings,23,2018-05-06 15:10:11,2,0,1,0
2018-05-06 13:20:59,31,r/evilbuildings,24,2018-05-06 14:05:36,0,0,1,0
2018-05-06 10:00:38,32,r/greentext,0,2018-05-06 11:02:00,0,1,447,0
2018-05-06 10:00:38,32,r/greentext,0,2018-05-06 13:26:37,1,1,110,0
2018-05-06 10:00:38,32,r/greentext,0,2018-05-06 14:39:14,2,0,8,0
2018-05-06 10:00:38,32,r/greentext,1,2018-05-06 10:02:56,0,1,699,0
2018-05-06 10:00:38,32,r/greentext,1,2018-05-06 13:52:25,1,1,99,0
2018-05-06 10:00:38,32,r/greentext,1,2018-05-06 14:28:27,2,1,19,0
2018-05-06 10:00:38,32,r/greentext,1,2018-05-06 14:44:16,3,1,13,0
2018-05-06 10:00:38,32,r/greentext,1,2018-05-06 14:48:48,4,1,9,0
2018-05-06 10:00:38,32,r/greentext,1,2018-05-06 14:50:58,5,1,7,0
2018-05-06 10:00:38,32,r/greentext,1,2018-05-06 14:52:07,6,1,8,0
2018-05-06 10:00:38,32,r/greentext,1,2018-05-06 14:54:56,7,2,8,0
2018-05-06 10:00:38,32,r/greentext,1,2018-05-06 14:56:35,8,2,7,0
2018-05-06 10:00:38,32,r/greentext,1,2018-05-06 14:57:17,9,1,6,0
2018-05-06 10:00:38,32,r/greentext,1,2018-05-06 14:57:35,9,0,-7,0
2018-05-06 10:00:38,32,r/greentext,1,2018-05-06 14:58:57,8,0,-5,0
2018-05-06 10:00:38,32,r/greentext,2,2018-05-06 12:26:10,0,0,341,0
2018-05-06 10:00:38,32,r/greentext,3,2018-05-06 13:39:36,0,2,150,0
2018-05-06 10:00:38,32,r/greentext,3,2018-05-06 14:06:12,1,0,73,0
2018-05-06 10:00:38,32,r/greentext,3,2018-05-06 13:51:49,1,1,16,0
2018-05-06 10:00:38,32,r/greentext,3,2018-05-06 15:07:30,2,0,2,0
2018-05-06 10:00:38,32,r/greentext,4,2018-05-06 11:33:56,0,0,40,0
2018-05-06 10:00:38,32,r/greentext,5,2018-05-06 14:25:56,0,1,12,0
2018-05-06 10:00:38,32,r/greentext,5,2018-05-06 14:31:30,1,1,5,0
2018-05-06 10:00:38,32,r/greentext,5,2018-05-06 14:34:16,2,1,3,0
2018-05-06 10:00:38,32,r/greentext,5,2018-05-06 15:09:07,3,0,1,0
2018-05-06 10:00:38,32,r/greentext,6,2018-05-06 13:43:22,0,0,25,0
2018-05-06 10:00:38,32,r/greentext,7,2018-05-06 13:45:41,0,0,11,0
2018-05-06 10:00:38,32,r/greentext,8,2018-05-06 13:56:55,0,2,5,0
2018-05-06 10:00:38,32,r/greentext,8,2018-05-06 14:23:08,1,1,5,0
2018-05-06 10:00:38,32,r/greentext,8,2018-05-06 14:26:10,2,0,6,0
2018-05-06 10:00:38,32,r/greentext,8,2018-05-06 15:08:38,1,0,1,0
2018-05-06 10:00:38,32,r/greentext,9,2018-05-06 13:20:19,0,0,11,0
2018-05-06 10:00:38,32,r/greentext,10,2018-05-06 14:48:36,0,0,2,0
2018-05-06 10:00:38,32,r/greentext,11,2018-05-06 13:53:06,0,1,3,0
2018-05-06 10:00:38,32,r/greentext,11,2018-05-06 14:14:01,1,0,4,0
2018-05-06 10:00:38,32,r/greentext,12,2018-05-06 14:16:17,0,0,1,0
2018-05-06 10:00:38,32,r/greentext,13,2018-05-06 14:37:16,0,0,1,0
2018-05-06 10:00:38,32,r/greentext,14,2018-05-06 14:38:13,0,0,1,0
2018-05-06 10:00:38,32,r/greentext,15,2018-05-06 14:40:09,0,0,1,0
2018-05-06 10:00:38,32,r/greentext,16,2018-05-06 14:40:17,0,1,-1,0
2018-05-06 10:00:38,32,r/greentext,16,2018-05-06 15:02:44,1,0,1,0
2018-05-06 11:26:34,33,r/NatureIsFuckingLit,0,2018-05-06 12:33:47,0,1,157,0
2018-05-06 11:26:34,33,r/NatureIsFuckingLit,0,2018-05-06 12:57:18,1,2,165,0
2018-05-06 11:26:34,33,r/NatureIsFuckingLit,0,2018-05-06 14:06:41,2,1,28,0
2018-05-06 11:26:34,33,r/NatureIsFuckingLit,0,2018-05-06 14:10:25,3,1,28,0
2018-05-06 11:26:34,33,r/NatureIsFuckingLit,0,2018-05-06 14:27:41,4,1,1,0
2018-05-06 11:26:34,33,r/NatureIsFuckingLit,0,2018-05-06 14:44:38,5,1,1,0
2018-05-06 11:26:34,33,r/NatureIsFuckingLit,0,2018-05-06 14:53:08,6,0,1,0
2018-05-06 11:26:34,33,r/NatureIsFuckingLit,0,2018-05-06 14:35:47,2,1,1,0
2018-05-06 11:26:34,33,r/NatureIsFuckingLit,0,2018-05-06 14:47:50,3,0,1,0
2018-05-06 11:26:34,33,r/NatureIsFuckingLit,1,2018-05-06 11:53:50,0,2,91,0
2018-05-06 11:26:34,33,r/NatureIsFuckingLit,1,2018-05-06 14:36:09,1,0,1,0
2018-05-06 11:26:34,33,r/NatureIsFuckingLit,1,2018-05-06 15:00:32,1,1,1,0
2018-05-06 11:26:34,33,r/NatureIsFuckingLit,1,2018-05-06 15:02:21,2,0,1,0
2018-05-06 11:26:34,33,r/NatureIsFuckingLit,2,2018-05-06 13:19:19,0,0,23,0
2018-05-06 11:26:34,33,r/NatureIsFuckingLit,3,2018-05-06 14:06:19,0,2,34,0
2018-05-06 11:26:34,33,r/NatureIsFuckingLit,3,2018-05-06 14:41:11,1,0,1,0
2018-05-06 11:26:34,33,r/NatureIsFuckingLit,3,2018-05-06 14:42:41,1,1,1,0
2018-05-06 11:26:34,33,r/NatureIsFuckingLit,3,2018-05-06 14:54:57,2,0,1,0
2018-05-06 11:26:34,33,r/NatureIsFuckingLit,4,2018-05-06 13:53:35,0,0,8,0
2018-05-06 11:26:34,33,r/NatureIsFuckingLit,5,2018-05-06 14:24:17,0,0,1,0
2018-05-06 11:26:34,33,r/NatureIsFuckingLit,6,2018-05-06 14:19:57,0,0,1,0
2018-05-06 11:26:34,33,r/NatureIsFuckingLit,7,2018-05-06 14:04:44,0,0,4,0
2018-05-06 11:26:34,33,r/NatureIsFuckingLit,8,2018-05-06 14:39:02,0,1,1,0
2018-05-06 11:26:34,33,r/NatureIsFuckingLit,8,2018-05-06 15:04:48,1,0,1,0
2018-05-06 11:26:34,33,r/NatureIsFuckingLit,9,2018-05-06 11:29:40,0,2,13,0
2018-05-06 11:26:34,33,r/NatureIsFuckingLit,9,2018-05-06 14:22:14,1,0,1,0
2018-05-06 11:26:34,33,r/NatureIsFuckingLit,9,2018-05-06 13:37:10,1,1,-10,0
2018-05-06 11:26:34,33,r/NatureIsFuckingLit,9,2018-05-06 13:57:04,2,0,5,0
2018-05-06 11:26:34,33,r/NatureIsFuckingLit,10,2018-05-06 12:38:27,0,2,3,0
2018-05-06 11:26:34,33,r/NatureIsFuckingLit,10,2018-05-06 12:45:38,1,0,2,0
2018-05-06 11:26:34,33,r/NatureIsFuckingLit,10,2018-05-06 14:59:28,1,0,1,0
2018-05-06 11:26:34,33,r/NatureIsFuckingLit,11,2018-05-06 13:49:17,0,1,4,0
2018-05-06 11:26:34,33,r/NatureIsFuckingLit,11,2018-05-06 14:46:30,1,0,1,0
2018-05-06 11:26:34,33,r/NatureIsFuckingLit,12,2018-05-06 11:28:58,0,0,1,0
2018-05-06 11:26:34,33,r/NatureIsFuckingLit,13,2018-05-06 11:44:41,0,0,1,0
2018-05-06 11:26:34,33,r/NatureIsFuckingLit,14,2018-05-06 12:32:27,0,0,1,0
2018-05-06 11:26:34,33,r/NatureIsFuckingLit,15,2018-05-06 14:02:43,0,0,1,0
2018-05-06 11:26:34,33,r/NatureIsFuckingLit,16,2018-05-06 14:34:11,0,0,1,0
2018-05-06 11:26:34,33,r/NatureIsFuckingLit,17,2018-05-06 14:47:51,0,0,1,0
2018-05-06 11:26:34,33,r/NatureIsFuckingLit,18,2018-05-06 15:00:53,0,0,1,0
2018-05-06 11:26:34,33,r/NatureIsFuckingLit,19,2018-05-06 15:03:07,0,0,1,0
2018-05-06 11:26:34,33,r/NatureIsFuckingLit,20,2018-05-06 15:04:11,0,0,1,0
2018-05-06 11:26:34,33,r/NatureIsFuckingLit,21,2018-05-06 14:31:16,0,0,1,0
2018-05-06 11:26:34,33,r/NatureIsFuckingLit,22,2018-05-06 11:49:12,0,0,0,0
2018-05-06 11:26:34,33,r/NatureIsFuckingLit,23,2018-05-06 14:23:29,0,0,1,0
2018-05-06 11:26:34,33,r/NatureIsFuckingLit,24,2018-05-06 12:52:40,0,1,0,0
2018-05-06 11:26:34,33,r/NatureIsFuckingLit,24,2018-05-06 12:58:38,1,0,6,0
2018-05-06 11:26:34,33,r/NatureIsFuckingLit,25,2018-05-06 14:15:08,0,0,1,0
2018-05-06 11:59:28,34,r/nononono,0,2018-05-06 13:44:17,0,1,193,0
2018-05-06 11:59:28,34,r/nononono,0,2018-05-06 14:25:20,1,2,38,0
2018-05-06 11:59:28,34,r/nononono,0,2018-05-06 14:45:23,2,0,1,0
2018-05-06 11:59:28,34,r/nononono,0,2018-05-06 14:58:00,2,0,1,0
2018-05-06 11:59:28,34,r/nononono,1,2018-05-06 12:50:09,0,2,516,0
2018-05-06 11:59:28,34,r/nononono,1,2018-05-06 14:19:03,1,1,57,0
2018-05-06 11:59:28,34,r/nononono,1,2018-05-06 14:47:36,2,1,1,0
2018-05-06 11:59:28,34,r/nononono,1,2018-05-06 14:59:01,3,0,1,0
2018-05-06 11:59:28,34,r/nononono,1,2018-05-06 15:09:38,1,0,1,0
2018-05-06 11:59:28,34,r/nononono,2,2018-05-06 13:01:33,0,0,55,0
2018-05-06 11:59:28,34,r/nononono,3,2018-05-06 12:36:24,0,2,444,0
2018-05-06 11:59:28,34,r/nononono,3,2018-05-06 13:08:14,1,6,166,0
2018-05-06 11:59:28,34,r/nononono,3,2018-05-06 13:23:29,2,3,193,0
2018-05-06 11:59:28,34,r/nononono,3,2018-05-06 13:31:18,3,1,76,0
2018-05-06 11:59:28,34,r/nononono,3,2018-05-06 13:36:54,4,2,41,0
2018-05-06 11:59:28,34,r/nononono,3,2018-05-06 13:50:12,5,2,30,0
2018-05-06 11:59:28,34,r/nononono,3,2018-05-06 14:02:59,6,1,24,0
2018-05-06 11:59:28,34,r/nononono,3,2018-05-06 14:27:41,7,1,16,0
2018-05-06 11:59:28,34,r/nononono,3,2018-05-06 14:50:46,8,0,1,0
2018-05-06 11:59:28,34,r/nononono,3,2018-05-06 14:02:09,6,1,7,0
2018-05-06 11:59:28,34,r/nononono,3,2018-05-06 14:14:15,7,0,6,0
2018-05-06 11:59:28,34,r/nononono,3,2018-05-06 14:56:49,5,0,1,0
2018-05-06 11:59:28,34,r/nononono,3,2018-05-06 13:32:03,3,0,11,0
2018-05-06 11:59:28,34,r/nononono,3,2018-05-06 15:07:20,3,0,1,0
2018-05-06 11:59:28,34,r/nononono,3,2018-05-06 13:59:12,2,0,4,0
2018-05-06 11:59:28,34,r/nononono,3,2018-05-06 13:08:31,2,0,6,0
2018-05-06 11:59:28,34,r/nononono,3,2018-05-06 14:11:42,2,0,3,0
2018-05-06 11:59:28,34,r/nononono,3,2018-05-06 14:09:24,2,1,1,0
2018-05-06 11:59:28,34,r/nononono,3,2018-05-06 14:26:45,3,1,8,0
2018-05-06 11:59:28,34,r/nononono,3,2018-05-06 14:58:08,4,0,1,0
2018-05-06 11:59:28,34,r/nononono,3,2018-05-06 14:37:23,2,0,1,0
2018-05-06 11:59:28,34,r/nononono,3,2018-05-06 13:40:39,1,1,3,0
2018-05-06 11:59:28,34,r/nononono,3,2018-05-06 13:48:54,2,2,13,0
2018-05-06 11:59:28,34,r/nononono,3,2018-05-06 14:21:44,3,0,33,0
2018-05-06 11:59:28,34,r/nononono,3,2018-05-06 13:55:45,3,0,1,0
2018-05-06 11:59:28,34,r/nononono,4,2018-05-06 13:10:38,0,5,155,0
2018-05-06 11:59:28,34,r/nononono,4,2018-05-06 13:52:18,1,2,61,0
2018-05-06 11:59:28,34,r/nononono,4,2018-05-06 14:46:40,2,0,1,0
2018-05-06 11:59:28,34,r/nononono,4,2018-05-06 14:58:39,2,0,1,0
2018-05-06 11:59:28,34,r/nononono,4,2018-05-06 13:37:22,1,1,8,0
2018-05-06 11:59:28,34,r/nononono,4,2018-05-06 13:55:39,2,1,7,0
2018-05-06 11:59:28,34,r/nononono,4,2018-05-06 14:13:43,3,0,1,0
2018-05-06 11:59:28,34,r/nononono,4,2018-05-06 14:51:50,1,0,1,0
2018-05-06 11:59:28,34,r/nononono,4,2018-05-06 15:03:09,1,0,1,0
2018-05-06 11:59:28,34,r/nononono,4,2018-05-06 14:40:32,1,1,-4,0
2018-05-06 11:59:28,34,r/nononono,4,2018-05-06 15:01:58,2,0,1,0
2018-05-06 11:59:28,34,r/nononono,5,2018-05-06 13:51:14,0,1,53,0
2018-05-06 11:59:28,34,r/nononono,5,2018-05-06 14:13:02,1,1,28,0
2018-05-06 11:59:28,34,r/nononono,5,2018-05-06 15:07:44,2,0,1,0
2018-05-06 11:59:28,34,r/nononono,6,2018-05-06 12:41:33,0,1,44,0
2018-05-06 11:59:28,34,r/nononono,6,2018-05-06 14:15:41,1,1,19,0
2018-05-06 11:59:28,34,r/nononono,6,2018-05-06 14:28:49,2,1,9,0
2018-05-06 11:59:28,34,r/nononono,6,2018-05-06 15:08:59,3,0,1,0
2018-05-06 11:59:28,34,r/nononono,7,2018-05-06 13:16:05,0,7,766,0
2018-05-06 11:59:28,34,r/nononono,7,2018-05-06 14:26:09,1,0,11,0
2018-05-06 11:59:28,34,r/nononono,7,2018-05-06 14:04:16,1,0,96,0
2018-05-06 11:59:28,34,r/nononono,7,2018-05-06 14:13:49,1,0,37,0
2018-05-06 11:59:28,34,r/nononono,7,2018-05-06 14:00:58,1,0,38,0
2018-05-06 11:59:28,34,r/nononono,7,2018-05-06 14:20:59,1,5,9,0
2018-05-06 11:59:28,34,r/nononono,7,2018-05-06 14:26:32,2,3,27,0
2018-05-06 11:59:28,34,r/nononono,7,2018-05-06 14:59:48,3,0,1,0
2018-05-06 11:59:28,34,r/nononono,7,2018-05-06 14:36:16,3,0,1,0
2018-05-06 11:59:28,34,r/nononono,7,2018-05-06 14:27:17,3,1,-7,0
2018-05-06 11:59:28,34,r/nononono,7,2018-05-06 15:08:08,4,0,1,0
2018-05-06 11:59:28,34,r/nononono,7,2018-05-06 14:52:33,2,0,1,0
2018-05-06 11:59:28,34,r/nononono,7,2018-05-06 14:35:23,2,0,10,0
2018-05-06 11:59:28,34,r/nononono,7,2018-05-06 14:26:55,2,2,1,0
2018-05-06 11:59:28,34,r/nononono,7,2018-05-06 14:33:16,3,3,6,0
2018-05-06 11:59:28,34,r/nononono,7,2018-05-06 14:49:52,4,0,1,0
2018-05-06 11:59:28,34,r/nononono,7,2018-05-06 15:00:44,4,0,1,0
2018-05-06 11:59:28,34,r/nononono,7,2018-05-06 14:44:38,4,0,1,0
2018-05-06 11:59:28,34,r/nononono,7,2018-05-06 15:05:06,3,0,1,0
2018-05-06 11:59:28,34,r/nononono,7,2018-05-06 14:48:05,2,1,1,0
2018-05-06 11:59:28,34,r/nononono,7,2018-05-06 14:52:49,3,1,1,0
2018-05-06 11:59:28,34,r/nononono,7,2018-05-06 14:56:31,4,0,1,0
2018-05-06 11:59:28,34,r/nononono,7,2018-05-06 14:55:41,1,0,1,0
2018-05-06 11:59:28,34,r/nononono,7,2018-05-06 14:21:48,1,0,-5,0
2018-05-06 11:59:28,34,r/nononono,8,2018-05-06 13:19:49,0,4,169,0
2018-05-06 11:59:28,34,r/nononono,8,2018-05-06 14:13:59,1,1,59,0
2018-05-06 11:59:28,34,r/nononono,8,2018-05-06 14:27:27,2,3,29,0
2018-05-06 11:59:28,34,r/nononono,8,2018-05-06 14:40:00,3,0,27,0
2018-05-06 11:59:28,34,r/nononono,8,2018-05-06 14:52:54,3,0,1,0
2018-05-06 11:59:28,34,r/nononono,8,2018-05-06 14:40:39,3,6,1,0
2018-05-06 11:59:28,34,r/nononono,8,2018-05-06 14:44:09,4,2,1,0
2018-05-06 11:59:28,34,r/nononono,8,2018-05-06 14:52:20,5,1,1,0
2018-05-06 11:59:28,34,r/nononono,8,2018-05-06 14:57:12,6,0,1,0
2018-05-06 11:59:28,34,r/nononono,8,2018-05-06 14:50:38,5,1,1,0
2018-05-06 11:59:28,34,r/nononono,8,2018-05-06 14:55:00,6,1,1,0
2018-05-06 11:59:28,34,r/nononono,8,2018-05-06 15:09:58,7,0,1,0
2018-05-06 11:59:28,34,r/nononono,8,2018-05-06 14:46:34,4,0,1,0
2018-05-06 11:59:28,34,r/nononono,8,2018-05-06 14:55:18,4,0,1,0
2018-05-06 11:59:28,34,r/nononono,8,2018-05-06 14:47:07,4,0,1,0
2018-05-06 11:59:28,34,r/nononono,8,2018-05-06 14:52:07,4,0,1,0
2018-05-06 11:59:28,34,r/nononono,8,2018-05-06 14:47:59,4,0,1,0
2018-05-06 11:59:28,34,r/nononono,8,2018-05-06 14:35:36,1,2,7,0
2018-05-06 11:59:28,34,r/nononono,8,2018-05-06 14:41:09,2,0,1,0
2018-05-06 11:59:28,34,r/nononono,8,2018-05-06 14:48:06,2,1,1,0
2018-05-06 11:59:28,34,r/nononono,8,2018-05-06 14:51:48,3,0,1,0
2018-05-06 11:59:28,34,r/nononono,8,2018-05-06 14:39:46,1,0,0,0
2018-05-06 11:59:28,34,r/nononono,8,2018-05-06 14:54:54,1,0,1,0
2018-05-06 11:59:28,34,r/nononono,9,2018-05-06 13:29:10,0,0,26,0
2018-05-06 11:59:28,34,r/nononono,10,2018-05-06 14:05:45,0,2,19,0
2018-05-06 11:59:28,34,r/nononono,10,2018-05-06 14:42:13,1,1,1,0
2018-05-06 11:59:28,34,r/nononono,10,2018-05-06 15:04:03,2,0,1,0
2018-05-06 11:59:28,34,r/nononono,10,2018-05-06 15:03:42,1,0,1,0
2018-05-06 11:59:28,34,r/nononono,11,2018-05-06 14:28:02,0,0,9,0
2018-05-06 11:59:28,34,r/nononono,12,2018-05-06 12:00:30,0,2,68,0
2018-05-06 11:59:28,34,r/nononono,12,2018-05-06 12:37:30,1,2,71,0
2018-05-06 11:59:28,34,r/nononono,12,2018-05-06 13:11:45,2,2,75,0
2018-05-06 11:59:28,34,r/nononono,12,2018-05-06 13:25:31,3,1,14,0
2018-05-06 11:59:28,34,r/nononono,12,2018-05-06 13:44:14,4,1,7,0
2018-05-06 11:59:28,34,r/nononono,12,2018-05-06 13:51:05,5,0,6,0
2018-05-06 11:59:28,34,r/nononono,12,2018-05-06 15:09:00,3,0,1,0
2018-05-06 11:59:28,34,r/nononono,12,2018-05-06 14:11:02,2,0,3,0
2018-05-06 11:59:28,34,r/nononono,12,2018-05-06 14:15:15,1,1,6,0
2018-05-06 11:59:28,34,r/nononono,12,2018-05-06 14:46:30,2,0,1,0
2018-05-06 11:59:28,34,r/nononono,13,2018-05-06 13:29:38,0,1,63,0
2018-05-06 11:59:28,34,r/nononono,13,2018-05-06 14:37:37,1,1,8,0
2018-05-06 11:59:28,34,r/nononono,13,2018-05-06 15:00:28,2,0,1,0
2018-05-06 11:59:28,34,r/nononono,14,2018-05-06 13:56:17,0,4,35,0
2018-05-06 11:59:28,34,r/nononono,14,2018-05-06 14:30:25,1,0,7,0
2018-05-06 11:59:28,34,r/nononono,14,2018-05-06 14:29:27,1,0,2,0
2018-05-06 11:59:28,34,r/nononono,14,2018-05-06 14:25:56,1,3,1,0
2018-05-06 11:59:28,34,r/nononono,14,2018-05-06 14:32:27,2,0,3,0
2018-05-06 11:59:28,34,r/nononono,14,2018-05-06 14:49:35,2,0,1,0
2018-05-06 11:59:28,34,r/nononono,14,2018-05-06 14:52:44,2,2,1,0
2018-05-06 11:59:28,34,r/nononono,14,2018-05-06 15:00:23,3,0,1,0
2018-05-06 11:59:28,34,r/nononono,14,2018-05-06 15:01:59,3,0,1,0
2018-05-06 11:59:28,34,r/nononono,14,2018-05-06 14:15:30,1,1,2,0
2018-05-06 11:59:28,34,r/nononono,14,2018-05-06 14:18:42,2,2,8,0
2018-05-06 11:59:28,34,r/nononono,14,2018-05-06 14:36:58,3,0,2,0
2018-05-06 11:59:28,34,r/nononono,14,2018-05-06 14:59:41,3,0,1,0
2018-05-06 11:59:28,34,r/nononono,15,2018-05-06 13:35:00,0,2,16,0
2018-05-06 11:59:28,34,r/nononono,15,2018-05-06 14:07:32,1,1,9,0
2018-05-06 11:59:28,34,r/nononono,15,2018-05-06 14:40:18,2,1,4,0
2018-05-06 11:59:28,34,r/nononono,15,2018-05-06 14:40:23,3,0,2,0
2018-05-06 11:59:28,34,r/nononono,15,2018-05-06 14:07:20,1,1,-4,0
2018-05-06 11:59:28,34,r/nononono,15,2018-05-06 14:48:04,2,1,1,0
2018-05-06 11:59:28,34,r/nononono,15,2018-05-06 14:48:26,3,2,1,0
2018-05-06 11:59:28,34,r/nononono,15,2018-05-06 14:55:08,4,0,1,0
2018-05-06 11:59:28,34,r/nononono,15,2018-05-06 14:53:27,4,1,1,0
2018-05-06 11:59:28,34,r/nononono,15,2018-05-06 14:58:27,5,0,1,0
2018-05-06 11:59:28,34,r/nononono,16,2018-05-06 12:00:44,0,1,49,0
2018-05-06 11:59:28,34,r/nononono,16,2018-05-06 14:06:09,1,2,-4,0
2018-05-06 11:59:28,34,r/nononono,16,2018-05-06 14:09:32,2,2,26,0
2018-05-06 11:59:28,34,r/nononono,16,2018-05-06 15:09:38,3,0,1,0
2018-05-06 11:59:28,34,r/nononono,16,2018-05-06 14:11:31,3,0,0,0
2018-05-06 11:59:28,34,r/nononono,16,2018-05-06 15:07:56,2,0,1,0
2018-05-06 11:59:28,34,r/nononono,17,2018-05-06 14:21:42,0,0,3,0
2018-05-06 11:59:28,34,r/nononono,18,2018-05-06 14:29:21,0,1,3,0
2018-05-06 11:59:28,34,r/nononono,18,2018-05-06 14:50:46,1,1,1,0
2018-05-06 11:59:28,34,r/nononono,18,2018-05-06 14:52:44,2,1,1,0
2018-05-06 11:59:28,34,r/nononono,18,2018-05-06 15:09:54,3,0,1,0
2018-05-06 11:59:28,34,r/nononono,19,2018-05-06 12:10:23,0,1,27,0
2018-05-06 11:59:28,34,r/nononono,19,2018-05-06 13:16:09,1,2,7,0
2018-05-06 11:59:28,34,r/nononono,19,2018-05-06 14:37:48,2,1,5,0
2018-05-06 11:59:28,34,r/nononono,19,2018-05-06 14:39:38,3,0,2,0
2018-05-06 11:59:28,34,r/nononono,19,2018-05-06 15:10:27,2,0,1,0
2018-05-06 11:59:28,34,r/nononono,20,2018-05-06 14:20:51,0,0,5,0
2018-05-06 11:59:28,34,r/nononono,21,2018-05-06 13:43:50,0,0,5,0
2018-05-06 11:59:28,34,r/nononono,22,2018-05-06 14:32:08,0,1,2,0
2018-05-06 11:59:28,34,r/nononono,22,2018-05-06 14:42:17,1,0,1,0
2018-05-06 11:59:28,34,r/nononono,23,2018-05-06 14:41:07,0,0,1,0
2018-05-06 11:59:28,34,r/nononono,24,2018-05-06 14:42:37,0,0,1,0
2018-05-06 11:59:28,34,r/nononono,25,2018-05-06 14:53:45,0,0,1,0
2018-05-06 11:59:28,34,r/nononono,26,2018-05-06 12:45:21,0,0,4,0
2018-05-06 11:59:28,34,r/nononono,27,2018-05-06 14:20:35,0,1,3,0
2018-05-06 11:59:28,34,r/nononono,27,2018-05-06 14:38:45,1,0,3,0
2018-05-06 11:59:28,34,r/nononono,28,2018-05-06 14:25:20,0,0,2,0
2018-05-06 11:59:28,34,r/nononono,29,2018-05-06 13:33:50,0,1,1,0
2018-05-06 11:59:28,34,r/nononono,29,2018-05-06 14:10:01,1,0,2,0
2018-05-06 11:59:28,34,r/nononono,30,2018-05-06 13:47:06,0,0,1,0
2018-05-06 11:59:28,34,r/nononono,31,2018-05-06 14:10:48,0,0,1,0
2018-05-06 11:59:28,34,r/nononono,32,2018-05-06 14:22:16,0,0,1,0
2018-05-06 11:59:28,34,r/nononono,33,2018-05-06 14:23:12,0,0,1,0
2018-05-06 11:59:28,34,r/nononono,34,2018-05-06 14:33:31,0,0,1,0
2018-05-06 11:59:28,34,r/nononono,35,2018-05-06 14:33:41,0,1,1,0
2018-05-06 11:59:28,34,r/nononono,35,2018-05-06 14:57:51,1,0,1,0
2018-05-06 11:59:28,34,r/nononono,36,2018-05-06 14:37:55,0,0,1,0
2018-05-06 11:59:28,34,r/nononono,37,2018-05-06 14:43:51,0,0,1,0
2018-05-06 11:59:28,34,r/nononono,38,2018-05-06 14:43:56,0,0,1,0
2018-05-06 11:59:28,34,r/nononono,39,2018-05-06 14:45:33,0,0,1,0
2018-05-06 11:59:28,34,r/nononono,40,2018-05-06 14:49:50,0,0,1,0
2018-05-06 11:59:28,34,r/nononono,41,2018-05-06 14:55:46,0,0,1,0
2018-05-06 11:59:28,34,r/nononono,42,2018-05-06 14:59:38,0,0,1,0
2018-05-06 11:59:28,34,r/nononono,43,2018-05-06 15:00:15,0,0,1,0
2018-05-06 11:59:28,34,r/nononono,44,2018-05-06 15:00:28,0,0,1,0
2018-05-06 11:59:28,34,r/nononono,45,2018-05-06 15:01:21,0,0,1,0
2018-05-06 11:59:28,34,r/nononono,46,2018-05-06 15:01:26,0,0,1,0
2018-05-06 11:59:28,34,r/nononono,47,2018-05-06 15:02:54,0,0,1,0
2018-05-06 11:59:28,34,r/nononono,48,2018-05-06 15:05:42,0,0,1,0
2018-05-06 11:59:28,34,r/nononono,49,2018-05-06 15:07:28,0,0,1,0
2018-05-06 11:59:28,34,r/nononono,50,2018-05-06 15:09:00,0,0,1,0
2018-05-06 11:59:28,34,r/nononono,51,2018-05-06 15:10:04,0,0,1,0
2018-05-06 11:59:28,34,r/nononono,52,2018-05-06 13:24:38,0,0,1,0
2018-05-06 11:59:28,34,r/nononono,53,2018-05-06 14:09:58,0,0,1,0
2018-05-06 11:59:28,34,r/nononono,54,2018-05-06 13:23:30,0,0,1,0
2018-05-06 11:59:28,34,r/nononono,55,2018-05-06 14:21:10,0,0,1,0
2018-05-06 11:59:28,34,r/nononono,56,2018-05-06 14:03:02,0,2,-4,0
2018-05-06 11:59:28,34,r/nononono,56,2018-05-06 14:06:55,1,1,1,0
2018-05-06 11:59:28,34,r/nononono,56,2018-05-06 14:07:24,2,1,-5,0
2018-05-06 11:59:28,34,r/nononono,56,2018-05-06 14:13:32,3,1,-1,0
2018-05-06 11:59:28,34,r/nononono,56,2018-05-06 14:14:49,4,3,0,0
2018-05-06 11:59:28,34,r/nononono,56,2018-05-06 14:23:08,5,1,2,0
2018-05-06 11:59:28,34,r/nononono,56,2018-05-06 14:28:20,6,0,4,0
2018-05-06 11:59:28,34,r/nononono,56,2018-05-06 14:54:14,5,0,1,0
2018-05-06 11:59:28,34,r/nononono,56,2018-05-06 14:21:30,5,0,1,0
2018-05-06 11:59:28,34,r/nononono,56,2018-05-06 14:52:06,1,0,1,0
2018-05-06 11:59:28,34,r/nononono,57,2018-05-06 12:31:37,0,6,-37,0
2018-05-06 11:59:28,34,r/nononono,57,2018-05-06 13:00:31,1,1,34,0
2018-05-06 11:59:28,34,r/nononono,57,2018-05-06 13:43:43,2,2,12,0
2018-05-06 11:59:28,34,r/nononono,57,2018-05-06 13:59:40,3,0,5,0
2018-05-06 11:59:28,34,r/nononono,57,2018-05-06 14:16:12,3,0,3,0
2018-05-06 11:59:28,34,r/nononono,57,2018-05-06 14:15:46,1,0,4,0
2018-05-06 11:59:28,34,r/nononono,57,2018-05-06 12:39:41,1,2,12,0
2018-05-06 11:59:28,34,r/nononono,57,2018-05-06 13:02:20,2,6,9,0
2018-05-06 11:59:28,34,r/nononono,57,2018-05-06 13:37:13,3,1,9,0
2018-05-06 11:59:28,34,r/nononono,57,2018-05-06 13:56:04,4,0,4,0
2018-05-06 11:59:28,34,r/nononono,57,2018-05-06 13:45:28,3,0,6,0
2018-05-06 11:59:28,34,r/nononono,57,2018-05-06 13:14:57,3,1,8,0
2018-05-06 11:59:28,34,r/nononono,57,2018-05-06 13:34:19,4,0,1,0
2018-05-06 11:59:28,34,r/nononono,57,2018-05-06 14:12:47,3,1,2,0
2018-05-06 11:59:28,34,r/nononono,57,2018-05-06 14:22:48,4,0,3,0
2018-05-06 11:59:28,34,r/nononono,57,2018-05-06 13:23:00,3,1,1,0
2018-05-06 11:59:28,34,r/nononono,57,2018-05-06 14:02:38,4,0,2,0
2018-05-06 11:59:28,34,r/nononono,57,2018-05-06 13:09:52,3,1,-1,0
2018-05-06 11:59:28,34,r/nononono,57,2018-05-06 13:36:59,4,0,2,0
2018-05-06 11:59:28,34,r/nononono,57,2018-05-06 12:45:41,2,1,-8,0
2018-05-06 11:59:28,34,r/nononono,57,2018-05-06 13:47:29,3,0,2,0
2018-05-06 11:59:28,34,r/nononono,57,2018-05-06 12:32:30,1,0,3,0
2018-05-06 11:59:28,34,r/nononono,57,2018-05-06 14:17:29,1,0,1,0
2018-05-06 11:59:28,34,r/nononono,57,2018-05-06 14:15:11,1,1,1,0
2018-05-06 11:59:28,34,r/nononono,57,2018-05-06 14:26:38,2,0,2,0
2018-05-06 11:59:28,34,r/nononono,58,2018-05-06 13:14:40,0,0,-4,0
2018-05-06 11:59:28,34,r/nononono,59,2018-05-06 14:49:38,0,0,1,0
2018-05-06 11:59:28,34,r/nononono,60,2018-05-06 13:44:57,0,2,-2,0
2018-05-06 11:59:28,34,r/nononono,60,2018-05-06 14:12:38,1,0,1,0
2018-05-06 11:59:28,34,r/nononono,60,2018-05-06 14:18:41,1,0,1,0
2018-05-06 11:59:28,34,r/nononono,61,2018-05-06 12:15:54,0,2,-22,0
2018-05-06 11:59:28,34,r/nononono,61,2018-05-06 12:30:10,1,2,30,0
2018-05-06 11:59:28,34,r/nononono,61,2018-05-06 13:08:43,2,0,2,0
2018-05-06 11:59:28,34,r/nononono,61,2018-05-06 12:31:41,2,1,3,0
2018-05-06 11:59:28,34,r/nononono,61,2018-05-06 12:43:44,3,3,4,0
2018-05-06 11:59:28,34,r/nononono,61,2018-05-06 13:51:04,4,2,0,0
2018-05-06 11:59:28,34,r/nononono,61,2018-05-06 14:03:36,5,1,3,0
2018-05-06 11:59:28,34,r/nononono,61,2018-05-06 14:14:26,6,0,2,0
2018-05-06 11:59:28,34,r/nononono,61,2018-05-06 14:15:08,5,1,1,0
2018-05-06 11:59:28,34,r/nononono,61,2018-05-06 14:32:27,6,0,1,0
2018-05-06 11:59:28,34,r/nononono,61,2018-05-06 12:53:35,4,1,-3,0
2018-05-06 11:59:28,34,r/nononono,61,2018-05-06 13:20:19,5,2,12,0
2018-05-06 11:59:28,34,r/nononono,61,2018-05-06 13:45:38,6,0,5,0
2018-05-06 11:59:28,34,r/nononono,61,2018-05-06 13:46:10,6,1,1,0
2018-05-06 11:59:28,34,r/nononono,61,2018-05-06 14:10:22,7,0,3,0
2018-05-06 11:59:28,34,r/nononono,61,2018-05-06 13:18:48,4,0,-1,0
2018-05-06 11:59:28,34,r/nononono,61,2018-05-06 13:47:25,1,0,-2,0
2018-05-06 05:47:39,35,r/BikiniBottomTwitter,0,2018-05-06 07:05:30,0,5,1499,0
2018-05-06 05:47:39,35,r/BikiniBottomTwitter,0,2018-05-06 10:29:43,1,5,322,0
2018-05-06 05:47:39,35,r/BikiniBottomTwitter,0,2018-05-06 12:58:10,2,1,9,0
2018-05-06 05:47:39,35,r/BikiniBottomTwitter,0,2018-05-06 13:03:35,3,0,3,0
2018-05-06 05:47:39,35,r/BikiniBottomTwitter,0,2018-05-06 11:32:50,2,6,56,0
2018-05-06 05:47:39,35,r/BikiniBottomTwitter,0,2018-05-06 11:41:49,3,2,94,0
2018-05-06 05:47:39,35,r/BikiniBottomTwitter,0,2018-05-06 11:44:31,4,1,28,0
2018-05-06 05:47:39,35,r/BikiniBottomTwitter,0,2018-05-06 12:10:28,5,0,14,0
2018-05-06 05:47:39,35,r/BikiniBottomTwitter,0,2018-05-06 12:38:49,4,0,3,0
2018-05-06 05:47:39,35,r/BikiniBottomTwitter,0,2018-05-06 12:04:11,3,0,4,0
2018-05-06 05:47:39,35,r/BikiniBottomTwitter,0,2018-05-06 11:51:53,3,0,10,0
2018-05-06 05:47:39,35,r/BikiniBottomTwitter,0,2018-05-06 13:20:52,3,0,3,0
2018-05-06 05:47:39,35,r/BikiniBottomTwitter,0,2018-05-06 12:42:51,3,0,2,0
2018-05-06 05:47:39,35,r/BikiniBottomTwitter,0,2018-05-06 13:37:01,3,0,2,0
2018-05-06 05:47:39,35,r/BikiniBottomTwitter,0,2018-05-06 12:23:52,2,1,3,0
2018-05-06 05:47:39,35,r/BikiniBottomTwitter,0,2018-05-06 12:40:56,3,0,1,0
2018-05-06 05:47:39,35,r/BikiniBottomTwitter,0,2018-05-06 12:42:20,2,1,3,0
2018-05-06 05:47:39,35,r/BikiniBottomTwitter,0,2018-05-06 13:13:25,3,1,3,0
2018-05-06 05:47:39,35,r/BikiniBottomTwitter,0,2018-05-06 13:59:00,4,1,2,0
2018-05-06 05:47:39,35,r/BikiniBottomTwitter,0,2018-05-06 14:11:25,5,0,1,0
2018-05-06 05:47:39,35,r/BikiniBottomTwitter,0,2018-05-06 15:06:23,2,0,1,0
2018-05-06 05:47:39,35,r/BikiniBottomTwitter,0,2018-05-06 09:46:39,1,0,25,0
2018-05-06 05:47:39,35,r/BikiniBottomTwitter,0,2018-05-06 10:22:26,1,0,10,0
2018-05-06 05:47:39,35,r/BikiniBottomTwitter,0,2018-05-06 11:23:50,1,1,5,0
2018-05-06 05:47:39,35,r/BikiniBottomTwitter,0,2018-05-06 12:34:21,2,0,6,0
2018-05-06 05:47:39,35,r/BikiniBottomTwitter,0,2018-05-06 11:34:35,1,0,3,0
2018-05-06 05:47:39,35,r/BikiniBottomTwitter,1,2018-05-06 09:24:42,0,1,86,0
2018-05-06 05:47:39,35,r/BikiniBottomTwitter,1,2018-05-06 10:25:52,1,3,18,0
2018-05-06 05:47:39,35,r/BikiniBottomTwitter,1,2018-05-06 12:11:39,2,0,8,0
2018-05-06 05:47:39,35,r/BikiniBottomTwitter,1,2018-05-06 11:18:17,2,0,7,0
2018-05-06 05:47:39,35,r/BikiniBottomTwitter,1,2018-05-06 13:08:44,2,0,3,0
2018-05-06 05:47:39,35,r/BikiniBottomTwitter,2,2018-05-06 08:40:56,0,1,136,0
2018-05-06 05:47:39,35,r/BikiniBottomTwitter,2,2018-05-06 10:31:02,1,0,40,0
2018-05-06 05:47:39,35,r/BikiniBottomTwitter,3,2018-05-06 10:19:06,0,1,49,0
2018-05-06 05:47:39,35,r/BikiniBottomTwitter,3,2018-05-06 12:00:20,1,0,14,0
2018-05-06 05:47:39,35,r/BikiniBottomTwitter,4,2018-05-06 08:42:30,0,1,120,0
2018-05-06 05:47:39,35,r/BikiniBottomTwitter,4,2018-05-06 11:17:51,1,1,23,0
2018-05-06 05:47:39,35,r/BikiniBottomTwitter,4,2018-05-06 11:17:58,2,1,13,0
2018-05-06 05:47:39,35,r/BikiniBottomTwitter,4,2018-05-06 11:58:45,3,0,11,0
2018-05-06 05:47:39,35,r/BikiniBottomTwitter,5,2018-05-06 06:10:38,0,3,530,0
2018-05-06 05:47:39,35,r/BikiniBottomTwitter,5,2018-05-06 06:34:21,1,4,138,0
2018-05-06 05:47:39,35,r/BikiniBottomTwitter,5,2018-05-06 09:30:38,2,5,51,0
2018-05-06 05:47:39,35,r/BikiniBottomTwitter,5,2018-05-06 09:40:12,3,1,83,0
2018-05-06 05:47:39,35,r/BikiniBottomTwitter,5,2018-05-06 11:05:47,4,1,23,0
2018-05-06 05:47:39,35,r/BikiniBottomTwitter,5,2018-05-06 11:22:38,5,1,17,0
2018-05-06 05:47:39,35,r/BikiniBottomTwitter,5,2018-05-06 11:34:36,6,1,14,0
2018-05-06 05:47:39,35,r/BikiniBottomTwitter,5,2018-05-06 11:47:14,7,1,7,0
2018-05-06 05:47:39,35,r/BikiniBottomTwitter,5,2018-05-06 13:41:19,8,0,4,0
2018-05-06 05:47:39,35,r/BikiniBottomTwitter,5,2018-05-06 09:47:07,3,2,20,0
2018-05-06 05:47:39,35,r/BikiniBottomTwitter,5,2018-05-06 13:21:50,4,0,5,0
2018-05-06 05:47:39,35,r/BikiniBottomTwitter,5,2018-05-06 12:42:41,4,0,2,0
2018-05-06 05:47:39,35,r/BikiniBottomTwitter,5,2018-05-06 09:39:28,3,0,5,0
2018-05-06 05:47:39,35,r/BikiniBottomTwitter,5,2018-05-06 09:45:49,3,0,2,0
2018-05-06 05:47:39,35,r/BikiniBottomTwitter,5,2018-05-06 11:25:48,3,0,2,0
2018-05-06 05:47:39,35,r/BikiniBottomTwitter,5,2018-05-06 12:58:52,2,0,5,0
2018-05-06 05:47:39,35,r/BikiniBottomTwitter,5,2018-05-06 09:53:46,2,0,3,0
2018-05-06 05:47:39,35,r/BikiniBottomTwitter,5,2018-05-06 12:01:17,2,2,-14,0
2018-05-06 05:47:39,35,r/BikiniBottomTwitter,5,2018-05-06 12:30:35,3,0,7,0
2018-05-06 05:47:39,35,r/BikiniBottomTwitter,5,2018-05-06 12:40:57,3,0,2,0
2018-05-06 05:47:39,35,r/BikiniBottomTwitter,5,2018-05-06 06:54:51,1,1,23,0
2018-05-06 05:47:39,35,r/BikiniBottomTwitter,5,2018-05-06 07:02:08,2,1,19,0
2018-05-06 05:47:39,35,r/BikiniBottomTwitter,5,2018-05-06 09:30:04,3,0,8,0
2018-05-06 05:47:39,35,r/BikiniBottomTwitter,5,2018-05-06 14:24:54,1,0,1,0
2018-05-06 05:47:39,35,r/BikiniBottomTwitter,6,2018-05-06 09:16:28,0,4,95,0
2018-05-06 05:47:39,35,r/BikiniBottomTwitter,6,2018-05-06 10:53:37,1,0,16,0
2018-05-06 05:47:39,35,r/BikiniBottomTwitter,6,2018-05-06 10:10:13,1,2,46,0
2018-05-06 05:47:39,35,r/BikiniBottomTwitter,6,2018-05-06 13:38:44,2,0,9,0
2018-05-06 05:47:39,35,r/BikiniBottomTwitter,6,2018-05-06 14:53:30,2,0,1,0
2018-05-06 05:47:39,35,r/BikiniBottomTwitter,6,2018-05-06 10:26:31,1,0,9,0
2018-05-06 05:47:39,35,r/BikiniBottomTwitter,6,2018-05-06 13:20:01,1,1,1,0
2018-05-06 05:47:39,35,r/BikiniBottomTwitter,6,2018-05-06 13:36:03,2,1,2,0
2018-05-06 05:47:39,35,r/BikiniBottomTwitter,6,2018-05-06 13:40:13,3,0,0,0
2018-05-06 05:47:39,35,r/BikiniBottomTwitter,7,2018-05-06 10:05:58,0,0,64,0
2018-05-06 05:47:39,35,r/BikiniBottomTwitter,8,2018-05-06 09:14:03,0,0,23,0
2018-05-06 05:47:39,35,r/BikiniBottomTwitter,9,2018-05-06 08:17:52,0,1,251,0
2018-05-06 05:47:39,35,r/BikiniBottomTwitter,9,2018-05-06 09:31:02,1,2,91,0
2018-05-06 05:47:39,35,r/BikiniBottomTwitter,9,2018-05-06 11:23:15,2,1,31,0
2018-05-06 05:47:39,35,r/BikiniBottomTwitter,9,2018-05-06 12:57:13,3,0,10,0
2018-05-06 05:47:39,35,r/BikiniBottomTwitter,9,2018-05-06 09:32:59,2,0,8,0
2018-05-06 05:47:39,35,r/BikiniBottomTwitter,10,2018-05-06 09:00:05,0,0,16,0
2018-05-06 05:47:39,35,r/BikiniBottomTwitter,11,2018-05-06 08:52:55,0,0,14,0
2018-05-06 05:47:39,35,r/BikiniBottomTwitter,12,2018-05-06 09:14:54,0,1,12,0
2018-05-06 05:47:39,35,r/BikiniBottomTwitter,12,2018-05-06 10:42:51,1,0,23,0
2018-05-06 05:47:39,35,r/BikiniBottomTwitter,13,2018-05-06 09:33:09,0,0,9,0
2018-05-06 05:47:39,35,r/BikiniBottomTwitter,14,2018-05-06 09:59:07,0,0,5,0
2018-05-06 05:47:39,35,r/BikiniBottomTwitter,15,2018-05-06 11:06:22,0,0,5,0
2018-05-06 05:47:39,35,r/BikiniBottomTwitter,16,2018-05-06 07:37:03,0,0,4,0
2018-05-06 05:47:39,35,r/BikiniBottomTwitter,17,2018-05-06 10:25:43,0,0,4,0
2018-05-06 05:47:39,35,r/BikiniBottomTwitter,18,2018-05-06 12:18:00,0,0,3,0
2018-05-06 05:47:39,35,r/BikiniBottomTwitter,19,2018-05-06 10:54:17,0,0,8,0
2018-05-06 05:47:39,35,r/BikiniBottomTwitter,20,2018-05-06 09:29:25,0,0,2,0
2018-05-06 05:47:39,35,r/BikiniBottomTwitter,21,2018-05-06 11:32:26,0,0,2,0
2018-05-06 05:47:39,35,r/BikiniBottomTwitter,22,2018-05-06 11:56:59,0,0,2,0
2018-05-06 05:47:39,35,r/BikiniBottomTwitter,23,2018-05-06 12:42:17,0,0,2,0
2018-05-06 05:47:39,35,r/BikiniBottomTwitter,24,2018-05-06 14:24:31,0,1,2,0
2018-05-06 05:47:39,35,r/BikiniBottomTwitter,24,2018-05-06 14:44:42,1,0,1,0
2018-05-06 05:47:39,35,r/BikiniBottomTwitter,25,2018-05-06 14:28:07,0,0,2,0
2018-05-06 05:47:39,35,r/BikiniBottomTwitter,26,2018-05-06 09:49:04,0,0,1,0
2018-05-06 05:47:39,35,r/BikiniBottomTwitter,27,2018-05-06 09:57:34,0,0,1,0
2018-05-06 05:47:39,35,r/BikiniBottomTwitter,28,2018-05-06 10:20:44,0,1,1,0
2018-05-06 05:47:39,35,r/BikiniBottomTwitter,28,2018-05-06 11:33:38,1,0,2,0
2018-05-06 05:47:39,35,r/BikiniBottomTwitter,29,2018-05-06 10:34:35,0,0,1,0
2018-05-06 05:47:39,35,r/BikiniBottomTwitter,30,2018-05-06 10:43:17,0,0,1,0
2018-05-06 05:47:39,35,r/BikiniBottomTwitter,31,2018-05-06 10:44:22,0,0,1,0
2018-05-06 05:47:39,35,r/BikiniBottomTwitter,32,2018-05-06 11:23:57,0,0,1,0
2018-05-06 05:47:39,35,r/BikiniBottomTwitter,33,2018-05-06 11:27:16,0,0,1,0
2018-05-06 05:47:39,35,r/BikiniBottomTwitter,34,2018-05-06 11:38:52,0,0,1,0
2018-05-06 05:47:39,35,r/BikiniBottomTwitter,35,2018-05-06 11:56:48,0,0,1,0
2018-05-06 05:47:39,35,r/BikiniBottomTwitter,36,2018-05-06 12:07:29,0,0,1,0
2018-05-06 05:47:39,35,r/BikiniBottomTwitter,37,2018-05-06 12:15:50,0,0,1,0
2018-05-06 05:47:39,35,r/BikiniBottomTwitter,38,2018-05-06 12:17:44,0,0,1,0
2018-05-06 05:47:39,35,r/BikiniBottomTwitter,39,2018-05-06 12:18:53,0,0,1,0
2018-05-06 05:47:39,35,r/BikiniBottomTwitter,40,2018-05-06 12:20:22,0,0,1,0
2018-05-06 05:47:39,35,r/BikiniBottomTwitter,41,2018-05-06 12:22:30,0,0,1,0
2018-05-06 05:47:39,35,r/BikiniBottomTwitter,42,2018-05-06 12:24:33,0,0,1,0
2018-05-06 05:47:39,35,r/BikiniBottomTwitter,43,2018-05-06 12:34:44,0,0,1,0
2018-05-06 05:47:39,35,r/BikiniBottomTwitter,44,2018-05-06 12:40:16,0,0,1,0
2018-05-06 05:47:39,35,r/BikiniBottomTwitter,45,2018-05-06 12:42:11,0,0,1,0
2018-05-06 05:47:39,35,r/BikiniBottomTwitter,46,2018-05-06 12:45:57,0,1,1,0
2018-05-06 05:47:39,35,r/BikiniBottomTwitter,46,2018-05-06 13:50:33,1,0,1,0
2018-05-06 05:47:39,35,r/BikiniBottomTwitter,47,2018-05-06 12:47:50,0,0,1,0
2018-05-06 05:47:39,35,r/BikiniBottomTwitter,48,2018-05-06 12:59:01,0,0,1,0
2018-05-06 05:47:39,35,r/BikiniBottomTwitter,49,2018-05-06 12:59:01,0,0,1,0
2018-05-06 05:47:39,35,r/BikiniBottomTwitter,50,2018-05-06 13:06:28,0,0,1,0
2018-05-06 05:47:39,35,r/BikiniBottomTwitter,51,2018-05-06 13:10:58,0,1,1,0
2018-05-06 05:47:39,35,r/BikiniBottomTwitter,51,2018-05-06 13:28:06,1,0,1,0
2018-05-06 05:47:39,35,r/BikiniBottomTwitter,52,2018-05-06 13:14:13,0,0,1,0
2018-05-06 05:47:39,35,r/BikiniBottomTwitter,53,2018-05-06 13:15:52,0,0,1,0
2018-05-06 05:47:39,35,r/BikiniBottomTwitter,54,2018-05-06 13:21:32,0,0,1,0
2018-05-06 05:47:39,35,r/BikiniBottomTwitter,55,2018-05-06 13:42:36,0,0,1,0
2018-05-06 05:47:39,35,r/BikiniBottomTwitter,56,2018-05-06 13:44:18,0,0,1,0
2018-05-06 05:47:39,35,r/BikiniBottomTwitter,57,2018-05-06 13:44:59,0,0,1,0
2018-05-06 05:47:39,35,r/BikiniBottomTwitter,58,2018-05-06 13:55:49,0,0,1,0
2018-05-06 05:47:39,35,r/BikiniBottomTwitter,59,2018-05-06 14:00:01,0,0,1,0
2018-05-06 05:47:39,35,r/BikiniBottomTwitter,60,2018-05-06 14:00:19,0,0,1,0
2018-05-06 05:47:39,35,r/BikiniBottomTwitter,61,2018-05-06 14:01:08,0,0,1,0
2018-05-06 05:47:39,35,r/BikiniBottomTwitter,62,2018-05-06 14:06:19,0,0,1,0
2018-05-06 05:47:39,35,r/BikiniBottomTwitter,63,2018-05-06 14:08:32,0,0,1,0
2018-05-06 05:47:39,35,r/BikiniBottomTwitter,64,2018-05-06 14:14:38,0,0,1,0
2018-05-06 05:47:39,35,r/BikiniBottomTwitter,65,2018-05-06 14:15:06,0,0,1,0
2018-05-06 05:47:39,35,r/BikiniBottomTwitter,66,2018-05-06 14:15:53,0,0,1,0
2018-05-06 05:47:39,35,r/BikiniBottomTwitter,67,2018-05-06 14:19:34,0,0,1,0
2018-05-06 05:47:39,35,r/BikiniBottomTwitter,68,2018-05-06 14:21:29,0,0,1,0
2018-05-06 05:47:39,35,r/BikiniBottomTwitter,69,2018-05-06 14:22:40,0,0,1,0
2018-05-06 05:47:39,35,r/BikiniBottomTwitter,70,2018-05-06 14:25:41,0,0,1,0
2018-05-06 05:47:39,35,r/BikiniBottomTwitter,71,2018-05-06 14:33:00,0,0,1,0
2018-05-06 05:47:39,35,r/BikiniBottomTwitter,72,2018-05-06 14:40:33,0,0,1,0
2018-05-06 05:47:39,35,r/BikiniBottomTwitter,73,2018-05-06 14:43:07,0,0,1,0
2018-05-06 05:47:39,35,r/BikiniBottomTwitter,74,2018-05-06 14:43:15,0,0,1,0
2018-05-06 05:47:39,35,r/BikiniBottomTwitter,75,2018-05-06 14:53:42,0,0,1,0
2018-05-06 05:47:39,35,r/BikiniBottomTwitter,76,2018-05-06 14:57:53,0,0,1,0
2018-05-06 05:47:39,35,r/BikiniBottomTwitter,77,2018-05-06 15:00:19,0,0,1,0
2018-05-06 05:47:39,35,r/BikiniBottomTwitter,78,2018-05-06 15:08:44,0,0,1,0
2018-05-06 05:47:39,35,r/BikiniBottomTwitter,79,2018-05-06 09:22:29,0,0,1,0
2018-05-06 05:47:39,35,r/BikiniBottomTwitter,80,2018-05-06 07:19:20,0,0,0,0
2018-05-06 05:47:39,35,r/BikiniBottomTwitter,81,2018-05-06 10:54:56,0,0,0,0
2018-05-06 05:47:39,35,r/BikiniBottomTwitter,82,2018-05-06 11:04:42,0,0,0,0
2018-05-06 05:47:39,35,r/BikiniBottomTwitter,83,2018-05-06 12:07:07,0,0,0,0
2018-05-06 05:47:39,35,r/BikiniBottomTwitter,84,2018-05-06 06:02:17,0,0,-4,0
2018-05-06 08:20:01,36,r/LateStageCapitalism,0,2018-05-06 13:18:44,0,1,1,0
2018-05-06 08:20:01,36,r/LateStageCapitalism,1,2018-05-06 12:01:17,0,3,196,0
2018-05-06 08:20:01,36,r/LateStageCapitalism,1,2018-05-06 14:48:23,1,0,-12,0
2018-05-06 08:20:01,36,r/LateStageCapitalism,1,2018-05-06 12:14:20,1,3,-59,0
2018-05-06 08:20:01,36,r/LateStageCapitalism,1,2018-05-06 13:29:56,2,0,58,0
2018-05-06 08:20:01,36,r/LateStageCapitalism,1,2018-05-06 14:25:42,2,2,19,0
2018-05-06 08:20:01,36,r/LateStageCapitalism,1,2018-05-06 14:28:53,3,1,16,0
2018-05-06 08:20:01,36,r/LateStageCapitalism,1,2018-05-06 15:10:15,4,0,1,0
2018-05-06 08:20:01,36,r/LateStageCapitalism,1,2018-05-06 14:59:48,3,0,5,0
2018-05-06 08:20:01,36,r/LateStageCapitalism,1,2018-05-06 13:38:35,2,2,6,0
2018-05-06 08:20:01,36,r/LateStageCapitalism,1,2018-05-06 14:37:10,3,0,5,0
2018-05-06 08:20:01,36,r/LateStageCapitalism,1,2018-05-06 14:36:10,3,0,2,0
2018-05-06 08:20:01,36,r/LateStageCapitalism,1,2018-05-06 14:01:15,1,0,-16,0
2018-05-06 08:20:01,36,r/LateStageCapitalism,2,2018-05-06 13:39:31,0,1,76,0
2018-05-06 08:20:01,36,r/LateStageCapitalism,2,2018-05-06 14:53:07,1,0,-1,0
2018-05-06 08:20:01,36,r/LateStageCapitalism,3,2018-05-06 11:37:56,0,9,182,0
2018-05-06 08:20:01,36,r/LateStageCapitalism,3,2018-05-06 12:41:53,1,2,33,0
2018-05-06 08:20:01,36,r/LateStageCapitalism,3,2018-05-06 13:20:14,2,4,7,0
2018-05-06 08:20:01,36,r/LateStageCapitalism,3,2018-05-06 13:30:41,3,0,12,0
2018-05-06 08:20:01,36,r/LateStageCapitalism,3,2018-05-06 13:37:14,3,0,6,0
2018-05-06 08:20:01,36,r/LateStageCapitalism,3,2018-05-06 14:23:59,3,0,0,0
2018-05-06 08:20:01,36,r/LateStageCapitalism,3,2018-05-06 14:13:50,3,0,1,0
2018-05-06 08:20:01,36,r/LateStageCapitalism,3,2018-05-06 13:32:58,2,2,7,0
2018-05-06 08:20:01,36,r/LateStageCapitalism,3,2018-05-06 13:44:57,3,0,9,0
2018-05-06 08:20:01,36,r/LateStageCapitalism,3,2018-05-06 14:15:51,3,0,0,0
2018-05-06 08:20:01,36,r/LateStageCapitalism,3,2018-05-06 12:15:35,1,0,15,0
2018-05-06 08:20:01,36,r/LateStageCapitalism,3,2018-05-06 12:33:44,1,0,24,0
2018-05-06 08:20:01,36,r/LateStageCapitalism,3,2018-05-06 12:49:29,1,1,4,0
2018-05-06 08:20:01,36,r/LateStageCapitalism,3,2018-05-06 13:02:21,2,1,5,0
2018-05-06 08:20:01,36,r/LateStageCapitalism,3,2018-05-06 13:05:44,3,0,1,0
2018-05-06 08:20:01,36,r/LateStageCapitalism,3,2018-05-06 12:58:22,1,1,4,0
2018-05-06 08:20:01,36,r/LateStageCapitalism,3,2018-05-06 12:58:48,2,1,-2,0
2018-05-06 08:20:01,36,r/LateStageCapitalism,3,2018-05-06 12:59:35,3,0,1,0
2018-05-06 08:20:01,36,r/LateStageCapitalism,3,2018-05-06 12:41:33,1,1,4,0
2018-05-06 08:20:01,36,r/LateStageCapitalism,3,2018-05-06 12:47:43,2,2,12,0
2018-05-06 08:20:01,36,r/LateStageCapitalism,3,2018-05-06 12:52:44,3,1,7,0
2018-05-06 08:20:01,36,r/LateStageCapitalism,3,2018-05-06 12:58:16,4,1,6,0
2018-05-06 08:20:01,36,r/LateStageCapitalism,3,2018-05-06 13:01:14,5,1,3,0
2018-05-06 08:20:01,36,r/LateStageCapitalism,3,2018-05-06 13:07:37,6,0,5,0
2018-05-06 08:20:01,36,r/LateStageCapitalism,3,2018-05-06 13:32:42,3,1,2,0
2018-05-06 08:20:01,36,r/LateStageCapitalism,3,2018-05-06 13:43:22,4,1,0,0
2018-05-06 08:20:01,36,r/LateStageCapitalism,3,2018-05-06 13:51:53,5,0,-2,0
2018-05-06 08:20:01,36,r/LateStageCapitalism,3,2018-05-06 12:30:37,1,0,-5,0
2018-05-06 08:20:01,36,r/LateStageCapitalism,3,2018-05-06 13:00:25,1,1,-7,0
2018-05-06 08:20:01,36,r/LateStageCapitalism,3,2018-05-06 13:11:16,2,1,0,0
2018-05-06 08:20:01,36,r/LateStageCapitalism,3,2018-05-06 13:17:35,3,0,0,0
2018-05-06 08:20:01,36,r/LateStageCapitalism,3,2018-05-06 12:04:11,1,3,-29,0
2018-05-06 08:20:01,36,r/LateStageCapitalism,3,2018-05-06 12:37:53,2,1,8,0
2018-05-06 08:20:01,36,r/LateStageCapitalism,3,2018-05-06 12:45:02,3,2,-4,0
2018-05-06 08:20:01,36,r/LateStageCapitalism,3,2018-05-06 13:17:17,4,0,3,0
2018-05-06 08:20:01,36,r/LateStageCapitalism,3,2018-05-06 13:04:31,4,1,2,0
2018-05-06 08:20:01,36,r/LateStageCapitalism,3,2018-05-06 13:34:05,5,0,2,0
2018-05-06 08:20:01,36,r/LateStageCapitalism,3,2018-05-06 12:34:10,2,0,1,0
2018-05-06 08:20:01,36,r/LateStageCapitalism,3,2018-05-06 12:45:25,2,1,1,0
2018-05-06 08:20:01,36,r/LateStageCapitalism,3,2018-05-06 12:45:26,3,0,2,0
2018-05-06 08:20:01,36,r/LateStageCapitalism,4,2018-05-06 12:45:43,0,1,78,0
2018-05-06 08:20:01,36,r/LateStageCapitalism,4,2018-05-06 13:30:09,1,1,8,0
2018-05-06 08:20:01,36,r/LateStageCapitalism,4,2018-05-06 14:06:24,2,1,7,0
2018-05-06 08:20:01,36,r/LateStageCapitalism,4,2018-05-06 14:37:10,3,1,9,0
2018-05-06 08:20:01,36,r/LateStageCapitalism,4,2018-05-06 14:49:07,4,0,3,0
2018-05-06 08:20:01,36,r/LateStageCapitalism,5,2018-05-06 11:15:57,0,2,81,0
2018-05-06 08:20:01,36,r/LateStageCapitalism,5,2018-05-06 11:22:12,1,1,50,0
2018-05-06 08:20:01,36,r/LateStageCapitalism,5,2018-05-06 12:27:21,2,1,23,0
2018-05-06 08:20:01,36,r/LateStageCapitalism,5,2018-05-06 12:54:10,3,1,4,0
2018-05-06 08:20:01,36,r/LateStageCapitalism,5,2018-05-06 14:05:07,4,0,2,0
2018-05-06 08:20:01,36,r/LateStageCapitalism,5,2018-05-06 13:26:41,1,0,0,0
2018-05-06 08:20:01,36,r/LateStageCapitalism,6,2018-05-06 13:02:52,0,2,43,0
2018-05-06 08:20:01,36,r/LateStageCapitalism,6,2018-05-06 13:46:09,1,1,11,0
2018-05-06 08:20:01,36,r/LateStageCapitalism,6,2018-05-06 13:58:24,2,0,-8,0
2018-05-06 08:20:01,36,r/LateStageCapitalism,6,2018-05-06 13:22:35,1,0,-37,0
2018-05-06 08:20:01,36,r/LateStageCapitalism,7,2018-05-06 14:03:55,0,0,8,0
2018-05-06 08:20:01,36,r/LateStageCapitalism,8,2018-05-06 10:45:00,0,2,18,0
2018-05-06 08:20:01,36,r/LateStageCapitalism,8,2018-05-06 10:45:03,1,0,11,0
2018-05-06 08:20:01,36,r/LateStageCapitalism,8,2018-05-06 12:04:23,1,1,-1,0
2018-05-06 08:20:01,36,r/LateStageCapitalism,8,2018-05-06 12:04:29,2,0,-2,0
2018-05-06 08:20:01,36,r/LateStageCapitalism,9,2018-05-06 14:26:47,0,1,3,0
2018-05-06 08:20:01,36,r/LateStageCapitalism,9,2018-05-06 14:26:54,1,0,2,0
2018-05-06 08:20:01,36,r/LateStageCapitalism,10,2018-05-06 13:31:57,0,5,35,0
2018-05-06 08:20:01,36,r/LateStageCapitalism,10,2018-05-06 14:04:45,1,2,12,0
2018-05-06 08:20:01,36,r/LateStageCapitalism,10,2018-05-06 14:13:17,2,0,19,0
2018-05-06 08:20:01,36,r/LateStageCapitalism,10,2018-05-06 14:39:50,2,2,-4,0
2018-05-06 08:20:01,36,r/LateStageCapitalism,10,2018-05-06 14:43:04,3,0,10,0
2018-05-06 08:20:01,36,r/LateStageCapitalism,10,2018-05-06 14:50:25,3,0,-2,0
2018-05-06 08:20:01,36,r/LateStageCapitalism,10,2018-05-06 14:03:37,1,1,3,0
2018-05-06 08:20:01,36,r/LateStageCapitalism,10,2018-05-06 14:13:01,2,1,-2,0
2018-05-06 08:20:01,36,r/LateStageCapitalism,10,2018-05-06 14:33:59,3,0,7,0
2018-05-06 08:20:01,36,r/LateStageCapitalism,10,2018-05-06 14:12:37,1,0,1,0
2018-05-06 08:20:01,36,r/LateStageCapitalism,10,2018-05-06 14:02:58,1,0,2,0
2018-05-06 08:20:01,36,r/LateStageCapitalism,10,2018-05-06 14:23:22,1,0,-2,0
2018-05-06 08:20:01,36,r/LateStageCapitalism,11,2018-05-06 09:08:16,0,3,31,0
2018-05-06 08:20:01,36,r/LateStageCapitalism,11,2018-05-06 12:20:49,1,0,19,0
2018-05-06 08:20:01,36,r/LateStageCapitalism,11,2018-05-06 11:02:10,1,0,33,0
2018-05-06 08:20:01,36,r/LateStageCapitalism,11,2018-05-06 12:04:38,1,0,4,0
2018-05-06 08:20:01,36,r/LateStageCapitalism,12,2018-05-06 13:46:40,0,1,3,0
2018-05-06 08:20:01,36,r/LateStageCapitalism,12,2018-05-06 14:54:53,1,0,2,0
2018-05-06 08:20:01,36,r/LateStageCapitalism,13,2018-05-06 13:51:51,0,0,6,0
2018-05-06 08:20:01,36,r/LateStageCapitalism,14,2018-05-06 13:18:01,0,0,2,0
2018-05-06 08:20:01,36,r/LateStageCapitalism,15,2018-05-06 12:59:14,0,1,2,0
2018-05-06 08:20:01,36,r/LateStageCapitalism,15,2018-05-06 12:59:15,1,0,-2,0
2018-05-06 08:20:01,36,r/LateStageCapitalism,16,2018-05-06 13:31:17,0,1,2,0
2018-05-06 08:20:01,36,r/LateStageCapitalism,16,2018-05-06 13:31:17,1,0,-1,0
2018-05-06 08:20:01,36,r/LateStageCapitalism,17,2018-05-06 13:58:48,0,1,2,0
2018-05-06 08:20:01,36,r/LateStageCapitalism,17,2018-05-06 13:58:48,1,0,-1,0
2018-05-06 08:20:01,36,r/LateStageCapitalism,18,2018-05-06 14:22:47,0,0,1,0
2018-05-06 08:20:01,36,r/LateStageCapitalism,19,2018-05-06 14:41:27,0,1,1,0
2018-05-06 08:20:01,36,r/LateStageCapitalism,19,2018-05-06 14:41:32,1,0,1,0
2018-05-06 08:20:01,36,r/LateStageCapitalism,20,2018-05-06 15:01:21,0,0,1,0
2018-05-06 08:20:01,36,r/LateStageCapitalism,21,2018-05-06 15:10:10,0,0,1,0
2018-05-06 08:20:01,36,r/LateStageCapitalism,22,2018-05-06 13:29:49,0,1,-6,0
2018-05-06 08:20:01,36,r/LateStageCapitalism,22,2018-05-06 13:53:59,1,1,-7,0
2018-05-06 08:20:01,36,r/LateStageCapitalism,22,2018-05-06 14:02:56,2,0,-4,0
2018-05-06 08:20:01,36,r/LateStageCapitalism,23,2018-05-06 13:19:03,0,3,-21,0
2018-05-06 08:20:01,36,r/LateStageCapitalism,23,2018-05-06 14:09:18,1,1,6,0
2018-05-06 08:20:01,36,r/LateStageCapitalism,23,2018-05-06 14:14:48,2,0,1,0
2018-05-06 08:20:01,36,r/LateStageCapitalism,23,2018-05-06 13:52:13,1,0,-5,0
2018-05-06 08:20:01,36,r/LateStageCapitalism,23,2018-05-06 13:32:56,1,0,-5,0
2018-05-06 08:20:01,36,r/LateStageCapitalism,24,2018-05-06 13:40:35,0,0,1,0
2018-05-06 08:20:01,36,r/LateStageCapitalism,25,2018-05-06 14:05:57,0,0,0,0
2018-05-06 08:20:01,36,r/LateStageCapitalism,26,2018-05-06 11:44:12,0,4,-8,0
2018-05-06 08:20:01,36,r/LateStageCapitalism,26,2018-05-06 12:35:04,1,1,8,0
2018-05-06 08:20:01,36,r/LateStageCapitalism,26,2018-05-06 12:36:25,2,1,-1,0
2018-05-06 08:20:01,36,r/LateStageCapitalism,26,2018-05-06 12:46:09,3,0,-2,0
2018-05-06 08:20:01,36,r/LateStageCapitalism,26,2018-05-06 12:43:37,1,1,4,0
2018-05-06 08:20:01,36,r/LateStageCapitalism,26,2018-05-06 12:45:18,2,1,1,0
2018-05-06 08:20:01,36,r/LateStageCapitalism,26,2018-05-06 12:45:18,3,0,-1,0
2018-05-06 08:20:01,36,r/LateStageCapitalism,26,2018-05-06 11:49:50,1,0,1,0
2018-05-06 08:20:01,36,r/LateStageCapitalism,26,2018-05-06 12:26:41,1,0,0,0
2018-05-06 08:20:01,36,r/LateStageCapitalism,27,2018-05-06 14:08:53,0,2,-4,0
2018-05-06 08:20:01,36,r/LateStageCapitalism,27,2018-05-06 14:45:45,1,1,5,0
2018-05-06 08:20:01,36,r/LateStageCapitalism,27,2018-05-06 14:49:15,2,1,1,0
2018-05-06 08:20:01,36,r/LateStageCapitalism,27,2018-05-06 14:55:16,3,0,2,0
2018-05-06 08:20:01,36,r/LateStageCapitalism,27,2018-05-06 14:25:58,1,1,3,0
2018-05-06 08:20:01,36,r/LateStageCapitalism,27,2018-05-06 14:56:43,2,1,0,0
2018-05-06 08:20:01,36,r/LateStageCapitalism,27,2018-05-06 15:07:35,3,0,1,0
2018-05-06 08:20:01,36,r/LateStageCapitalism,28,2018-05-06 12:38:58,0,0,-7,0
2018-05-06 08:20:01,36,r/LateStageCapitalism,29,2018-05-06 11:15:37,0,3,-20,0
2018-05-06 08:20:01,36,r/LateStageCapitalism,29,2018-05-06 11:25:30,1,2,19,0
2018-05-06 08:20:01,36,r/LateStageCapitalism,29,2018-05-06 13:30:42,2,0,2,0
2018-05-06 08:20:01,36,r/LateStageCapitalism,29,2018-05-06 11:34:59,2,1,-5,0
2018-05-06 08:20:01,36,r/LateStageCapitalism,29,2018-05-06 11:39:19,3,0,11,0
2018-05-06 08:20:01,36,r/LateStageCapitalism,29,2018-05-06 11:20:07,1,0,39,0
2018-05-06 08:20:01,36,r/LateStageCapitalism,29,2018-05-06 11:37:03,1,1,19,0
2018-05-06 08:20:01,36,r/LateStageCapitalism,29,2018-05-06 11:42:32,2,1,0,0
2018-05-06 08:20:01,36,r/LateStageCapitalism,29,2018-05-06 11:42:33,3,0,3,0
2018-05-06 08:20:01,36,r/LateStageCapitalism,30,2018-05-06 14:42:36,0,1,-2,0
2018-05-06 08:20:01,36,r/LateStageCapitalism,30,2018-05-06 14:56:04,1,0,2,0
2018-05-06 08:20:01,36,r/LateStageCapitalism,31,2018-05-06 11:57:52,0,1,-17,0
2018-05-06 08:20:01,36,r/LateStageCapitalism,31,2018-05-06 12:04:37,1,1,16,0
2018-05-06 08:20:01,36,r/LateStageCapitalism,31,2018-05-06 12:15:08,2,1,-8,0
2018-05-06 08:20:01,36,r/LateStageCapitalism,31,2018-05-06 12:21:02,3,2,7,0
2018-05-06 08:20:01,36,r/LateStageCapitalism,31,2018-05-06 14:10:46,4,1,0,0
2018-05-06 08:20:01,36,r/LateStageCapitalism,31,2018-05-06 14:16:25,5,1,3,0
2018-05-06 08:20:01,36,r/LateStageCapitalism,31,2018-05-06 14:55:10,6,0,1,0
2018-05-06 08:20:01,36,r/LateStageCapitalism,31,2018-05-06 12:32:14,4,1,-4,0
2018-05-06 08:20:01,36,r/LateStageCapitalism,31,2018-05-06 12:39:03,5,0,4,0
2018-05-06 07:41:37,37,r/iamverysmart,0,2018-05-06 07:46:59,0,10,1517,0
2018-05-06 07:41:37,37,r/iamverysmart,0,2018-05-06 12:19:09,1,2,272,0
2018-05-06 07:41:37,37,r/iamverysmart,0,2018-05-06 13:16:58,2,2,33,0
2018-05-06 07:41:37,37,r/iamverysmart,0,2018-05-06 13:33:46,3,1,42,0
2018-05-06 07:41:37,37,r/iamverysmart,0,2018-05-06 13:51:14,4,1,18,0
2018-05-06 07:41:37,37,r/iamverysmart,0,2018-05-06 14:31:35,5,1,7,0
2018-05-06 07:41:37,37,r/iamverysmart,0,2018-05-06 15:03:38,6,0,1,0
2018-05-06 07:41:37,37,r/iamverysmart,0,2018-05-06 13:43:37,3,0,11,0
2018-05-06 07:41:37,37,r/iamverysmart,0,2018-05-06 14:58:53,2,0,2,0
2018-05-06 07:41:37,37,r/iamverysmart,0,2018-05-06 12:33:11,1,1,39,0
2018-05-06 07:41:37,37,r/iamverysmart,0,2018-05-06 13:13:43,2,0,-2,0
2018-05-06 07:41:37,37,r/iamverysmart,0,2018-05-06 07:48:43,1,0,56,0
2018-05-06 07:41:37,37,r/iamverysmart,0,2018-05-06 12:20:13,1,0,20,0
2018-05-06 07:41:37,37,r/iamverysmart,0,2018-05-06 12:34:54,1,1,7,0
2018-05-06 07:41:37,37,r/iamverysmart,0,2018-05-06 13:21:26,2,0,5,0
2018-05-06 07:41:37,37,r/iamverysmart,0,2018-05-06 13:26:38,1,0,4,0
2018-05-06 07:41:37,37,r/iamverysmart,0,2018-05-06 14:22:09,1,0,4,0
2018-05-06 07:41:37,37,r/iamverysmart,0,2018-05-06 14:15:24,1,0,6,0
2018-05-06 07:41:37,37,r/iamverysmart,0,2018-05-06 13:59:37,1,0,2,0
2018-05-06 07:41:37,37,r/iamverysmart,0,2018-05-06 14:11:03,1,1,1,0
2018-05-06 07:41:37,37,r/iamverysmart,0,2018-05-06 14:58:55,2,0,1,0
2018-05-06 07:41:37,37,r/iamverysmart,1,2018-05-06 09:42:33,0,7,915,0
2018-05-06 07:41:37,37,r/iamverysmart,1,2018-05-06 11:31:14,1,2,281,0
2018-05-06 07:41:37,37,r/iamverysmart,1,2018-05-06 11:44:12,2,2,61,0
2018-05-06 07:41:37,37,r/iamverysmart,1,2018-05-06 12:27:49,3,1,58,0
2018-05-06 07:41:37,37,r/iamverysmart,1,2018-05-06 13:51:48,4,1,9,0
2018-05-06 07:41:37,37,r/iamverysmart,1,2018-05-06 14:10:21,5,1,-12,0
2018-05-06 07:41:37,37,r/iamverysmart,1,2018-05-06 14:57:50,6,0,1,0
2018-05-06 07:41:37,37,r/iamverysmart,1,2018-05-06 11:57:01,3,1,24,0
2018-05-06 07:41:37,37,r/iamverysmart,1,2018-05-06 13:21:16,4,0,9,0
2018-05-06 07:41:37,37,r/iamverysmart,1,2018-05-06 14:23:19,2,0,2,0
2018-05-06 07:41:37,37,r/iamverysmart,1,2018-05-06 12:50:32,1,1,19,0
2018-05-06 07:41:37,37,r/iamverysmart,1,2018-05-06 13:31:01,2,1,9,0
2018-05-06 07:41:37,37,r/iamverysmart,1,2018-05-06 14:40:50,3,0,2,0
2018-05-06 07:41:37,37,r/iamverysmart,1,2018-05-06 13:08:19,1,2,6,0
2018-05-06 07:41:37,37,r/iamverysmart,1,2018-05-06 13:25:26,2,0,4,0
2018-05-06 07:41:37,37,r/iamverysmart,1,2018-05-06 13:30:30,2,0,2,0
2018-05-06 07:41:37,37,r/iamverysmart,1,2018-05-06 13:58:29,1,0,2,0
2018-05-06 07:41:37,37,r/iamverysmart,1,2018-05-06 13:37:04,1,0,1,0
2018-05-06 07:41:37,37,r/iamverysmart,1,2018-05-06 14:21:47,1,0,1,0
2018-05-06 07:41:37,37,r/iamverysmart,1,2018-05-06 14:46:22,1,0,1,0
2018-05-06 07:41:37,37,r/iamverysmart,2,2018-05-06 10:07:55,0,4,304,0
2018-05-06 07:41:37,37,r/iamverysmart,2,2018-05-06 11:44:21,1,0,38,0
2018-05-06 07:41:37,37,r/iamverysmart,2,2018-05-06 13:55:56,1,0,5,0
2018-05-06 07:41:37,37,r/iamverysmart,2,2018-05-06 13:29:25,1,0,8,0
2018-05-06 07:41:37,37,r/iamverysmart,2,2018-05-06 13:16:45,1,1,9,0
2018-05-06 07:41:37,37,r/iamverysmart,2,2018-05-06 13:30:17,2,1,32,0
2018-05-06 07:41:37,37,r/iamverysmart,2,2018-05-06 14:25:52,3,0,5,0
2018-05-06 07:41:37,37,r/iamverysmart,3,2018-05-06 07:43:52,0,2,507,0
2018-05-06 07:41:37,37,r/iamverysmart,3,2018-05-06 09:51:47,1,3,333,0
2018-05-06 07:41:37,37,r/iamverysmart,3,2018-05-06 11:29:11,2,8,106,0
2018-05-06 07:41:37,37,r/iamverysmart,3,2018-05-06 11:37:13,3,3,206,0
2018-05-06 07:41:37,37,r/iamverysmart,3,2018-05-06 11:42:46,4,2,157,0
2018-05-06 07:41:37,37,r/iamverysmart,3,2018-05-06 12:23:50,5,0,35,0
2018-05-06 07:41:37,37,r/iamverysmart,3,2018-05-06 13:05:42,5,0,3,0
2018-05-06 07:41:37,37,r/iamverysmart,3,2018-05-06 12:50:36,4,0,21,0
2018-05-06 07:41:37,37,r/iamverysmart,3,2018-05-06 13:00:18,4,1,12,0
2018-05-06 07:41:37,37,r/iamverysmart,3,2018-05-06 13:15:15,5,0,8,0
2018-05-06 07:41:37,37,r/iamverysmart,3,2018-05-06 11:49:20,3,2,72,0
2018-05-06 07:41:37,37,r/iamverysmart,3,2018-05-06 11:53:20,4,5,32,0
2018-05-06 07:41:37,37,r/iamverysmart,3,2018-05-06 12:29:31,5,0,12,0
2018-05-06 07:41:37,37,r/iamverysmart,3,2018-05-06 12:01:07,5,0,27,0
2018-05-06 07:41:37,37,r/iamverysmart,3,2018-05-06 13:39:00,5,0,3,0
2018-05-06 07:41:37,37,r/iamverysmart,3,2018-05-06 12:41:32,5,0,3,0
2018-05-06 07:41:37,37,r/iamverysmart,3,2018-05-06 13:24:06,5,0,0,0
2018-05-06 07:41:37,37,r/iamverysmart,3,2018-05-06 12:51:42,4,0,1,0
2018-05-06 07:41:37,37,r/iamverysmart,3,2018-05-06 12:08:08,3,0,5,0
2018-05-06 07:41:37,37,r/iamverysmart,3,2018-05-06 13:43:05,3,0,2,0
2018-05-06 07:41:37,37,r/iamverysmart,3,2018-05-06 11:32:57,3,0,2,0
2018-05-06 07:41:37,37,r/iamverysmart,3,2018-05-06 13:33:37,3,0,1,0
2018-05-06 07:41:37,37,r/iamverysmart,3,2018-05-06 14:54:38,3,0,1,0
2018-05-06 07:41:37,37,r/iamverysmart,3,2018-05-06 13:47:34,3,0,1,0
2018-05-06 07:41:37,37,r/iamverysmart,3,2018-05-06 11:34:35,2,2,14,0
2018-05-06 07:41:37,37,r/iamverysmart,3,2018-05-06 11:38:32,3,1,30,0
2018-05-06 07:41:37,37,r/iamverysmart,3,2018-05-06 12:25:12,4,1,1,0
2018-05-06 07:41:37,37,r/iamverysmart,3,2018-05-06 12:52:20,5,1,7,0
2018-05-06 07:41:37,37,r/iamverysmart,3,2018-05-06 13:00:28,6,0,6,0
2018-05-06 07:41:37,37,r/iamverysmart,3,2018-05-06 13:41:53,3,0,1,0
2018-05-06 07:41:37,37,r/iamverysmart,3,2018-05-06 14:08:28,2,0,1,0
2018-05-06 07:41:37,37,r/iamverysmart,3,2018-05-06 11:04:33,1,1,-31,0
2018-05-06 07:41:37,37,r/iamverysmart,3,2018-05-06 13:20:20,2,0,1,0
2018-05-06 07:41:37,37,r/iamverysmart,4,2018-05-06 11:29:46,0,0,49,0
2018-05-06 07:41:37,37,r/iamverysmart,5,2018-05-06 10:40:09,0,2,76,0
2018-05-06 07:41:37,37,r/iamverysmart,5,2018-05-06 13:15:43,1,1,15,0
2018-05-06 07:41:37,37,r/iamverysmart,5,2018-05-06 14:05:59,2,3,-4,0
2018-05-06 07:41:37,37,r/iamverysmart,5,2018-05-06 14:15:01,3,0,6,0
2018-05-06 07:41:37,37,r/iamverysmart,5,2018-05-06 14:17:06,3,0,1,0
2018-05-06 07:41:37,37,r/iamverysmart,5,2018-05-06 14:37:24,3,0,1,0
2018-05-06 07:41:37,37,r/iamverysmart,5,2018-05-06 14:22:08,1,0,2,0
2018-05-06 07:41:37,37,r/iamverysmart,6,2018-05-06 12:41:45,0,0,28,0
2018-05-06 07:41:37,37,r/iamverysmart,7,2018-05-06 11:22:17,0,1,31,0
2018-05-06 07:41:37,37,r/iamverysmart,7,2018-05-06 14:03:59,1,0,6,0
2018-05-06 07:41:37,37,r/iamverysmart,8,2018-05-06 11:43:46,0,0,29,0
2018-05-06 07:41:37,37,r/iamverysmart,9,2018-05-06 12:16:07,0,0,25,0
2018-05-06 07:41:37,37,r/iamverysmart,10,2018-05-06 08:14:00,0,0,33,0
2018-05-06 07:41:37,37,r/iamverysmart,11,2018-05-06 13:12:44,0,0,6,0
2018-05-06 07:41:37,37,r/iamverysmart,12,2018-05-06 13:15:33,0,0,7,0
2018-05-06 07:41:37,37,r/iamverysmart,13,2018-05-06 12:45:15,0,0,5,0
2018-05-06 07:41:37,37,r/iamverysmart,14,2018-05-06 11:30:26,0,5,52,0
2018-05-06 07:41:37,37,r/iamverysmart,14,2018-05-06 13:23:36,1,1,9,0
2018-05-06 07:41:37,37,r/iamverysmart,14,2018-05-06 13:47:47,2,1,1,0
2018-05-06 07:41:37,37,r/iamverysmart,14,2018-05-06 14:06:01,3,0,5,0
2018-05-06 07:41:37,37,r/iamverysmart,14,2018-05-06 11:39:07,1,2,34,0
2018-05-06 07:41:37,37,r/iamverysmart,14,2018-05-06 11:50:13,2,0,23,0
2018-05-06 07:41:37,37,r/iamverysmart,14,2018-05-06 13:16:13,2,1,15,0
2018-05-06 07:41:37,37,r/iamverysmart,14,2018-05-06 13:43:00,3,0,6,0
2018-05-06 07:41:37,37,r/iamverysmart,14,2018-05-06 14:25:33,1,0,4,0
2018-05-06 07:41:37,37,r/iamverysmart,14,2018-05-06 14:07:46,1,0,1,0
2018-05-06 07:41:37,37,r/iamverysmart,14,2018-05-06 14:31:59,1,0,1,0
2018-05-06 07:41:37,37,r/iamverysmart,15,2018-05-06 11:34:00,0,2,30,0
2018-05-06 07:41:37,37,r/iamverysmart,15,2018-05-06 12:19:16,1,1,1,0
2018-05-06 07:41:37,37,r/iamverysmart,15,2018-05-06 13:16:03,2,2,15,0
2018-05-06 07:41:37,37,r/iamverysmart,15,2018-05-06 13:21:28,3,1,14,0
2018-05-06 07:41:37,37,r/iamverysmart,15,2018-05-06 14:06:42,4,0,0,0
2018-05-06 07:41:37,37,r/iamverysmart,15,2018-05-06 13:34:31,3,0,10,0
2018-05-06 07:41:37,37,r/iamverysmart,15,2018-05-06 14:30:07,1,0,1,0
2018-05-06 07:41:37,37,r/iamverysmart,16,2018-05-06 13:53:03,0,0,3,0
2018-05-06 07:41:37,37,r/iamverysmart,17,2018-05-06 12:49:03,0,0,4,0
2018-05-06 07:41:37,37,r/iamverysmart,18,2018-05-06 13:18:22,0,1,2,0
2018-05-06 07:41:37,37,r/iamverysmart,18,2018-05-06 13:41:49,1,0,3,0
2018-05-06 07:41:37,37,r/iamverysmart,19,2018-05-06 13:22:42,0,0,2,0
2018-05-06 07:41:37,37,r/iamverysmart,20,2018-05-06 13:38:23,0,0,2,0
2018-05-06 07:41:37,37,r/iamverysmart,21,2018-05-06 13:38:34,0,0,2,0
2018-05-06 07:41:37,37,r/iamverysmart,22,2018-05-06 13:48:55,0,0,2,0
2018-05-06 07:41:37,37,r/iamverysmart,23,2018-05-06 14:39:36,0,0,2,0
2018-05-06 07:41:37,37,r/iamverysmart,24,2018-05-06 10:59:15,0,0,4,0
2018-05-06 07:41:37,37,r/iamverysmart,25,2018-05-06 12:30:54,0,0,1,0
2018-05-06 07:41:37,37,r/iamverysmart,26,2018-05-06 13:22:16,0,0,1,0
2018-05-06 07:41:37,37,r/iamverysmart,27,2018-05-06 13:27:08,0,0,1,0
2018-05-06 07:41:37,37,r/iamverysmart,28,2018-05-06 13:31:09,0,0,1,0
2018-05-06 07:41:37,37,r/iamverysmart,29,2018-05-06 13:33:01,0,0,1,0
2018-05-06 07:41:37,37,r/iamverysmart,30,2018-05-06 13:35:04,0,0,1,0
2018-05-06 07:41:37,37,r/iamverysmart,31,2018-05-06 13:47:24,0,0,1,0
2018-05-06 07:41:37,37,r/iamverysmart,32,2018-05-06 13:47:37,0,0,1,0
2018-05-06 07:41:37,37,r/iamverysmart,33,2018-05-06 13:49:32,0,0,1,0
2018-05-06 07:41:37,37,r/iamverysmart,34,2018-05-06 13:57:16,0,0,1,0
2018-05-06 07:41:37,37,r/iamverysmart,35,2018-05-06 14:06:07,0,0,1,0
2018-05-06 07:41:37,37,r/iamverysmart,36,2018-05-06 14:08:21,0,0,1,0
2018-05-06 07:41:37,37,r/iamverysmart,37,2018-05-06 14:08:31,0,0,1,0
2018-05-06 07:41:37,37,r/iamverysmart,38,2018-05-06 14:15:53,0,0,1,0
2018-05-06 07:41:37,37,r/iamverysmart,39,2018-05-06 14:19:55,0,0,1,0
2018-05-06 07:41:37,37,r/iamverysmart,40,2018-05-06 14:20:24,0,0,1,0
2018-05-06 07:41:37,37,r/iamverysmart,41,2018-05-06 14:34:54,0,0,1,0
2018-05-06 07:41:37,37,r/iamverysmart,42,2018-05-06 14:39:32,0,0,1,0
2018-05-06 07:41:37,37,r/iamverysmart,43,2018-05-06 14:57:04,0,0,1,0
2018-05-06 07:41:37,37,r/iamverysmart,44,2018-05-06 15:01:10,0,0,1,0
2018-05-06 07:41:37,37,r/iamverysmart,45,2018-05-06 11:45:07,0,0,1,0
2018-05-06 07:41:37,37,r/iamverysmart,46,2018-05-06 13:51:38,0,0,0,0
2018-05-06 07:41:37,37,r/iamverysmart,47,2018-05-06 12:10:00,0,0,0,0
2018-05-06 07:41:37,37,r/iamverysmart,48,2018-05-06 13:38:17,0,1,-1,0
2018-05-06 07:41:37,37,r/iamverysmart,48,2018-05-06 13:47:00,1,1,1,0
2018-05-06 07:41:37,37,r/iamverysmart,48,2018-05-06 14:53:51,2,0,0,0
2018-05-06 07:41:37,37,r/iamverysmart,49,2018-05-06 11:20:08,0,0,-4,0
2018-05-06 07:41:37,37,r/iamverysmart,50,2018-05-06 13:00:02,0,1,-4,0
2018-05-06 07:41:37,37,r/iamverysmart,50,2018-05-06 13:17:51,1,1,2,0
2018-05-06 07:41:37,37,r/iamverysmart,50,2018-05-06 13:25:27,2,0,2,0
2018-05-06 07:41:37,37,r/iamverysmart,51,2018-05-06 12:35:20,0,0,-5,0
2018-05-06 07:41:37,37,r/iamverysmart,52,2018-05-06 11:29:17,0,1,-2,0
2018-05-06 07:41:37,37,r/iamverysmart,52,2018-05-06 11:34:59,1,1,0,0
2018-05-06 07:41:37,37,r/iamverysmart,52,2018-05-06 11:37:25,2,1,2,0
2018-05-06 07:41:37,37,r/iamverysmart,52,2018-05-06 12:12:05,3,1,0,0
2018-05-06 07:41:37,37,r/iamverysmart,52,2018-05-06 12:25:30,4,1,2,0
2018-05-06 07:41:37,37,r/iamverysmart,52,2018-05-06 13:00:02,5,0,1,0
2018-05-06 11:42:27,38,r/ATBGE,0,2018-05-06 12:32:54,0,4,383,0
2018-05-06 11:42:27,38,r/ATBGE,0,2018-05-06 12:34:13,1,2,210,0
2018-05-06 11:42:27,38,r/ATBGE,0,2018-05-06 13:50:33,2,0,79,0
2018-05-06 11:42:27,38,r/ATBGE,0,2018-05-06 12:37:03,2,1,18,0
2018-05-06 11:42:27,38,r/ATBGE,0,2018-05-06 14:04:53,3,0,-5,0
2018-05-06 11:42:27,38,r/ATBGE,0,2018-05-06 13:47:21,1,0,28,0
2018-05-06 11:42:27,38,r/ATBGE,0,2018-05-06 13:46:59,1,0,6,0
2018-05-06 11:42:27,38,r/ATBGE,0,2018-05-06 15:10:05,1,0,1,0
2018-05-06 11:42:27,38,r/ATBGE,1,2018-05-06 12:38:01,0,1,36,0
2018-05-06 11:42:27,38,r/ATBGE,1,2018-05-06 13:58:49,1,1,8,0
2018-05-06 11:42:27,38,r/ATBGE,1,2018-05-06 14:04:14,2,0,-1,0
2018-05-06 11:42:27,38,r/ATBGE,2,2018-05-06 13:45:46,0,1,13,0
2018-05-06 11:42:27,38,r/ATBGE,2,2018-05-06 14:33:31,1,0,10,0
2018-05-06 11:42:27,38,r/ATBGE,3,2018-05-06 14:22:20,0,0,12,0
2018-05-06 11:42:27,38,r/ATBGE,4,2018-05-06 14:34:57,0,1,8,0
2018-05-06 11:42:27,38,r/ATBGE,4,2018-05-06 14:44:48,1,0,0,0
2018-05-06 11:42:27,38,r/ATBGE,5,2018-05-06 14:21:41,0,0,7,0
2018-05-06 11:42:27,38,r/ATBGE,6,2018-05-06 14:02:47,0,0,19,0
2018-05-06 11:42:27,38,r/ATBGE,7,2018-05-06 14:19:12,0,0,2,0
2018-05-06 11:42:27,38,r/ATBGE,8,2018-05-06 14:02:27,0,0,4,0
2018-05-06 11:42:27,38,r/ATBGE,9,2018-05-06 14:19:05,0,0,3,0
2018-05-06 11:42:27,38,r/ATBGE,10,2018-05-06 14:45:48,0,0,1,0
2018-05-06 11:42:27,38,r/ATBGE,11,2018-05-06 15:04:08,0,0,1,0
2018-05-06 11:42:27,38,r/ATBGE,12,2018-05-06 15:07:04,0,0,1,0
2018-05-06 11:42:27,38,r/ATBGE,13,2018-05-06 15:07:22,0,0,1,0
2018-05-06 11:42:27,38,r/ATBGE,14,2018-05-06 15:08:43,0,0,1,0
2018-05-06 11:42:27,38,r/ATBGE,15,2018-05-06 14:28:30,0,0,1,0
2018-05-06 11:42:27,38,r/ATBGE,16,2018-05-06 14:29:18,0,0,-1,0
2018-05-06 11:43:28,39,r/nottheonion,0,2018-05-06 13:11:24,0,9,815,0
2018-05-06 11:43:28,39,r/nottheonion,0,2018-05-06 13:22:21,1,0,269,0
2018-05-06 11:43:28,39,r/nottheonion,0,2018-05-06 14:30:56,1,0,1,0
2018-05-06 11:43:28,39,r/nottheonion,0,2018-05-06 13:36:58,1,0,34,0
2018-05-06 11:43:28,39,r/nottheonion,0,2018-05-06 14:36:47,1,1,1,0
2018-05-06 11:43:28,39,r/nottheonion,0,2018-05-06 14:47:05,2,0,1,0
2018-05-06 11:43:28,39,r/nottheonion,0,2018-05-06 15:04:23,1,0,1,0
2018-05-06 11:43:28,39,r/nottheonion,0,2018-05-06 15:08:59,1,0,1,0
2018-05-06 11:43:28,39,r/nottheonion,0,2018-05-06 14:20:06,1,4,1,0
2018-05-06 11:43:28,39,r/nottheonion,0,2018-05-06 14:56:07,2,0,1,0
2018-05-06 11:43:28,39,r/nottheonion,0,2018-05-06 14:58:24,2,0,1,0
2018-05-06 11:43:28,39,r/nottheonion,0,2018-05-06 15:04:17,2,0,1,0
2018-05-06 11:43:28,39,r/nottheonion,0,2018-05-06 15:07:05,2,0,1,0
2018-05-06 11:43:28,39,r/nottheonion,0,2018-05-06 14:27:54,1,3,1,0
2018-05-06 11:43:28,39,r/nottheonion,0,2018-05-06 14:33:16,2,0,1,0
2018-05-06 11:43:28,39,r/nottheonion,0,2018-05-06 15:03:11,2,0,1,0
2018-05-06 11:43:28,39,r/nottheonion,0,2018-05-06 15:03:09,2,1,1,0
2018-05-06 11:43:28,39,r/nottheonion,0,2018-05-06 15:10:15,3,0,1,0
2018-05-06 11:43:28,39,r/nottheonion,0,2018-05-06 14:15:22,1,0,1,0
2018-05-06 11:43:28,39,r/nottheonion,1,2018-05-06 13:32:59,0,8,312,0
2018-05-06 11:43:28,39,r/nottheonion,1,2018-05-06 14:09:44,1,3,92,0
2018-05-06 11:43:28,39,r/nottheonion,1,2018-05-06 14:11:25,2,3,1,0
2018-05-06 11:43:28,39,r/nottheonion,1,2018-05-06 14:51:35,3,1,1,0
2018-05-06 11:43:28,39,r/nottheonion,1,2018-05-06 14:59:57,4,0,1,0
2018-05-06 11:43:28,39,r/nottheonion,1,2018-05-06 14:27:30,3,0,1,0
2018-05-06 11:43:28,39,r/nottheonion,1,2018-05-06 14:13:00,3,1,1,0
2018-05-06 11:43:28,39,r/nottheonion,1,2018-05-06 14:38:03,4,1,1,0
2018-05-06 11:43:28,39,r/nottheonion,1,2018-05-06 14:40:15,5,1,1,0
2018-05-06 11:43:28,39,r/nottheonion,1,2018-05-06 14:42:28,6,1,1,0
2018-05-06 11:43:28,39,r/nottheonion,1,2018-05-06 14:54:36,7,0,1,0
2018-05-06 11:43:28,39,r/nottheonion,1,2018-05-06 14:34:31,2,2,1,0
2018-05-06 11:43:28,39,r/nottheonion,1,2018-05-06 14:46:11,3,0,1,0
2018-05-06 11:43:28,39,r/nottheonion,1,2018-05-06 15:04:44,3,0,1,0
2018-05-06 11:43:28,39,r/nottheonion,1,2018-05-06 14:35:02,2,1,1,0
2018-05-06 11:43:28,39,r/nottheonion,1,2018-05-06 14:40:47,3,0,1,0
2018-05-06 11:43:28,39,r/nottheonion,1,2018-05-06 14:18:42,1,0,1,0
2018-05-06 11:43:28,39,r/nottheonion,1,2018-05-06 14:42:00,1,0,1,0
2018-05-06 11:43:28,39,r/nottheonion,1,2018-05-06 14:56:35,1,1,1,0
2018-05-06 11:43:28,39,r/nottheonion,1,2018-05-06 14:59:27,2,1,1,0
2018-05-06 11:43:28,39,r/nottheonion,1,2018-05-06 15:02:21,3,0,1,0
2018-05-06 11:43:28,39,r/nottheonion,1,2018-05-06 15:03:00,1,0,1,0
2018-05-06 11:43:28,39,r/nottheonion,1,2018-05-06 14:36:17,1,0,1,0
2018-05-06 11:43:28,39,r/nottheonion,1,2018-05-06 14:57:39,1,0,1,0
2018-05-06 11:43:28,39,r/nottheonion,1,2018-05-06 14:56:08,1,0,1,0
2018-05-06 11:43:28,39,r/nottheonion,2,2018-05-06 13:11:52,0,3,111,0
2018-05-06 11:43:28,39,r/nottheonion,2,2018-05-06 14:14:41,1,0,1,0
2018-05-06 11:43:28,39,r/nottheonion,2,2018-05-06 14:53:26,1,0,1,0
2018-05-06 11:43:28,39,r/nottheonion,2,2018-05-06 14:40:06,1,0,1,0
2018-05-06 11:43:28,39,r/nottheonion,3,2018-05-06 11:48:43,0,3,156,0
2018-05-06 11:43:28,39,r/nottheonion,3,2018-05-06 14:11:41,1,1,1,0
2018-05-06 11:43:28,39,r/nottheonion,3,2018-05-06 14:35:08,2,2,1,0
2018-05-06 11:43:28,39,r/nottheonion,3,2018-05-06 14:52:22,3,0,1,0
2018-05-06 11:43:28,39,r/nottheonion,3,2018-05-06 14:55:14,3,0,1,0
2018-05-06 11:43:28,39,r/nottheonion,3,2018-05-06 14:12:04,1,0,1,0
2018-05-06 11:43:28,39,r/nottheonion,3,2018-05-06 14:47:24,1,0,1,0
2018-05-06 11:43:28,39,r/nottheonion,4,2018-05-06 13:27:55,0,0,25,0
2018-05-06 11:43:28,39,r/nottheonion,5,2018-05-06 12:00:53,0,1,47,0
2018-05-06 11:43:28,39,r/nottheonion,5,2018-05-06 14:19:13,1,0,1,0
2018-05-06 11:43:28,39,r/nottheonion,6,2018-05-06 14:07:51,0,8,38,0
2018-05-06 11:43:28,39,r/nottheonion,6,2018-05-06 14:17:43,1,0,1,0
2018-05-06 11:43:28,39,r/nottheonion,6,2018-05-06 14:17:11,1,4,1,0
2018-05-06 11:43:28,39,r/nottheonion,6,2018-05-06 14:25:26,2,1,1,0
2018-05-06 11:43:28,39,r/nottheonion,6,2018-05-06 14:57:48,3,0,1,0
2018-05-06 11:43:28,39,r/nottheonion,6,2018-05-06 15:02:13,2,0,1,0
2018-05-06 11:43:28,39,r/nottheonion,6,2018-05-06 15:02:41,2,0,1,0
2018-05-06 11:43:28,39,r/nottheonion,6,2018-05-06 14:23:04,2,0,1,0
2018-05-06 11:43:28,39,r/nottheonion,6,2018-05-06 14:19:48,1,1,1,0
2018-05-06 11:43:28,39,r/nottheonion,6,2018-05-06 14:41:54,2,0,1,0
2018-05-06 11:43:28,39,r/nottheonion,6,2018-05-06 15:09:39,1,0,1,0
2018-05-06 11:43:28,39,r/nottheonion,6,2018-05-06 14:20:21,1,2,1,0
2018-05-06 11:43:28,39,r/nottheonion,6,2018-05-06 14:30:11,2,0,1,0
2018-05-06 11:43:28,39,r/nottheonion,6,2018-05-06 14:32:26,2,1,1,0
2018-05-06 11:43:28,39,r/nottheonion,6,2018-05-06 14:40:12,3,0,1,0
2018-05-06 11:43:28,39,r/nottheonion,6,2018-05-06 14:25:41,1,1,1,0
2018-05-06 11:43:28,39,r/nottheonion,6,2018-05-06 14:49:36,2,0,1,0
2018-05-06 11:43:28,39,r/nottheonion,6,2018-05-06 14:54:25,1,2,1,0
2018-05-06 11:43:28,39,r/nottheonion,6,2018-05-06 14:58:37,2,0,1,0
2018-05-06 11:43:28,39,r/nottheonion,6,2018-05-06 15:05:31,2,0,1,0
2018-05-06 11:43:28,39,r/nottheonion,6,2018-05-06 14:57:33,1,1,1,0
2018-05-06 11:43:28,39,r/nottheonion,6,2018-05-06 15:04:29,2,0,1,0
2018-05-06 11:43:28,39,r/nottheonion,7,2018-05-06 14:25:03,0,0,1,0
2018-05-06 11:43:28,39,r/nottheonion,8,2018-05-06 13:39:18,0,1,12,0
2018-05-06 11:43:28,39,r/nottheonion,8,2018-05-06 14:16:20,1,1,1,0
2018-05-06 11:43:28,39,r/nottheonion,8,2018-05-06 14:50:13,2,0,1,0
2018-05-06 11:43:28,39,r/nottheonion,9,2018-05-06 14:14:41,0,0,1,0
2018-05-06 11:43:28,39,r/nottheonion,10,2018-05-06 13:47:07,0,0,3,0
2018-05-06 11:43:28,39,r/nottheonion,11,2018-05-06 14:18:22,0,1,1,0
2018-05-06 11:43:28,39,r/nottheonion,11,2018-05-06 15:06:47,1,0,1,0
2018-05-06 11:43:28,39,r/nottheonion,12,2018-05-06 13:33:42,0,5,16,0
2018-05-06 11:43:28,39,r/nottheonion,12,2018-05-06 13:40:04,1,3,59,0
2018-05-06 11:43:28,39,r/nottheonion,12,2018-05-06 14:11:04,2,0,1,0
2018-05-06 11:43:28,39,r/nottheonion,12,2018-05-06 14:33:29,2,0,1,0
2018-05-06 11:43:28,39,r/nottheonion,12,2018-05-06 15:03:17,2,0,1,0
2018-05-06 11:43:28,39,r/nottheonion,12,2018-05-06 13:55:20,1,3,14,0
2018-05-06 11:43:28,39,r/nottheonion,12,2018-05-06 14:02:38,2,1,21,0
2018-05-06 11:43:28,39,r/nottheonion,12,2018-05-06 14:25:14,3,1,1,0
2018-05-06 11:43:28,39,r/nottheonion,12,2018-05-06 14:28:38,4,0,1,0
2018-05-06 11:43:28,39,r/nottheonion,12,2018-05-06 14:31:17,2,0,1,0
2018-05-06 11:43:28,39,r/nottheonion,12,2018-05-06 15:02:23,2,1,1,0
2018-05-06 11:43:28,39,r/nottheonion,12,2018-05-06 15:06:19,3,0,1,0
2018-05-06 11:43:28,39,r/nottheonion,12,2018-05-06 14:10:56,1,1,1,0
2018-05-06 11:43:28,39,r/nottheonion,12,2018-05-06 14:53:12,2,1,1,0
2018-05-06 11:43:28,39,r/nottheonion,12,2018-05-06 15:04:04,3,0,1,0
2018-05-06 11:43:28,39,r/nottheonion,12,2018-05-06 13:45:38,1,2,21,0
2018-05-06 11:43:28,39,r/nottheonion,12,2018-05-06 14:13:48,2,0,1,0
2018-05-06 11:43:28,39,r/nottheonion,12,2018-05-06 15:07:46,2,0,1,0
2018-05-06 11:43:28,39,r/nottheonion,12,2018-05-06 14:39:53,1,0,1,0
2018-05-06 11:43:28,39,r/nottheonion,13,2018-05-06 14:02:35,0,1,7,0
2018-05-06 11:43:28,39,r/nottheonion,13,2018-05-06 14:09:38,1,1,-1,0
2018-05-06 11:43:28,39,r/nottheonion,13,2018-05-06 14:29:34,2,0,1,0
2018-05-06 11:43:28,39,r/nottheonion,14,2018-05-06 13:25:46,0,0,9,0
2018-05-06 11:43:28,39,r/nottheonion,15,2018-05-06 14:03:15,0,0,2,0
2018-05-06 11:43:28,39,r/nottheonion,16,2018-05-06 14:10:45,0,0,1,0
2018-05-06 11:43:28,39,r/nottheonion,17,2018-05-06 14:18:25,0,0,1,0
2018-05-06 11:43:28,39,r/nottheonion,18,2018-05-06 14:27:19,0,0,1,0
2018-05-06 11:43:28,39,r/nottheonion,19,2018-05-06 14:34:02,0,0,1,0
2018-05-06 11:43:28,39,r/nottheonion,20,2018-05-06 14:48:47,0,0,1,0
2018-05-06 11:43:28,39,r/nottheonion,21,2018-05-06 14:46:42,0,1,1,0
2018-05-06 11:43:28,39,r/nottheonion,21,2018-05-06 15:08:35,1,0,1,0
2018-05-06 11:43:28,39,r/nottheonion,22,2018-05-06 14:32:08,0,0,1,0
2018-05-06 11:43:28,39,r/nottheonion,23,2018-05-06 14:33:46,0,0,1,0
2018-05-06 11:43:28,39,r/nottheonion,24,2018-05-06 14:50:30,0,0,1,0
2018-05-06 11:43:28,39,r/nottheonion,25,2018-05-06 14:52:26,0,1,1,0
2018-05-06 11:43:28,39,r/nottheonion,25,2018-05-06 15:08:52,1,0,1,0
2018-05-06 11:43:28,39,r/nottheonion,26,2018-05-06 14:54:02,0,0,1,0
2018-05-06 11:43:28,39,r/nottheonion,27,2018-05-06 15:00:26,0,0,1,0
2018-05-06 11:43:28,39,r/nottheonion,28,2018-05-06 15:01:39,0,0,1,0
2018-05-06 11:43:28,39,r/nottheonion,29,2018-05-06 15:01:43,0,0,1,0
2018-05-06 11:43:28,39,r/nottheonion,30,2018-05-06 15:03:34,0,0,1,0
2018-05-06 11:43:28,39,r/nottheonion,31,2018-05-06 15:03:37,0,0,1,0
2018-05-06 11:43:28,39,r/nottheonion,32,2018-05-06 15:06:05,0,0,1,0
2018-05-06 11:43:28,39,r/nottheonion,33,2018-05-06 15:08:19,0,0,1,0
2018-05-06 11:43:28,39,r/nottheonion,34,2018-05-06 14:28:30,0,0,1,0
2018-05-06 11:43:28,39,r/nottheonion,35,2018-05-06 14:29:52,0,3,1,0
2018-05-06 11:43:28,39,r/nottheonion,35,2018-05-06 14:49:09,1,0,1,0
2018-05-06 11:43:28,39,r/nottheonion,35,2018-05-06 14:49:27,1,0,1,0
2018-05-06 11:43:28,39,r/nottheonion,35,2018-05-06 14:54:43,1,0,1,0
2018-05-06 11:43:28,39,r/nottheonion,36,2018-05-06 13:23:56,0,1,1,0
2018-05-06 11:43:28,39,r/nottheonion,36,2018-05-06 14:09:53,1,1,1,0
2018-05-06 11:43:28,39,r/nottheonion,36,2018-05-06 14:16:53,2,1,1,0
2018-05-06 11:43:28,39,r/nottheonion,36,2018-05-06 15:07:34,3,0,1,0
2018-05-06 11:43:28,39,r/nottheonion,37,2018-05-06 15:00:00,0,0,1,0
2018-05-06 11:43:28,39,r/nottheonion,38,2018-05-06 14:10:11,0,0,-1,0
2018-05-06 12:26:07,40,r/tippytaps,0,2018-05-06 13:29:31,0,2,259,0
2018-05-06 12:26:07,40,r/tippytaps,0,2018-05-06 13:47:22,1,0,80,0
2018-05-06 12:26:07,40,r/tippytaps,0,2018-05-06 13:52:55,1,0,11,0
2018-05-06 12:26:07,40,r/tippytaps,1,2018-05-06 14:09:16,0,2,134,0
2018-05-06 12:26:07,40,r/tippytaps,1,2018-05-06 14:34:42,1,2,45,0
2018-05-06 12:26:07,40,r/tippytaps,1,2018-05-06 14:56:09,2,1,8,0
2018-05-06 12:26:07,40,r/tippytaps,1,2018-05-06 15:07:17,3,0,1,0
2018-05-06 12:26:07,40,r/tippytaps,1,2018-05-06 15:06:08,2,0,2,0
2018-05-06 12:26:07,40,r/tippytaps,1,2018-05-06 14:54:41,1,2,3,0
2018-05-06 12:26:07,40,r/tippytaps,1,2018-05-06 15:08:38,2,0,1,0
2018-05-06 12:26:07,40,r/tippytaps,1,2018-05-06 14:57:23,2,0,3,0
2018-05-06 12:26:07,40,r/tippytaps,2,2018-05-06 13:33:42,0,0,53,0
2018-05-06 12:26:07,40,r/tippytaps,3,2018-05-06 12:57:47,0,3,204,0
2018-05-06 12:26:07,40,r/tippytaps,3,2018-05-06 14:11:09,1,3,17,0
2018-05-06 12:26:07,40,r/tippytaps,3,2018-05-06 14:33:52,2,0,6,0
2018-05-06 12:26:07,40,r/tippytaps,3,2018-05-06 14:50:51,2,0,3,0
2018-05-06 12:26:07,40,r/tippytaps,3,2018-05-06 14:52:58,2,0,2,0
2018-05-06 12:26:07,40,r/tippytaps,3,2018-05-06 14:50:35,1,0,4,0
2018-05-06 12:26:07,40,r/tippytaps,3,2018-05-06 14:53:29,1,0,3,0
2018-05-06 12:26:07,40,r/tippytaps,4,2018-05-06 13:20:38,0,0,91,0
2018-05-06 12:26:07,40,r/tippytaps,5,2018-05-06 14:07:43,0,0,16,0
2018-05-06 12:26:07,40,r/tippytaps,6,2018-05-06 13:51:05,0,0,16,0
2018-05-06 12:26:07,40,r/tippytaps,7,2018-05-06 13:34:17,0,1,27,0
2018-05-06 12:26:07,40,r/tippytaps,7,2018-05-06 13:41:43,1,1,34,0
2018-05-06 12:26:07,40,r/tippytaps,7,2018-05-06 15:07:28,2,0,1,0
2018-05-06 12:26:07,40,r/tippytaps,8,2018-05-06 14:22:48,0,1,69,0
2018-05-06 12:26:07,40,r/tippytaps,8,2018-05-06 14:23:09,1,0,38,0
2018-05-06 12:26:07,40,r/tippytaps,9,2018-05-06 13:58:02,0,0,11,0
2018-05-06 12:26:07,40,r/tippytaps,10,2018-05-06 13:55:37,0,0,8,0
2018-05-06 12:26:07,40,r/tippytaps,11,2018-05-06 13:31:04,0,0,10,0
2018-05-06 12:26:07,40,r/tippytaps,12,2018-05-06 13:48:16,0,0,10,0
2018-05-06 12:26:07,40,r/tippytaps,13,2018-05-06 14:03:52,0,0,4,0
2018-05-06 12:26:07,40,r/tippytaps,14,2018-05-06 14:23:20,0,0,3,0
2018-05-06 12:26:07,40,r/tippytaps,15,2018-05-06 15:00:04,0,0,1,0
2018-05-06 12:26:07,40,r/tippytaps,16,2018-05-06 15:08:53,0,0,1,0
2018-05-06 12:26:07,40,r/tippytaps,17,2018-05-06 14:49:48,0,0,1,0
2018-05-06 12:26:07,40,r/tippytaps,18,2018-05-06 13:43:28,0,2,-15,0
2018-05-06 12:26:07,40,r/tippytaps,18,2018-05-06 14:11:31,1,0,17,0
2018-05-06 12:26:07,40,r/tippytaps,18,2018-05-06 14:02:12,1,1,2,0
2018-05-06 12:26:07,40,r/tippytaps,18,2018-05-06 14:04:15,2,0,14,0
2018-05-06 12:26:07,40,r/tippytaps,19,2018-05-06 14:07:18,0,0,-21,0
2018-05-06 12:26:07,40,r/tippytaps,20,2018-05-06 14:20:26,0,2,-36,0
2018-05-06 12:26:07,40,r/tippytaps,20,2018-05-06 14:42:04,1,0,10,0
2018-05-06 12:26:07,40,r/tippytaps,20,2018-05-06 15:00:43,1,0,0,0
2018-05-06 05:03:45,41,r/BlackPeopleTwitter,0,2018-05-06 05:52:07,0,6,4337,0
2018-05-06 05:03:45,41,r/BlackPeopleTwitter,0,2018-05-06 07:03:25,1,2,1071,0
2018-05-06 05:03:45,41,r/BlackPeopleTwitter,0,2018-05-06 10:16:09,2,4,793,0
2018-05-06 05:03:45,41,r/BlackPeopleTwitter,0,2018-05-06 10:25:34,3,2,216,0
2018-05-06 05:03:45,41,r/BlackPeopleTwitter,0,2018-05-06 11:17:25,4,0,71,0
2018-05-06 05:03:45,41,r/BlackPeopleTwitter,0,2018-05-06 11:24:22,4,1,34,0
2018-05-06 05:03:45,41,r/BlackPeopleTwitter,0,2018-05-06 13:11:34,5,0,6,0
2018-05-06 05:03:45,41,r/BlackPeopleTwitter,0,2018-05-06 10:24:29,3,1,37,0
2018-05-06 05:03:45,41,r/BlackPeopleTwitter,0,2018-05-06 11:14:34,4,2,18,0
2018-05-06 05:03:45,41,r/BlackPeopleTwitter,0,2018-05-06 13:07:50,5,0,2,0
2018-05-06 05:03:45,41,r/BlackPeopleTwitter,0,2018-05-06 13:47:13,5,0,2,0
2018-05-06 05:03:45,41,r/BlackPeopleTwitter,0,2018-05-06 10:52:19,3,0,8,0
2018-05-06 05:03:45,41,r/BlackPeopleTwitter,0,2018-05-06 12:05:47,3,0,4,0
2018-05-06 05:03:45,41,r/BlackPeopleTwitter,0,2018-05-06 10:51:45,2,0,18,0
2018-05-06 05:03:45,41,r/BlackPeopleTwitter,0,2018-05-06 05:58:47,1,1,47,0
2018-05-06 05:03:45,41,r/BlackPeopleTwitter,0,2018-05-06 08:51:43,2,2,58,0
2018-05-06 05:03:45,41,r/BlackPeopleTwitter,0,2018-05-06 09:59:00,3,0,16,0
2018-05-06 05:03:45,41,r/BlackPeopleTwitter,0,2018-05-06 11:11:44,3,0,8,0
2018-05-06 05:03:45,41,r/BlackPeopleTwitter,0,2018-05-06 12:53:12,1,0,12,0
2018-05-06 05:03:45,41,r/BlackPeopleTwitter,0,2018-05-06 12:01:03,1,0,1,0
2018-05-06 05:03:45,41,r/BlackPeopleTwitter,0,2018-05-06 12:32:24,1,0,1,0
2018-05-06 05:03:45,41,r/BlackPeopleTwitter,0,2018-05-06 14:17:34,1,0,1,0
2018-05-06 05:03:45,41,r/BlackPeopleTwitter,1,2018-05-06 06:32:22,0,12,1701,0
2018-05-06 05:03:45,41,r/BlackPeopleTwitter,1,2018-05-06 09:29:58,1,5,645,0
2018-05-06 05:03:45,41,r/BlackPeopleTwitter,1,2018-05-06 12:02:18,2,6,393,0
2018-05-06 05:03:45,41,r/BlackPeopleTwitter,1,2018-05-06 12:14:24,3,1,252,0
2018-05-06 05:03:45,41,r/BlackPeopleTwitter,1,2018-05-06 12:33:30,4,3,216,0
2018-05-06 05:03:45,41,r/BlackPeopleTwitter,1,2018-05-06 14:38:36,5,0,3,0
2018-05-06 05:03:45,41,r/BlackPeopleTwitter,1,2018-05-06 13:24:41,5,1,13,0
2018-05-06 05:03:45,41,r/BlackPeopleTwitter,1,2018-05-06 13:39:48,6,1,11,0
2018-05-06 05:03:45,41,r/BlackPeopleTwitter,1,2018-05-06 14:37:05,7,1,-1,0
2018-05-06 05:03:45,41,r/BlackPeopleTwitter,1,2018-05-06 15:00:10,8,0,1,0
2018-05-06 05:03:45,41,r/BlackPeopleTwitter,1,2018-05-06 12:39:38,5,1,41,0
2018-05-06 05:03:45,41,r/BlackPeopleTwitter,1,2018-05-06 13:06:27,6,3,182,0
2018-05-06 05:03:45,41,r/BlackPeopleTwitter,1,2018-05-06 13:37:16,7,1,43,0
2018-05-06 05:03:45,41,r/BlackPeopleTwitter,1,2018-05-06 14:16:24,8,0,-15,0
2018-05-06 05:03:45,41,r/BlackPeopleTwitter,1,2018-05-06 13:11:08,7,8,-12,0
2018-05-06 05:03:45,41,r/BlackPeopleTwitter,1,2018-05-06 13:16:17,8,1,51,0
2018-05-06 05:03:45,41,r/BlackPeopleTwitter,1,2018-05-06 13:51:34,9,0,-19,0
2018-05-06 05:03:45,41,r/BlackPeopleTwitter,1,2018-05-06 13:20:21,8,2,27,0
2018-05-06 05:03:45,41,r/BlackPeopleTwitter,1,2018-05-06 13:57:28,9,1,-6,0
2018-05-06 05:03:45,41,r/BlackPeopleTwitter,1,2018-05-06 14:51:12,9,0,0,0
2018-05-06 05:03:45,41,r/BlackPeopleTwitter,1,2018-05-06 14:00:29,8,1,4,0
2018-05-06 05:03:45,41,r/BlackPeopleTwitter,1,2018-05-06 14:02:58,9,1,-3,0
2018-05-06 05:03:45,41,r/BlackPeopleTwitter,1,2018-05-06 14:13:36,8,0,3,0
2018-05-06 05:03:45,41,r/BlackPeopleTwitter,1,2018-05-06 13:58:13,8,1,3,0
2018-05-06 05:03:45,41,r/BlackPeopleTwitter,1,2018-05-06 14:01:43,9,0,-3,0
2018-05-06 05:03:45,41,r/BlackPeopleTwitter,1,2018-05-06 14:10:07,8,1,2,0
2018-05-06 05:03:45,41,r/BlackPeopleTwitter,1,2018-05-06 14:26:30,9,1,-1,0
2018-05-06 05:03:45,41,r/BlackPeopleTwitter,1,2018-05-06 14:38:48,8,1,1,0
2018-05-06 05:03:45,41,r/BlackPeopleTwitter,1,2018-05-06 14:44:27,9,0,1,0
2018-05-06 05:03:45,41,r/BlackPeopleTwitter,1,2018-05-06 13:16:20,8,0,-2,0
2018-05-06 05:03:45,41,r/BlackPeopleTwitter,1,2018-05-06 13:32:33,7,0,0,0
2018-05-06 05:03:45,41,r/BlackPeopleTwitter,1,2018-05-06 12:40:28,3,2,53,0
2018-05-06 05:03:45,41,r/BlackPeopleTwitter,1,2018-05-06 13:36:48,4,0,13,0
2018-05-06 05:03:45,41,r/BlackPeopleTwitter,1,2018-05-06 14:39:18,4,0,2,0
2018-05-06 05:03:45,41,r/BlackPeopleTwitter,1,2018-05-06 13:18:39,3,0,8,0
2018-05-06 05:03:45,41,r/BlackPeopleTwitter,1,2018-05-06 12:56:03,3,5,15,0
2018-05-06 05:03:45,41,r/BlackPeopleTwitter,1,2018-05-06 13:14:36,4,0,4,0
2018-05-06 05:03:45,41,r/BlackPeopleTwitter,1,2018-05-06 13:20:32,4,0,2,0
2018-05-06 05:03:45,41,r/BlackPeopleTwitter,1,2018-05-06 13:22:27,4,0,1,0
2018-05-06 05:03:45,41,r/BlackPeopleTwitter,1,2018-05-06 14:35:33,4,0,0,0
2018-05-06 05:03:45,41,r/BlackPeopleTwitter,1,2018-05-06 13:16:12,4,0,-4,0
2018-05-06 05:03:45,41,r/BlackPeopleTwitter,1,2018-05-06 13:28:40,3,0,3,0
2018-05-06 05:03:45,41,r/BlackPeopleTwitter,1,2018-05-06 14:58:42,3,0,1,0
2018-05-06 05:03:45,41,r/BlackPeopleTwitter,1,2018-05-06 10:16:07,2,2,82,0
2018-05-06 05:03:45,41,r/BlackPeopleTwitter,1,2018-05-06 10:44:01,3,1,405,0
2018-05-06 05:03:45,41,r/BlackPeopleTwitter,1,2018-05-06 11:41:10,4,1,92,0
2018-05-06 05:03:45,41,r/BlackPeopleTwitter,1,2018-05-06 11:50:59,5,1,24,0
2018-05-06 05:03:45,41,r/BlackPeopleTwitter,1,2018-05-06 12:52:56,6,0,5,0
2018-05-06 05:03:45,41,r/BlackPeopleTwitter,1,2018-05-06 11:58:08,3,0,7,0
2018-05-06 05:03:45,41,r/BlackPeopleTwitter,1,2018-05-06 12:08:47,2,0,6,0
2018-05-06 05:03:45,41,r/BlackPeopleTwitter,1,2018-05-06 13:41:21,2,0,5,0
2018-05-06 05:03:45,41,r/BlackPeopleTwitter,1,2018-05-06 14:58:03,2,0,1,0
2018-05-06 05:03:45,41,r/BlackPeopleTwitter,1,2018-05-06 10:34:01,1,4,318,0
2018-05-06 05:03:45,41,r/BlackPeopleTwitter,1,2018-05-06 10:51:17,2,0,91,0
2018-05-06 05:03:45,41,r/BlackPeopleTwitter,1,2018-05-06 12:10:50,2,0,34,0
2018-05-06 05:03:45,41,r/BlackPeopleTwitter,1,2018-05-06 12:15:20,2,1,13,0
2018-05-06 05:03:45,41,r/BlackPeopleTwitter,1,2018-05-06 12:36:49,3,1,7,0
2018-05-06 05:03:45,41,r/BlackPeopleTwitter,1,2018-05-06 12:48:55,4,0,15,0
2018-05-06 05:03:45,41,r/BlackPeopleTwitter,1,2018-05-06 14:08:00,2,1,5,0
2018-05-06 05:03:45,41,r/BlackPeopleTwitter,1,2018-05-06 15:02:37,3,0,1,0
2018-05-06 05:03:45,41,r/BlackPeopleTwitter,1,2018-05-06 10:07:30,1,1,13,0
2018-05-06 05:03:45,41,r/BlackPeopleTwitter,1,2018-05-06 14:09:17,2,0,2,0
2018-05-06 05:03:45,41,r/BlackPeopleTwitter,1,2018-05-06 08:29:14,1,1,41,0
2018-05-06 05:03:45,41,r/BlackPeopleTwitter,1,2018-05-06 09:40:44,2,1,57,0
2018-05-06 05:03:45,41,r/BlackPeopleTwitter,1,2018-05-06 10:00:12,3,1,9,0
2018-05-06 05:03:45,41,r/BlackPeopleTwitter,1,2018-05-06 10:46:51,4,0,4,0
2018-05-06 05:03:45,41,r/BlackPeopleTwitter,1,2018-05-06 11:41:32,1,0,6,0
2018-05-06 05:03:45,41,r/BlackPeopleTwitter,1,2018-05-06 10:31:32,1,2,10,0
2018-05-06 05:03:45,41,r/BlackPeopleTwitter,1,2018-05-06 10:45:28,2,1,55,0
2018-05-06 05:03:45,41,r/BlackPeopleTwitter,1,2018-05-06 11:12:01,3,0,5,0
2018-05-06 05:03:45,41,r/BlackPeopleTwitter,1,2018-05-06 11:36:51,2,0,6,0
2018-05-06 05:03:45,41,r/BlackPeopleTwitter,1,2018-05-06 13:05:53,1,0,2,0
2018-05-06 05:03:45,41,r/BlackPeopleTwitter,1,2018-05-06 13:41:32,1,0,2,0
2018-05-06 05:03:45,41,r/BlackPeopleTwitter,1,2018-05-06 11:35:33,1,0,4,0
2018-05-06 05:03:45,41,r/BlackPeopleTwitter,1,2018-05-06 14:21:23,1,0,1,0
2018-05-06 05:03:45,41,r/BlackPeopleTwitter,1,2018-05-06 14:24:17,1,0,1,0
2018-05-06 05:03:45,41,r/BlackPeopleTwitter,1,2018-05-06 14:30:22,1,0,1,0
2018-05-06 05:03:45,41,r/BlackPeopleTwitter,2,2018-05-06 09:23:27,0,1,112,0
2018-05-06 05:03:45,41,r/BlackPeopleTwitter,2,2018-05-06 12:11:31,1,1,25,0
2018-05-06 05:03:45,41,r/BlackPeopleTwitter,2,2018-05-06 13:07:30,2,0,14,0
2018-05-06 05:03:45,41,r/BlackPeopleTwitter,3,2018-05-06 05:18:11,0,1,164,0
2018-05-06 05:03:45,41,r/BlackPeopleTwitter,3,2018-05-06 14:55:13,1,0,1,0
2018-05-06 05:03:45,41,r/BlackPeopleTwitter,4,2018-05-06 11:09:42,0,0,26,0
2018-05-06 05:03:45,41,r/BlackPeopleTwitter,5,2018-05-06 05:31:43,0,5,657,0
2018-05-06 05:03:45,41,r/BlackPeopleTwitter,5,2018-05-06 06:14:03,1,2,386,0
2018-05-06 05:03:45,41,r/BlackPeopleTwitter,5,2018-05-06 06:54:30,2,2,187,0
2018-05-06 05:03:45,41,r/BlackPeopleTwitter,5,2018-05-06 10:11:10,3,0,80,0
2018-05-06 05:03:45,41,r/BlackPeopleTwitter,5,2018-05-06 11:40:56,3,0,10,0
2018-05-06 05:03:45,41,r/BlackPeopleTwitter,5,2018-05-06 10:30:11,2,1,50,0
2018-05-06 05:03:45,41,r/BlackPeopleTwitter,5,2018-05-06 10:53:37,3,2,48,0
2018-05-06 05:03:45,41,r/BlackPeopleTwitter,5,2018-05-06 11:43:01,4,0,5,0
2018-05-06 05:03:45,41,r/BlackPeopleTwitter,5,2018-05-06 11:40:36,4,0,-1,0
2018-05-06 05:03:45,41,r/BlackPeopleTwitter,5,2018-05-06 11:37:45,1,0,4,0
2018-05-06 05:03:45,41,r/BlackPeopleTwitter,5,2018-05-06 09:14:06,1,2,41,0
2018-05-06 05:03:45,41,r/BlackPeopleTwitter,5,2018-05-06 09:52:59,2,4,39,0
2018-05-06 05:03:45,41,r/BlackPeopleTwitter,5,2018-05-06 13:40:36,3,1,9,0
2018-05-06 05:03:45,41,r/BlackPeopleTwitter,5,2018-05-06 13:42:05,4,0,1,0
2018-05-06 05:03:45,41,r/BlackPeopleTwitter,5,2018-05-06 10:38:57,3,2,86,0
2018-05-06 05:03:45,41,r/BlackPeopleTwitter,5,2018-05-06 11:54:38,4,1,-5,0
2018-05-06 05:03:45,41,r/BlackPeopleTwitter,5,2018-05-06 11:57:40,5,0,17,0
2018-05-06 05:03:45,41,r/BlackPeopleTwitter,5,2018-05-06 12:38:27,4,1,-7,0
2018-05-06 05:03:45,41,r/BlackPeopleTwitter,5,2018-05-06 12:40:42,5,1,20,0
2018-05-06 05:03:45,41,r/BlackPeopleTwitter,5,2018-05-06 12:42:10,6,1,1,0
2018-05-06 05:03:45,41,r/BlackPeopleTwitter,5,2018-05-06 12:48:29,7,1,4,0
2018-05-06 05:03:45,41,r/BlackPeopleTwitter,5,2018-05-06 12:49:26,8,0,4,0
2018-05-06 05:03:45,41,r/BlackPeopleTwitter,5,2018-05-06 11:00:32,3,2,-1,0
2018-05-06 05:03:45,41,r/BlackPeopleTwitter,5,2018-05-06 12:14:08,4,1,4,0
2018-05-06 05:03:45,41,r/BlackPeopleTwitter,5,2018-05-06 12:34:41,5,3,0,0
2018-05-06 05:03:45,41,r/BlackPeopleTwitter,5,2018-05-06 12:35:37,6,0,7,0
2018-05-06 05:03:45,41,r/BlackPeopleTwitter,5,2018-05-06 12:46:50,6,0,3,0
2018-05-06 05:03:45,41,r/BlackPeopleTwitter,5,2018-05-06 12:45:58,6,0,2,0
2018-05-06 05:03:45,41,r/BlackPeopleTwitter,5,2018-05-06 11:10:31,4,3,5,0
2018-05-06 05:03:45,41,r/BlackPeopleTwitter,5,2018-05-06 11:35:01,5,1,2,0
2018-05-06 05:03:45,41,r/BlackPeopleTwitter,5,2018-05-06 11:37:34,6,1,5,0
2018-05-06 05:03:45,41,r/BlackPeopleTwitter,5,2018-05-06 11:39:57,7,0,5,0
2018-05-06 05:03:45,41,r/BlackPeopleTwitter,5,2018-05-06 11:30:23,5,1,3,0
2018-05-06 05:03:45,41,r/BlackPeopleTwitter,5,2018-05-06 11:34:23,6,1,17,0
2018-05-06 05:03:45,41,r/BlackPeopleTwitter,5,2018-05-06 11:40:06,7,0,7,0
2018-05-06 05:03:45,41,r/BlackPeopleTwitter,5,2018-05-06 11:36:20,5,1,-5,0
2018-05-06 05:03:45,41,r/BlackPeopleTwitter,5,2018-05-06 11:40:01,6,2,5,0
2018-05-06 05:03:45,41,r/BlackPeopleTwitter,5,2018-05-06 11:46:18,7,2,-3,0
2018-05-06 05:03:45,41,r/BlackPeopleTwitter,5,2018-05-06 11:47:46,8,0,8,0
2018-05-06 05:03:45,41,r/BlackPeopleTwitter,5,2018-05-06 12:42:19,8,1,4,0
2018-05-06 05:03:45,41,r/BlackPeopleTwitter,5,2018-05-06 14:48:47,9,0,1,0
2018-05-06 05:03:45,41,r/BlackPeopleTwitter,5,2018-05-06 11:56:32,7,1,-3,0
2018-05-06 05:03:45,41,r/BlackPeopleTwitter,5,2018-05-06 11:58:19,8,0,13,0
2018-05-06 05:03:45,41,r/BlackPeopleTwitter,5,2018-05-06 12:50:26,3,1,0,0
2018-05-06 05:03:45,41,r/BlackPeopleTwitter,5,2018-05-06 13:06:23,4,1,-4,0
2018-05-06 05:03:45,41,r/BlackPeopleTwitter,5,2018-05-06 13:09:21,5,1,-1,0
2018-05-06 05:03:45,41,r/BlackPeopleTwitter,5,2018-05-06 13:29:27,6,1,-2,0
2018-05-06 05:03:45,41,r/BlackPeopleTwitter,5,2018-05-06 13:43:48,7,1,0,0
2018-05-06 05:03:45,41,r/BlackPeopleTwitter,5,2018-05-06 13:50:21,8,0,2,0
2018-05-06 05:03:45,41,r/BlackPeopleTwitter,5,2018-05-06 11:59:19,2,0,0,0
2018-05-06 05:03:45,41,r/BlackPeopleTwitter,5,2018-05-06 08:11:09,1,1,7,0
2018-05-06 05:03:45,41,r/BlackPeopleTwitter,5,2018-05-06 14:33:29,2,0,4,0
2018-05-06 05:03:45,41,r/BlackPeopleTwitter,5,2018-05-06 12:25:07,1,0,1,0
2018-05-06 05:03:45,41,r/BlackPeopleTwitter,6,2018-05-06 12:05:39,0,0,14,0
2018-05-06 05:03:45,41,r/BlackPeopleTwitter,7,2018-05-06 13:10:56,0,0,10,0
2018-05-06 05:03:45,41,r/BlackPeopleTwitter,8,2018-05-06 11:01:23,0,1,42,0
2018-05-06 05:03:45,41,r/BlackPeopleTwitter,8,2018-05-06 14:38:05,1,0,2,0
2018-05-06 05:03:45,41,r/BlackPeopleTwitter,9,2018-05-06 12:55:13,0,0,6,0
2018-05-06 05:03:45,41,r/BlackPeopleTwitter,10,2018-05-06 11:12:10,0,0,5,0
2018-05-06 05:03:45,41,r/BlackPeopleTwitter,11,2018-05-06 13:12:00,0,0,5,0
2018-05-06 05:03:45,41,r/BlackPeopleTwitter,12,2018-05-06 08:58:37,0,0,23,0
2018-05-06 05:03:45,41,r/BlackPeopleTwitter,13,2018-05-06 10:29:27,0,7,203,0
2018-05-06 05:03:45,41,r/BlackPeopleTwitter,13,2018-05-06 10:43:43,1,3,277,0
2018-05-06 05:03:45,41,r/BlackPeopleTwitter,13,2018-05-06 10:56:34,2,1,143,0
2018-05-06 05:03:45,41,r/BlackPeopleTwitter,13,2018-05-06 12:43:53,3,1,22,0
2018-05-06 05:03:45,41,r/BlackPeopleTwitter,13,2018-05-06 15:10:03,4,0,1,0
2018-05-06 05:03:45,41,r/BlackPeopleTwitter,13,2018-05-06 10:48:55,2,0,15,0
2018-05-06 05:03:45,41,r/BlackPeopleTwitter,13,2018-05-06 10:54:49,2,1,-23,0
2018-05-06 05:03:45,41,r/BlackPeopleTwitter,13,2018-05-06 11:17:18,3,1,59,0
2018-05-06 05:03:45,41,r/BlackPeopleTwitter,13,2018-05-06 11:31:03,4,3,36,0
2018-05-06 05:03:45,41,r/BlackPeopleTwitter,13,2018-05-06 11:53:01,5,0,18,0
2018-05-06 05:03:45,41,r/BlackPeopleTwitter,13,2018-05-06 13:14:04,5,1,3,0
2018-05-06 05:03:45,41,r/BlackPeopleTwitter,13,2018-05-06 13:37:54,6,1,3,0
2018-05-06 05:03:45,41,r/BlackPeopleTwitter,13,2018-05-06 14:13:37,7,0,2,0
2018-05-06 05:03:45,41,r/BlackPeopleTwitter,13,2018-05-06 11:40:04,5,0,-6,0
2018-05-06 05:03:45,41,r/BlackPeopleTwitter,13,2018-05-06 12:42:30,1,0,8,0
2018-05-06 05:03:45,41,r/BlackPeopleTwitter,13,2018-05-06 11:06:47,1,2,62,0
2018-05-06 05:03:45,41,r/BlackPeopleTwitter,13,2018-05-06 11:59:11,2,0,8,0
2018-05-06 05:03:45,41,r/BlackPeopleTwitter,13,2018-05-06 11:37:24,2,2,47,0
2018-05-06 05:03:45,41,r/BlackPeopleTwitter,13,2018-05-06 11:45:49,3,0,28,0
2018-05-06 05:03:45,41,r/BlackPeopleTwitter,13,2018-05-06 12:23:35,3,0,1,0
2018-05-06 05:03:45,41,r/BlackPeopleTwitter,13,2018-05-06 14:20:01,1,0,3,0
2018-05-06 05:03:45,41,r/BlackPeopleTwitter,13,2018-05-06 12:18:38,1,0,2,0
2018-05-06 05:03:45,41,r/BlackPeopleTwitter,13,2018-05-06 11:05:29,1,0,-1,0
2018-05-06 05:03:45,41,r/BlackPeopleTwitter,13,2018-05-06 14:07:52,1,0,0,0
2018-05-06 05:03:45,41,r/BlackPeopleTwitter,14,2018-05-06 12:47:40,0,1,6,0
2018-05-06 05:03:45,41,r/BlackPeopleTwitter,14,2018-05-06 14:59:44,1,0,0,0
2018-05-06 05:03:45,41,r/BlackPeopleTwitter,15,2018-05-06 11:03:36,0,0,8,0
2018-05-06 05:03:45,41,r/BlackPeopleTwitter,16,2018-05-06 10:33:23,0,0,15,0
2018-05-06 05:03:45,41,r/BlackPeopleTwitter,17,2018-05-06 10:53:24,0,1,19,0
2018-05-06 05:03:45,41,r/BlackPeopleTwitter,17,2018-05-06 14:29:20,1,0,2,0
2018-05-06 05:03:45,41,r/BlackPeopleTwitter,18,2018-05-06 11:00:51,0,2,6,0
2018-05-06 05:03:45,41,r/BlackPeopleTwitter,18,2018-05-06 12:27:03,1,0,1,0
2018-05-06 05:03:45,41,r/BlackPeopleTwitter,18,2018-05-06 12:08:07,1,0,1,0
2018-05-06 05:03:45,41,r/BlackPeopleTwitter,19,2018-05-06 11:22:04,0,0,2,0
2018-05-06 05:03:45,41,r/BlackPeopleTwitter,20,2018-05-06 11:41:04,0,0,2,0
2018-05-06 05:03:45,41,r/BlackPeopleTwitter,21,2018-05-06 12:40:49,0,0,2,0
2018-05-06 05:03:45,41,r/BlackPeopleTwitter,22,2018-05-06 12:47:33,0,0,2,0
2018-05-06 05:03:45,41,r/BlackPeopleTwitter,23,2018-05-06 14:10:55,0,0,2,0
2018-05-06 05:03:45,41,r/BlackPeopleTwitter,24,2018-05-06 14:20:23,0,0,2,0
2018-05-06 05:03:45,41,r/BlackPeopleTwitter,25,2018-05-06 08:15:03,0,0,6,0
2018-05-06 05:03:45,41,r/BlackPeopleTwitter,26,2018-05-06 07:54:00,0,0,3,0
2018-05-06 05:03:45,41,r/BlackPeopleTwitter,27,2018-05-06 11:13:45,0,0,4,0
2018-05-06 05:03:45,41,r/BlackPeopleTwitter,28,2018-05-06 13:59:31,0,0,2,0
2018-05-06 05:03:45,41,r/BlackPeopleTwitter,29,2018-05-06 10:55:35,0,1,2,0
2018-05-06 05:03:45,41,r/BlackPeopleTwitter,29,2018-05-06 12:43:11,1,0,2,0
2018-05-06 05:03:45,41,r/BlackPeopleTwitter,30,2018-05-06 11:58:29,0,0,1,0
2018-05-06 05:03:45,41,r/BlackPeopleTwitter,31,2018-05-06 12:12:11,0,0,1,0
2018-05-06 05:03:45,41,r/BlackPeopleTwitter,32,2018-05-06 12:22:36,0,0,1,0
2018-05-06 05:03:45,41,r/BlackPeopleTwitter,33,2018-05-06 12:24:56,0,0,1,0
2018-05-06 05:03:45,41,r/BlackPeopleTwitter,34,2018-05-06 12:28:07,0,0,1,0
2018-05-06 05:03:45,41,r/BlackPeopleTwitter,35,2018-05-06 12:29:43,0,0,1,0
2018-05-06 05:03:45,41,r/BlackPeopleTwitter,36,2018-05-06 12:33:09,0,0,1,0
2018-05-06 05:03:45,41,r/BlackPeopleTwitter,37,2018-05-06 12:38:40,0,0,1,0
2018-05-06 05:03:45,41,r/BlackPeopleTwitter,38,2018-05-06 13:28:11,0,0,1,0
2018-05-06 05:03:45,41,r/BlackPeopleTwitter,39,2018-05-06 13:56:15,0,0,1,0
2018-05-06 05:03:45,41,r/BlackPeopleTwitter,40,2018-05-06 14:17:44,0,0,1,0
2018-05-06 05:03:45,41,r/BlackPeopleTwitter,41,2018-05-06 14:33:26,0,0,1,0
2018-05-06 05:03:45,41,r/BlackPeopleTwitter,42,2018-05-06 14:40:00,0,0,1,0
2018-05-06 05:03:45,41,r/BlackPeopleTwitter,43,2018-05-06 14:54:01,0,0,1,0
2018-05-06 05:03:45,41,r/BlackPeopleTwitter,44,2018-05-06 14:56:38,0,0,1,0
2018-05-06 05:03:45,41,r/BlackPeopleTwitter,45,2018-05-06 14:56:57,0,0,1,0
2018-05-06 05:03:45,41,r/BlackPeopleTwitter,46,2018-05-06 15:00:05,0,0,1,0
2018-05-06 05:03:45,41,r/BlackPeopleTwitter,47,2018-05-06 15:03:25,0,0,1,0
2018-05-06 05:03:45,41,r/BlackPeopleTwitter,48,2018-05-06 11:33:34,0,0,1,0
2018-05-06 05:03:45,41,r/BlackPeopleTwitter,49,2018-05-06 05:35:28,0,1,0,0
2018-05-06 05:03:45,41,r/BlackPeopleTwitter,49,2018-05-06 05:36:36,1,1,6,0
2018-05-06 05:03:45,41,r/BlackPeopleTwitter,49,2018-05-06 05:41:31,2,0,2,0
2018-05-06 05:03:45,41,r/BlackPeopleTwitter,50,2018-05-06 11:50:16,0,0,0,0
2018-05-06 05:03:45,41,r/BlackPeopleTwitter,51,2018-05-06 12:02:42,0,0,0,0
2018-05-06 05:03:45,41,r/BlackPeopleTwitter,52,2018-05-06 12:15:02,0,0,0,0
2018-05-06 05:03:45,41,r/BlackPeopleTwitter,53,2018-05-06 12:24:55,0,0,0,0
2018-05-06 05:03:45,41,r/BlackPeopleTwitter,54,2018-05-06 12:43:53,0,0,-8,0
2018-05-06 06:27:36,42,r/nonononoyes,0,2018-05-06 10:57:48,0,3,1032,0
2018-05-06 06:27:36,42,r/nonononoyes,0,2018-05-06 12:05:21,1,1,81,0
2018-05-06 06:27:36,42,r/nonononoyes,0,2018-05-06 12:11:56,2,0,75,0
2018-05-06 06:27:36,42,r/nonononoyes,0,2018-05-06 13:59:29,1,1,6,0
2018-05-06 06:27:36,42,r/nonononoyes,0,2018-05-06 14:39:33,2,0,3,0
2018-05-06 06:27:36,42,r/nonononoyes,0,2018-05-06 14:23:04,1,0,1,0
2018-05-06 06:27:36,42,r/nonononoyes,1,2018-05-06 07:18:33,0,2,1918,0
2018-05-06 06:27:36,42,r/nonononoyes,1,2018-05-06 11:20:30,1,1,610,0
2018-05-06 06:27:36,42,r/nonononoyes,1,2018-05-06 12:06:39,2,8,347,0
2018-05-06 06:27:36,42,r/nonononoyes,1,2018-05-06 12:09:54,3,4,235,0
2018-05-06 06:27:36,42,r/nonononoyes,1,2018-05-06 12:17:34,4,5,79,0
2018-05-06 06:27:36,42,r/nonononoyes,1,2018-05-06 12:20:14,5,1,132,0
2018-05-06 06:27:36,42,r/nonononoyes,1,2018-05-06 14:36:45,6,0,10,0
2018-05-06 06:27:36,42,r/nonononoyes,1,2018-05-06 12:23:53,5,2,44,0
2018-05-06 06:27:36,42,r/nonononoyes,1,2018-05-06 13:09:06,6,0,13,0
2018-05-06 06:27:36,42,r/nonononoyes,1,2018-05-06 13:31:00,6,1,8,0
2018-05-06 06:27:36,42,r/nonononoyes,1,2018-05-06 13:56:51,7,1,-7,0
2018-05-06 06:27:36,42,r/nonononoyes,1,2018-05-06 14:19:53,8,0,3,0
2018-05-06 06:27:36,42,r/nonononoyes,1,2018-05-06 12:22:36,5,4,76,0
2018-05-06 06:27:36,42,r/nonononoyes,1,2018-05-06 14:11:19,6,1,11,0
2018-05-06 06:27:36,42,r/nonononoyes,1,2018-05-06 14:42:54,7,1,1,0
2018-05-06 06:27:36,42,r/nonononoyes,1,2018-05-06 15:05:59,8,0,1,0
2018-05-06 06:27:36,42,r/nonononoyes,1,2018-05-06 13:23:50,6,1,20,0
2018-05-06 06:27:36,42,r/nonononoyes,1,2018-05-06 13:32:01,7,1,12,0
2018-05-06 06:27:36,42,r/nonononoyes,1,2018-05-06 13:40:30,8,0,7,0
2018-05-06 06:27:36,42,r/nonononoyes,1,2018-05-06 13:59:52,6,1,6,0
2018-05-06 06:27:36,42,r/nonononoyes,1,2018-05-06 14:16:45,7,2,-4,0
2018-05-06 06:27:36,42,r/nonononoyes,1,2018-05-06 14:18:13,8,4,19,0
2018-05-06 06:27:36,42,r/nonononoyes,1,2018-05-06 14:21:29,9,1,20,0
2018-05-06 06:27:36,42,r/nonononoyes,1,2018-05-06 14:25:45,9,0,5,0
2018-05-06 06:27:36,42,r/nonononoyes,1,2018-05-06 14:47:35,9,0,4,0
2018-05-06 06:27:36,42,r/nonononoyes,1,2018-05-06 14:37:29,9,0,3,0
2018-05-06 06:27:36,42,r/nonononoyes,1,2018-05-06 14:40:54,8,1,2,0
2018-05-06 06:27:36,42,r/nonononoyes,1,2018-05-06 14:49:05,9,0,1,0
2018-05-06 06:27:36,42,r/nonononoyes,1,2018-05-06 14:00:09,6,0,2,0
2018-05-06 06:27:36,42,r/nonononoyes,1,2018-05-06 15:06:01,5,0,1,0
2018-05-06 06:27:36,42,r/nonononoyes,1,2018-05-06 14:09:34,5,1,1,0
2018-05-06 06:27:36,42,r/nonononoyes,1,2018-05-06 14:14:16,6,1,-3,0
2018-05-06 06:27:36,42,r/nonononoyes,1,2018-05-06 14:28:10,7,0,1,0
2018-05-06 06:27:36,42,r/nonononoyes,1,2018-05-06 13:19:48,4,1,16,0
2018-05-06 06:27:36,42,r/nonononoyes,1,2018-05-06 13:22:12,5,2,18,0
2018-05-06 06:27:36,42,r/nonononoyes,1,2018-05-06 13:29:46,6,1,7,0
2018-05-06 06:27:36,42,r/nonononoyes,1,2018-05-06 13:37:39,7,2,3,0
2018-05-06 06:27:36,42,r/nonononoyes,1,2018-05-06 13:41:50,8,2,6,0
2018-05-06 06:27:36,42,r/nonononoyes,1,2018-05-06 14:43:59,9,0,1,0
2018-05-06 06:27:36,42,r/nonononoyes,1,2018-05-06 14:46:21,9,0,1,0
2018-05-06 06:27:36,42,r/nonononoyes,1,2018-05-06 14:04:32,8,0,2,0
2018-05-06 06:27:36,42,r/nonononoyes,1,2018-05-06 14:24:13,6,0,1,0
2018-05-06 06:27:36,42,r/nonononoyes,1,2018-05-06 12:46:16,4,0,12,0
2018-05-06 06:27:36,42,r/nonononoyes,1,2018-05-06 13:14:18,4,0,4,0
2018-05-06 06:27:36,42,r/nonononoyes,1,2018-05-06 12:11:01,3,2,14,0
2018-05-06 06:27:36,42,r/nonononoyes,1,2018-05-06 12:11:14,4,0,7,0
2018-05-06 06:27:36,42,r/nonononoyes,1,2018-05-06 12:11:08,4,0,1,0
2018-05-06 06:27:36,42,r/nonononoyes,1,2018-05-06 14:00:13,3,2,3,0
2018-05-06 06:27:36,42,r/nonononoyes,1,2018-05-06 15:04:03,4,0,1,0
2018-05-06 06:27:36,42,r/nonononoyes,1,2018-05-06 14:00:16,4,0,0,0
2018-05-06 06:27:36,42,r/nonononoyes,1,2018-05-06 14:08:52,3,0,1,0
2018-05-06 06:27:36,42,r/nonononoyes,1,2018-05-06 14:29:34,3,0,1,0
2018-05-06 06:27:36,42,r/nonononoyes,1,2018-05-06 15:08:57,3,0,1,0
2018-05-06 06:27:36,42,r/nonononoyes,1,2018-05-06 14:59:06,3,1,0,0
2018-05-06 06:27:36,42,r/nonononoyes,1,2018-05-06 15:09:30,4,0,1,0
2018-05-06 06:27:36,42,r/nonononoyes,1,2018-05-06 12:28:17,3,1,-20,0
2018-05-06 06:27:36,42,r/nonononoyes,1,2018-05-06 13:10:26,4,0,10,0
2018-05-06 06:27:36,42,r/nonononoyes,1,2018-05-06 14:19:57,1,0,1,0
2018-05-06 06:27:36,42,r/nonononoyes,2,2018-05-06 10:15:28,0,2,620,0
2018-05-06 06:27:36,42,r/nonononoyes,2,2018-05-06 11:35:14,1,0,199,0
2018-05-06 06:27:36,42,r/nonononoyes,2,2018-05-06 11:56:23,1,3,19,0
2018-05-06 06:27:36,42,r/nonononoyes,2,2018-05-06 12:06:08,2,1,19,0
2018-05-06 06:27:36,42,r/nonononoyes,2,2018-05-06 12:45:21,3,2,5,0
2018-05-06 06:27:36,42,r/nonononoyes,2,2018-05-06 13:10:59,4,0,18,0
2018-05-06 06:27:36,42,r/nonononoyes,2,2018-05-06 14:10:37,4,1,5,0
2018-05-06 06:27:36,42,r/nonononoyes,2,2018-05-06 14:46:36,5,0,1,0
2018-05-06 06:27:36,42,r/nonononoyes,2,2018-05-06 12:51:57,2,1,1,0
2018-05-06 06:27:36,42,r/nonononoyes,2,2018-05-06 15:08:24,3,0,1,0
2018-05-06 06:27:36,42,r/nonononoyes,2,2018-05-06 14:23:47,2,0,1,0
2018-05-06 06:27:36,42,r/nonononoyes,3,2018-05-06 12:58:10,0,3,190,0
2018-05-06 06:27:36,42,r/nonononoyes,3,2018-05-06 14:26:22,1,0,13,0
2018-05-06 06:27:36,42,r/nonononoyes,3,2018-05-06 14:57:04,1,0,3,0
2018-05-06 06:27:36,42,r/nonononoyes,3,2018-05-06 15:04:15,1,0,0,0
2018-05-06 06:27:36,42,r/nonononoyes,4,2018-05-06 11:55:54,0,6,319,0
2018-05-06 06:27:36,42,r/nonononoyes,4,2018-05-06 12:41:26,1,1,68,0
2018-05-06 06:27:36,42,r/nonononoyes,4,2018-05-06 13:20:01,2,2,30,0
2018-05-06 06:27:36,42,r/nonononoyes,4,2018-05-06 13:24:57,3,3,25,0
2018-05-06 06:27:36,42,r/nonononoyes,4,2018-05-06 13:39:15,4,2,49,0
2018-05-06 06:27:36,42,r/nonononoyes,4,2018-05-06 13:53:15,5,0,15,0
2018-05-06 06:27:36,42,r/nonononoyes,4,2018-05-06 13:43:58,5,0,-2,0
2018-05-06 06:27:36,42,r/nonononoyes,4,2018-05-06 14:24:55,4,0,3,0
2018-05-06 06:27:36,42,r/nonononoyes,4,2018-05-06 14:03:45,4,0,8,0
2018-05-06 06:27:36,42,r/nonononoyes,4,2018-05-06 14:54:35,3,0,1,0
2018-05-06 06:27:36,42,r/nonononoyes,4,2018-05-06 13:27:11,1,0,24,0
2018-05-06 06:27:36,42,r/nonononoyes,4,2018-05-06 14:57:15,1,1,3,0
2018-05-06 06:27:36,42,r/nonononoyes,4,2018-05-06 15:00:03,2,1,1,0
2018-05-06 06:27:36,42,r/nonononoyes,4,2018-05-06 15:01:19,3,0,1,0
2018-05-06 06:27:36,42,r/nonononoyes,4,2018-05-06 13:30:21,1,0,1,0
2018-05-06 06:27:36,42,r/nonononoyes,4,2018-05-06 14:49:32,1,0,0,0
2018-05-06 06:27:36,42,r/nonononoyes,4,2018-05-06 14:10:33,1,1,-8,0
2018-05-06 06:27:36,42,r/nonononoyes,4,2018-05-06 14:16:26,2,1,12,0
2018-05-06 06:27:36,42,r/nonononoyes,4,2018-05-06 14:34:21,3,3,-8,0
2018-05-06 06:27:36,42,r/nonononoyes,4,2018-05-06 14:36:57,4,0,4,0
2018-05-06 06:27:36,42,r/nonononoyes,4,2018-05-06 14:40:44,4,1,3,0
2018-05-06 06:27:36,42,r/nonononoyes,4,2018-05-06 14:57:26,5,0,1,0
2018-05-06 06:27:36,42,r/nonononoyes,4,2018-05-06 14:56:59,4,0,1,0
2018-05-06 06:27:36,42,r/nonononoyes,5,2018-05-06 07:20:01,0,2,567,0
2018-05-06 06:27:36,42,r/nonononoyes,5,2018-05-06 10:50:50,1,0,169,0
2018-05-06 06:27:36,42,r/nonononoyes,5,2018-05-06 11:10:12,1,6,85,0
2018-05-06 06:27:36,42,r/nonononoyes,5,2018-05-06 13:04:24,2,2,66,0
2018-05-06 06:27:36,42,r/nonononoyes,5,2018-05-06 13:06:37,3,1,26,0
2018-05-06 06:27:36,42,r/nonononoyes,5,2018-05-06 13:34:45,4,0,4,0
2018-05-06 06:27:36,42,r/nonononoyes,5,2018-05-06 15:03:45,3,0,0,0
2018-05-06 06:27:36,42,r/nonononoyes,5,2018-05-06 11:23:52,2,1,23,0
2018-05-06 06:27:36,42,r/nonononoyes,5,2018-05-06 11:27:10,3,4,42,0
2018-05-06 06:27:36,42,r/nonononoyes,5,2018-05-06 13:03:42,4,0,3,0
2018-05-06 06:27:36,42,r/nonononoyes,5,2018-05-06 14:55:45,4,0,1,0
2018-05-06 06:27:36,42,r/nonononoyes,5,2018-05-06 11:28:19,4,1,-17,0
2018-05-06 06:27:36,42,r/nonononoyes,5,2018-05-06 11:29:03,5,1,12,0
2018-05-06 06:27:36,42,r/nonononoyes,5,2018-05-06 11:35:01,6,1,-25,0
2018-05-06 06:27:36,42,r/nonononoyes,5,2018-05-06 11:51:04,7,1,7,0
2018-05-06 06:27:36,42,r/nonononoyes,5,2018-05-06 11:53:56,8,0,-19,0
2018-05-06 06:27:36,42,r/nonononoyes,5,2018-05-06 12:00:37,4,1,-10,0
2018-05-06 06:27:36,42,r/nonononoyes,5,2018-05-06 13:56:08,5,0,1,0
2018-05-06 06:27:36,42,r/nonononoyes,5,2018-05-06 11:21:38,2,0,3,0
2018-05-06 06:27:36,42,r/nonononoyes,5,2018-05-06 13:58:06,2,0,1,0
2018-05-06 06:27:36,42,r/nonononoyes,5,2018-05-06 14:55:04,2,0,1,0
2018-05-06 06:27:36,42,r/nonononoyes,5,2018-05-06 11:36:19,2,1,-1,0
2018-05-06 06:27:36,42,r/nonononoyes,5,2018-05-06 12:36:31,3,1,9,0
2018-05-06 06:27:36,42,r/nonononoyes,5,2018-05-06 12:44:19,4,2,-2,0
2018-05-06 06:27:36,42,r/nonononoyes,5,2018-05-06 12:50:31,5,0,1,0
2018-05-06 06:27:36,42,r/nonononoyes,5,2018-05-06 12:51:36,5,0,1,0
2018-05-06 06:27:36,42,r/nonononoyes,6,2018-05-06 10:19:00,0,3,128,0
2018-05-06 06:27:36,42,r/nonononoyes,6,2018-05-06 11:36:41,1,0,34,0
2018-05-06 06:27:36,42,r/nonononoyes,6,2018-05-06 11:16:16,1,1,60,0
2018-05-06 06:27:36,42,r/nonononoyes,6,2018-05-06 12:15:02,2,0,23,0
2018-05-06 06:27:36,42,r/nonononoyes,6,2018-05-06 12:52:00,1,0,1,0
2018-05-06 06:27:36,42,r/nonononoyes,7,2018-05-06 10:33:21,0,4,82,0
2018-05-06 06:27:36,42,r/nonononoyes,7,2018-05-06 10:38:04,1,5,348,0
2018-05-06 06:27:36,42,r/nonononoyes,7,2018-05-06 12:36:09,2,1,21,0
2018-05-06 06:27:36,42,r/nonononoyes,7,2018-05-06 13:25:11,3,0,11,0
2018-05-06 06:27:36,42,r/nonononoyes,7,2018-05-06 10:48:36,2,2,22,0
2018-05-06 06:27:36,42,r/nonononoyes,7,2018-05-06 11:22:48,3,1,28,0
2018-05-06 06:27:36,42,r/nonononoyes,7,2018-05-06 11:22:53,4,1,25,0
2018-05-06 06:27:36,42,r/nonononoyes,7,2018-05-06 11:25:02,5,0,20,0
2018-05-06 06:27:36,42,r/nonononoyes,7,2018-05-06 11:17:59,3,0,4,0
2018-05-06 06:27:36,42,r/nonononoyes,7,2018-05-06 12:56:32,2,0,3,0
2018-05-06 06:27:36,42,r/nonononoyes,7,2018-05-06 12:17:21,2,0,2,0
2018-05-06 06:27:36,42,r/nonononoyes,7,2018-05-06 13:38:58,2,0,1,0
2018-05-06 06:27:36,42,r/nonononoyes,7,2018-05-06 13:05:46,1,1,12,0
2018-05-06 06:27:36,42,r/nonononoyes,7,2018-05-06 13:06:55,2,0,1,0
2018-05-06 06:27:36,42,r/nonononoyes,7,2018-05-06 11:25:36,1,1,3,0
2018-05-06 06:27:36,42,r/nonononoyes,7,2018-05-06 11:48:29,2,0,0,0
2018-05-06 06:27:36,42,r/nonononoyes,7,2018-05-06 11:54:51,1,2,5,0
2018-05-06 06:27:36,42,r/nonononoyes,7,2018-05-06 13:47:40,2,0,1,0
2018-05-06 06:27:36,42,r/nonononoyes,7,2018-05-06 12:37:42,2,1,0,0
2018-05-06 06:27:36,42,r/nonononoyes,7,2018-05-06 14:19:22,3,0,1,0
2018-05-06 06:27:36,42,r/nonononoyes,8,2018-05-06 11:37:25,0,3,15,0
2018-05-06 06:27:36,42,r/nonononoyes,8,2018-05-06 12:20:07,1,1,31,0
2018-05-06 06:27:36,42,r/nonononoyes,8,2018-05-06 13:13:34,2,0,12,0
2018-05-06 06:27:36,42,r/nonononoyes,8,2018-05-06 11:44:24,1,0,35,0
2018-05-06 06:27:36,42,r/nonononoyes,8,2018-05-06 13:15:32,1,1,10,0
2018-05-06 06:27:36,42,r/nonononoyes,8,2018-05-06 13:18:15,2,0,7,0
2018-05-06 06:27:36,42,r/nonononoyes,9,2018-05-06 12:25:48,0,1,35,0
2018-05-06 06:27:36,42,r/nonononoyes,9,2018-05-06 13:18:46,1,1,18,0
2018-05-06 06:27:36,42,r/nonononoyes,9,2018-05-06 14:01:14,2,0,5,0
2018-05-06 06:27:36,42,r/nonononoyes,10,2018-05-06 10:42:10,0,0,8,0
2018-05-06 06:27:36,42,r/nonononoyes,11,2018-05-06 11:50:24,0,6,19,0
2018-05-06 06:27:36,42,r/nonononoyes,11,2018-05-06 11:51:00,1,3,67,0
2018-05-06 06:27:36,42,r/nonononoyes,11,2018-05-06 12:21:42,2,1,22,0
2018-05-06 06:27:36,42,r/nonononoyes,11,2018-05-06 12:21:48,3,0,11,0
2018-05-06 06:27:36,42,r/nonononoyes,11,2018-05-06 14:16:43,2,0,1,0
2018-05-06 06:27:36,42,r/nonononoyes,11,2018-05-06 13:10:00,2,1,1,0
2018-05-06 06:27:36,42,r/nonononoyes,11,2018-05-06 13:10:11,3,1,8,0
2018-05-06 06:27:36,42,r/nonononoyes,11,2018-05-06 13:12:38,4,1,4,0
2018-05-06 06:27:36,42,r/nonononoyes,11,2018-05-06 13:13:13,5,1,15,0
2018-05-06 06:27:36,42,r/nonononoyes,11,2018-05-06 13:22:57,6,0,2,0
2018-05-06 06:27:36,42,r/nonononoyes,11,2018-05-06 12:18:16,1,0,7,0
2018-05-06 06:27:36,42,r/nonononoyes,11,2018-05-06 13:16:02,1,1,6,0
2018-05-06 06:27:36,42,r/nonononoyes,11,2018-05-06 13:22:43,2,0,2,0
2018-05-06 06:27:36,42,r/nonononoyes,11,2018-05-06 13:36:49,1,0,1,0
2018-05-06 06:27:36,42,r/nonononoyes,11,2018-05-06 14:02:32,1,0,1,0
2018-05-06 06:27:36,42,r/nonononoyes,11,2018-05-06 15:08:16,1,0,1,0
2018-05-06 06:27:36,42,r/nonononoyes,12,2018-05-06 10:52:07,0,3,70,0
2018-05-06 06:27:36,42,r/nonononoyes,12,2018-05-06 11:29:06,1,1,40,0
2018-05-06 06:27:36,42,r/nonononoyes,12,2018-05-06 11:43:56,2,0,-57,0
2018-05-06 06:27:36,42,r/nonononoyes,12,2018-05-06 13:01:26,1,0,8,0
2018-05-06 06:27:36,42,r/nonononoyes,12,2018-05-06 14:18:37,1,0,3,0
2018-05-06 06:27:36,42,r/nonononoyes,13,2018-05-06 07:54:47,0,1,14,0
2018-05-06 06:27:36,42,r/nonononoyes,13,2018-05-06 11:18:21,1,1,2,0
2018-05-06 06:27:36,42,r/nonononoyes,13,2018-05-06 13:25:18,2,0,3,0
2018-05-06 06:27:36,42,r/nonononoyes,14,2018-05-06 13:47:48,0,0,3,0
2018-05-06 06:27:36,42,r/nonononoyes,15,2018-05-06 09:28:27,0,6,11,0
2018-05-06 06:27:36,42,r/nonononoyes,15,2018-05-06 09:47:45,1,0,89,0
2018-05-06 06:27:36,42,r/nonononoyes,15,2018-05-06 10:45:32,1,1,11,0
2018-05-06 06:27:36,42,r/nonononoyes,15,2018-05-06 11:55:47,2,0,5,0
2018-05-06 06:27:36,42,r/nonononoyes,15,2018-05-06 11:05:53,1,0,5,0
2018-05-06 06:27:36,42,r/nonononoyes,15,2018-05-06 11:12:15,1,1,7,0
2018-05-06 06:27:36,42,r/nonononoyes,15,2018-05-06 13:32:43,2,0,-1,0
2018-05-06 06:27:36,42,r/nonononoyes,15,2018-05-06 13:53:01,1,0,2,0
2018-05-06 06:27:36,42,r/nonononoyes,15,2018-05-06 12:25:37,1,1,-2,0
2018-05-06 06:27:36,42,r/nonononoyes,15,2018-05-06 12:32:40,2,1,4,0
2018-05-06 06:27:36,42,r/nonononoyes,15,2018-05-06 14:12:48,3,0,2,0
2018-05-06 06:27:36,42,r/nonononoyes,16,2018-05-06 10:44:34,0,1,3,0
2018-05-06 06:27:36,42,r/nonononoyes,16,2018-05-06 11:43:45,1,1,10,0
2018-05-06 06:27:36,42,r/nonononoyes,16,2018-05-06 13:05:14,2,2,-4,0
2018-05-06 06:27:36,42,r/nonononoyes,16,2018-05-06 13:15:02,3,1,2,0
2018-05-06 06:27:36,42,r/nonononoyes,16,2018-05-06 13:21:05,4,1,-1,0
2018-05-06 06:27:36,42,r/nonononoyes,16,2018-05-06 13:23:57,5,1,2,0
2018-05-06 06:27:36,42,r/nonononoyes,16,2018-05-06 13:29:49,6,1,-3,0
2018-05-06 06:27:36,42,r/nonononoyes,16,2018-05-06 13:32:51,7,1,0,0
2018-05-06 06:27:36,42,r/nonononoyes,16,2018-05-06 13:34:00,8,1,-3,0
2018-05-06 06:27:36,42,r/nonononoyes,16,2018-05-06 13:35:21,9,1,2,0
2018-05-06 06:27:36,42,r/nonononoyes,16,2018-05-06 13:18:11,3,1,3,0
2018-05-06 06:27:36,42,r/nonononoyes,16,2018-05-06 13:20:38,4,2,-5,0
2018-05-06 06:27:36,42,r/nonononoyes,16,2018-05-06 13:24:09,5,1,2,0
2018-05-06 06:27:36,42,r/nonononoyes,16,2018-05-06 13:31:51,6,1,-4,0
2018-05-06 06:27:36,42,r/nonononoyes,16,2018-05-06 13:34:05,7,1,4,0
2018-05-06 06:27:36,42,r/nonononoyes,16,2018-05-06 13:34:46,8,1,-2,0
2018-05-06 06:27:36,42,r/nonononoyes,16,2018-05-06 13:37:51,9,1,2,0
2018-05-06 06:27:36,42,r/nonononoyes,16,2018-05-06 13:30:22,5,0,0,0
2018-05-06 06:27:36,42,r/nonononoyes,17,2018-05-06 14:26:18,0,0,2,0
2018-05-06 06:27:36,42,r/nonononoyes,18,2018-05-06 12:48:12,0,0,1,0
2018-05-06 06:27:36,42,r/nonononoyes,19,2018-05-06 12:50:30,0,0,1,0
2018-05-06 06:27:36,42,r/nonononoyes,20,2018-05-06 13:11:59,0,0,1,0
2018-05-06 06:27:36,42,r/nonononoyes,21,2018-05-06 13:24:08,0,0,1,0
2018-05-06 06:27:36,42,r/nonononoyes,22,2018-05-06 13:25:26,0,0,1,0
2018-05-06 06:27:36,42,r/nonononoyes,23,2018-05-06 13:30:10,0,0,1,0
2018-05-06 06:27:36,42,r/nonononoyes,24,2018-05-06 13:31:54,0,0,1,0
2018-05-06 06:27:36,42,r/nonononoyes,25,2018-05-06 13:40:35,0,0,1,0
2018-05-06 06:27:36,42,r/nonononoyes,26,2018-05-06 13:41:58,0,0,1,0
2018-05-06 06:27:36,42,r/nonononoyes,27,2018-05-06 13:50:31,0,0,1,0
2018-05-06 06:27:36,42,r/nonononoyes,28,2018-05-06 14:05:27,0,0,1,0
2018-05-06 06:27:36,42,r/nonononoyes,29,2018-05-06 14:13:28,0,0,1,0
2018-05-06 06:27:36,42,r/nonononoyes,30,2018-05-06 14:14:34,0,0,1,0
2018-05-06 06:27:36,42,r/nonononoyes,31,2018-05-06 14:24:48,0,0,1,0
2018-05-06 06:27:36,42,r/nonononoyes,32,2018-05-06 14:26:43,0,0,1,0
2018-05-06 06:27:36,42,r/nonononoyes,33,2018-05-06 14:27:26,0,0,1,0
2018-05-06 06:27:36,42,r/nonononoyes,34,2018-05-06 14:27:37,0,0,1,0
2018-05-06 06:27:36,42,r/nonononoyes,35,2018-05-06 14:29:44,0,0,1,0
2018-05-06 06:27:36,42,r/nonononoyes,36,2018-05-06 14:34:27,0,0,1,0
2018-05-06 06:27:36,42,r/nonononoyes,37,2018-05-06 14:45:45,0,0,1,0
2018-05-06 06:27:36,42,r/nonononoyes,38,2018-05-06 14:47:27,0,0,1,0
2018-05-06 06:27:36,42,r/nonononoyes,39,2018-05-06 14:49:23,0,0,1,0
2018-05-06 06:27:36,42,r/nonononoyes,40,2018-05-06 14:59:57,0,0,1,0
2018-05-06 06:27:36,42,r/nonononoyes,41,2018-05-06 15:01:32,0,0,1,0
2018-05-06 06:27:36,42,r/nonononoyes,42,2018-05-06 15:10:03,0,0,1,0
2018-05-06 06:27:36,42,r/nonononoyes,43,2018-05-06 13:59:00,0,1,1,0
2018-05-06 06:27:36,42,r/nonononoyes,43,2018-05-06 15:01:47,1,0,1,0
2018-05-06 06:27:36,42,r/nonononoyes,44,2018-05-06 11:11:24,0,1,-2,0
2018-05-06 06:27:36,42,r/nonononoyes,44,2018-05-06 12:13:39,1,0,3,0
2018-05-06 06:27:36,42,r/nonononoyes,45,2018-05-06 13:02:19,0,0,0,0
2018-05-06 06:27:36,42,r/nonononoyes,46,2018-05-06 14:24:40,0,0,0,0
2018-05-06 06:27:36,42,r/nonononoyes,47,2018-05-06 11:49:47,0,0,-7,0
2018-05-06 06:27:36,42,r/nonononoyes,48,2018-05-06 12:36:39,0,0,-1,0
2018-05-06 06:27:36,42,r/nonononoyes,49,2018-05-06 12:38:20,0,1,-6,0
2018-05-06 06:27:36,42,r/nonononoyes,49,2018-05-06 14:22:41,1,0,1,0
2018-05-06 07:29:57,43,r/aww,0,2018-05-06 09:37:50,0,2,513,0
2018-05-06 07:29:57,43,r/aww,0,2018-05-06 14:16:00,1,3,79,0
2018-05-06 07:29:57,43,r/aww,0,2018-05-06 14:22:03,2,0,10,0
2018-05-06 07:29:57,43,r/aww,0,2018-05-06 14:22:32,2,0,6,0
2018-05-06 07:29:57,43,r/aww,0,2018-05-06 14:51:15,2,0,1,0
2018-05-06 07:29:57,43,r/aww,0,2018-05-06 14:27:59,1,1,4,0
2018-05-06 07:29:57,43,r/aww,0,2018-05-06 14:44:14,2,0,5,0
2018-05-06 07:29:57,43,r/aww,1,2018-05-06 09:45:19,0,0,212,0
2018-05-06 07:29:57,43,r/aww,2,2018-05-06 08:55:38,0,1,93,0
2018-05-06 07:29:57,43,r/aww,2,2018-05-06 09:53:26,1,1,17,0
2018-05-06 07:29:57,43,r/aww,2,2018-05-06 14:01:55,2,0,6,0
2018-05-06 07:29:57,43,r/aww,3,2018-05-06 10:21:45,0,0,78,0
2018-05-06 07:29:57,43,r/aww,4,2018-05-06 08:32:58,0,1,24,0
2018-05-06 07:29:57,43,r/aww,4,2018-05-06 13:31:10,1,1,4,0
2018-05-06 07:29:57,43,r/aww,4,2018-05-06 13:54:10,2,1,1,0
2018-05-06 07:29:57,43,r/aww,4,2018-05-06 14:03:27,3,0,5,0
2018-05-06 07:29:57,43,r/aww,5,2018-05-06 08:50:21,0,5,175,0
2018-05-06 07:29:57,43,r/aww,5,2018-05-06 10:50:40,1,2,62,0
2018-05-06 07:29:57,43,r/aww,5,2018-05-06 12:36:47,2,1,16,0
2018-05-06 07:29:57,43,r/aww,5,2018-05-06 14:12:21,3,1,8,0
2018-05-06 07:29:57,43,r/aww,5,2018-05-06 14:55:52,4,0,1,0
2018-05-06 07:29:57,43,r/aww,5,2018-05-06 11:09:10,2,0,5,0
2018-05-06 07:29:57,43,r/aww,5,2018-05-06 11:09:47,1,1,9,0
2018-05-06 07:29:57,43,r/aww,5,2018-05-06 14:34:09,2,0,1,0
2018-05-06 07:29:57,43,r/aww,5,2018-05-06 13:14:14,1,1,7,0
2018-05-06 07:29:57,43,r/aww,5,2018-05-06 13:50:46,2,0,-3,0
2018-05-06 07:29:57,43,r/aww,5,2018-05-06 14:16:06,1,0,2,0
2018-05-06 07:29:57,43,r/aww,5,2018-05-06 12:12:27,1,0,-2,0
2018-05-06 07:29:57,43,r/aww,6,2018-05-06 11:19:27,0,0,22,0
2018-05-06 07:29:57,43,r/aww,7,2018-05-06 11:35:48,0,1,82,0
2018-05-06 07:29:57,43,r/aww,7,2018-05-06 12:22:09,1,2,55,0
2018-05-06 07:29:57,43,r/aww,7,2018-05-06 12:23:37,2,1,32,0
2018-05-06 07:29:57,43,r/aww,7,2018-05-06 13:30:03,3,0,6,0
2018-05-06 07:29:57,43,r/aww,7,2018-05-06 13:01:07,2,1,-35,0
2018-05-06 07:29:57,43,r/aww,7,2018-05-06 13:07:44,3,1,44,0
2018-05-06 07:29:57,43,r/aww,7,2018-05-06 14:42:52,4,0,-1,0
2018-05-06 07:29:57,43,r/aww,8,2018-05-06 11:50:26,0,4,36,0
2018-05-06 07:29:57,43,r/aww,8,2018-05-06 12:13:19,1,0,59,0
2018-05-06 07:29:57,43,r/aww,8,2018-05-06 12:24:53,1,0,13,0
2018-05-06 07:29:57,43,r/aww,8,2018-05-06 14:01:21,1,0,11,0
2018-05-06 07:29:57,43,r/aww,8,2018-05-06 14:12:22,1,0,2,0
2018-05-06 07:29:57,43,r/aww,9,2018-05-06 13:33:28,0,0,6,0
2018-05-06 07:29:57,43,r/aww,10,2018-05-06 12:52:49,0,2,10,0
2018-05-06 07:29:57,43,r/aww,10,2018-05-06 14:44:30,1,0,2,0
2018-05-06 07:29:57,43,r/aww,10,2018-05-06 14:56:56,1,1,1,0
2018-05-06 07:29:57,43,r/aww,10,2018-05-06 15:01:21,2,1,1,0
2018-05-06 07:29:57,43,r/aww,10,2018-05-06 15:06:51,3,0,1,0
2018-05-06 07:29:57,43,r/aww,11,2018-05-06 09:28:42,0,1,8,0
2018-05-06 07:29:57,43,r/aww,11,2018-05-06 10:57:00,1,0,7,0
2018-05-06 07:29:57,43,r/aww,12,2018-05-06 08:29:43,0,1,37,0
2018-05-06 07:29:57,43,r/aww,12,2018-05-06 08:44:22,1,3,84,0
2018-05-06 07:29:57,43,r/aww,12,2018-05-06 11:28:16,2,0,14,0
2018-05-06 07:29:57,43,r/aww,12,2018-05-06 11:08:23,2,0,5,0
2018-05-06 07:29:57,43,r/aww,12,2018-05-06 11:51:56,2,3,-2,0
2018-05-06 07:29:57,43,r/aww,12,2018-05-06 14:28:56,3,0,4,0
2018-05-06 07:29:57,43,r/aww,12,2018-05-06 14:31:35,3,0,2,0
2018-05-06 07:29:57,43,r/aww,12,2018-05-06 14:32:56,3,0,2,0
2018-05-06 07:29:57,43,r/aww,13,2018-05-06 14:27:22,0,0,3,0
2018-05-06 07:29:57,43,r/aww,14,2018-05-06 14:27:44,0,0,3,0
2018-05-06 07:29:57,43,r/aww,15,2018-05-06 14:28:53,0,0,3,0
2018-05-06 07:29:57,43,r/aww,16,2018-05-06 13:13:23,0,0,4,0
2018-05-06 07:29:57,43,r/aww,17,2018-05-06 11:24:05,0,1,8,0
2018-05-06 07:29:57,43,r/aww,17,2018-05-06 11:58:00,1,1,17,0
2018-05-06 07:29:57,43,r/aww,17,2018-05-06 12:06:26,2,1,-10,0
2018-05-06 07:29:57,43,r/aww,17,2018-05-06 12:50:04,3,0,8,0
2018-05-06 07:29:57,43,r/aww,18,2018-05-06 13:32:42,0,0,2,0
2018-05-06 07:29:57,43,r/aww,19,2018-05-06 14:10:40,0,0,2,0
2018-05-06 07:29:57,43,r/aww,20,2018-05-06 14:36:08,0,0,2,0
2018-05-06 07:29:57,43,r/aww,21,2018-05-06 14:39:48,0,0,2,0
2018-05-06 07:29:57,43,r/aww,22,2018-05-06 14:51:53,0,0,2,0
2018-05-06 07:29:57,43,r/aww,23,2018-05-06 08:04:56,0,4,8,0
2018-05-06 07:29:57,43,r/aww,23,2018-05-06 08:17:06,1,1,32,0
2018-05-06 07:29:57,43,r/aww,23,2018-05-06 08:18:34,2,1,12,0
2018-05-06 07:29:57,43,r/aww,23,2018-05-06 08:53:09,3,1,30,0
2018-05-06 07:29:57,43,r/aww,23,2018-05-06 09:12:15,4,0,23,0
2018-05-06 07:29:57,43,r/aww,23,2018-05-06 13:36:12,1,0,7,0
2018-05-06 07:29:57,43,r/aww,23,2018-05-06 09:09:06,1,1,10,0
2018-05-06 07:29:57,43,r/aww,23,2018-05-06 11:51:55,2,0,3,0
2018-05-06 07:29:57,43,r/aww,23,2018-05-06 12:00:45,1,0,4,0
2018-05-06 07:29:57,43,r/aww,24,2018-05-06 12:33:18,0,0,2,0
2018-05-06 07:29:57,43,r/aww,25,2018-05-06 07:58:33,0,0,2,0
2018-05-06 07:29:57,43,r/aww,26,2018-05-06 11:32:36,0,0,1,0
2018-05-06 07:29:57,43,r/aww,27,2018-05-06 11:40:38,0,0,1,0
2018-05-06 07:29:57,43,r/aww,28,2018-05-06 12:09:02,0,0,1,0
2018-05-06 07:29:57,43,r/aww,29,2018-05-06 12:10:51,0,0,1,0
2018-05-06 07:29:57,43,r/aww,30,2018-05-06 12:18:22,0,0,1,0
2018-05-06 07:29:57,43,r/aww,31,2018-05-06 13:32:16,0,0,1,0
2018-05-06 07:29:57,43,r/aww,32,2018-05-06 13:33:38,0,0,1,0
2018-05-06 07:29:57,43,r/aww,33,2018-05-06 13:36:53,0,0,1,0
2018-05-06 07:29:57,43,r/aww,34,2018-05-06 14:30:02,0,0,1,0
2018-05-06 07:29:57,43,r/aww,35,2018-05-06 14:33:09,0,0,1,0
2018-05-06 07:29:57,43,r/aww,36,2018-05-06 14:49:49,0,0,1,0
2018-05-06 07:29:57,43,r/aww,37,2018-05-06 14:59:15,0,0,1,0
2018-05-06 07:29:57,43,r/aww,38,2018-05-06 15:06:22,0,0,1,0
2018-05-06 07:29:57,43,r/aww,39,2018-05-06 15:07:01,0,0,1,0
2018-05-06 07:29:57,43,r/aww,40,2018-05-06 07:50:22,0,0,1,0
2018-05-06 07:29:57,43,r/aww,41,2018-05-06 13:36:23,0,0,1,0
2018-05-06 07:29:57,43,r/aww,42,2018-05-06 10:25:08,0,1,-12,0
2018-05-06 07:29:57,43,r/aww,42,2018-05-06 12:08:31,1,0,5,0
2018-05-06 10:13:09,44,r/PUBG,0,2018-05-06 10:34:49,0,0,402,0
2018-05-06 10:13:09,44,r/PUBG,1,2018-05-06 10:44:07,0,0,333,0
2018-05-06 10:13:09,44,r/PUBG,2,2018-05-06 11:19:31,0,1,207,0
2018-05-06 10:13:09,44,r/PUBG,2,2018-05-06 12:45:20,1,0,78,0
2018-05-06 10:13:09,44,r/PUBG,3,2018-05-06 10:51:04,0,1,55,0
2018-05-06 10:13:09,44,r/PUBG,3,2018-05-06 15:04:12,1,0,1,0
2018-05-06 10:13:09,44,r/PUBG,4,2018-05-06 11:37:14,0,0,31,0
2018-05-06 10:13:09,44,r/PUBG,5,2018-05-06 11:54:57,0,2,17,0
2018-05-06 10:13:09,44,r/PUBG,5,2018-05-06 13:56:54,1,1,7,0
2018-05-06 10:13:09,44,r/PUBG,5,2018-05-06 14:11:05,2,1,9,0
2018-05-06 10:13:09,44,r/PUBG,5,2018-05-06 14:15:50,3,1,7,0
2018-05-06 10:13:09,44,r/PUBG,5,2018-05-06 14:32:26,4,1,1,0
2018-05-06 10:13:09,44,r/PUBG,5,2018-05-06 14:38:46,5,1,1,0
2018-05-06 10:13:09,44,r/PUBG,5,2018-05-06 14:39:54,6,2,1,0
2018-05-06 10:13:09,44,r/PUBG,5,2018-05-06 14:40:23,7,1,1,0
2018-05-06 10:13:09,44,r/PUBG,5,2018-05-06 14:41:07,8,1,1,0
2018-05-06 10:13:09,44,r/PUBG,5,2018-05-06 14:45:59,9,0,1,0
2018-05-06 10:13:09,44,r/PUBG,5,2018-05-06 14:40:55,7,0,1,0
2018-05-06 10:13:09,44,r/PUBG,5,2018-05-06 12:09:34,1,1,3,0
2018-05-06 10:13:09,44,r/PUBG,5,2018-05-06 12:12:04,2,1,-5,0
2018-05-06 10:13:09,44,r/PUBG,5,2018-05-06 13:34:00,3,0,-4,0
2018-05-06 10:13:09,44,r/PUBG,6,2018-05-06 11:51:22,0,1,14,0
2018-05-06 10:13:09,44,r/PUBG,6,2018-05-06 12:14:17,1,1,27,0
2018-05-06 10:13:09,44,r/PUBG,6,2018-05-06 15:09:51,2,0,1,0
2018-05-06 10:13:09,44,r/PUBG,7,2018-05-06 12:50:14,0,1,14,0
2018-05-06 10:13:09,44,r/PUBG,7,2018-05-06 12:56:06,1,0,2,0
2018-05-06 10:13:09,44,r/PUBG,8,2018-05-06 10:59:17,0,0,6,0
2018-05-06 10:13:09,44,r/PUBG,9,2018-05-06 12:18:23,0,0,18,0
2018-05-06 10:13:09,44,r/PUBG,10,2018-05-06 11:50:31,0,0,6,0
2018-05-06 10:13:09,44,r/PUBG,11,2018-05-06 12:44:41,0,0,4,0
2018-05-06 10:13:09,44,r/PUBG,12,2018-05-06 12:46:28,0,0,5,0
2018-05-06 10:13:09,44,r/PUBG,13,2018-05-06 11:28:00,0,1,48,0
2018-05-06 10:13:09,44,r/PUBG,13,2018-05-06 12:00:20,1,1,24,0
2018-05-06 10:13:09,44,r/PUBG,13,2018-05-06 13:20:44,2,1,12,0
2018-05-06 10:13:09,44,r/PUBG,13,2018-05-06 13:38:32,3,0,15,0
2018-05-06 10:13:09,44,r/PUBG,14,2018-05-06 12:34:33,0,0,3,0
2018-05-06 10:13:09,44,r/PUBG,15,2018-05-06 13:04:08,0,0,3,0
2018-05-06 10:13:09,44,r/PUBG,16,2018-05-06 14:19:17,0,0,2,0
2018-05-06 10:13:09,44,r/PUBG,17,2018-05-06 14:25:24,0,0,2,0
2018-05-06 10:13:09,44,r/PUBG,18,2018-05-06 11:41:30,0,0,2,0
2018-05-06 10:13:09,44,r/PUBG,19,2018-05-06 14:28:29,0,2,1,0
2018-05-06 10:13:09,44,r/PUBG,19,2018-05-06 14:46:55,1,1,1,0
2018-05-06 10:13:09,44,r/PUBG,19,2018-05-06 14:49:22,2,2,1,0
2018-05-06 10:13:09,44,r/PUBG,19,2018-05-06 14:50:34,3,1,1,0
2018-05-06 10:13:09,44,r/PUBG,19,2018-05-06 15:03:14,4,1,1,0
2018-05-06 10:13:09,44,r/PUBG,19,2018-05-06 15:05:28,5,0,1,0
2018-05-06 10:13:09,44,r/PUBG,19,2018-05-06 14:59:30,3,0,1,0
2018-05-06 10:13:09,44,r/PUBG,19,2018-05-06 14:36:53,1,0,1,0
2018-05-06 10:13:09,44,r/PUBG,20,2018-05-06 14:35:39,0,0,1,0
2018-05-06 10:13:09,44,r/PUBG,21,2018-05-06 14:47:10,0,0,1,0
2018-05-06 10:13:09,44,r/PUBG,22,2018-05-06 14:59:05,0,0,1,0
2018-05-06 10:13:09,44,r/PUBG,23,2018-05-06 15:07:55,0,0,1,0
2018-05-06 10:13:09,44,r/PUBG,24,2018-05-06 12:58:40,0,0,0,0
2018-05-06 10:13:09,44,r/PUBG,25,2018-05-06 13:41:22,0,0,0,0
2018-05-06 10:13:09,44,r/PUBG,26,2018-05-06 13:20:31,0,0,-1,0
2018-05-06 10:13:09,44,r/PUBG,27,2018-05-06 11:43:33,0,0,-2,0
2018-05-06 07:42:51,45,r/softwaregore,0,2018-05-06 09:30:44,0,2,365,0
2018-05-06 07:42:51,45,r/softwaregore,0,2018-05-06 15:02:29,1,0,2,0
2018-05-06 07:42:51,45,r/softwaregore,0,2018-05-06 14:34:31,1,1,-8,0
2018-05-06 07:42:51,45,r/softwaregore,0,2018-05-06 15:05:29,2,0,5,0
2018-05-06 07:42:51,45,r/softwaregore,1,2018-05-06 10:13:44,0,0,115,0
2018-05-06 07:42:51,45,r/softwaregore,2,2018-05-06 07:54:14,0,4,476,0
2018-05-06 07:42:51,45,r/softwaregore,2,2018-05-06 09:33:05,1,1,81,0
2018-05-06 07:42:51,45,r/softwaregore,2,2018-05-06 10:19:05,2,1,65,0
2018-05-06 07:42:51,45,r/softwaregore,2,2018-05-06 12:44:41,3,1,9,0
2018-05-06 07:42:51,45,r/softwaregore,2,2018-05-06 14:00:24,4,1,5,0
2018-05-06 07:42:51,45,r/softwaregore,2,2018-05-06 14:52:16,5,0,3,0
2018-05-06 07:42:51,45,r/softwaregore,2,2018-05-06 12:27:03,1,0,64,0
2018-05-06 07:42:51,45,r/softwaregore,2,2018-05-06 13:08:34,1,0,12,0
2018-05-06 07:42:51,45,r/softwaregore,2,2018-05-06 12:52:13,1,5,4,0
2018-05-06 07:42:51,45,r/softwaregore,2,2018-05-06 14:09:32,2,1,15,0
2018-05-06 07:42:51,45,r/softwaregore,2,2018-05-06 14:32:29,3,0,-4,0
2018-05-06 07:42:51,45,r/softwaregore,2,2018-05-06 13:58:52,2,0,3,0
2018-05-06 07:42:51,45,r/softwaregore,2,2018-05-06 13:30:58,2,3,-25,0
2018-05-06 07:42:51,45,r/softwaregore,2,2018-05-06 13:34:43,3,2,19,0
2018-05-06 07:42:51,45,r/softwaregore,2,2018-05-06 13:59:21,4,0,9,0
2018-05-06 07:42:51,45,r/softwaregore,2,2018-05-06 13:37:15,4,1,1,0
2018-05-06 07:42:51,45,r/softwaregore,2,2018-05-06 14:06:37,5,0,3,0
2018-05-06 07:42:51,45,r/softwaregore,2,2018-05-06 13:51:18,3,1,2,0
2018-05-06 07:42:51,45,r/softwaregore,2,2018-05-06 13:59:46,4,0,-1,0
2018-05-06 07:42:51,45,r/softwaregore,2,2018-05-06 13:49:56,3,0,-4,0
2018-05-06 07:42:51,45,r/softwaregore,2,2018-05-06 13:39:28,2,0,-27,0
2018-05-06 07:42:51,45,r/softwaregore,2,2018-05-06 14:49:21,2,0,-2,0
2018-05-06 07:42:51,45,r/softwaregore,3,2018-05-06 11:44:51,0,1,92,0
2018-05-06 07:42:51,45,r/softwaregore,3,2018-05-06 13:30:19,1,1,13,0
2018-05-06 07:42:51,45,r/softwaregore,3,2018-05-06 14:25:21,2,0,3,0
2018-05-06 07:42:51,45,r/softwaregore,4,2018-05-06 13:03:18,0,3,46,0
2018-05-06 07:42:51,45,r/softwaregore,4,2018-05-06 13:06:57,1,0,19,0
2018-05-06 07:42:51,45,r/softwaregore,4,2018-05-06 13:59:36,1,0,8,0
2018-05-06 07:42:51,45,r/softwaregore,4,2018-05-06 13:16:59,1,0,3,0
2018-05-06 07:42:51,45,r/softwaregore,5,2018-05-06 12:22:23,0,1,21,0
2018-05-06 07:42:51,45,r/softwaregore,5,2018-05-06 14:06:19,1,1,6,0
2018-05-06 07:42:51,45,r/softwaregore,5,2018-05-06 14:45:43,2,0,2,0
2018-05-06 07:42:51,45,r/softwaregore,6,2018-05-06 10:26:23,0,0,27,0
2018-05-06 07:42:51,45,r/softwaregore,7,2018-05-06 13:58:20,0,0,6,0
2018-05-06 07:42:51,45,r/softwaregore,8,2018-05-06 13:10:49,0,1,5,0
2018-05-06 07:42:51,45,r/softwaregore,8,2018-05-06 14:27:13,1,0,2,0
2018-05-06 07:42:51,45,r/softwaregore,9,2018-05-06 11:45:50,0,1,3,0
2018-05-06 07:42:51,45,r/softwaregore,9,2018-05-06 11:55:40,1,2,7,0
2018-05-06 07:42:51,45,r/softwaregore,9,2018-05-06 13:24:34,2,0,2,0
2018-05-06 07:42:51,45,r/softwaregore,9,2018-05-06 12:50:57,2,0,-10,0
2018-05-06 07:42:51,45,r/softwaregore,10,2018-05-06 13:40:18,0,0,3,0
2018-05-06 07:42:51,45,r/softwaregore,11,2018-05-06 13:10:55,0,1,2,0
2018-05-06 07:42:51,45,r/softwaregore,11,2018-05-06 13:11:00,1,0,7,0
2018-05-06 07:42:51,45,r/softwaregore,12,2018-05-06 13:28:23,0,0,2,0
2018-05-06 07:42:51,45,r/softwaregore,13,2018-05-06 13:36:30,0,0,2,0
2018-05-06 07:42:51,45,r/softwaregore,14,2018-05-06 14:19:00,0,0,2,0
2018-05-06 07:42:51,45,r/softwaregore,15,2018-05-06 13:15:28,0,0,2,0
2018-05-06 07:42:51,45,r/softwaregore,16,2018-05-06 14:07:11,0,0,1,0
2018-05-06 07:42:51,45,r/softwaregore,17,2018-05-06 14:11:43,0,0,1,0
2018-05-06 07:42:51,45,r/softwaregore,18,2018-05-06 13:43:09,0,0,-5,0
2018-05-06 07:42:51,45,r/softwaregore,19,2018-05-06 13:38:10,0,0,-8,0
2018-05-06 07:42:51,45,r/softwaregore,20,2018-05-06 14:26:39,0,0,-3,0
2018-05-06 11:22:22,46,r/Wellthatsucks,0,2018-05-06 13:51:28,0,0,86,0
2018-05-06 11:22:22,46,r/Wellthatsucks,1,2018-05-06 13:30:47,0,1,140,0
2018-05-06 11:22:22,46,r/Wellthatsucks,1,2018-05-06 13:53:20,1,0,42,0
2018-05-06 11:22:22,46,r/Wellthatsucks,2,2018-05-06 11:32:58,0,2,115,0
2018-05-06 11:22:22,46,r/Wellthatsucks,2,2018-05-06 14:50:37,1,0,7,0
2018-05-06 11:22:22,46,r/Wellthatsucks,2,2018-05-06 15:01:56,1,1,1,0
2018-05-06 11:22:22,46,r/Wellthatsucks,2,2018-05-06 15:09:45,2,0,1,0
2018-05-06 11:22:22,46,r/Wellthatsucks,3,2018-05-06 14:11:01,0,1,38,0
2018-05-06 11:22:22,46,r/Wellthatsucks,3,2018-05-06 14:12:35,1,1,53,0
2018-05-06 11:22:22,46,r/Wellthatsucks,3,2018-05-06 14:45:10,2,1,10,0
2018-05-06 11:22:22,46,r/Wellthatsucks,3,2018-05-06 14:55:01,3,0,9,0
2018-05-06 11:22:22,46,r/Wellthatsucks,4,2018-05-06 14:12:20,0,1,14,0
2018-05-06 11:22:22,46,r/Wellthatsucks,4,2018-05-06 14:56:38,1,0,3,0
2018-05-06 11:22:22,46,r/Wellthatsucks,5,2018-05-06 13:14:49,0,0,11,0
2018-05-06 11:22:22,46,r/Wellthatsucks,6,2018-05-06 13:04:06,0,3,14,0
2018-05-06 11:22:22,46,r/Wellthatsucks,6,2018-05-06 13:56:08,1,1,28,0
2018-05-06 11:22:22,46,r/Wellthatsucks,6,2018-05-06 14:28:52,2,2,14,0
2018-05-06 11:22:22,46,r/Wellthatsucks,6,2018-05-06 14:58:26,3,1,3,0
2018-05-06 11:22:22,46,r/Wellthatsucks,6,2018-05-06 15:04:23,4,0,2,0
2018-05-06 11:22:22,46,r/Wellthatsucks,6,2018-05-06 14:59:14,3,1,2,0
2018-05-06 11:22:22,46,r/Wellthatsucks,6,2018-05-06 15:10:21,4,0,1,0
2018-05-06 11:22:22,46,r/Wellthatsucks,6,2018-05-06 14:45:00,1,1,1,0
2018-05-06 11:22:22,46,r/Wellthatsucks,6,2018-05-06 15:07:19,2,0,1,0
2018-05-06 11:22:22,46,r/Wellthatsucks,6,2018-05-06 14:45:28,1,0,1,0
2018-05-06 11:22:22,46,r/Wellthatsucks,7,2018-05-06 14:10:32,0,0,12,0
2018-05-06 11:22:22,46,r/Wellthatsucks,8,2018-05-06 14:44:10,0,1,4,0
2018-05-06 11:22:22,46,r/Wellthatsucks,8,2018-05-06 15:04:36,1,0,2,0
2018-05-06 11:22:22,46,r/Wellthatsucks,9,2018-05-06 13:37:22,0,2,7,0
2018-05-06 11:22:22,46,r/Wellthatsucks,9,2018-05-06 13:51:58,1,2,7,0
2018-05-06 11:22:22,46,r/Wellthatsucks,9,2018-05-06 13:53:54,2,2,25,0
2018-05-06 11:22:22,46,r/Wellthatsucks,9,2018-05-06 14:05:00,3,1,19,0
2018-05-06 11:22:22,46,r/Wellthatsucks,9,2018-05-06 14:34:44,4,0,4,0
2018-05-06 11:22:22,46,r/Wellthatsucks,9,2018-05-06 14:25:57,3,0,3,0
2018-05-06 11:22:22,46,r/Wellthatsucks,9,2018-05-06 14:20:49,2,0,6,0
2018-05-06 11:22:22,46,r/Wellthatsucks,9,2018-05-06 14:38:52,1,0,2,0
2018-05-06 11:22:22,46,r/Wellthatsucks,10,2018-05-06 14:35:24,0,0,3,0
2018-05-06 11:22:22,46,r/Wellthatsucks,11,2018-05-06 14:43:45,0,0,3,0
2018-05-06 11:22:22,46,r/Wellthatsucks,12,2018-05-06 14:19:53,0,0,5,0
2018-05-06 11:22:22,46,r/Wellthatsucks,13,2018-05-06 13:29:30,0,0,2,0
2018-05-06 11:22:22,46,r/Wellthatsucks,14,2018-05-06 14:16:47,0,0,2,0
2018-05-06 11:22:22,46,r/Wellthatsucks,15,2018-05-06 14:52:08,0,0,2,0
2018-05-06 11:22:22,46,r/Wellthatsucks,16,2018-05-06 14:58:42,0,0,2,0
2018-05-06 11:22:22,46,r/Wellthatsucks,17,2018-05-06 15:03:29,0,0,2,0
2018-05-06 11:22:22,46,r/Wellthatsucks,18,2018-05-06 12:18:47,0,1,1,0
2018-05-06 11:22:22,46,r/Wellthatsucks,18,2018-05-06 12:38:36,1,1,12,0
2018-05-06 11:22:22,46,r/Wellthatsucks,18,2018-05-06 15:00:22,2,0,2,0
2018-05-06 11:22:22,46,r/Wellthatsucks,19,2018-05-06 13:22:59,0,0,1,0
2018-05-06 11:22:22,46,r/Wellthatsucks,20,2018-05-06 14:13:34,0,0,1,0
2018-05-06 11:22:22,46,r/Wellthatsucks,21,2018-05-06 14:21:34,0,0,1,0
2018-05-06 11:22:22,46,r/Wellthatsucks,22,2018-05-06 14:29:00,0,0,1,0
2018-05-06 11:22:22,46,r/Wellthatsucks,23,2018-05-06 14:45:12,0,0,1,0
2018-05-06 11:22:22,46,r/Wellthatsucks,24,2018-05-06 14:49:57,0,0,1,0
2018-05-06 11:22:22,46,r/Wellthatsucks,25,2018-05-06 14:55:20,0,0,1,0
2018-05-06 11:22:22,46,r/Wellthatsucks,26,2018-05-06 14:56:40,0,0,1,0
2018-05-06 11:22:22,46,r/Wellthatsucks,27,2018-05-06 14:57:08,0,0,1,0
2018-05-06 11:22:22,46,r/Wellthatsucks,28,2018-05-06 14:58:18,0,0,1,0
2018-05-06 11:22:22,46,r/Wellthatsucks,29,2018-05-06 14:58:29,0,0,1,0
2018-05-06 11:22:22,46,r/Wellthatsucks,30,2018-05-06 15:00:23,0,0,1,0
2018-05-06 11:22:22,46,r/Wellthatsucks,31,2018-05-06 15:01:47,0,0,1,0
2018-05-06 11:22:22,46,r/Wellthatsucks,32,2018-05-06 15:07:50,0,0,1,0
2018-05-06 11:22:22,46,r/Wellthatsucks,33,2018-05-06 15:09:32,0,0,1,0
2018-05-06 12:08:04,47,r/WatchPeopleDieInside,0,2018-05-06 13:43:28,0,4,230,0
2018-05-06 12:08:04,47,r/WatchPeopleDieInside,0,2018-05-06 13:58:38,1,3,56,0
2018-05-06 12:08:04,47,r/WatchPeopleDieInside,0,2018-05-06 14:49:06,2,0,22,0
2018-05-06 12:08:04,47,r/WatchPeopleDieInside,0,2018-05-06 14:45:08,2,0,35,0
2018-05-06 12:08:04,47,r/WatchPeopleDieInside,0,2018-05-06 14:54:06,2,6,3,0
2018-05-06 12:08:04,47,r/WatchPeopleDieInside,0,2018-05-06 14:59:49,3,0,6,0
2018-05-06 12:08:04,47,r/WatchPeopleDieInside,0,2018-05-06 15:01:34,3,0,4,0
2018-05-06 12:08:04,47,r/WatchPeopleDieInside,0,2018-05-06 14:59:53,3,0,2,0
2018-05-06 12:08:04,47,r/WatchPeopleDieInside,0,2018-05-06 15:01:49,3,0,2,0
2018-05-06 12:08:04,47,r/WatchPeopleDieInside,0,2018-05-06 15:03:34,3,0,2,0
2018-05-06 12:08:04,47,r/WatchPeopleDieInside,0,2018-05-06 15:00:53,3,0,0,0
2018-05-06 12:08:04,47,r/WatchPeopleDieInside,0,2018-05-06 13:59:10,1,0,4,0
2018-05-06 12:08:04,47,r/WatchPeopleDieInside,0,2018-05-06 14:56:30,1,0,1,0
2018-05-06 12:08:04,47,r/WatchPeopleDieInside,0,2018-05-06 14:18:02,1,0,0,0
2018-05-06 12:08:04,47,r/WatchPeopleDieInside,1,2018-05-06 12:17:37,0,5,478,0
2018-05-06 12:08:04,47,r/WatchPeopleDieInside,1,2018-05-06 12:27:28,1,2,475,0
2018-05-06 12:08:04,47,r/WatchPeopleDieInside,1,2018-05-06 13:54:55,2,2,269,0
2018-05-06 12:08:04,47,r/WatchPeopleDieInside,1,2018-05-06 14:13:06,3,7,314,0
2018-05-06 12:08:04,47,r/WatchPeopleDieInside,1,2018-05-06 14:19:22,4,3,55,0
2018-05-06 12:08:04,47,r/WatchPeopleDieInside,1,2018-05-06 14:22:20,5,0,35,0
2018-05-06 12:08:04,47,r/WatchPeopleDieInside,1,2018-05-06 14:22:04,5,0,11,0
2018-05-06 12:08:04,47,r/WatchPeopleDieInside,1,2018-05-06 14:22:18,5,1,-1,0
2018-05-06 12:08:04,47,r/WatchPeopleDieInside,1,2018-05-06 15:06:41,6,0,1,0
2018-05-06 12:08:04,47,r/WatchPeopleDieInside,1,2018-05-06 14:27:09,4,0,7,0
2018-05-06 12:08:04,47,r/WatchPeopleDieInside,1,2018-05-06 14:23:37,4,2,3,0
2018-05-06 12:08:04,47,r/WatchPeopleDieInside,1,2018-05-06 14:54:49,5,0,2,0
2018-05-06 12:08:04,47,r/WatchPeopleDieInside,1,2018-05-06 14:28:41,5,1,2,0
2018-05-06 12:08:04,47,r/WatchPeopleDieInside,1,2018-05-06 14:33:21,6,0,10,0
2018-05-06 12:08:04,47,r/WatchPeopleDieInside,1,2018-05-06 14:50:40,4,0,0,0
2018-05-06 12:08:04,47,r/WatchPeopleDieInside,1,2018-05-06 14:52:39,4,0,1,0
2018-05-06 12:08:04,47,r/WatchPeopleDieInside,1,2018-05-06 15:03:58,4,1,1,0
2018-05-06 12:08:04,47,r/WatchPeopleDieInside,1,2018-05-06 15:07:50,5,0,1,0
2018-05-06 12:08:04,47,r/WatchPeopleDieInside,1,2018-05-06 15:06:16,4,0,1,0
2018-05-06 12:08:04,47,r/WatchPeopleDieInside,1,2018-05-06 15:05:52,3,0,3,0
2018-05-06 12:08:04,47,r/WatchPeopleDieInside,1,2018-05-06 14:06:16,2,2,19,0
2018-05-06 12:08:04,47,r/WatchPeopleDieInside,1,2018-05-06 14:22:07,3,1,5,0
2018-05-06 12:08:04,47,r/WatchPeopleDieInside,1,2018-05-06 14:25:04,4,2,0,0
2018-05-06 12:08:04,47,r/WatchPeopleDieInside,1,2018-05-06 14:34:34,5,0,5,0
2018-05-06 12:08:04,47,r/WatchPeopleDieInside,1,2018-05-06 14:55:29,5,0,1,0
2018-05-06 12:08:04,47,r/WatchPeopleDieInside,1,2018-05-06 14:33:14,3,0,3,0
2018-05-06 12:08:04,47,r/WatchPeopleDieInside,1,2018-05-06 12:33:10,1,1,109,0
2018-05-06 12:08:04,47,r/WatchPeopleDieInside,1,2018-05-06 12:34:24,2,1,54,0
2018-05-06 12:08:04,47,r/WatchPeopleDieInside,1,2018-05-06 12:47:21,3,3,84,0
2018-05-06 12:08:04,47,r/WatchPeopleDieInside,1,2018-05-06 13:09:14,4,1,49,0
2018-05-06 12:08:04,47,r/WatchPeopleDieInside,1,2018-05-06 13:20:39,5,3,-126,0
2018-05-06 12:08:04,47,r/WatchPeopleDieInside,1,2018-05-06 13:23:23,6,1,73,0
2018-05-06 12:08:04,47,r/WatchPeopleDieInside,1,2018-05-06 14:20:28,7,0,-3,0
2018-05-06 12:08:04,47,r/WatchPeopleDieInside,1,2018-05-06 13:33:11,6,0,18,0
2018-05-06 12:08:04,47,r/WatchPeopleDieInside,1,2018-05-06 14:09:15,6,2,9,0
2018-05-06 12:08:04,47,r/WatchPeopleDieInside,1,2018-05-06 14:17:14,7,1,7,0
2018-05-06 12:08:04,47,r/WatchPeopleDieInside,1,2018-05-06 14:22:24,8,0,3,0
2018-05-06 12:08:04,47,r/WatchPeopleDieInside,1,2018-05-06 14:18:39,7,1,-9,0
2018-05-06 12:08:04,47,r/WatchPeopleDieInside,1,2018-05-06 14:22:51,8,0,7,0
2018-05-06 12:08:04,47,r/WatchPeopleDieInside,1,2018-05-06 13:29:37,4,0,7,0
2018-05-06 12:08:04,47,r/WatchPeopleDieInside,1,2018-05-06 14:12:41,4,1,1,0
2018-05-06 12:08:04,47,r/WatchPeopleDieInside,1,2018-05-06 14:34:44,5,0,1,0
2018-05-06 12:08:04,47,r/WatchPeopleDieInside,1,2018-05-06 13:46:04,1,0,24,0
2018-05-06 12:08:04,47,r/WatchPeopleDieInside,1,2018-05-06 13:02:19,1,0,16,0
2018-05-06 12:08:04,47,r/WatchPeopleDieInside,1,2018-05-06 13:01:04,1,0,2,0
2018-05-06 12:08:04,47,r/WatchPeopleDieInside,2,2018-05-06 13:36:55,0,0,48,0
2018-05-06 12:08:04,47,r/WatchPeopleDieInside,3,2018-05-06 13:31:11,0,0,23,0
2018-05-06 12:08:04,47,r/WatchPeopleDieInside,4,2018-05-06 13:41:21,0,0,39,0
2018-05-06 12:08:04,47,r/WatchPeopleDieInside,5,2018-05-06 12:11:05,0,0,45,0
2018-05-06 12:08:04,47,r/WatchPeopleDieInside,6,2018-05-06 13:58:06,0,0,32,0
2018-05-06 12:08:04,47,r/WatchPeopleDieInside,7,2018-05-06 12:13:11,0,1,58,0
2018-05-06 12:08:04,47,r/WatchPeopleDieInside,7,2018-05-06 14:26:16,1,1,18,0
2018-05-06 12:08:04,47,r/WatchPeopleDieInside,7,2018-05-06 14:36:58,2,1,8,0
2018-05-06 12:08:04,47,r/WatchPeopleDieInside,7,2018-05-06 14:52:06,3,1,8,0
2018-05-06 12:08:04,47,r/WatchPeopleDieInside,7,2018-05-06 14:58:26,4,0,3,0
2018-05-06 12:08:04,47,r/WatchPeopleDieInside,8,2018-05-06 13:51:37,0,2,6,0
2018-05-06 12:08:04,47,r/WatchPeopleDieInside,8,2018-05-06 14:34:01,1,0,4,0
2018-05-06 12:08:04,47,r/WatchPeopleDieInside,8,2018-05-06 14:36:33,1,0,1,0
2018-05-06 12:08:04,47,r/WatchPeopleDieInside,9,2018-05-06 14:25:32,0,0,5,0
2018-05-06 12:08:04,47,r/WatchPeopleDieInside,10,2018-05-06 13:50:17,0,3,10,0
2018-05-06 12:08:04,47,r/WatchPeopleDieInside,10,2018-05-06 14:28:45,1,0,16,0
2018-05-06 12:08:04,47,r/WatchPeopleDieInside,10,2018-05-06 14:54:35,1,0,7,0
2018-05-06 12:08:04,47,r/WatchPeopleDieInside,10,2018-05-06 14:52:30,1,0,2,0
2018-05-06 12:08:04,47,r/WatchPeopleDieInside,11,2018-05-06 13:54:36,0,0,8,0
2018-05-06 12:08:04,47,r/WatchPeopleDieInside,12,2018-05-06 14:47:09,0,0,3,0
2018-05-06 12:08:04,47,r/WatchPeopleDieInside,13,2018-05-06 14:48:23,0,0,1,0
2018-05-06 12:08:04,47,r/WatchPeopleDieInside,14,2018-05-06 15:10:30,0,0,1,0
2018-05-06 12:08:04,47,r/WatchPeopleDieInside,15,2018-05-06 14:07:50,0,0,1,0
2018-05-06 12:08:04,47,r/WatchPeopleDieInside,16,2018-05-06 14:06:34,0,3,-18,0
2018-05-06 12:08:04,47,r/WatchPeopleDieInside,16,2018-05-06 14:47:37,1,0,1,0
2018-05-06 12:08:04,47,r/WatchPeopleDieInside,16,2018-05-06 14:50:14,1,0,0,0
2018-05-06 12:08:04,47,r/WatchPeopleDieInside,16,2018-05-06 14:47:35,1,0,-1,0
2018-05-06 12:08:04,47,r/WatchPeopleDieInside,17,2018-05-06 13:10:33,0,11,-285,0
2018-05-06 12:08:04,47,r/WatchPeopleDieInside,17,2018-05-06 13:11:48,1,0,82,0
2018-05-06 12:08:04,47,r/WatchPeopleDieInside,17,2018-05-06 13:41:55,1,0,24,0
2018-05-06 12:08:04,47,r/WatchPeopleDieInside,17,2018-05-06 13:41:49,1,0,12,0
2018-05-06 12:08:04,47,r/WatchPeopleDieInside,17,2018-05-06 13:18:36,1,0,21,0
2018-05-06 12:08:04,47,r/WatchPeopleDieInside,17,2018-05-06 13:43:00,1,1,11,0
2018-05-06 12:08:04,47,r/WatchPeopleDieInside,17,2018-05-06 14:19:28,2,0,2,0
2018-05-06 12:08:04,47,r/WatchPeopleDieInside,17,2018-05-06 13:51:47,1,0,5,0
2018-05-06 12:08:04,47,r/WatchPeopleDieInside,17,2018-05-06 14:05:03,1,0,2,0
2018-05-06 12:08:04,47,r/WatchPeopleDieInside,17,2018-05-06 13:36:16,1,1,9,0
2018-05-06 12:08:04,47,r/WatchPeopleDieInside,17,2018-05-06 13:51:32,2,1,-3,0
2018-05-06 12:08:04,47,r/WatchPeopleDieInside,17,2018-05-06 14:08:56,3,1,2,0
2018-05-06 12:08:04,47,r/WatchPeopleDieInside,17,2018-05-06 14:37:40,4,1,0,0
2018-05-06 12:08:04,47,r/WatchPeopleDieInside,17,2018-05-06 14:41:45,5,0,3,0
2018-05-06 12:08:04,47,r/WatchPeopleDieInside,17,2018-05-06 14:45:07,1,0,2,0
2018-05-06 12:08:04,47,r/WatchPeopleDieInside,17,2018-05-06 13:20:43,1,2,-38,0
2018-05-06 12:08:04,47,r/WatchPeopleDieInside,17,2018-05-06 13:30:39,2,0,-10,0
2018-05-06 12:08:04,47,r/WatchPeopleDieInside,17,2018-05-06 13:22:22,2,2,-49,0
2018-05-06 12:08:04,47,r/WatchPeopleDieInside,17,2018-05-06 13:25:17,3,0,30,0
2018-05-06 12:08:04,47,r/WatchPeopleDieInside,17,2018-05-06 14:20:53,3,1,3,0
2018-05-06 12:08:04,47,r/WatchPeopleDieInside,17,2018-05-06 14:30:39,4,0,0,0
2018-05-06 12:08:04,47,r/WatchPeopleDieInside,17,2018-05-06 14:03:16,1,0,-11,0
2018-05-06 06:09:13,48,r/bonehurtingjuice,0,2018-05-06 10:49:54,0,1,1,0
2018-05-06 06:09:13,48,r/bonehurtingjuice,1,2018-05-06 09:51:45,0,2,213,0
2018-05-06 06:09:13,48,r/bonehurtingjuice,1,2018-05-06 09:56:32,1,1,136,0
2018-05-06 06:09:13,48,r/bonehurtingjuice,1,2018-05-06 11:58:58,2,0,74,0
2018-05-06 06:09:13,48,r/bonehurtingjuice,1,2018-05-06 10:16:03,1,0,15,0
2018-05-06 06:09:13,48,r/bonehurtingjuice,2,2018-05-06 07:41:14,0,1,453,0
2018-05-06 06:09:13,48,r/bonehurtingjuice,2,2018-05-06 10:35:23,1,1,210,0
2018-05-06 06:09:13,48,r/bonehurtingjuice,2,2018-05-06 13:22:53,2,1,38,0
2018-05-06 06:09:13,48,r/bonehurtingjuice,2,2018-05-06 14:24:32,3,0,7,0
2018-05-06 06:09:13,48,r/bonehurtingjuice,3,2018-05-06 10:27:41,0,0,120,0
2018-05-06 06:09:13,48,r/bonehurtingjuice,4,2018-05-06 09:03:39,0,2,131,0
2018-05-06 06:09:13,48,r/bonehurtingjuice,4,2018-05-06 11:59:03,1,1,79,0
2018-05-06 06:09:13,48,r/bonehurtingjuice,4,2018-05-06 11:59:10,2,0,8,0
2018-05-06 06:09:13,48,r/bonehurtingjuice,4,2018-05-06 09:05:20,1,3,-30,0
2018-05-06 06:09:13,48,r/bonehurtingjuice,4,2018-05-06 09:06:00,2,0,23,0
2018-05-06 06:09:13,48,r/bonehurtingjuice,4,2018-05-06 09:51:26,2,1,20,0
2018-05-06 06:09:13,48,r/bonehurtingjuice,4,2018-05-06 10:26:31,3,2,15,0
2018-05-06 06:09:13,48,r/bonehurtingjuice,4,2018-05-06 11:57:46,4,0,13,0
2018-05-06 06:09:13,48,r/bonehurtingjuice,4,2018-05-06 11:39:23,4,0,-7,0
2018-05-06 06:09:13,48,r/bonehurtingjuice,4,2018-05-06 12:33:58,2,0,1,0
2018-05-06 06:09:13,48,r/bonehurtingjuice,5,2018-05-06 10:08:43,0,0,25,0
2018-05-06 06:09:13,48,r/bonehurtingjuice,6,2018-05-06 10:20:56,0,0,5,0
2018-05-06 06:09:13,48,r/bonehurtingjuice,7,2018-05-06 07:12:09,0,0,14,0
2018-05-06 06:09:13,48,r/bonehurtingjuice,8,2018-05-06 12:00:40,0,1,7,0
2018-05-06 06:09:13,48,r/bonehurtingjuice,8,2018-05-06 12:02:42,1,1,5,0
2018-05-06 06:09:13,48,r/bonehurtingjuice,8,2018-05-06 12:35:10,2,0,3,0
2018-05-06 06:09:13,48,r/bonehurtingjuice,9,2018-05-06 11:06:46,0,0,2,0
2018-05-06 06:09:13,48,r/bonehurtingjuice,10,2018-05-06 12:35:52,0,0,2,0
2018-05-06 06:09:13,48,r/bonehurtingjuice,11,2018-05-06 12:38:41,0,0,2,0
2018-05-06 06:09:13,48,r/bonehurtingjuice,12,2018-05-06 13:31:26,0,0,2,0
2018-05-06 06:09:13,48,r/bonehurtingjuice,13,2018-05-06 12:15:00,0,0,1,0
2018-05-06 06:09:13,48,r/bonehurtingjuice,14,2018-05-06 12:19:46,0,0,1,0
2018-05-06 06:09:13,48,r/bonehurtingjuice,15,2018-05-06 12:44:27,0,0,1,0
2018-05-06 06:09:13,48,r/bonehurtingjuice,16,2018-05-06 13:28:22,0,0,1,0
2018-05-06 06:09:13,48,r/bonehurtingjuice,17,2018-05-06 06:52:25,0,0,-2,0
2018-05-06 06:09:13,48,r/bonehurtingjuice,18,2018-05-06 14:13:39,0,0,-1,0
2018-05-06 06:09:13,48,r/bonehurtingjuice,19,2018-05-06 14:22:36,0,0,-1,0
2018-05-06 06:07:57,49,r/OldSchoolCool,0,2018-05-06 08:50:42,0,2,1059,0
2018-05-06 06:07:57,49,r/OldSchoolCool,0,2018-05-06 13:35:36,1,1,118,0
2018-05-06 06:07:57,49,r/OldSchoolCool,0,2018-05-06 14:13:44,2,0,17,0
2018-05-06 06:07:57,49,r/OldSchoolCool,0,2018-05-06 14:22:49,1,0,8,0
2018-05-06 06:07:57,49,r/OldSchoolCool,1,2018-05-06 12:02:06,0,21,431,0
2018-05-06 06:07:57,49,r/OldSchoolCool,1,2018-05-06 13:51:22,1,3,151,0
2018-05-06 06:07:57,49,r/OldSchoolCool,1,2018-05-06 14:25:51,2,5,22,0
2018-05-06 06:07:57,49,r/OldSchoolCool,1,2018-05-06 14:47:34,3,0,28,0
2018-05-06 06:07:57,49,r/OldSchoolCool,1,2018-05-06 14:43:59,3,1,15,0
2018-05-06 06:07:57,49,r/OldSchoolCool,1,2018-05-06 14:51:36,4,0,2,0
2018-05-06 06:07:57,49,r/OldSchoolCool,1,2018-05-06 14:45:12,3,1,4,0
2018-05-06 06:07:57,49,r/OldSchoolCool,1,2018-05-06 14:49:16,4,2,2,0
2018-05-06 06:07:57,49,r/OldSchoolCool,1,2018-05-06 15:03:10,5,1,8,0
2018-05-06 06:07:57,49,r/OldSchoolCool,1,2018-05-06 15:04:19,6,0,2,0
2018-05-06 06:07:57,49,r/OldSchoolCool,1,2018-05-06 14:58:00,5,1,4,0
2018-05-06 06:07:57,49,r/OldSchoolCool,1,2018-05-06 14:59:19,6,0,2,0
2018-05-06 06:07:57,49,r/OldSchoolCool,1,2018-05-06 14:52:12,3,0,-1,0
2018-05-06 06:07:57,49,r/OldSchoolCool,1,2018-05-06 15:04:11,3,0,0,0
2018-05-06 06:07:57,49,r/OldSchoolCool,1,2018-05-06 14:38:35,2,2,5,0
2018-05-06 06:07:57,49,r/OldSchoolCool,1,2018-05-06 14:44:48,3,0,4,0
2018-05-06 06:07:57,49,r/OldSchoolCool,1,2018-05-06 14:57:29,3,1,-1,0
2018-05-06 06:07:57,49,r/OldSchoolCool,1,2018-05-06 15:08:29,4,0,1,0
2018-05-06 06:07:57,49,r/OldSchoolCool,1,2018-05-06 14:58:49,2,0,0,0
2018-05-06 06:07:57,49,r/OldSchoolCool,1,2018-05-06 13:31:27,1,1,71,0
2018-05-06 06:07:57,49,r/OldSchoolCool,1,2018-05-06 13:46:01,2,1,15,0
2018-05-06 06:07:57,49,r/OldSchoolCool,1,2018-05-06 13:50:08,3,0,9,0
2018-05-06 06:07:57,49,r/OldSchoolCool,1,2018-05-06 13:32:42,1,1,134,0
2018-05-06 06:07:57,49,r/OldSchoolCool,1,2018-05-06 14:35:56,2,1,-9,0
2018-05-06 06:07:57,49,r/OldSchoolCool,1,2018-05-06 14:44:12,3,0,10,0
2018-05-06 06:07:57,49,r/OldSchoolCool,1,2018-05-06 14:40:23,1,0,11,0
2018-05-06 06:07:57,49,r/OldSchoolCool,1,2018-05-06 13:57:49,1,3,37,0
2018-05-06 06:07:57,49,r/OldSchoolCool,1,2018-05-06 14:26:34,2,0,7,0
2018-05-06 06:07:57,49,r/OldSchoolCool,1,2018-05-06 14:47:54,2,0,5,0
2018-05-06 06:07:57,49,r/OldSchoolCool,1,2018-05-06 14:17:14,2,0,3,0
2018-05-06 06:07:57,49,r/OldSchoolCool,1,2018-05-06 14:13:22,1,0,12,0
2018-05-06 06:07:57,49,r/OldSchoolCool,1,2018-05-06 14:25:10,1,0,3,0
2018-05-06 06:07:57,49,r/OldSchoolCool,1,2018-05-06 14:08:09,1,0,4,0
2018-05-06 06:07:57,49,r/OldSchoolCool,1,2018-05-06 13:53:20,1,0,3,0
2018-05-06 06:07:57,49,r/OldSchoolCool,1,2018-05-06 14:04:24,1,3,8,0
2018-05-06 06:07:57,49,r/OldSchoolCool,1,2018-05-06 14:08:47,2,1,8,0
2018-05-06 06:07:57,49,r/OldSchoolCool,1,2018-05-06 14:29:26,3,1,10,0
2018-05-06 06:07:57,49,r/OldSchoolCool,1,2018-05-06 14:34:37,4,3,-2,0
2018-05-06 06:07:57,49,r/OldSchoolCool,1,2018-05-06 14:49:58,5,0,4,0
2018-05-06 06:07:57,49,r/OldSchoolCool,1,2018-05-06 14:40:21,5,0,2,0
2018-05-06 06:07:57,49,r/OldSchoolCool,1,2018-05-06 15:07:59,5,0,1,0
2018-05-06 06:07:57,49,r/OldSchoolCool,1,2018-05-06 14:27:45,2,0,1,0
2018-05-06 06:07:57,49,r/OldSchoolCool,1,2018-05-06 14:08:57,2,1,-6,0
2018-05-06 06:07:57,49,r/OldSchoolCool,1,2018-05-06 14:14:57,3,0,14,0
2018-05-06 06:07:57,49,r/OldSchoolCool,1,2018-05-06 14:29:22,1,1,1,0
2018-05-06 06:07:57,49,r/OldSchoolCool,1,2018-05-06 14:32:37,2,0,1,0
2018-05-06 06:07:57,49,r/OldSchoolCool,1,2018-05-06 14:29:43,1,0,1,0
2018-05-06 06:07:57,49,r/OldSchoolCool,1,2018-05-06 14:32:40,1,0,1,0
2018-05-06 06:07:57,49,r/OldSchoolCool,1,2018-05-06 14:37:59,1,0,1,0
2018-05-06 06:07:57,49,r/OldSchoolCool,1,2018-05-06 14:47:30,1,1,1,0
2018-05-06 06:07:57,49,r/OldSchoolCool,1,2018-05-06 14:58:50,2,0,1,0
2018-05-06 06:07:57,49,r/OldSchoolCool,1,2018-05-06 14:54:45,1,0,1,0
2018-05-06 06:07:57,49,r/OldSchoolCool,1,2018-05-06 15:05:59,1,0,1,0
2018-05-06 06:07:57,49,r/OldSchoolCool,1,2018-05-06 13:55:23,1,2,-6,0
2018-05-06 06:07:57,49,r/OldSchoolCool,1,2018-05-06 14:56:04,2,1,2,0
2018-05-06 06:07:57,49,r/OldSchoolCool,1,2018-05-06 15:02:44,3,0,2,0
2018-05-06 06:07:57,49,r/OldSchoolCool,1,2018-05-06 14:17:29,2,3,-3,0
2018-05-06 06:07:57,49,r/OldSchoolCool,1,2018-05-06 14:26:34,3,1,8,0
2018-05-06 06:07:57,49,r/OldSchoolCool,1,2018-05-06 14:29:57,4,2,-6,0
2018-05-06 06:07:57,49,r/OldSchoolCool,1,2018-05-06 14:32:21,5,2,6,0
2018-05-06 06:07:57,49,r/OldSchoolCool,1,2018-05-06 14:32:29,6,1,0,0
2018-05-06 06:07:57,49,r/OldSchoolCool,1,2018-05-06 14:42:26,7,0,2,0
2018-05-06 06:07:57,49,r/OldSchoolCool,1,2018-05-06 14:33:46,6,2,-5,0
2018-05-06 06:07:57,49,r/OldSchoolCool,1,2018-05-06 14:42:19,7,1,2,0
2018-05-06 06:07:57,49,r/OldSchoolCool,1,2018-05-06 14:47:25,8,0,0,0
2018-05-06 06:07:57,49,r/OldSchoolCool,1,2018-05-06 14:35:47,7,1,3,0
2018-05-06 06:07:57,49,r/OldSchoolCool,1,2018-05-06 14:38:02,8,1,-1,0
2018-05-06 06:07:57,49,r/OldSchoolCool,1,2018-05-06 14:42:13,9,1,1,0
2018-05-06 06:07:57,49,r/OldSchoolCool,1,2018-05-06 14:30:12,5,1,4,0
2018-05-06 06:07:57,49,r/OldSchoolCool,1,2018-05-06 14:31:19,6,0,0,0
2018-05-06 06:07:57,49,r/OldSchoolCool,1,2018-05-06 14:22:09,3,1,1,0
2018-05-06 06:07:57,49,r/OldSchoolCool,1,2018-05-06 14:39:26,4,0,1,0
2018-05-06 06:07:57,49,r/OldSchoolCool,1,2018-05-06 14:21:38,3,5,-3,0
2018-05-06 06:07:57,49,r/OldSchoolCool,1,2018-05-06 14:51:48,4,1,0,0
2018-05-06 06:07:57,49,r/OldSchoolCool,1,2018-05-06 14:58:06,5,0,1,0
2018-05-06 06:07:57,49,r/OldSchoolCool,1,2018-05-06 14:25:07,4,0,5,0
2018-05-06 06:07:57,49,r/OldSchoolCool,1,2018-05-06 14:25:22,4,2,0,0
2018-05-06 06:07:57,49,r/OldSchoolCool,1,2018-05-06 14:30:33,5,0,2,0
2018-05-06 06:07:57,49,r/OldSchoolCool,1,2018-05-06 14:36:41,5,0,2,0
2018-05-06 06:07:57,49,r/OldSchoolCool,1,2018-05-06 14:27:17,4,1,-4,0
2018-05-06 06:07:57,49,r/OldSchoolCool,1,2018-05-06 14:35:39,5,1,1,0
2018-05-06 06:07:57,49,r/OldSchoolCool,1,2018-05-06 14:40:28,6,1,1,0
2018-05-06 06:07:57,49,r/OldSchoolCool,1,2018-05-06 14:49:54,7,1,1,0
2018-05-06 06:07:57,49,r/OldSchoolCool,1,2018-05-06 14:55:14,8,1,2,0
2018-05-06 06:07:57,49,r/OldSchoolCool,1,2018-05-06 14:57:04,9,0,1,0
2018-05-06 06:07:57,49,r/OldSchoolCool,1,2018-05-06 14:24:41,4,1,-4,0
2018-05-06 06:07:57,49,r/OldSchoolCool,1,2018-05-06 14:26:49,5,2,3,0
2018-05-06 06:07:57,49,r/OldSchoolCool,1,2018-05-06 14:30:05,6,1,2,0
2018-05-06 06:07:57,49,r/OldSchoolCool,1,2018-05-06 14:37:32,7,1,0,0
2018-05-06 06:07:57,49,r/OldSchoolCool,1,2018-05-06 14:44:59,8,1,0,0
2018-05-06 06:07:57,49,r/OldSchoolCool,1,2018-05-06 14:54:59,9,1,0,0
2018-05-06 06:07:57,49,r/OldSchoolCool,1,2018-05-06 14:35:30,6,1,0,0
2018-05-06 06:07:57,49,r/OldSchoolCool,1,2018-05-06 14:39:22,7,0,2,0
2018-05-06 06:07:57,49,r/OldSchoolCool,1,2018-05-06 14:28:58,1,0,1,0
2018-05-06 06:07:57,49,r/OldSchoolCool,1,2018-05-06 13:56:09,1,0,0,0
2018-05-06 06:07:57,49,r/OldSchoolCool,1,2018-05-06 14:35:00,1,0,0,0
2018-05-06 06:07:57,49,r/OldSchoolCool,2,2018-05-06 08:41:51,0,3,291,0
2018-05-06 06:07:57,49,r/OldSchoolCool,2,2018-05-06 12:35:56,1,0,63,0
2018-05-06 06:07:57,49,r/OldSchoolCool,2,2018-05-06 14:14:02,1,3,46,0
2018-05-06 06:07:57,49,r/OldSchoolCool,2,2018-05-06 14:48:52,2,0,11,0
2018-05-06 06:07:57,49,r/OldSchoolCool,2,2018-05-06 14:54:58,2,0,7,0
2018-05-06 06:07:57,49,r/OldSchoolCool,2,2018-05-06 14:44:29,2,0,5,0
2018-05-06 06:07:57,49,r/OldSchoolCool,2,2018-05-06 15:09:15,1,0,1,0
2018-05-06 06:07:57,49,r/OldSchoolCool,3,2018-05-06 07:12:56,0,9,420,0
2018-05-06 06:07:57,49,r/OldSchoolCool,3,2018-05-06 08:01:38,1,3,272,0
2018-05-06 06:07:57,49,r/OldSchoolCool,3,2018-05-06 10:31:22,2,2,63,0
2018-05-06 06:07:57,49,r/OldSchoolCool,3,2018-05-06 13:50:27,3,2,46,0
2018-05-06 06:07:57,49,r/OldSchoolCool,3,2018-05-06 14:11:33,4,1,18,0
2018-05-06 06:07:57,49,r/OldSchoolCool,3,2018-05-06 14:21:11,5,1,17,0
2018-05-06 06:07:57,49,r/OldSchoolCool,3,2018-05-06 14:35:42,6,1,13,0
2018-05-06 06:07:57,49,r/OldSchoolCool,3,2018-05-06 14:37:20,7,1,11,0
2018-05-06 06:07:57,49,r/OldSchoolCool,3,2018-05-06 14:48:04,8,2,10,0
2018-05-06 06:07:57,49,r/OldSchoolCool,3,2018-05-06 15:05:50,9,0,1,0
2018-05-06 06:07:57,49,r/OldSchoolCool,3,2018-05-06 15:06:25,9,0,1,0
2018-05-06 06:07:57,49,r/OldSchoolCool,3,2018-05-06 13:59:56,4,0,6,0
2018-05-06 06:07:57,49,r/OldSchoolCool,3,2018-05-06 14:09:49,3,1,9,0
2018-05-06 06:07:57,49,r/OldSchoolCool,3,2018-05-06 14:26:57,4,1,0,0
2018-05-06 06:07:57,49,r/OldSchoolCool,3,2018-05-06 15:04:24,5,0,1,0
2018-05-06 06:07:57,49,r/OldSchoolCool,3,2018-05-06 13:42:06,2,1,9,0
2018-05-06 06:07:57,49,r/OldSchoolCool,3,2018-05-06 13:46:33,3,2,8,0
2018-05-06 06:07:57,49,r/OldSchoolCool,3,2018-05-06 13:49:40,4,0,1,0
2018-05-06 06:07:57,49,r/OldSchoolCool,3,2018-05-06 13:49:04,4,5,1,0
2018-05-06 06:07:57,49,r/OldSchoolCool,3,2018-05-06 13:51:45,5,2,17,0
2018-05-06 06:07:57,49,r/OldSchoolCool,3,2018-05-06 13:54:09,6,6,3,0
2018-05-06 06:07:57,49,r/OldSchoolCool,3,2018-05-06 13:57:39,7,0,17,0
2018-05-06 06:07:57,49,r/OldSchoolCool,3,2018-05-06 14:29:52,7,0,5,0
2018-05-06 06:07:57,49,r/OldSchoolCool,3,2018-05-06 14:07:43,7,0,1,0
2018-05-06 06:07:57,49,r/OldSchoolCool,3,2018-05-06 15:10:41,7,0,1,0
2018-05-06 06:07:57,49,r/OldSchoolCool,3,2018-05-06 14:05:50,7,1,1,0
2018-05-06 06:07:57,49,r/OldSchoolCool,3,2018-05-06 14:13:15,8,3,-8,0
2018-05-06 06:07:57,49,r/OldSchoolCool,3,2018-05-06 14:17:39,9,1,9,0
2018-05-06 06:07:57,49,r/OldSchoolCool,3,2018-05-06 14:18:11,9,1,8,0
2018-05-06 06:07:57,49,r/OldSchoolCool,3,2018-05-06 14:31:30,9,0,2,0
2018-05-06 06:07:57,49,r/OldSchoolCool,3,2018-05-06 13:57:25,7,1,-1,0
2018-05-06 06:07:57,49,r/OldSchoolCool,3,2018-05-06 14:06:50,8,1,11,0
2018-05-06 06:07:57,49,r/OldSchoolCool,3,2018-05-06 14:43:15,9,0,2,0
2018-05-06 06:07:57,49,r/OldSchoolCool,3,2018-05-06 15:09:48,6,0,1,0
2018-05-06 06:07:57,49,r/OldSchoolCool,3,2018-05-06 13:50:43,5,0,1,0
2018-05-06 06:07:57,49,r/OldSchoolCool,3,2018-05-06 13:51:01,5,0,1,0
2018-05-06 06:07:57,49,r/OldSchoolCool,3,2018-05-06 13:52:19,5,0,1,0
2018-05-06 06:07:57,49,r/OldSchoolCool,3,2018-05-06 14:49:37,5,1,1,0
2018-05-06 06:07:57,49,r/OldSchoolCool,3,2018-05-06 15:07:49,6,0,1,0
2018-05-06 06:07:57,49,r/OldSchoolCool,3,2018-05-06 14:45:56,2,0,1,0
2018-05-06 06:07:57,49,r/OldSchoolCool,3,2018-05-06 07:43:29,1,3,109,0
2018-05-06 06:07:57,49,r/OldSchoolCool,3,2018-05-06 11:44:19,2,1,13,0
2018-05-06 06:07:57,49,r/OldSchoolCool,3,2018-05-06 12:00:02,3,0,27,0
2018-05-06 06:07:57,49,r/OldSchoolCool,3,2018-05-06 13:42:54,2,2,12,0
2018-05-06 06:07:57,49,r/OldSchoolCool,3,2018-05-06 14:41:45,3,0,1,0
2018-05-06 06:07:57,49,r/OldSchoolCool,3,2018-05-06 14:45:21,3,0,1,0
2018-05-06 06:07:57,49,r/OldSchoolCool,3,2018-05-06 13:51:34,2,0,2,0
2018-05-06 06:07:57,49,r/OldSchoolCool,3,2018-05-06 12:28:31,1,0,14,0
2018-05-06 06:07:57,49,r/OldSchoolCool,3,2018-05-06 10:24:33,1,1,9,0
2018-05-06 06:07:57,49,r/OldSchoolCool,3,2018-05-06 13:13:37,2,0,2,0
2018-05-06 06:07:57,49,r/OldSchoolCool,3,2018-05-06 12:13:07,1,1,5,0
2018-05-06 06:07:57,49,r/OldSchoolCool,3,2018-05-06 12:29:48,2,0,6,0
2018-05-06 06:07:57,49,r/OldSchoolCool,3,2018-05-06 13:19:45,1,1,3,0
2018-05-06 06:07:57,49,r/OldSchoolCool,3,2018-05-06 14:03:10,2,0,3,0
2018-05-06 06:07:57,49,r/OldSchoolCool,3,2018-05-06 14:09:18,1,1,2,0
2018-05-06 06:07:57,49,r/OldSchoolCool,3,2018-05-06 14:54:15,2,0,1,0
2018-05-06 06:07:57,49,r/OldSchoolCool,3,2018-05-06 07:54:52,1,2,6,0
2018-05-06 06:07:57,49,r/OldSchoolCool,3,2018-05-06 12:29:38,2,0,2,0
2018-05-06 06:07:57,49,r/OldSchoolCool,3,2018-05-06 13:16:41,2,1,-3,0
2018-05-06 06:07:57,49,r/OldSchoolCool,3,2018-05-06 14:11:23,3,0,1,0
2018-05-06 06:07:57,49,r/OldSchoolCool,3,2018-05-06 13:20:08,1,0,1,0
2018-05-06 06:07:57,49,r/OldSchoolCool,4,2018-05-06 06:52:26,0,1,37,0
2018-05-06 06:07:57,49,r/OldSchoolCool,4,2018-05-06 07:06:45,1,0,33,0
2018-05-06 06:07:57,49,r/OldSchoolCool,5,2018-05-06 09:18:21,0,3,188,0
2018-05-06 06:07:57,49,r/OldSchoolCool,5,2018-05-06 11:48:39,1,0,18,0
2018-05-06 06:07:57,49,r/OldSchoolCool,5,2018-05-06 12:01:37,1,0,-6,0
2018-05-06 06:07:57,49,r/OldSchoolCool,5,2018-05-06 13:14:17,1,2,-10,0
2018-05-06 06:07:57,49,r/OldSchoolCool,5,2018-05-06 15:03:30,2,0,1,0
2018-05-06 06:07:57,49,r/OldSchoolCool,5,2018-05-06 14:27:52,2,0,-2,0
2018-05-06 06:07:57,49,r/OldSchoolCool,6,2018-05-06 06:30:03,0,1,109,0
2018-05-06 06:07:57,49,r/OldSchoolCool,6,2018-05-06 07:08:48,1,2,72,0
2018-05-06 06:07:57,49,r/OldSchoolCool,6,2018-05-06 13:40:57,2,0,4,0
2018-05-06 06:07:57,49,r/OldSchoolCool,6,2018-05-06 07:11:59,2,0,2,0
2018-05-06 06:07:57,49,r/OldSchoolCool,7,2018-05-06 08:05:26,0,0,15,0
2018-05-06 06:07:57,49,r/OldSchoolCool,8,2018-05-06 13:22:04,0,2,15,0
2018-05-06 06:07:57,49,r/OldSchoolCool,8,2018-05-06 13:43:43,1,0,17,0
2018-05-06 06:07:57,49,r/OldSchoolCool,8,2018-05-06 13:33:31,1,0,3,0
2018-05-06 06:07:57,49,r/OldSchoolCool,9,2018-05-06 11:54:45,0,9,19,0
2018-05-06 06:07:57,49,r/OldSchoolCool,9,2018-05-06 13:34:58,1,0,8,0
2018-05-06 06:07:57,49,r/OldSchoolCool,9,2018-05-06 13:25:20,1,2,12,0
2018-05-06 06:07:57,49,r/OldSchoolCool,9,2018-05-06 14:00:02,2,0,20,0
2018-05-06 06:07:57,49,r/OldSchoolCool,9,2018-05-06 13:57:35,2,0,3,0
2018-05-06 06:07:57,49,r/OldSchoolCool,9,2018-05-06 14:52:39,1,0,2,0
2018-05-06 06:07:57,49,r/OldSchoolCool,9,2018-05-06 14:31:54,1,0,2,0
2018-05-06 06:07:57,49,r/OldSchoolCool,9,2018-05-06 14:50:51,1,0,1,0
2018-05-06 06:07:57,49,r/OldSchoolCool,9,2018-05-06 13:52:40,1,0,1,0
2018-05-06 06:07:57,49,r/OldSchoolCool,9,2018-05-06 14:40:54,1,0,1,0
2018-05-06 06:07:57,49,r/OldSchoolCool,9,2018-05-06 14:45:41,1,0,1,0
2018-05-06 06:07:57,49,r/OldSchoolCool,9,2018-05-06 12:43:31,1,2,-9,0
2018-05-06 06:07:57,49,r/OldSchoolCool,9,2018-05-06 13:01:34,2,0,7,0
2018-05-06 06:07:57,49,r/OldSchoolCool,9,2018-05-06 13:06:50,2,1,4,0
2018-05-06 06:07:57,49,r/OldSchoolCool,9,2018-05-06 14:22:32,3,0,-4,0
2018-05-06 06:07:57,49,r/OldSchoolCool,10,2018-05-06 13:19:21,0,0,7,0
2018-05-06 06:07:57,49,r/OldSchoolCool,11,2018-05-06 11:54:09,0,3,9,0
2018-05-06 06:07:57,49,r/OldSchoolCool,11,2018-05-06 13:01:00,1,1,7,0
2018-05-06 06:07:57,49,r/OldSchoolCool,11,2018-05-06 13:06:30,2,1,7,0
2018-05-06 06:07:57,49,r/OldSchoolCool,11,2018-05-06 13:17:22,3,1,8,0
2018-05-06 06:07:57,49,r/OldSchoolCool,11,2018-05-06 14:36:56,4,0,1,0
2018-05-06 06:07:57,49,r/OldSchoolCool,11,2018-05-06 14:06:46,1,1,3,0
2018-05-06 06:07:57,49,r/OldSchoolCool,11,2018-05-06 14:28:33,2,0,6,0
2018-05-06 06:07:57,49,r/OldSchoolCool,11,2018-05-06 12:52:24,1,0,2,0
2018-05-06 06:07:57,49,r/OldSchoolCool,12,2018-05-06 14:26:26,0,1,5,0
2018-05-06 06:07:57,49,r/OldSchoolCool,12,2018-05-06 14:37:44,1,0,6,0
2018-05-06 06:07:57,49,r/OldSchoolCool,13,2018-05-06 12:52:59,0,0,13,0
2018-05-06 06:07:57,49,r/OldSchoolCool,14,2018-05-06 13:44:02,0,0,9,0
2018-05-06 06:07:57,49,r/OldSchoolCool,15,2018-05-06 09:39:04,0,0,4,0
2018-05-06 06:07:57,49,r/OldSchoolCool,16,2018-05-06 14:07:43,0,0,4,0
2018-05-06 06:07:57,49,r/OldSchoolCool,17,2018-05-06 11:27:11,0,4,7,0
2018-05-06 06:07:57,49,r/OldSchoolCool,17,2018-05-06 12:58:55,1,0,26,0
2018-05-06 06:07:57,49,r/OldSchoolCool,17,2018-05-06 13:46:51,1,1,10,0
2018-05-06 06:07:57,49,r/OldSchoolCool,17,2018-05-06 13:55:49,2,1,2,0
2018-05-06 06:07:57,49,r/OldSchoolCool,17,2018-05-06 14:18:15,3,1,2,0
2018-05-06 06:07:57,49,r/OldSchoolCool,17,2018-05-06 14:52:03,4,0,1,0
2018-05-06 06:07:57,49,r/OldSchoolCool,17,2018-05-06 13:49:13,1,1,2,0
2018-05-06 06:07:57,49,r/OldSchoolCool,17,2018-05-06 14:05:36,2,1,1,0
2018-05-06 06:07:57,49,r/OldSchoolCool,17,2018-05-06 14:37:06,3,0,1,0
2018-05-06 06:07:57,49,r/OldSchoolCool,17,2018-05-06 14:08:50,1,0,1,0
2018-05-06 06:07:57,49,r/OldSchoolCool,18,2018-05-06 13:00:44,0,0,7,0
2018-05-06 06:07:57,49,r/OldSchoolCool,19,2018-05-06 13:35:14,0,1,6,0
2018-05-06 06:07:57,49,r/OldSchoolCool,19,2018-05-06 13:57:10,1,0,4,0
2018-05-06 06:07:57,49,r/OldSchoolCool,20,2018-05-06 14:06:20,0,0,3,0
2018-05-06 06:07:57,49,r/OldSchoolCool,21,2018-05-06 14:27:18,0,0,3,0
2018-05-06 06:07:57,49,r/OldSchoolCool,22,2018-05-06 14:04:00,0,0,2,0
2018-05-06 06:07:57,49,r/OldSchoolCool,23,2018-05-06 14:31:41,0,0,2,0
2018-05-06 06:07:57,49,r/OldSchoolCool,24,2018-05-06 14:41:58,0,1,2,0
2018-05-06 06:07:57,49,r/OldSchoolCool,24,2018-05-06 14:56:44,1,0,1,0
2018-05-06 06:07:57,49,r/OldSchoolCool,25,2018-05-06 14:56:01,0,0,2,0
2018-05-06 06:07:57,49,r/OldSchoolCool,26,2018-05-06 12:55:13,0,0,2,0
2018-05-06 06:07:57,49,r/OldSchoolCool,27,2018-05-06 12:27:31,0,0,2,0
2018-05-06 06:07:57,49,r/OldSchoolCool,28,2018-05-06 13:57:04,0,0,2,0
2018-05-06 06:07:57,49,r/OldSchoolCool,29,2018-05-06 12:59:00,0,1,1,0
2018-05-06 06:07:57,49,r/OldSchoolCool,29,2018-05-06 13:58:25,1,0,2,0
2018-05-06 06:07:57,49,r/OldSchoolCool,30,2018-05-06 13:46:10,0,0,1,0
2018-05-06 06:07:57,49,r/OldSchoolCool,31,2018-05-06 14:21:36,0,0,1,0
2018-05-06 06:07:57,49,r/OldSchoolCool,32,2018-05-06 14:33:11,0,0,1,0
2018-05-06 06:07:57,49,r/OldSchoolCool,33,2018-05-06 14:35:02,0,0,1,0
2018-05-06 06:07:57,49,r/OldSchoolCool,34,2018-05-06 14:36:28,0,0,1,0
2018-05-06 06:07:57,49,r/OldSchoolCool,35,2018-05-06 14:42:23,0,0,1,0
2018-05-06 06:07:57,49,r/OldSchoolCool,36,2018-05-06 14:43:57,0,0,1,0
2018-05-06 06:07:57,49,r/OldSchoolCool,37,2018-05-06 14:45:34,0,0,1,0
2018-05-06 06:07:57,49,r/OldSchoolCool,38,2018-05-06 14:46:56,0,0,1,0
2018-05-06 06:07:57,49,r/OldSchoolCool,39,2018-05-06 14:47:54,0,0,1,0
2018-05-06 06:07:57,49,r/OldSchoolCool,40,2018-05-06 14:54:20,0,0,1,0
2018-05-06 06:07:57,49,r/OldSchoolCool,41,2018-05-06 15:00:46,0,0,1,0
2018-05-06 06:07:57,49,r/OldSchoolCool,42,2018-05-06 15:06:05,0,0,1,0
2018-05-06 06:07:57,49,r/OldSchoolCool,43,2018-05-06 15:06:17,0,0,1,0
2018-05-06 06:07:57,49,r/OldSchoolCool,44,2018-05-06 15:09:34,0,0,1,0
2018-05-06 06:07:57,49,r/OldSchoolCool,45,2018-05-06 13:16:22,0,1,0,0
2018-05-06 06:07:57,49,r/OldSchoolCool,45,2018-05-06 14:45:27,1,1,1,0
2018-05-06 06:07:57,49,r/OldSchoolCool,45,2018-05-06 14:58:20,2,1,1,0
2018-05-06 06:07:57,49,r/OldSchoolCool,45,2018-05-06 15:05:15,3,0,0,0
2018-05-06 06:07:57,49,r/OldSchoolCool,46,2018-05-06 13:12:32,0,2,0,0
2018-05-06 06:07:57,49,r/OldSchoolCool,46,2018-05-06 14:46:04,1,0,1,0
2018-05-06 06:07:57,49,r/OldSchoolCool,46,2018-05-06 13:12:39,1,0,-4,0
2018-05-06 06:07:57,49,r/OldSchoolCool,47,2018-05-06 13:13:31,0,1,-14,0
2018-05-06 06:07:57,49,r/OldSchoolCool,47,2018-05-06 13:58:12,1,1,3,0
2018-05-06 06:07:57,49,r/OldSchoolCool,47,2018-05-06 14:23:06,2,0,-7,0
2018-05-06 06:07:57,49,r/OldSchoolCool,48,2018-05-06 14:24:35,0,0,0,0
2018-05-06 06:07:57,49,r/OldSchoolCool,49,2018-05-06 13:21:48,0,0,-6,0
2018-05-06 06:07:57,49,r/OldSchoolCool,50,2018-05-06 12:52:08,0,0,-1,0
2018-05-06 06:07:57,49,r/OldSchoolCool,51,2018-05-06 09:27:13,0,3,-56,0
2018-05-06 06:07:57,49,r/OldSchoolCool,51,2018-05-06 09:58:11,1,0,29,0
2018-05-06 06:07:57,49,r/OldSchoolCool,51,2018-05-06 11:50:22,1,0,13,0
2018-05-06 06:07:57,49,r/OldSchoolCool,51,2018-05-06 12:37:24,1,0,-4,0
2018-05-06 05:21:04,50,r/MovieDetails,0,2018-05-06 10:24:22,0,0,1,0
2018-05-06 05:21:04,50,r/MovieDetails,1,2018-05-06 06:46:14,0,1,747,0
2018-05-06 05:21:04,50,r/MovieDetails,1,2018-05-06 10:31:12,1,3,157,0
2018-05-06 05:21:04,50,r/MovieDetails,1,2018-05-06 10:46:39,2,0,144,0
2018-05-06 05:21:04,50,r/MovieDetails,1,2018-05-06 11:44:04,2,3,103,0
2018-05-06 05:21:04,50,r/MovieDetails,1,2018-05-06 13:33:15,3,1,13,0
2018-05-06 05:21:04,50,r/MovieDetails,1,2018-05-06 15:04:46,4,0,1,0
2018-05-06 05:21:04,50,r/MovieDetails,1,2018-05-06 12:01:43,3,0,11,0
2018-05-06 05:21:04,50,r/MovieDetails,1,2018-05-06 15:10:33,3,0,1,0
2018-05-06 05:21:04,50,r/MovieDetails,1,2018-05-06 10:37:35,2,1,11,0
2018-05-06 05:21:04,50,r/MovieDetails,1,2018-05-06 12:04:52,3,4,56,0
2018-05-06 05:21:04,50,r/MovieDetails,1,2018-05-06 12:36:13,4,0,7,0
2018-05-06 05:21:04,50,r/MovieDetails,1,2018-05-06 13:36:57,4,0,5,0
2018-05-06 05:21:04,50,r/MovieDetails,1,2018-05-06 12:19:33,4,0,1,0
2018-05-06 05:21:04,50,r/MovieDetails,1,2018-05-06 13:10:35,4,1,1,0
2018-05-06 05:21:04,50,r/MovieDetails,1,2018-05-06 13:53:29,5,0,2,0
2018-05-06 05:21:04,50,r/MovieDetails,2,2018-05-06 08:28:22,0,5,309,0
2018-05-06 05:21:04,50,r/MovieDetails,2,2018-05-06 10:11:45,1,5,139,0
2018-05-06 05:21:04,50,r/MovieDetails,2,2018-05-06 10:13:39,2,0,88,0
2018-05-06 05:21:04,50,r/MovieDetails,2,2018-05-06 10:52:43,2,0,43,0
2018-05-06 05:21:04,50,r/MovieDetails,2,2018-05-06 12:19:33,2,2,24,0
2018-05-06 05:21:04,50,r/MovieDetails,2,2018-05-06 13:45:57,3,0,7,0
2018-05-06 05:21:04,50,r/MovieDetails,2,2018-05-06 14:04:09,3,0,2,0
2018-05-06 05:21:04,50,r/MovieDetails,2,2018-05-06 11:46:57,2,1,22,0
2018-05-06 05:21:04,50,r/MovieDetails,2,2018-05-06 12:44:48,3,1,2,0
2018-05-06 05:21:04,50,r/MovieDetails,2,2018-05-06 13:19:42,4,1,2,0
2018-05-06 05:21:04,50,r/MovieDetails,2,2018-05-06 13:27:04,5,0,3,0
2018-05-06 05:21:04,50,r/MovieDetails,2,2018-05-06 11:00:51,2,2,3,0
2018-05-06 05:21:04,50,r/MovieDetails,2,2018-05-06 12:41:07,3,2,14,0
2018-05-06 05:21:04,50,r/MovieDetails,2,2018-05-06 13:00:09,4,0,2,0
2018-05-06 05:21:04,50,r/MovieDetails,2,2018-05-06 15:06:42,4,0,1,0
2018-05-06 05:21:04,50,r/MovieDetails,2,2018-05-06 11:17:39,3,0,3,0
2018-05-06 05:21:04,50,r/MovieDetails,2,2018-05-06 09:21:15,1,0,10,0
2018-05-06 05:21:04,50,r/MovieDetails,2,2018-05-06 12:01:24,1,1,19,0
2018-05-06 05:21:04,50,r/MovieDetails,2,2018-05-06 13:52:21,2,0,3,0
2018-05-06 05:21:04,50,r/MovieDetails,2,2018-05-06 11:41:01,1,1,3,0
2018-05-06 05:21:04,50,r/MovieDetails,2,2018-05-06 12:52:50,2,0,5,0
2018-05-06 05:21:04,50,r/MovieDetails,2,2018-05-06 13:52:07,1,0,1,0
2018-05-06 05:21:04,50,r/MovieDetails,3,2018-05-06 09:36:55,0,3,52,0
2018-05-06 05:21:04,50,r/MovieDetails,3,2018-05-06 10:51:55,1,1,15,0
2018-05-06 05:21:04,50,r/MovieDetails,3,2018-05-06 15:02:51,2,0,1,0
2018-05-06 05:21:04,50,r/MovieDetails,3,2018-05-06 11:19:22,1,0,6,0
2018-05-06 05:21:04,50,r/MovieDetails,3,2018-05-06 13:26:16,1,0,2,0
2018-05-06 05:21:04,50,r/MovieDetails,4,2018-05-06 10:53:13,0,0,39,0
2018-05-06 05:21:04,50,r/MovieDetails,5,2018-05-06 08:18:52,0,2,36,0
2018-05-06 05:21:04,50,r/MovieDetails,5,2018-05-06 10:18:57,1,0,32,0
2018-05-06 05:21:04,50,r/MovieDetails,5,2018-05-06 11:30:24,1,0,12,0
2018-05-06 05:21:04,50,r/MovieDetails,6,2018-05-06 10:37:21,0,4,30,0
2018-05-06 05:21:04,50,r/MovieDetails,6,2018-05-06 11:31:01,1,3,22,0
2018-05-06 05:21:04,50,r/MovieDetails,6,2018-05-06 11:42:28,2,0,16,0
2018-05-06 05:21:04,50,r/MovieDetails,6,2018-05-06 12:19:06,2,2,6,0
2018-05-06 05:21:04,50,r/MovieDetails,6,2018-05-06 14:06:49,3,0,3,0
2018-05-06 05:21:04,50,r/MovieDetails,6,2018-05-06 14:21:27,3,0,1,0
2018-05-06 05:21:04,50,r/MovieDetails,6,2018-05-06 14:01:07,2,0,1,0
2018-05-06 05:21:04,50,r/MovieDetails,6,2018-05-06 12:09:06,1,0,8,0
2018-05-06 05:21:04,50,r/MovieDetails,6,2018-05-06 12:06:20,1,0,8,0
2018-05-06 05:21:04,50,r/MovieDetails,6,2018-05-06 11:41:50,1,0,2,0
2018-05-06 05:21:04,50,r/MovieDetails,7,2018-05-06 06:06:46,0,2,47,0
2018-05-06 05:21:04,50,r/MovieDetails,7,2018-05-06 11:17:40,1,2,32,0
2018-05-06 05:21:04,50,r/MovieDetails,7,2018-05-06 11:28:04,2,1,1,0
2018-05-06 05:21:04,50,r/MovieDetails,7,2018-05-06 11:56:11,3,0,6,0
2018-05-06 05:21:04,50,r/MovieDetails,7,2018-05-06 14:31:37,2,0,1,0
2018-05-06 05:21:04,50,r/MovieDetails,7,2018-05-06 14:16:15,1,0,1,0
2018-05-06 05:21:04,50,r/MovieDetails,8,2018-05-06 06:09:23,0,1,11,0
2018-05-06 05:21:04,50,r/MovieDetails,8,2018-05-06 11:43:33,1,0,5,0
2018-05-06 05:21:04,50,r/MovieDetails,9,2018-05-06 11:40:50,0,1,6,0
2018-05-06 05:21:04,50,r/MovieDetails,9,2018-05-06 12:20:49,1,0,-2,0
2018-05-06 05:21:04,50,r/MovieDetails,10,2018-05-06 10:23:01,0,1,3,0
2018-05-06 05:21:04,50,r/MovieDetails,10,2018-05-06 12:28:29,1,0,5,0
2018-05-06 05:21:04,50,r/MovieDetails,11,2018-05-06 11:23:38,0,1,3,0
2018-05-06 05:21:04,50,r/MovieDetails,11,2018-05-06 11:48:46,1,0,10,0
2018-05-06 05:21:04,50,r/MovieDetails,12,2018-05-06 11:44:08,0,0,3,0
2018-05-06 05:21:04,50,r/MovieDetails,13,2018-05-06 11:52:49,0,0,3,0
2018-05-06 05:21:04,50,r/MovieDetails,14,2018-05-06 10:44:51,0,0,5,0
2018-05-06 05:21:04,50,r/MovieDetails,15,2018-05-06 11:18:41,0,1,2,0
2018-05-06 05:21:04,50,r/MovieDetails,15,2018-05-06 13:54:53,1,1,1,0
2018-05-06 05:21:04,50,r/MovieDetails,15,2018-05-06 14:07:23,2,0,2,0
2018-05-06 05:21:04,50,r/MovieDetails,16,2018-05-06 13:11:10,0,0,2,0
2018-05-06 05:21:04,50,r/MovieDetails,17,2018-05-06 07:54:10,0,1,4,0
2018-05-06 05:21:04,50,r/MovieDetails,17,2018-05-06 13:59:12,1,0,1,0
2018-05-06 05:21:04,50,r/MovieDetails,18,2018-05-06 11:00:19,0,0,2,0
2018-05-06 05:21:04,50,r/MovieDetails,19,2018-05-06 10:21:36,0,0,1,0
2018-05-06 05:21:04,50,r/MovieDetails,20,2018-05-06 10:24:26,0,0,1,0
2018-05-06 05:21:04,50,r/MovieDetails,21,2018-05-06 11:29:47,0,0,1,0
2018-05-06 05:21:04,50,r/MovieDetails,22,2018-05-06 11:44:56,0,0,1,0
2018-05-06 05:21:04,50,r/MovieDetails,23,2018-05-06 11:58:40,0,0,1,0
2018-05-06 05:21:04,50,r/MovieDetails,24,2018-05-06 12:18:05,0,1,1,0
2018-05-06 05:21:04,50,r/MovieDetails,24,2018-05-06 12:31:20,1,0,3,0
2018-05-06 05:21:04,50,r/MovieDetails,25,2018-05-06 12:54:49,0,0,1,0
2018-05-06 05:21:04,50,r/MovieDetails,26,2018-05-06 13:12:15,0,0,1,0
2018-05-06 05:21:04,50,r/MovieDetails,27,2018-05-06 13:13:20,0,0,1,0
2018-05-06 05:21:04,50,r/MovieDetails,28,2018-05-06 13:44:53,0,0,1,0
2018-05-06 05:21:04,50,r/MovieDetails,29,2018-05-06 13:45:52,0,0,1,0
2018-05-06 05:21:04,50,r/MovieDetails,30,2018-05-06 13:48:49,0,0,1,0
2018-05-06 05:21:04,50,r/MovieDetails,31,2018-05-06 13:56:01,0,0,1,0
2018-05-06 05:21:04,50,r/MovieDetails,32,2018-05-06 13:57:13,0,0,1,0
2018-05-06 05:21:04,50,r/MovieDetails,33,2018-05-06 14:09:58,0,0,1,0
2018-05-06 05:21:04,50,r/MovieDetails,34,2018-05-06 14:14:41,0,0,1,0
2018-05-06 05:21:04,50,r/MovieDetails,35,2018-05-06 14:20:49,0,0,1,0
2018-05-06 05:21:04,50,r/MovieDetails,36,2018-05-06 14:23:40,0,0,1,0
2018-05-06 05:21:04,50,r/MovieDetails,37,2018-05-06 14:46:22,0,0,1,0
2018-05-06 05:21:04,50,r/MovieDetails,38,2018-05-06 14:48:17,0,0,1,0
2018-05-06 05:21:04,50,r/MovieDetails,39,2018-05-06 14:58:36,0,0,1,0
2018-05-06 05:21:04,50,r/MovieDetails,40,2018-05-06 07:39:32,0,2,-15,0
2018-05-06 05:21:04,50,r/MovieDetails,40,2018-05-06 09:08:39,1,0,35,0
2018-05-06 05:21:04,50,r/MovieDetails,40,2018-05-06 13:00:35,1,0,1,0
2018-05-06 05:21:04,50,r/MovieDetails,41,2018-05-06 05:22:12,0,2,-24,0
2018-05-06 05:21:04,50,r/MovieDetails,41,2018-05-06 05:27:52,1,1,27,0
2018-05-06 05:21:04,50,r/MovieDetails,41,2018-05-06 08:46:57,2,1,11,0
2018-05-06 05:21:04,50,r/MovieDetails,41,2018-05-06 09:41:54,3,0,3,0
2018-05-06 05:21:04,50,r/MovieDetails,41,2018-05-06 06:03:50,1,0,7,0
2018-05-06 06:02:35,51,r/natureismetal,0,2018-05-06 07:55:53,0,5,724,0
2018-05-06 06:02:35,51,r/natureismetal,0,2018-05-06 08:25:32,1,5,425,0
2018-05-06 06:02:35,51,r/natureismetal,0,2018-05-06 11:52:33,2,3,151,0
2018-05-06 06:02:35,51,r/natureismetal,0,2018-05-06 12:29:29,3,1,139,0
2018-05-06 06:02:35,51,r/natureismetal,0,2018-05-06 13:45:59,4,1,-16,0
2018-05-06 06:02:35,51,r/natureismetal,0,2018-05-06 13:57:46,5,2,6,0
2018-05-06 06:02:35,51,r/natureismetal,0,2018-05-06 13:58:06,6,4,21,0
2018-05-06 06:02:35,51,r/natureismetal,0,2018-05-06 14:01:10,7,1,6,0
2018-05-06 06:02:35,51,r/natureismetal,0,2018-05-06 14:05:33,8,3,22,0
2018-05-06 06:02:35,51,r/natureismetal,0,2018-05-06 14:17:05,9,1,6,0
2018-05-06 06:02:35,51,r/natureismetal,0,2018-05-06 14:40:16,9,0,4,0
2018-05-06 06:02:35,51,r/natureismetal,0,2018-05-06 14:10:10,9,0,1,0
2018-05-06 06:02:35,51,r/natureismetal,0,2018-05-06 14:41:48,7,0,1,0
2018-05-06 06:02:35,51,r/natureismetal,0,2018-05-06 14:47:52,7,0,1,0
2018-05-06 06:02:35,51,r/natureismetal,0,2018-05-06 14:51:10,7,0,1,0
2018-05-06 06:02:35,51,r/natureismetal,0,2018-05-06 14:01:36,6,1,1,0
2018-05-06 06:02:35,51,r/natureismetal,0,2018-05-06 14:01:59,7,0,6,0
2018-05-06 06:02:35,51,r/natureismetal,0,2018-05-06 13:15:07,3,0,13,0
2018-05-06 06:02:35,51,r/natureismetal,0,2018-05-06 13:55:12,3,0,1,0
2018-05-06 06:02:35,51,r/natureismetal,0,2018-05-06 12:48:01,2,1,8,0
2018-05-06 06:02:35,51,r/natureismetal,0,2018-05-06 13:29:27,3,0,2,0
2018-05-06 06:02:35,51,r/natureismetal,0,2018-05-06 13:14:46,2,1,2,0
2018-05-06 06:02:35,51,r/natureismetal,0,2018-05-06 13:15:14,3,2,12,0
2018-05-06 06:02:35,51,r/natureismetal,0,2018-05-06 13:22:39,4,0,8,0
2018-05-06 06:02:35,51,r/natureismetal,0,2018-05-06 14:15:43,4,1,3,0
2018-05-06 06:02:35,51,r/natureismetal,0,2018-05-06 14:15:50,5,0,1,0
2018-05-06 06:02:35,51,r/natureismetal,0,2018-05-06 14:49:43,2,0,1,0
2018-05-06 06:02:35,51,r/natureismetal,0,2018-05-06 14:33:06,2,0,0,0
2018-05-06 06:02:35,51,r/natureismetal,0,2018-05-06 13:33:08,1,1,32,0
2018-05-06 06:02:35,51,r/natureismetal,0,2018-05-06 13:51:45,2,0,4,0
2018-05-06 06:02:35,51,r/natureismetal,0,2018-05-06 13:16:36,1,0,5,0
2018-05-06 06:02:35,51,r/natureismetal,0,2018-05-06 14:10:30,1,0,2,0
2018-05-06 06:02:35,51,r/natureismetal,0,2018-05-06 14:28:21,1,1,3,0
2018-05-06 06:02:35,51,r/natureismetal,0,2018-05-06 14:39:17,2,1,1,0
2018-05-06 06:02:35,51,r/natureismetal,0,2018-05-06 15:01:59,3,0,1,0
2018-05-06 06:02:35,51,r/natureismetal,1,2018-05-06 07:13:31,0,11,1875,0
2018-05-06 06:02:35,51,r/natureismetal,1,2018-05-06 09:51:57,1,1,500,0
2018-05-06 06:02:35,51,r/natureismetal,1,2018-05-06 10:34:20,2,1,245,0
2018-05-06 06:02:35,51,r/natureismetal,1,2018-05-06 10:43:23,3,2,-146,0
2018-05-06 06:02:35,51,r/natureismetal,1,2018-05-06 13:59:29,4,0,24,0
2018-05-06 06:02:35,51,r/natureismetal,1,2018-05-06 10:51:15,4,1,122,0
2018-05-06 06:02:35,51,r/natureismetal,1,2018-05-06 11:26:54,5,1,99,0
2018-05-06 06:02:35,51,r/natureismetal,1,2018-05-06 12:00:27,6,1,87,0
2018-05-06 06:02:35,51,r/natureismetal,1,2018-05-06 12:06:16,7,3,-261,0
2018-05-06 06:02:35,51,r/natureismetal,1,2018-05-06 12:09:38,8,2,83,0
2018-05-06 06:02:35,51,r/natureismetal,1,2018-05-06 12:24:39,9,1,60,0
2018-05-06 06:02:35,51,r/natureismetal,1,2018-05-06 13:31:49,9,1,-177,0
2018-05-06 06:02:35,51,r/natureismetal,1,2018-05-06 13:39:38,8,1,10,0
2018-05-06 06:02:35,51,r/natureismetal,1,2018-05-06 13:54:47,9,1,9,0
2018-05-06 06:02:35,51,r/natureismetal,1,2018-05-06 13:46:58,8,0,-45,0
2018-05-06 06:02:35,51,r/natureismetal,1,2018-05-06 11:22:19,1,2,92,0
2018-05-06 06:02:35,51,r/natureismetal,1,2018-05-06 14:44:05,2,0,2,0
2018-05-06 06:02:35,51,r/natureismetal,1,2018-05-06 12:19:31,2,2,-24,0
2018-05-06 06:02:35,51,r/natureismetal,1,2018-05-06 14:21:38,3,0,5,0
2018-05-06 06:02:35,51,r/natureismetal,1,2018-05-06 14:51:10,3,0,1,0
2018-05-06 06:02:35,51,r/natureismetal,1,2018-05-06 12:22:47,1,0,30,0
2018-05-06 06:02:35,51,r/natureismetal,1,2018-05-06 13:00:52,1,0,2,0
2018-05-06 06:02:35,51,r/natureismetal,1,2018-05-06 14:35:36,1,0,1,0
2018-05-06 06:02:35,51,r/natureismetal,1,2018-05-06 15:02:03,1,0,1,0
2018-05-06 06:02:35,51,r/natureismetal,1,2018-05-06 13:18:03,1,0,1,0
2018-05-06 06:02:35,51,r/natureismetal,1,2018-05-06 14:03:25,1,0,0,0
2018-05-06 06:02:35,51,r/natureismetal,1,2018-05-06 14:53:34,1,0,0,0
2018-05-06 06:02:35,51,r/natureismetal,1,2018-05-06 12:38:25,1,0,-2,0
2018-05-06 06:02:35,51,r/natureismetal,1,2018-05-06 12:11:41,1,1,-13,0
2018-05-06 06:02:35,51,r/natureismetal,1,2018-05-06 14:27:03,2,0,-1,0
2018-05-06 06:02:35,51,r/natureismetal,2,2018-05-06 11:52:40,0,2,111,0
2018-05-06 06:02:35,51,r/natureismetal,2,2018-05-06 12:22:43,1,0,82,0
2018-05-06 06:02:35,51,r/natureismetal,2,2018-05-06 13:01:31,1,1,54,0
2018-05-06 06:02:35,51,r/natureismetal,2,2018-05-06 13:24:17,2,2,4,0
2018-05-06 06:02:35,51,r/natureismetal,2,2018-05-06 13:29:30,3,3,11,0
2018-05-06 06:02:35,51,r/natureismetal,2,2018-05-06 14:11:38,4,1,8,0
2018-05-06 06:02:35,51,r/natureismetal,2,2018-05-06 14:27:04,5,0,7,0
2018-05-06 06:02:35,51,r/natureismetal,2,2018-05-06 14:27:29,4,1,1,0
2018-05-06 06:02:35,51,r/natureismetal,2,2018-05-06 14:35:43,5,1,2,0
2018-05-06 06:02:35,51,r/natureismetal,2,2018-05-06 14:52:05,6,0,2,0
2018-05-06 06:02:35,51,r/natureismetal,2,2018-05-06 13:44:26,4,0,0,0
2018-05-06 06:02:35,51,r/natureismetal,2,2018-05-06 13:50:38,3,1,3,0
2018-05-06 06:02:35,51,r/natureismetal,2,2018-05-06 14:43:58,4,0,1,0
2018-05-06 06:02:35,51,r/natureismetal,3,2018-05-06 07:00:09,0,2,422,0
2018-05-06 06:02:35,51,r/natureismetal,3,2018-05-06 13:22:58,1,1,103,0
2018-05-06 06:02:35,51,r/natureismetal,3,2018-05-06 14:44:37,2,1,15,0
2018-05-06 06:02:35,51,r/natureismetal,3,2018-05-06 14:55:44,3,1,3,0
2018-05-06 06:02:35,51,r/natureismetal,3,2018-05-06 15:00:48,4,0,1,0
2018-05-06 06:02:35,51,r/natureismetal,3,2018-05-06 13:46:40,1,1,-14,0
2018-05-06 06:02:35,51,r/natureismetal,3,2018-05-06 13:51:04,2,1,45,0
2018-05-06 06:02:35,51,r/natureismetal,3,2018-05-06 14:19:50,3,1,16,0
2018-05-06 06:02:35,51,r/natureismetal,3,2018-05-06 15:03:46,4,0,1,0
2018-05-06 06:02:35,51,r/natureismetal,4,2018-05-06 09:20:40,0,4,249,0
2018-05-06 06:02:35,51,r/natureismetal,4,2018-05-06 10:18:50,1,1,372,0
2018-05-06 06:02:35,51,r/natureismetal,4,2018-05-06 14:07:37,2,1,19,0
2018-05-06 06:02:35,51,r/natureismetal,4,2018-05-06 14:16:54,3,1,3,0
2018-05-06 06:02:35,51,r/natureismetal,4,2018-05-06 14:43:55,4,1,1,0
2018-05-06 06:02:35,51,r/natureismetal,4,2018-05-06 15:10:34,5,0,1,0
2018-05-06 06:02:35,51,r/natureismetal,4,2018-05-06 12:09:30,1,1,64,0
2018-05-06 06:02:35,51,r/natureismetal,4,2018-05-06 12:44:47,2,1,68,0
2018-05-06 06:02:35,51,r/natureismetal,4,2018-05-06 12:52:02,3,1,87,0
2018-05-06 06:02:35,51,r/natureismetal,4,2018-05-06 13:19:06,4,0,3,0
2018-05-06 06:02:35,51,r/natureismetal,4,2018-05-06 14:12:49,1,0,3,0
2018-05-06 06:02:35,51,r/natureismetal,4,2018-05-06 15:03:43,1,0,1,0
2018-05-06 06:02:35,51,r/natureismetal,5,2018-05-06 10:45:14,0,0,59,0
2018-05-06 06:02:35,51,r/natureismetal,6,2018-05-06 10:09:28,0,0,10,0
2018-05-06 06:02:35,51,r/natureismetal,7,2018-05-06 14:11:45,0,0,9,0
2018-05-06 06:02:35,51,r/natureismetal,8,2018-05-06 13:23:33,0,1,12,0
2018-05-06 06:02:35,51,r/natureismetal,8,2018-05-06 14:08:29,1,1,6,0
2018-05-06 06:02:35,51,r/natureismetal,8,2018-05-06 14:35:27,2,1,6,0
2018-05-06 06:02:35,51,r/natureismetal,8,2018-05-06 14:46:35,3,0,2,0
2018-05-06 06:02:35,51,r/natureismetal,9,2018-05-06 11:56:22,0,3,40,0
2018-05-06 06:02:35,51,r/natureismetal,9,2018-05-06 12:53:03,1,1,10,0
2018-05-06 06:02:35,51,r/natureismetal,9,2018-05-06 12:55:47,2,0,6,0
2018-05-06 06:02:35,51,r/natureismetal,9,2018-05-06 13:09:20,1,1,5,0
2018-05-06 06:02:35,51,r/natureismetal,9,2018-05-06 14:58:30,2,0,2,0
2018-05-06 06:02:35,51,r/natureismetal,9,2018-05-06 13:40:53,1,1,0,0
2018-05-06 06:02:35,51,r/natureismetal,9,2018-05-06 13:47:42,2,0,4,0
2018-05-06 06:02:35,51,r/natureismetal,10,2018-05-06 11:41:21,0,0,29,0
2018-05-06 06:02:35,51,r/natureismetal,11,2018-05-06 10:50:57,0,10,124,0
2018-05-06 06:02:35,51,r/natureismetal,11,2018-05-06 11:24:30,1,2,229,0
2018-05-06 06:02:35,51,r/natureismetal,11,2018-05-06 12:48:03,2,1,52,0
2018-05-06 06:02:35,51,r/natureismetal,11,2018-05-06 14:03:39,3,0,22,0
2018-05-06 06:02:35,51,r/natureismetal,11,2018-05-06 14:46:17,2,0,2,0
2018-05-06 06:02:35,51,r/natureismetal,11,2018-05-06 11:25:58,1,2,77,0
2018-05-06 06:02:35,51,r/natureismetal,11,2018-05-06 11:53:48,2,1,65,0
2018-05-06 06:02:35,51,r/natureismetal,11,2018-05-06 12:57:01,3,0,5,0
2018-05-06 06:02:35,51,r/natureismetal,11,2018-05-06 13:22:20,2,0,2,0
2018-05-06 06:02:35,51,r/natureismetal,11,2018-05-06 13:13:00,1,1,15,0
2018-05-06 06:02:35,51,r/natureismetal,11,2018-05-06 13:14:20,2,2,35,0
2018-05-06 06:02:35,51,r/natureismetal,11,2018-05-06 13:35:25,3,1,11,0
2018-05-06 06:02:35,51,r/natureismetal,11,2018-05-06 14:50:22,4,0,2,0
2018-05-06 06:02:35,51,r/natureismetal,11,2018-05-06 14:58:30,3,0,1,0
2018-05-06 06:02:35,51,r/natureismetal,11,2018-05-06 13:10:40,1,1,10,0
2018-05-06 06:02:35,51,r/natureismetal,11,2018-05-06 13:16:49,2,0,5,0
2018-05-06 06:02:35,51,r/natureismetal,11,2018-05-06 14:31:33,1,1,3,0
2018-05-06 06:02:35,51,r/natureismetal,11,2018-05-06 14:48:16,2,0,1,0
2018-05-06 06:02:35,51,r/natureismetal,11,2018-05-06 13:26:12,1,1,7,0
2018-05-06 06:02:35,51,r/natureismetal,11,2018-05-06 13:27:23,2,0,4,0
2018-05-06 06:02:35,51,r/natureismetal,11,2018-05-06 14:04:09,1,1,3,0
2018-05-06 06:02:35,51,r/natureismetal,11,2018-05-06 14:07:58,2,1,6,0
2018-05-06 06:02:35,51,r/natureismetal,11,2018-05-06 14:46:55,3,0,1,0
2018-05-06 06:02:35,51,r/natureismetal,11,2018-05-06 11:54:03,1,2,-3,0
2018-05-06 06:02:35,51,r/natureismetal,11,2018-05-06 12:33:55,2,0,13,0
2018-05-06 06:02:35,51,r/natureismetal,11,2018-05-06 13:09:06,2,1,-8,0
2018-05-06 06:02:35,51,r/natureismetal,11,2018-05-06 13:19:25,3,3,2,0
2018-05-06 06:02:35,51,r/natureismetal,11,2018-05-06 13:23:33,4,1,2,0
2018-05-06 06:02:35,51,r/natureismetal,11,2018-05-06 14:53:37,5,0,1,0
2018-05-06 06:02:35,51,r/natureismetal,11,2018-05-06 13:43:23,4,0,2,0
2018-05-06 06:02:35,51,r/natureismetal,11,2018-05-06 13:41:33,4,0,0,0
2018-05-06 06:02:35,51,r/natureismetal,11,2018-05-06 14:02:33,1,4,1,0
2018-05-06 06:02:35,51,r/natureismetal,11,2018-05-06 14:04:33,2,0,6,0
2018-05-06 06:02:35,51,r/natureismetal,11,2018-05-06 14:22:14,2,0,7,0
2018-05-06 06:02:35,51,r/natureismetal,11,2018-05-06 14:25:50,2,0,1,0
2018-05-06 06:02:35,51,r/natureismetal,11,2018-05-06 14:31:05,2,0,1,0
2018-05-06 06:02:35,51,r/natureismetal,11,2018-05-06 12:43:46,1,2,-5,0
2018-05-06 06:02:35,51,r/natureismetal,11,2018-05-06 13:47:44,2,0,4,0
2018-05-06 06:02:35,51,r/natureismetal,11,2018-05-06 13:19:03,2,0,3,0
2018-05-06 06:02:35,51,r/natureismetal,12,2018-05-06 12:35:10,0,0,3,0
2018-05-06 06:02:35,51,r/natureismetal,13,2018-05-06 14:18:00,0,0,3,0
2018-05-06 06:02:35,51,r/natureismetal,14,2018-05-06 13:37:46,0,1,2,0
2018-05-06 06:02:35,51,r/natureismetal,14,2018-05-06 14:49:30,1,0,1,0
2018-05-06 06:02:35,51,r/natureismetal,15,2018-05-06 10:16:03,0,0,2,0
2018-05-06 06:02:35,51,r/natureismetal,16,2018-05-06 12:34:32,0,0,1,0
2018-05-06 06:02:35,51,r/natureismetal,17,2018-05-06 12:56:06,0,0,1,0
2018-05-06 06:02:35,51,r/natureismetal,18,2018-05-06 13:03:49,0,0,1,0
2018-05-06 06:02:35,51,r/natureismetal,19,2018-05-06 13:32:05,0,1,1,0
2018-05-06 06:02:35,51,r/natureismetal,19,2018-05-06 13:49:32,1,1,1,0
2018-05-06 06:02:35,51,r/natureismetal,19,2018-05-06 13:52:27,2,0,1,0
2018-05-06 06:02:35,51,r/natureismetal,20,2018-05-06 13:34:10,0,0,1,0
2018-05-06 06:02:35,51,r/natureismetal,21,2018-05-06 13:34:59,0,0,1,0
2018-05-06 06:02:35,51,r/natureismetal,22,2018-05-06 13:45:48,0,1,1,0
2018-05-06 06:02:35,51,r/natureismetal,22,2018-05-06 14:05:14,1,0,1,0
2018-05-06 06:02:35,51,r/natureismetal,23,2018-05-06 13:55:03,0,0,1,0
2018-05-06 06:02:35,51,r/natureismetal,24,2018-05-06 14:27:20,0,0,1,0
2018-05-06 06:02:35,51,r/natureismetal,25,2018-05-06 14:36:16,0,0,1,0
2018-05-06 06:02:35,51,r/natureismetal,26,2018-05-06 14:43:24,0,0,1,0
2018-05-06 06:02:35,51,r/natureismetal,27,2018-05-06 14:58:23,0,0,1,0
2018-05-06 06:02:35,51,r/natureismetal,28,2018-05-06 15:07:15,0,0,1,0
2018-05-06 06:02:35,51,r/natureismetal,29,2018-05-06 15:09:35,0,0,1,0
2018-05-06 06:02:35,51,r/natureismetal,30,2018-05-06 13:30:02,0,0,1,0
2018-05-06 06:02:35,51,r/natureismetal,31,2018-05-06 13:58:42,0,0,1,0
2018-05-06 06:02:35,51,r/natureismetal,32,2018-05-06 12:26:12,0,0,1,0
2018-05-06 06:02:35,51,r/natureismetal,33,2018-05-06 13:44:29,0,0,1,0
2018-05-06 06:02:35,51,r/natureismetal,34,2018-05-06 10:12:20,0,0,-2,0
2018-05-06 06:02:35,51,r/natureismetal,35,2018-05-06 13:51:54,0,0,0,0
2018-05-06 06:02:35,51,r/natureismetal,36,2018-05-06 14:15:01,0,0,0,0
2018-05-06 06:02:35,51,r/natureismetal,37,2018-05-06 14:03:46,0,0,0,0
2018-05-06 06:02:35,51,r/natureismetal,38,2018-05-06 14:10:06,0,0,0,0
2018-05-06 06:02:35,51,r/natureismetal,39,2018-05-06 14:30:02,0,0,0,0
2018-05-06 06:02:35,51,r/natureismetal,40,2018-05-06 12:37:10,0,0,-5,0
2018-05-06 06:02:35,51,r/natureismetal,41,2018-05-06 12:51:56,0,0,-1,0
2018-05-06 06:02:35,51,r/natureismetal,42,2018-05-06 14:26:54,0,0,-1,0
2018-05-06 06:02:35,51,r/natureismetal,43,2018-05-06 11:00:15,0,2,-27,0
2018-05-06 06:02:35,51,r/natureismetal,43,2018-05-06 11:05:06,1,2,39,0
2018-05-06 06:02:35,51,r/natureismetal,43,2018-05-06 11:25:32,2,1,-18,0
2018-05-06 06:02:35,51,r/natureismetal,43,2018-05-06 11:55:29,3,1,19,0
2018-05-06 06:02:35,51,r/natureismetal,43,2018-05-06 13:00:23,4,0,-3,0
2018-05-06 06:02:35,51,r/natureismetal,43,2018-05-06 12:20:49,2,2,-17,0
2018-05-06 06:02:35,51,r/natureismetal,43,2018-05-06 12:46:20,3,0,6,0
2018-05-06 06:02:35,51,r/natureismetal,43,2018-05-06 13:12:09,3,0,2,0
2018-05-06 06:02:35,51,r/natureismetal,43,2018-05-06 12:37:40,1,0,2,0
2018-05-06 06:16:55,52,r/holdmyredbull,0,2018-05-06 07:17:39,0,12,771,0
2018-05-06 06:16:55,52,r/holdmyredbull,0,2018-05-06 08:19:33,1,10,453,0
2018-05-06 06:16:55,52,r/holdmyredbull,0,2018-05-06 08:57:22,2,1,162,0
2018-05-06 06:16:55,52,r/holdmyredbull,0,2018-05-06 10:28:07,3,1,41,0
2018-05-06 06:16:55,52,r/holdmyredbull,0,2018-05-06 13:20:55,4,1,1,0
2018-05-06 06:16:55,52,r/holdmyredbull,0,2018-05-06 14:30:02,5,0,1,0
2018-05-06 06:16:55,52,r/holdmyredbull,0,2018-05-06 09:32:35,2,3,23,0
2018-05-06 06:16:55,52,r/holdmyredbull,0,2018-05-06 09:51:48,3,3,7,0
2018-05-06 06:16:55,52,r/holdmyredbull,0,2018-05-06 11:57:57,4,1,27,0
2018-05-06 06:16:55,52,r/holdmyredbull,0,2018-05-06 14:15:57,5,0,1,0
2018-05-06 06:16:55,52,r/holdmyredbull,0,2018-05-06 11:47:24,4,1,8,0
2018-05-06 06:16:55,52,r/holdmyredbull,0,2018-05-06 11:56:23,5,1,12,0
2018-05-06 06:16:55,52,r/holdmyredbull,0,2018-05-06 13:20:07,6,0,1,0
2018-05-06 06:16:55,52,r/holdmyredbull,0,2018-05-06 10:29:10,4,0,3,0
2018-05-06 06:16:55,52,r/holdmyredbull,0,2018-05-06 14:12:43,3,0,1,0
2018-05-06 06:16:55,52,r/holdmyredbull,0,2018-05-06 12:37:15,3,0,1,0
2018-05-06 06:16:55,52,r/holdmyredbull,0,2018-05-06 12:03:56,2,0,6,0
2018-05-06 06:16:55,52,r/holdmyredbull,0,2018-05-06 09:55:30,2,0,11,0
2018-05-06 06:16:55,52,r/holdmyredbull,0,2018-05-06 12:42:10,2,0,1,0
2018-05-06 06:16:55,52,r/holdmyredbull,0,2018-05-06 13:00:00,2,0,1,0
2018-05-06 06:16:55,52,r/holdmyredbull,0,2018-05-06 13:47:29,2,0,1,0
2018-05-06 06:16:55,52,r/holdmyredbull,0,2018-05-06 11:10:32,2,1,3,0
2018-05-06 06:16:55,52,r/holdmyredbull,0,2018-05-06 14:19:37,3,0,1,0
2018-05-06 06:16:55,52,r/holdmyredbull,0,2018-05-06 12:04:37,2,1,3,0
2018-05-06 06:16:55,52,r/holdmyredbull,0,2018-05-06 14:21:19,3,1,1,0
2018-05-06 06:16:55,52,r/holdmyredbull,0,2018-05-06 14:37:32,4,1,1,0
2018-05-06 06:16:55,52,r/holdmyredbull,0,2018-05-06 15:03:22,5,0,1,0
2018-05-06 06:16:55,52,r/holdmyredbull,0,2018-05-06 12:59:42,2,0,1,0
2018-05-06 06:16:55,52,r/holdmyredbull,0,2018-05-06 07:37:21,1,1,213,0
2018-05-06 06:16:55,52,r/holdmyredbull,0,2018-05-06 10:25:07,2,2,144,0
2018-05-06 06:16:55,52,r/holdmyredbull,0,2018-05-06 11:49:32,3,0,35,0
2018-05-06 06:16:55,52,r/holdmyredbull,0,2018-05-06 12:11:53,3,0,1,0
2018-05-06 06:16:55,52,r/holdmyredbull,0,2018-05-06 08:57:37,1,1,6,0
2018-05-06 06:16:55,52,r/holdmyredbull,0,2018-05-06 11:12:55,2,0,20,0
2018-05-06 06:16:55,52,r/holdmyredbull,0,2018-05-06 10:52:17,1,0,16,0
2018-05-06 06:16:55,52,r/holdmyredbull,0,2018-05-06 12:13:24,1,0,1,0
2018-05-06 06:16:55,52,r/holdmyredbull,0,2018-05-06 14:12:11,1,0,1,0
2018-05-06 06:16:55,52,r/holdmyredbull,0,2018-05-06 11:17:29,1,1,9,0
2018-05-06 06:16:55,52,r/holdmyredbull,0,2018-05-06 13:17:37,2,0,1,0
2018-05-06 06:16:55,52,r/holdmyredbull,0,2018-05-06 13:04:18,1,0,1,0
2018-05-06 06:16:55,52,r/holdmyredbull,0,2018-05-06 14:32:50,1,0,1,0
2018-05-06 06:16:55,52,r/holdmyredbull,0,2018-05-06 14:38:53,1,0,1,0
2018-05-06 06:16:55,52,r/holdmyredbull,0,2018-05-06 13:28:12,1,1,1,0
2018-05-06 06:16:55,52,r/holdmyredbull,0,2018-05-06 14:25:01,2,0,1,0
2018-05-06 06:16:55,52,r/holdmyredbull,0,2018-05-06 13:52:10,1,0,1,0
2018-05-06 06:16:55,52,r/holdmyredbull,1,2018-05-06 07:11:27,0,1,253,0
2018-05-06 06:16:55,52,r/holdmyredbull,1,2018-05-06 08:37:55,1,1,17,0
2018-05-06 06:16:55,52,r/holdmyredbull,1,2018-05-06 11:03:49,2,1,14,0
2018-05-06 06:16:55,52,r/holdmyredbull,1,2018-05-06 12:09:50,3,0,6,0
2018-05-06 06:16:55,52,r/holdmyredbull,2,2018-05-06 08:07:57,0,0,71,0
2018-05-06 06:16:55,52,r/holdmyredbull,3,2018-05-06 07:37:39,0,4,145,0
2018-05-06 06:16:55,52,r/holdmyredbull,3,2018-05-06 08:04:06,1,1,43,0
2018-05-06 06:16:55,52,r/holdmyredbull,3,2018-05-06 10:05:48,2,2,10,0
2018-05-06 06:16:55,52,r/holdmyredbull,3,2018-05-06 14:36:49,3,0,1,0
2018-05-06 06:16:55,52,r/holdmyredbull,3,2018-05-06 13:21:27,3,1,1,0
2018-05-06 06:16:55,52,r/holdmyredbull,3,2018-05-06 14:15:42,4,0,1,0
2018-05-06 06:16:55,52,r/holdmyredbull,3,2018-05-06 10:12:04,1,2,4,0
2018-05-06 06:16:55,52,r/holdmyredbull,3,2018-05-06 12:43:22,2,0,1,0
2018-05-06 06:16:55,52,r/holdmyredbull,3,2018-05-06 13:17:30,2,0,1,0
2018-05-06 06:16:55,52,r/holdmyredbull,3,2018-05-06 10:29:23,1,0,0,0
2018-05-06 06:16:55,52,r/holdmyredbull,3,2018-05-06 12:26:05,1,0,1,0
2018-05-06 06:16:55,52,r/holdmyredbull,4,2018-05-06 07:33:40,0,4,37,0
2018-05-06 06:16:55,52,r/holdmyredbull,4,2018-05-06 11:11:46,1,0,12,0
2018-05-06 06:16:55,52,r/holdmyredbull,4,2018-05-06 13:22:26,1,0,1,0
2018-05-06 06:16:55,52,r/holdmyredbull,4,2018-05-06 14:57:13,1,0,1,0
2018-05-06 06:16:55,52,r/holdmyredbull,4,2018-05-06 15:07:11,1,0,1,0
2018-05-06 06:16:55,52,r/holdmyredbull,5,2018-05-06 09:05:01,0,1,11,0
2018-05-06 06:16:55,52,r/holdmyredbull,5,2018-05-06 15:08:56,1,0,1,0
2018-05-06 06:16:55,52,r/holdmyredbull,6,2018-05-06 07:08:42,0,0,11,0
2018-05-06 06:16:55,52,r/holdmyredbull,7,2018-05-06 10:37:25,0,1,5,0
2018-05-06 06:16:55,52,r/holdmyredbull,7,2018-05-06 13:27:07,1,0,1,0
2018-05-06 06:16:55,52,r/holdmyredbull,8,2018-05-06 11:19:21,0,0,5,0
2018-05-06 06:16:55,52,r/holdmyredbull,9,2018-05-06 06:24:37,0,0,2,0
2018-05-06 06:16:55,52,r/holdmyredbull,10,2018-05-06 07:48:13,0,0,2,0
2018-05-06 06:16:55,52,r/holdmyredbull,11,2018-05-06 14:33:02,0,0,1,0
2018-05-06 06:16:55,52,r/holdmyredbull,12,2018-05-06 14:39:45,0,0,1,0
2018-05-06 06:16:55,52,r/holdmyredbull,13,2018-05-06 11:02:03,0,0,1,0
2018-05-06 06:16:55,52,r/holdmyredbull,14,2018-05-06 08:00:01,0,0,1,0
2018-05-06 06:16:55,52,r/holdmyredbull,15,2018-05-06 08:05:38,0,0,1,0
2018-05-06 06:16:55,52,r/holdmyredbull,16,2018-05-06 11:00:06,0,0,1,0
2018-05-06 06:16:55,52,r/holdmyredbull,17,2018-05-06 11:27:41,0,0,1,0
2018-05-06 06:16:55,52,r/holdmyredbull,18,2018-05-06 07:46:05,0,0,0,0
2018-05-06 06:16:55,52,r/holdmyredbull,19,2018-05-06 12:06:47,0,0,0,0
2018-05-06 06:16:55,52,r/holdmyredbull,20,2018-05-06 06:49:52,0,0,-1,0
2018-05-06 06:16:55,52,r/holdmyredbull,21,2018-05-06 08:58:07,0,0,-1,0
2018-05-06 06:16:55,52,r/holdmyredbull,22,2018-05-06 13:19:21,0,0,1,0
2018-05-06 06:16:55,52,r/holdmyredbull,23,2018-05-06 13:21:47,0,0,1,0
2018-05-06 06:16:55,52,r/holdmyredbull,24,2018-05-06 13:39:13,0,0,1,0
2018-05-06 06:16:55,52,r/holdmyredbull,25,2018-05-06 07:58:41,0,0,-1,0
2018-05-06 06:16:55,52,r/holdmyredbull,26,2018-05-06 08:47:42,0,0,-1,0
2018-05-06 06:16:55,52,r/holdmyredbull,27,2018-05-06 11:17:14,0,0,-1,0
2018-05-06 06:16:55,52,r/holdmyredbull,28,2018-05-06 11:21:38,0,0,-1,0
2018-05-06 06:16:55,52,r/holdmyredbull,29,2018-05-06 11:37:37,0,0,-1,0
2018-05-06 06:16:55,52,r/holdmyredbull,30,2018-05-06 11:53:42,0,0,-1,0
2018-05-06 06:16:55,52,r/holdmyredbull,31,2018-05-06 12:04:05,0,0,-1,0
2018-05-06 06:16:55,52,r/holdmyredbull,32,2018-05-06 12:04:40,0,1,-1,0
2018-05-06 06:16:55,52,r/holdmyredbull,32,2018-05-06 13:27:43,1,1,1,0
2018-05-06 06:16:55,52,r/holdmyredbull,32,2018-05-06 14:01:14,2,0,1,0
2018-05-06 06:16:55,52,r/holdmyredbull,33,2018-05-06 12:08:59,0,0,-1,0
2018-05-06 06:16:55,52,r/holdmyredbull,34,2018-05-06 12:24:59,0,0,1,0
2018-05-06 06:16:55,52,r/holdmyredbull,35,2018-05-06 12:36:16,0,0,1,0
2018-05-06 06:16:55,52,r/holdmyredbull,36,2018-05-06 12:37:25,0,0,1,0
2018-05-06 06:16:55,52,r/holdmyredbull,37,2018-05-06 12:48:01,0,0,1,0
2018-05-06 06:09:36,53,r/CasualUK,0,2018-05-06 06:30:50,0,5,172,0
2018-05-06 06:09:36,53,r/CasualUK,0,2018-05-06 10:22:44,1,0,20,0
2018-05-06 06:09:36,53,r/CasualUK,0,2018-05-06 11:58:33,1,0,14,0
2018-05-06 06:09:36,53,r/CasualUK,0,2018-05-06 13:31:18,1,0,3,0
2018-05-06 06:09:36,53,r/CasualUK,0,2018-05-06 14:36:39,1,0,1,0
2018-05-06 06:09:36,53,r/CasualUK,0,2018-05-06 14:40:24,1,0,1,0
2018-05-06 06:09:36,53,r/CasualUK,1,2018-05-06 07:11:01,0,2,67,0
2018-05-06 06:09:36,53,r/CasualUK,1,2018-05-06 09:37:58,1,2,9,0
2018-05-06 06:09:36,53,r/CasualUK,1,2018-05-06 10:04:46,2,4,38,0
2018-05-06 06:09:36,53,r/CasualUK,1,2018-05-06 11:23:33,3,1,15,0
2018-05-06 06:09:36,53,r/CasualUK,1,2018-05-06 12:19:11,4,0,3,0
2018-05-06 06:09:36,53,r/CasualUK,1,2018-05-06 10:26:34,3,1,5,0
2018-05-06 06:09:36,53,r/CasualUK,1,2018-05-06 11:50:37,4,2,1,0
2018-05-06 06:09:36,53,r/CasualUK,1,2018-05-06 13:15:21,5,0,2,0
2018-05-06 06:09:36,53,r/CasualUK,1,2018-05-06 12:08:17,5,1,1,0
2018-05-06 06:09:36,53,r/CasualUK,1,2018-05-06 12:26:38,6,0,2,0
2018-05-06 06:09:36,53,r/CasualUK,1,2018-05-06 12:43:26,3,0,3,0
2018-05-06 06:09:36,53,r/CasualUK,1,2018-05-06 12:42:20,3,0,2,0
2018-05-06 06:09:36,53,r/CasualUK,1,2018-05-06 11:19:52,2,1,9,0
2018-05-06 06:09:36,53,r/CasualUK,1,2018-05-06 11:55:28,3,0,2,0
2018-05-06 06:09:36,53,r/CasualUK,1,2018-05-06 12:06:05,1,0,2,0
2018-05-06 06:09:36,53,r/CasualUK,2,2018-05-06 09:03:33,0,4,37,0
2018-05-06 06:09:36,53,r/CasualUK,2,2018-05-06 10:28:30,1,1,7,0
2018-05-06 06:09:36,53,r/CasualUK,2,2018-05-06 10:50:49,2,0,9,0
2018-05-06 06:09:36,53,r/CasualUK,2,2018-05-06 12:21:37,1,0,4,0
2018-05-06 06:09:36,53,r/CasualUK,2,2018-05-06 12:59:23,1,0,2,0
2018-05-06 06:09:36,53,r/CasualUK,2,2018-05-06 14:39:13,1,0,1,0
2018-05-06 06:09:36,53,r/CasualUK,3,2018-05-06 08:47:46,0,14,58,0
2018-05-06 06:09:36,53,r/CasualUK,3,2018-05-06 08:52:11,1,3,33,0
2018-05-06 06:09:36,53,r/CasualUK,3,2018-05-06 09:49:19,2,1,25,0
2018-05-06 06:09:36,53,r/CasualUK,3,2018-05-06 10:13:19,3,1,10,0
2018-05-06 06:09:36,53,r/CasualUK,3,2018-05-06 10:36:31,4,1,9,0
2018-05-06 06:09:36,53,r/CasualUK,3,2018-05-06 11:24:54,5,1,7,0
2018-05-06 06:09:36,53,r/CasualUK,3,2018-05-06 13:01:35,6,1,3,0
2018-05-06 06:09:36,53,r/CasualUK,3,2018-05-06 14:12:51,7,0,2,0
2018-05-06 06:09:36,53,r/CasualUK,3,2018-05-06 10:22:46,2,0,13,0
2018-05-06 06:09:36,53,r/CasualUK,3,2018-05-06 12:55:47,2,0,1,0
2018-05-06 06:09:36,53,r/CasualUK,3,2018-05-06 11:38:55,1,1,8,0
2018-05-06 06:09:36,53,r/CasualUK,3,2018-05-06 12:40:00,2,0,4,0
2018-05-06 06:09:36,53,r/CasualUK,3,2018-05-06 10:29:54,1,0,7,0
2018-05-06 06:09:36,53,r/CasualUK,3,2018-05-06 11:02:37,1,0,7,0
2018-05-06 06:09:36,53,r/CasualUK,3,2018-05-06 11:23:52,1,1,6,0
2018-05-06 06:09:36,53,r/CasualUK,3,2018-05-06 11:36:33,2,0,5,0
2018-05-06 06:09:36,53,r/CasualUK,3,2018-05-06 12:50:06,1,1,7,0
2018-05-06 06:09:36,53,r/CasualUK,3,2018-05-06 14:14:15,2,0,1,0
2018-05-06 06:09:36,53,r/CasualUK,3,2018-05-06 10:40:40,1,0,5,0
2018-05-06 06:09:36,53,r/CasualUK,3,2018-05-06 12:07:14,1,0,5,0
2018-05-06 06:09:36,53,r/CasualUK,3,2018-05-06 12:12:56,1,0,5,0
2018-05-06 06:09:36,53,r/CasualUK,3,2018-05-06 11:30:06,1,0,3,0
2018-05-06 06:09:36,53,r/CasualUK,3,2018-05-06 11:37:11,1,0,3,0
2018-05-06 06:09:36,53,r/CasualUK,3,2018-05-06 14:18:20,1,0,2,0
2018-05-06 06:09:36,53,r/CasualUK,3,2018-05-06 14:12:36,1,0,1,0
2018-05-06 06:09:36,53,r/CasualUK,3,2018-05-06 11:39:40,1,0,1,0
2018-05-06 06:09:36,53,r/CasualUK,4,2018-05-06 08:27:39,0,4,117,0
2018-05-06 06:09:36,53,r/CasualUK,4,2018-05-06 08:28:23,1,2,130,0
2018-05-06 06:09:36,53,r/CasualUK,4,2018-05-06 08:30:22,2,0,26,0
2018-05-06 06:09:36,53,r/CasualUK,4,2018-05-06 12:56:17,2,1,6,0
2018-05-06 06:09:36,53,r/CasualUK,4,2018-05-06 13:13:26,3,0,1,0
2018-05-06 06:09:36,53,r/CasualUK,4,2018-05-06 08:29:42,1,1,27,0
2018-05-06 06:09:36,53,r/CasualUK,4,2018-05-06 08:30:27,2,0,6,0
2018-05-06 06:09:36,53,r/CasualUK,4,2018-05-06 11:11:09,1,1,17,0
2018-05-06 06:09:36,53,r/CasualUK,4,2018-05-06 11:16:21,2,0,11,0
2018-05-06 06:09:36,53,r/CasualUK,4,2018-05-06 10:07:10,1,1,14,0
2018-05-06 06:09:36,53,r/CasualUK,4,2018-05-06 12:14:50,2,1,2,0
2018-05-06 06:09:36,53,r/CasualUK,4,2018-05-06 12:46:12,3,0,2,0
2018-05-06 06:09:36,53,r/CasualUK,5,2018-05-06 06:39:26,0,0,9,0
2018-05-06 06:09:36,53,r/CasualUK,6,2018-05-06 09:07:01,0,3,6,0
2018-05-06 06:09:36,53,r/CasualUK,6,2018-05-06 09:22:20,1,0,10,0
2018-05-06 06:09:36,53,r/CasualUK,6,2018-05-06 09:17:45,1,0,4,0
2018-05-06 06:09:36,53,r/CasualUK,6,2018-05-06 10:16:30,1,2,5,0
2018-05-06 06:09:36,53,r/CasualUK,6,2018-05-06 11:11:41,2,2,2,0
2018-05-06 06:09:36,53,r/CasualUK,6,2018-05-06 11:35:56,3,1,4,0
2018-05-06 06:09:36,53,r/CasualUK,6,2018-05-06 12:11:57,4,1,4,0
2018-05-06 06:09:36,53,r/CasualUK,6,2018-05-06 14:17:18,5,0,1,0
2018-05-06 06:09:36,53,r/CasualUK,6,2018-05-06 12:22:48,3,0,3,0
2018-05-06 06:09:36,53,r/CasualUK,6,2018-05-06 14:16:36,2,1,1,0
2018-05-06 06:09:36,53,r/CasualUK,6,2018-05-06 14:38:58,3,1,1,0
2018-05-06 06:09:36,53,r/CasualUK,6,2018-05-06 15:00:52,4,0,1,0
2018-05-06 06:09:36,53,r/CasualUK,7,2018-05-06 09:05:10,0,1,17,0
2018-05-06 06:09:36,53,r/CasualUK,7,2018-05-06 09:47:23,1,2,12,0
2018-05-06 06:09:36,53,r/CasualUK,7,2018-05-06 11:48:01,2,1,3,0
2018-05-06 06:09:36,53,r/CasualUK,7,2018-05-06 12:33:06,3,0,4,0
2018-05-06 06:09:36,53,r/CasualUK,7,2018-05-06 09:48:40,2,0,1,0
2018-05-06 06:09:36,53,r/CasualUK,8,2018-05-06 11:48:09,0,1,10,0
2018-05-06 06:09:36,53,r/CasualUK,8,2018-05-06 12:26:03,1,0,-1,0
2018-05-06 06:09:36,53,r/CasualUK,9,2018-05-06 09:55:26,0,2,7,0
2018-05-06 06:09:36,53,r/CasualUK,9,2018-05-06 10:40:50,1,2,1,0
2018-05-06 06:09:36,53,r/CasualUK,9,2018-05-06 11:08:08,2,2,6,0
2018-05-06 06:09:36,53,r/CasualUK,9,2018-05-06 12:05:53,3,0,2,0
2018-05-06 06:09:36,53,r/CasualUK,9,2018-05-06 12:09:54,3,0,1,0
2018-05-06 06:09:36,53,r/CasualUK,9,2018-05-06 11:02:32,2,1,2,0
2018-05-06 06:09:36,53,r/CasualUK,9,2018-05-06 11:08:37,3,0,1,0
2018-05-06 06:09:36,53,r/CasualUK,9,2018-05-06 14:02:19,1,1,1,0
2018-05-06 06:09:36,53,r/CasualUK,9,2018-05-06 14:37:19,2,0,1,0
2018-05-06 06:09:36,53,r/CasualUK,10,2018-05-06 10:14:31,0,0,4,0
2018-05-06 06:09:36,53,r/CasualUK,11,2018-05-06 10:58:58,0,1,4,0
2018-05-06 06:09:36,53,r/CasualUK,11,2018-05-06 12:09:49,1,0,3,0
2018-05-06 06:09:36,53,r/CasualUK,12,2018-05-06 10:18:45,0,0,3,0
2018-05-06 06:09:36,53,r/CasualUK,13,2018-05-06 07:52:18,0,1,2,0
2018-05-06 06:09:36,53,r/CasualUK,13,2018-05-06 13:43:39,1,0,1,0
2018-05-06 06:09:36,53,r/CasualUK,14,2018-05-06 08:08:42,0,0,2,0
2018-05-06 06:09:36,53,r/CasualUK,15,2018-05-06 08:33:07,0,1,2,0
2018-05-06 06:09:36,53,r/CasualUK,15,2018-05-06 09:47:57,1,0,3,0
2018-05-06 06:09:36,53,r/CasualUK,16,2018-05-06 08:40:30,0,0,2,0
2018-05-06 06:09:36,53,r/CasualUK,17,2018-05-06 08:58:21,0,1,2,0
2018-05-06 06:09:36,53,r/CasualUK,17,2018-05-06 09:48:50,1,1,3,0
2018-05-06 06:09:36,53,r/CasualUK,17,2018-05-06 10:27:20,2,1,2,0
2018-05-06 06:09:36,53,r/CasualUK,17,2018-05-06 10:41:24,3,0,2,0
2018-05-06 06:09:36,53,r/CasualUK,18,2018-05-06 09:02:26,0,1,2,0
2018-05-06 06:09:36,53,r/CasualUK,18,2018-05-06 14:19:40,1,0,1,0
2018-05-06 06:09:36,53,r/CasualUK,19,2018-05-06 11:09:19,0,0,2,0
2018-05-06 06:09:36,53,r/CasualUK,20,2018-05-06 11:49:58,0,0,2,0
2018-05-06 06:09:36,53,r/CasualUK,21,2018-05-06 12:23:51,0,0,2,0
2018-05-06 06:09:36,53,r/CasualUK,22,2018-05-06 13:11:33,0,0,2,0
2018-05-06 06:09:36,53,r/CasualUK,23,2018-05-06 09:41:17,0,0,1,0
2018-05-06 06:09:36,53,r/CasualUK,24,2018-05-06 09:59:48,0,0,1,0
2018-05-06 06:09:36,53,r/CasualUK,25,2018-05-06 10:40:49,0,0,1,0
2018-05-06 06:09:36,53,r/CasualUK,26,2018-05-06 10:42:36,0,0,1,0
2018-05-06 06:09:36,53,r/CasualUK,27,2018-05-06 10:49:57,0,1,1,0
2018-05-06 06:09:36,53,r/CasualUK,27,2018-05-06 11:56:34,1,1,4,0
2018-05-06 06:09:36,53,r/CasualUK,27,2018-05-06 12:08:46,2,0,1,0
2018-05-06 06:09:36,53,r/CasualUK,28,2018-05-06 11:36:17,0,0,1,0
2018-05-06 06:09:36,53,r/CasualUK,29,2018-05-06 11:38:17,0,0,1,0
2018-05-06 06:09:36,53,r/CasualUK,30,2018-05-06 11:39:38,0,0,1,0
2018-05-06 06:09:36,53,r/CasualUK,31,2018-05-06 11:42:05,0,0,1,0
2018-05-06 06:09:36,53,r/CasualUK,32,2018-05-06 12:01:05,0,0,1,0
2018-05-06 06:09:36,53,r/CasualUK,33,2018-05-06 12:21:31,0,0,1,0
2018-05-06 06:09:36,53,r/CasualUK,34,2018-05-06 12:22:42,0,0,1,0
2018-05-06 06:09:36,53,r/CasualUK,35,2018-05-06 12:29:04,0,0,1,0
2018-05-06 06:09:36,53,r/CasualUK,36,2018-05-06 12:32:50,0,0,1,0
2018-05-06 06:09:36,53,r/CasualUK,37,2018-05-06 12:51:03,0,0,1,0
2018-05-06 06:09:36,53,r/CasualUK,38,2018-05-06 13:58:43,0,0,1,0
2018-05-06 06:09:36,53,r/CasualUK,39,2018-05-06 14:07:54,0,0,1,0
2018-05-06 06:09:36,53,r/CasualUK,40,2018-05-06 14:08:14,0,0,1,0
2018-05-06 06:09:36,53,r/CasualUK,41,2018-05-06 14:10:06,0,0,1,0
2018-05-06 06:09:36,53,r/CasualUK,42,2018-05-06 14:10:15,0,0,1,0
2018-05-06 06:09:36,53,r/CasualUK,43,2018-05-06 14:11:37,0,0,1,0
2018-05-06 06:09:36,53,r/CasualUK,44,2018-05-06 14:32:35,0,0,1,0
2018-05-06 06:09:36,53,r/CasualUK,45,2018-05-06 14:35:59,0,0,1,0
2018-05-06 06:09:36,53,r/CasualUK,46,2018-05-06 14:50:01,0,0,1,0
2018-05-06 06:09:36,53,r/CasualUK,47,2018-05-06 08:56:00,0,0,1,0
2018-05-06 06:09:36,53,r/CasualUK,48,2018-05-06 13:10:39,0,0,1,0
2018-05-06 06:09:36,53,r/CasualUK,49,2018-05-06 13:12:14,0,0,1,0
2018-05-06 06:09:36,53,r/CasualUK,50,2018-05-06 11:56:12,0,1,-2,0
2018-05-06 06:09:36,53,r/CasualUK,50,2018-05-06 14:21:43,1,0,1,0
2018-05-06 06:09:36,53,r/CasualUK,51,2018-05-06 13:42:59,0,0,0,0
2018-05-06 06:09:36,53,r/CasualUK,52,2018-05-06 09:07:47,0,3,-8,0
2018-05-06 06:09:36,53,r/CasualUK,52,2018-05-06 09:22:54,1,0,14,0
2018-05-06 06:09:36,53,r/CasualUK,52,2018-05-06 09:33:34,1,1,7,0
2018-05-06 06:09:36,53,r/CasualUK,52,2018-05-06 11:03:19,2,0,7,0
2018-05-06 06:09:36,53,r/CasualUK,52,2018-05-06 09:55:59,1,0,6,0
2018-05-06 07:42:40,54,r/creepyPMs,0,2018-05-06 10:55:03,0,2,1164,0
2018-05-06 07:42:40,54,r/creepyPMs,0,2018-05-06 11:26:44,1,1,335,0
2018-05-06 07:42:40,54,r/creepyPMs,0,2018-05-06 12:52:59,2,1,77,0
2018-05-06 07:42:40,54,r/creepyPMs,0,2018-05-06 13:58:06,3,2,35,0
2018-05-06 07:42:40,54,r/creepyPMs,0,2018-05-06 14:48:14,4,0,2,0
2018-05-06 07:42:40,54,r/creepyPMs,0,2018-05-06 14:15:23,4,1,-3,0
2018-05-06 07:42:40,54,r/creepyPMs,0,2018-05-06 14:43:05,5,0,-2,0
2018-05-06 07:42:40,54,r/creepyPMs,0,2018-05-06 14:12:27,1,1,13,0
2018-05-06 07:42:40,54,r/creepyPMs,0,2018-05-06 14:15:07,2,0,2,0
2018-05-06 07:42:40,54,r/creepyPMs,1,2018-05-06 09:27:24,0,1,453,0
2018-05-06 07:42:40,54,r/creepyPMs,1,2018-05-06 12:51:04,1,0,33,0
2018-05-06 07:42:40,54,r/creepyPMs,2,2018-05-06 10:24:51,0,1,542,0
2018-05-06 07:42:40,54,r/creepyPMs,2,2018-05-06 13:18:03,1,2,198,0
2018-05-06 07:42:40,54,r/creepyPMs,2,2018-05-06 13:20:03,2,1,48,0
2018-05-06 07:42:40,54,r/creepyPMs,2,2018-05-06 13:20:40,3,1,13,0
2018-05-06 07:42:40,54,r/creepyPMs,2,2018-05-06 13:21:05,4,0,13,0
2018-05-06 07:42:40,54,r/creepyPMs,2,2018-05-06 13:54:01,2,1,1,0
2018-05-06 07:42:40,54,r/creepyPMs,2,2018-05-06 13:56:49,3,0,0,0
2018-05-06 07:42:40,54,r/creepyPMs,3,2018-05-06 10:41:55,0,1,813,0
2018-05-06 07:42:40,54,r/creepyPMs,3,2018-05-06 11:01:21,1,0,139,0
2018-05-06 07:42:40,54,r/creepyPMs,4,2018-05-06 11:22:57,0,1,125,0
2018-05-06 07:42:40,54,r/creepyPMs,4,2018-05-06 11:29:07,1,0,43,0
2018-05-06 07:42:40,54,r/creepyPMs,5,2018-05-06 12:39:01,0,0,41,0
2018-05-06 07:42:40,54,r/creepyPMs,6,2018-05-06 09:38:35,0,1,68,0
2018-05-06 07:42:40,54,r/creepyPMs,6,2018-05-06 12:29:17,1,0,43,0
2018-05-06 07:42:40,54,r/creepyPMs,7,2018-05-06 09:29:08,0,1,121,0
2018-05-06 07:42:40,54,r/creepyPMs,7,2018-05-06 09:52:51,1,1,39,0
2018-05-06 07:42:40,54,r/creepyPMs,7,2018-05-06 11:48:38,2,0,45,0
2018-05-06 07:42:40,54,r/creepyPMs,8,2018-05-06 12:54:37,0,2,53,0
2018-05-06 07:42:40,54,r/creepyPMs,8,2018-05-06 13:02:23,1,1,32,0
2018-05-06 07:42:40,54,r/creepyPMs,8,2018-05-06 13:22:51,2,0,9,0
2018-05-06 07:42:40,54,r/creepyPMs,8,2018-05-06 13:44:20,1,0,4,0
2018-05-06 07:42:40,54,r/creepyPMs,9,2018-05-06 09:21:55,0,0,42,0
2018-05-06 07:42:40,54,r/creepyPMs,10,2018-05-06 11:49:54,0,0,12,0
2018-05-06 07:42:40,54,r/creepyPMs,11,2018-05-06 13:46:55,0,0,12,0
2018-05-06 07:42:40,54,r/creepyPMs,12,2018-05-06 13:24:19,0,0,11,0
2018-05-06 07:42:40,54,r/creepyPMs,13,2018-05-06 10:20:57,0,0,62,0
2018-05-06 07:42:40,54,r/creepyPMs,14,2018-05-06 13:23:59,0,1,7,0
2018-05-06 07:42:40,54,r/creepyPMs,14,2018-05-06 14:15:50,1,0,1,0
2018-05-06 07:42:40,54,r/creepyPMs,15,2018-05-06 10:48:14,0,0,20,0
2018-05-06 07:42:40,54,r/creepyPMs,16,2018-05-06 13:02:20,0,0,5,0
2018-05-06 07:42:40,54,r/creepyPMs,17,2018-05-06 13:32:11,0,0,3,0
2018-05-06 07:42:40,54,r/creepyPMs,18,2018-05-06 13:52:27,0,0,3,0
2018-05-06 07:42:40,54,r/creepyPMs,19,2018-05-06 14:04:05,0,0,3,0
2018-05-06 07:42:40,54,r/creepyPMs,20,2018-05-06 13:28:12,0,0,2,0
2018-05-06 07:42:40,54,r/creepyPMs,21,2018-05-06 14:28:35,0,0,2,0
2018-05-06 07:42:40,54,r/creepyPMs,22,2018-05-06 11:31:53,0,1,-1,0
2018-05-06 07:42:40,54,r/creepyPMs,22,2018-05-06 11:39:23,1,0,1,0
2018-05-06 07:42:40,54,r/creepyPMs,23,2018-05-06 14:57:31,0,0,1,0
2018-05-06 12:05:13,55,r/AnimalsBeingDerps,0,2018-05-06 12:21:40,0,0,117,0
2018-05-06 12:05:13,55,r/AnimalsBeingDerps,1,2018-05-06 12:30:04,0,1,44,0
2018-05-06 12:05:13,55,r/AnimalsBeingDerps,1,2018-05-06 13:50:17,1,1,14,0
2018-05-06 12:05:13,55,r/AnimalsBeingDerps,1,2018-05-06 14:54:03,2,0,1,0
2018-05-06 12:05:13,55,r/AnimalsBeingDerps,2,2018-05-06 12:46:04,0,1,31,0
2018-05-06 12:05:13,55,r/AnimalsBeingDerps,2,2018-05-06 12:46:11,1,1,8,0
2018-05-06 12:05:13,55,r/AnimalsBeingDerps,2,2018-05-06 14:10:25,2,0,4,0
2018-05-06 12:05:13,55,r/AnimalsBeingDerps,3,2018-05-06 12:38:10,0,0,9,0
2018-05-06 12:05:13,55,r/AnimalsBeingDerps,4,2018-05-06 12:54:22,0,0,2,0
2018-05-06 12:05:13,55,r/AnimalsBeingDerps,5,2018-05-06 14:42:00,0,0,2,0
2018-05-06 12:05:13,55,r/AnimalsBeingDerps,6,2018-05-06 14:43:25,0,0,2,0
2018-05-06 12:05:13,55,r/AnimalsBeingDerps,7,2018-05-06 12:36:12,0,2,1,0
2018-05-06 12:05:13,55,r/AnimalsBeingDerps,7,2018-05-06 13:28:40,1,0,5,0
2018-05-06 12:05:13,55,r/AnimalsBeingDerps,7,2018-05-06 13:26:09,1,0,3,0
2018-05-06 12:05:13,55,r/AnimalsBeingDerps,8,2018-05-06 14:10:59,0,0,1,0
2018-05-06 12:05:13,55,r/AnimalsBeingDerps,9,2018-05-06 14:27:17,0,0,1,0
2018-05-06 12:05:13,55,r/AnimalsBeingDerps,10,2018-05-06 14:29:18,0,0,1,0
2018-05-06 12:05:13,55,r/AnimalsBeingDerps,11,2018-05-06 14:31:58,0,0,1,0
2018-05-06 12:05:13,55,r/AnimalsBeingDerps,12,2018-05-06 14:34:58,0,0,1,0
2018-05-06 12:05:13,55,r/AnimalsBeingDerps,13,2018-05-06 14:43:33,0,0,1,0
2018-05-06 12:05:13,55,r/AnimalsBeingDerps,14,2018-05-06 14:51:24,0,0,1,0
2018-05-06 12:05:13,55,r/AnimalsBeingDerps,15,2018-05-06 14:53:22,0,0,1,0
2018-05-06 12:05:13,55,r/AnimalsBeingDerps,16,2018-05-06 14:57:13,0,0,1,0
2018-05-06 12:05:13,55,r/AnimalsBeingDerps,17,2018-05-06 14:58:07,0,0,1,0
2018-05-06 12:05:13,55,r/AnimalsBeingDerps,18,2018-05-06 12:45:55,0,1,1,0
2018-05-06 12:05:13,55,r/AnimalsBeingDerps,18,2018-05-06 13:20:02,1,0,3,0
2018-05-06 05:31:46,56,r/AnimalsBeingJerks,0,2018-05-06 11:18:02,0,2,338,0
2018-05-06 05:31:46,56,r/AnimalsBeingJerks,0,2018-05-06 14:54:50,1,2,6,0
2018-05-06 05:31:46,56,r/AnimalsBeingJerks,0,2018-05-06 15:10:40,2,0,1,0
2018-05-06 05:31:46,56,r/AnimalsBeingJerks,0,2018-05-06 14:59:42,2,0,1,0
2018-05-06 05:31:46,56,r/AnimalsBeingJerks,0,2018-05-06 15:04:35,1,2,2,0
2018-05-06 05:31:46,56,r/AnimalsBeingJerks,0,2018-05-06 15:08:02,2,0,1,0
2018-05-06 05:31:46,56,r/AnimalsBeingJerks,0,2018-05-06 15:10:40,2,0,1,0
2018-05-06 05:31:46,56,r/AnimalsBeingJerks,1,2018-05-06 05:52:48,0,2,369,0
2018-05-06 05:31:46,56,r/AnimalsBeingJerks,1,2018-05-06 14:37:42,1,0,4,0
2018-05-06 05:31:46,56,r/AnimalsBeingJerks,1,2018-05-06 14:19:23,1,1,-1,0
2018-05-06 05:31:46,56,r/AnimalsBeingJerks,1,2018-05-06 14:29:04,2,0,2,0
2018-05-06 05:31:46,56,r/AnimalsBeingJerks,2,2018-05-06 06:55:34,0,1,409,0
2018-05-06 05:31:46,56,r/AnimalsBeingJerks,2,2018-05-06 12:57:09,1,1,36,0
2018-05-06 05:31:46,56,r/AnimalsBeingJerks,2,2018-05-06 14:03:44,2,1,10,0
2018-05-06 05:31:46,56,r/AnimalsBeingJerks,2,2018-05-06 14:15:26,3,0,6,0
2018-05-06 05:31:46,56,r/AnimalsBeingJerks,3,2018-05-06 11:10:03,0,2,81,0
2018-05-06 05:31:46,56,r/AnimalsBeingJerks,3,2018-05-06 12:00:03,1,1,82,0
2018-05-06 05:31:46,56,r/AnimalsBeingJerks,3,2018-05-06 12:13:11,2,1,25,0
2018-05-06 05:31:46,56,r/AnimalsBeingJerks,3,2018-05-06 12:44:18,3,1,5,0
2018-05-06 05:31:46,56,r/AnimalsBeingJerks,3,2018-05-06 12:54:53,4,0,6,0
2018-05-06 05:31:46,56,r/AnimalsBeingJerks,3,2018-05-06 13:33:39,1,0,2,0
2018-05-06 05:31:46,56,r/AnimalsBeingJerks,4,2018-05-06 11:59:05,0,1,67,0
2018-05-06 05:31:46,56,r/AnimalsBeingJerks,4,2018-05-06 14:54:34,1,0,0,0
2018-05-06 05:31:46,56,r/AnimalsBeingJerks,5,2018-05-06 08:00:34,0,1,45,0
2018-05-06 05:31:46,56,r/AnimalsBeingJerks,5,2018-05-06 14:28:36,1,0,1,0
2018-05-06 05:31:46,56,r/AnimalsBeingJerks,6,2018-05-06 11:57:53,0,0,38,0
2018-05-06 05:31:46,56,r/AnimalsBeingJerks,7,2018-05-06 05:59:59,0,1,145,0
2018-05-06 05:31:46,56,r/AnimalsBeingJerks,7,2018-05-06 11:45:25,1,2,69,0
2018-05-06 05:31:46,56,r/AnimalsBeingJerks,7,2018-05-06 12:15:38,2,0,18,0
2018-05-06 05:31:46,56,r/AnimalsBeingJerks,7,2018-05-06 13:29:14,2,2,5,0
2018-05-06 05:31:46,56,r/AnimalsBeingJerks,7,2018-05-06 13:34:10,3,0,5,0
2018-05-06 05:31:46,56,r/AnimalsBeingJerks,7,2018-05-06 14:36:11,3,1,1,0
2018-05-06 05:31:46,56,r/AnimalsBeingJerks,7,2018-05-06 14:52:58,4,0,1,0
2018-05-06 05:31:46,56,r/AnimalsBeingJerks,8,2018-05-06 12:19:24,0,2,21,0
2018-05-06 05:31:46,56,r/AnimalsBeingJerks,8,2018-05-06 12:23:00,1,3,12,0
2018-05-06 05:31:46,56,r/AnimalsBeingJerks,8,2018-05-06 12:34:02,2,1,23,0
2018-05-06 05:31:46,56,r/AnimalsBeingJerks,8,2018-05-06 14:13:14,3,1,4,0
2018-05-06 05:31:46,56,r/AnimalsBeingJerks,8,2018-05-06 14:55:15,4,0,1,0
2018-05-06 05:31:46,56,r/AnimalsBeingJerks,8,2018-05-06 13:15:29,2,0,3,0
2018-05-06 05:31:46,56,r/AnimalsBeingJerks,8,2018-05-06 13:47:21,2,0,3,0
2018-05-06 05:31:46,56,r/AnimalsBeingJerks,8,2018-05-06 14:44:07,1,0,1,0
2018-05-06 05:31:46,56,r/AnimalsBeingJerks,9,2018-05-06 10:57:35,0,0,15,0
2018-05-06 05:31:46,56,r/AnimalsBeingJerks,10,2018-05-06 11:12:50,0,0,12,0
2018-05-06 05:31:46,56,r/AnimalsBeingJerks,11,2018-05-06 12:28:12,0,3,7,0
2018-05-06 05:31:46,56,r/AnimalsBeingJerks,11,2018-05-06 13:35:04,1,0,14,0
2018-05-06 05:31:46,56,r/AnimalsBeingJerks,11,2018-05-06 13:28:23,1,0,3,0
2018-05-06 05:31:46,56,r/AnimalsBeingJerks,11,2018-05-06 15:01:32,1,0,1,0
2018-05-06 05:31:46,56,r/AnimalsBeingJerks,12,2018-05-06 11:57:21,0,0,6,0
2018-05-06 05:31:46,56,r/AnimalsBeingJerks,13,2018-05-06 12:52:36,0,0,3,0
2018-05-06 05:31:46,56,r/AnimalsBeingJerks,14,2018-05-06 13:01:57,0,0,3,0
2018-05-06 05:31:46,56,r/AnimalsBeingJerks,15,2018-05-06 13:33:58,0,0,3,0
2018-05-06 05:31:46,56,r/AnimalsBeingJerks,16,2018-05-06 13:00:03,0,1,6,0
2018-05-06 05:31:46,56,r/AnimalsBeingJerks,16,2018-05-06 14:56:44,1,0,-1,0
2018-05-06 05:31:46,56,r/AnimalsBeingJerks,17,2018-05-06 13:18:28,0,0,2,0
2018-05-06 05:31:46,56,r/AnimalsBeingJerks,18,2018-05-06 13:25:46,0,0,2,0
2018-05-06 05:31:46,56,r/AnimalsBeingJerks,19,2018-05-06 13:35:39,0,1,2,0
2018-05-06 05:31:46,56,r/AnimalsBeingJerks,19,2018-05-06 14:53:01,1,0,1,0
2018-05-06 05:31:46,56,r/AnimalsBeingJerks,20,2018-05-06 13:57:04,0,0,2,0
2018-05-06 05:31:46,56,r/AnimalsBeingJerks,21,2018-05-06 14:50:17,0,0,2,0
2018-05-06 05:31:46,56,r/AnimalsBeingJerks,22,2018-05-06 13:32:24,0,2,1,0
2018-05-06 05:31:46,56,r/AnimalsBeingJerks,22,2018-05-06 13:46:58,1,1,8,0
2018-05-06 05:31:46,56,r/AnimalsBeingJerks,22,2018-05-06 14:00:43,2,0,4,0
2018-05-06 05:31:46,56,r/AnimalsBeingJerks,22,2018-05-06 13:43:03,1,1,1,0
2018-05-06 05:31:46,56,r/AnimalsBeingJerks,22,2018-05-06 13:47:02,2,0,1,0
2018-05-06 05:31:46,56,r/AnimalsBeingJerks,23,2018-05-06 08:58:42,0,1,7,0
2018-05-06 05:31:46,56,r/AnimalsBeingJerks,23,2018-05-06 10:41:55,1,2,-11,0
2018-05-06 05:31:46,56,r/AnimalsBeingJerks,23,2018-05-06 12:49:04,2,0,4,0
2018-05-06 05:31:46,56,r/AnimalsBeingJerks,23,2018-05-06 10:50:19,2,1,0,0
2018-05-06 05:31:46,56,r/AnimalsBeingJerks,23,2018-05-06 12:04:56,3,1,6,0
2018-05-06 05:31:46,56,r/AnimalsBeingJerks,23,2018-05-06 12:33:52,4,0,3,0
2018-05-06 05:31:46,56,r/AnimalsBeingJerks,24,2018-05-06 13:36:41,0,0,1,0
2018-05-06 05:31:46,56,r/AnimalsBeingJerks,25,2018-05-06 13:43:59,0,0,1,0
2018-05-06 05:31:46,56,r/AnimalsBeingJerks,26,2018-05-06 13:47:32,0,0,1,0
2018-05-06 05:31:46,56,r/AnimalsBeingJerks,27,2018-05-06 14:00:09,0,0,0,0
2018-05-06 05:31:46,56,r/AnimalsBeingJerks,28,2018-05-06 14:35:35,0,0,1,0
2018-05-06 05:31:46,56,r/AnimalsBeingJerks,29,2018-05-06 15:09:21,0,0,1,0
2018-05-06 05:31:46,56,r/AnimalsBeingJerks,30,2018-05-06 15:10:17,0,0,1,0
2018-05-06 05:31:46,56,r/AnimalsBeingJerks,31,2018-05-06 11:11:06,0,0,-6,0
2018-05-06 12:06:13,57,r/Zoomies,0,2018-05-06 12:55:06,0,0,69,0
2018-05-06 12:06:13,57,r/Zoomies,1,2018-05-06 13:35:44,0,0,19,0
2018-05-06 12:06:13,57,r/Zoomies,2,2018-05-06 13:38:44,0,0,16,0
2018-05-06 12:06:13,57,r/Zoomies,3,2018-05-06 13:42:11,0,0,5,0
2018-05-06 12:06:13,57,r/Zoomies,4,2018-05-06 12:55:52,0,0,13,0
2018-05-06 12:06:13,57,r/Zoomies,5,2018-05-06 14:51:47,0,0,2,0
2018-05-06 12:06:13,57,r/Zoomies,6,2018-05-06 14:25:08,0,0,1,0
2018-05-06 12:06:13,57,r/Zoomies,7,2018-05-06 13:47:34,0,0,-1,0
2018-05-06 12:06:13,57,r/Zoomies,8,2018-05-06 14:23:39,0,1,-10,0
2018-05-06 12:06:13,57,r/Zoomies,8,2018-05-06 14:36:40,1,0,6,0
2018-05-06 06:42:56,58,r/gaming,0,2018-05-06 07:01:59,0,15,860,0
2018-05-06 06:42:56,58,r/gaming,0,2018-05-06 08:28:08,1,2,127,0
2018-05-06 06:42:56,58,r/gaming,0,2018-05-06 13:29:27,2,1,16,0
2018-05-06 06:42:56,58,r/gaming,0,2018-05-06 14:37:58,3,0,1,0
2018-05-06 06:42:56,58,r/gaming,0,2018-05-06 13:31:04,2,1,7,0
2018-05-06 06:42:56,58,r/gaming,0,2018-05-06 13:33:23,3,2,29,0
2018-05-06 06:42:56,58,r/gaming,0,2018-05-06 13:40:07,4,1,15,0
2018-05-06 06:42:56,58,r/gaming,0,2018-05-06 14:08:47,5,1,8,0
2018-05-06 06:42:56,58,r/gaming,0,2018-05-06 14:11:13,6,0,7,0
2018-05-06 06:42:56,58,r/gaming,0,2018-05-06 13:46:14,4,0,2,0
2018-05-06 06:42:56,58,r/gaming,0,2018-05-06 11:39:49,1,0,53,0
2018-05-06 06:42:56,58,r/gaming,0,2018-05-06 09:00:58,1,1,145,0
2018-05-06 06:42:56,58,r/gaming,0,2018-05-06 15:10:00,2,0,1,0
2018-05-06 06:42:56,58,r/gaming,0,2018-05-06 11:37:47,1,2,70,0
2018-05-06 06:42:56,58,r/gaming,0,2018-05-06 13:14:02,2,4,19,0
2018-05-06 06:42:56,58,r/gaming,0,2018-05-06 13:18:24,3,2,11,0
2018-05-06 06:42:56,58,r/gaming,0,2018-05-06 13:20:47,4,3,6,0
2018-05-06 06:42:56,58,r/gaming,0,2018-05-06 13:30:12,5,0,2,0
2018-05-06 06:42:56,58,r/gaming,0,2018-05-06 13:30:21,5,0,2,0
2018-05-06 06:42:56,58,r/gaming,0,2018-05-06 14:53:09,5,0,1,0
2018-05-06 06:42:56,58,r/gaming,0,2018-05-06 13:30:16,4,0,3,0
2018-05-06 06:42:56,58,r/gaming,0,2018-05-06 13:30:10,3,1,3,0
2018-05-06 06:42:56,58,r/gaming,0,2018-05-06 14:00:00,4,0,1,0
2018-05-06 06:42:56,58,r/gaming,0,2018-05-06 13:30:13,3,0,3,0
2018-05-06 06:42:56,58,r/gaming,0,2018-05-06 14:30:48,3,0,1,0
2018-05-06 06:42:56,58,r/gaming,0,2018-05-06 12:21:44,2,0,6,0
2018-05-06 06:42:56,58,r/gaming,0,2018-05-06 11:24:10,1,0,17,0
2018-05-06 06:42:56,58,r/gaming,0,2018-05-06 11:44:29,1,0,14,0
2018-05-06 06:42:56,58,r/gaming,0,2018-05-06 13:03:38,1,0,14,0
2018-05-06 06:42:56,58,r/gaming,0,2018-05-06 13:15:12,1,0,15,0
2018-05-06 06:42:56,58,r/gaming,0,2018-05-06 10:55:54,1,1,27,0
2018-05-06 06:42:56,58,r/gaming,0,2018-05-06 11:45:59,2,6,99,0
2018-05-06 06:42:56,58,r/gaming,0,2018-05-06 12:13:40,3,3,39,0
2018-05-06 06:42:56,58,r/gaming,0,2018-05-06 13:07:22,4,0,12,0
2018-05-06 06:42:56,58,r/gaming,0,2018-05-06 13:00:45,4,5,38,0
2018-05-06 06:42:56,58,r/gaming,0,2018-05-06 13:15:23,5,0,17,0
2018-05-06 06:42:56,58,r/gaming,0,2018-05-06 13:21:07,5,0,5,0
2018-05-06 06:42:56,58,r/gaming,0,2018-05-06 13:07:07,5,2,4,0
2018-05-06 06:42:56,58,r/gaming,0,2018-05-06 13:07:59,6,2,24,0
2018-05-06 06:42:56,58,r/gaming,0,2018-05-06 13:13:57,7,2,19,0
2018-05-06 06:42:56,58,r/gaming,0,2018-05-06 13:17:44,8,0,13,0
2018-05-06 06:42:56,58,r/gaming,0,2018-05-06 13:27:21,8,0,3,0
2018-05-06 06:42:56,58,r/gaming,0,2018-05-06 13:24:52,7,1,4,0
2018-05-06 06:42:56,58,r/gaming,0,2018-05-06 13:33:18,8,0,2,0
2018-05-06 06:42:56,58,r/gaming,0,2018-05-06 13:19:31,6,1,-4,0
2018-05-06 06:42:56,58,r/gaming,0,2018-05-06 13:22:35,7,0,1,0
2018-05-06 06:42:56,58,r/gaming,0,2018-05-06 13:10:27,5,1,1,0
2018-05-06 06:42:56,58,r/gaming,0,2018-05-06 13:12:05,6,1,-12,0
2018-05-06 06:42:56,58,r/gaming,0,2018-05-06 13:26:59,7,0,3,0
2018-05-06 06:42:56,58,r/gaming,0,2018-05-06 15:07:39,5,0,1,0
2018-05-06 06:42:56,58,r/gaming,0,2018-05-06 13:26:07,4,0,1,0
2018-05-06 06:42:56,58,r/gaming,0,2018-05-06 12:13:38,3,0,12,0
2018-05-06 06:42:56,58,r/gaming,0,2018-05-06 12:38:11,3,0,8,0
2018-05-06 06:42:56,58,r/gaming,0,2018-05-06 12:39:27,3,0,5,0
2018-05-06 06:42:56,58,r/gaming,0,2018-05-06 13:22:25,3,0,3,0
2018-05-06 06:42:56,58,r/gaming,0,2018-05-06 14:33:58,3,0,1,0
2018-05-06 06:42:56,58,r/gaming,0,2018-05-06 13:16:12,1,0,3,0
2018-05-06 06:42:56,58,r/gaming,0,2018-05-06 13:22:45,1,2,3,0
2018-05-06 06:42:56,58,r/gaming,0,2018-05-06 13:59:27,2,1,2,0
2018-05-06 06:42:56,58,r/gaming,0,2018-05-06 15:02:48,3,0,1,0
2018-05-06 06:42:56,58,r/gaming,0,2018-05-06 13:46:26,2,1,1,0
2018-05-06 06:42:56,58,r/gaming,0,2018-05-06 15:03:32,3,0,1,0
2018-05-06 06:42:56,58,r/gaming,0,2018-05-06 13:30:43,1,0,3,0
2018-05-06 06:42:56,58,r/gaming,0,2018-05-06 07:29:50,1,0,6,0
2018-05-06 06:42:56,58,r/gaming,0,2018-05-06 13:29:00,1,0,2,0
2018-05-06 06:42:56,58,r/gaming,0,2018-05-06 14:59:23,1,0,1,0
2018-05-06 06:42:56,58,r/gaming,1,2018-05-06 08:04:57,0,0,96,0
2018-05-06 06:42:56,58,r/gaming,2,2018-05-06 10:06:06,0,1,80,0
2018-05-06 06:42:56,58,r/gaming,2,2018-05-06 13:17:07,1,0,16,0
2018-05-06 06:42:56,58,r/gaming,3,2018-05-06 08:10:03,0,1,85,0
2018-05-06 06:42:56,58,r/gaming,3,2018-05-06 13:07:02,1,1,19,0
2018-05-06 06:42:56,58,r/gaming,3,2018-05-06 14:03:49,2,2,4,0
2018-05-06 06:42:56,58,r/gaming,3,2018-05-06 14:07:28,3,1,9,0
2018-05-06 06:42:56,58,r/gaming,3,2018-05-06 14:39:48,4,0,-3,0
2018-05-06 06:42:56,58,r/gaming,3,2018-05-06 14:30:34,3,1,2,0
2018-05-06 06:42:56,58,r/gaming,3,2018-05-06 14:37:11,4,1,2,0
2018-05-06 06:42:56,58,r/gaming,3,2018-05-06 14:47:53,5,0,2,0
2018-05-06 06:42:56,58,r/gaming,4,2018-05-06 07:34:09,0,2,104,0
2018-05-06 06:42:56,58,r/gaming,4,2018-05-06 09:36:17,1,1,39,0
2018-05-06 06:42:56,58,r/gaming,4,2018-05-06 11:30:18,2,0,11,0
2018-05-06 06:42:56,58,r/gaming,4,2018-05-06 13:05:08,1,0,10,0
2018-05-06 06:42:56,58,r/gaming,5,2018-05-06 07:00:42,0,1,56,0
2018-05-06 06:42:56,58,r/gaming,5,2018-05-06 12:22:50,1,1,43,0
2018-05-06 06:42:56,58,r/gaming,5,2018-05-06 12:33:45,2,1,20,0
2018-05-06 06:42:56,58,r/gaming,5,2018-05-06 13:40:46,3,0,6,0
2018-05-06 06:42:56,58,r/gaming,6,2018-05-06 11:33:51,0,0,24,0
2018-05-06 06:42:56,58,r/gaming,7,2018-05-06 13:02:24,0,0,20,0
2018-05-06 06:42:56,58,r/gaming,8,2018-05-06 13:18:37,0,1,6,0
2018-05-06 06:42:56,58,r/gaming,8,2018-05-06 13:32:04,1,1,3,0
2018-05-06 06:42:56,58,r/gaming,8,2018-05-06 14:39:55,2,0,1,0
2018-05-06 06:42:56,58,r/gaming,9,2018-05-06 10:20:18,0,0,12,0
2018-05-06 06:42:56,58,r/gaming,10,2018-05-06 13:13:25,0,0,3,0
2018-05-06 06:42:56,58,r/gaming,11,2018-05-06 07:09:05,0,1,9,0
2018-05-06 06:42:56,58,r/gaming,11,2018-05-06 13:03:21,1,0,0,0
2018-05-06 06:42:56,58,r/gaming,12,2018-05-06 13:17:44,0,0,3,0
2018-05-06 06:42:56,58,r/gaming,13,2018-05-06 13:20:49,0,0,3,0
2018-05-06 06:42:56,58,r/gaming,14,2018-05-06 07:25:06,0,1,4,0
2018-05-06 06:42:56,58,r/gaming,14,2018-05-06 13:28:34,1,0,2,0
2018-05-06 06:42:56,58,r/gaming,15,2018-05-06 09:19:54,0,0,5,0
2018-05-06 06:42:56,58,r/gaming,16,2018-05-06 10:18:19,0,0,5,0
2018-05-06 06:42:56,58,r/gaming,17,2018-05-06 13:26:51,0,0,2,0
2018-05-06 06:42:56,58,r/gaming,18,2018-05-06 07:06:31,0,0,3,0
2018-05-06 06:42:56,58,r/gaming,19,2018-05-06 08:13:42,0,1,3,0
2018-05-06 06:42:56,58,r/gaming,19,2018-05-06 13:27:32,1,1,1,0
2018-05-06 06:42:56,58,r/gaming,19,2018-05-06 13:55:06,2,0,1,0
2018-05-06 06:42:56,58,r/gaming,20,2018-05-06 11:56:44,0,0,2,0
2018-05-06 06:42:56,58,r/gaming,21,2018-05-06 13:14:32,0,0,1,0
2018-05-06 06:42:56,58,r/gaming,22,2018-05-06 13:17:27,0,0,1,0
2018-05-06 06:42:56,58,r/gaming,23,2018-05-06 13:18:10,0,0,1,0
2018-05-06 06:42:56,58,r/gaming,24,2018-05-06 13:19:11,0,0,1,0
2018-05-06 06:42:56,58,r/gaming,25,2018-05-06 13:20:10,0,0,1,0
2018-05-06 06:42:56,58,r/gaming,26,2018-05-06 13:22:23,0,0,1,0
2018-05-06 06:42:56,58,r/gaming,27,2018-05-06 13:24:03,0,0,1,0
2018-05-06 06:42:56,58,r/gaming,28,2018-05-06 13:24:11,0,0,1,0
2018-05-06 06:42:56,58,r/gaming,29,2018-05-06 13:25:04,0,0,1,0
2018-05-06 06:42:56,58,r/gaming,30,2018-05-06 13:26:26,0,0,1,0
2018-05-06 06:42:56,58,r/gaming,31,2018-05-06 13:29:04,0,0,1,0
2018-05-06 06:42:56,58,r/gaming,32,2018-05-06 13:31:22,0,0,1,0
2018-05-06 06:42:56,58,r/gaming,33,2018-05-06 13:32:03,0,0,1,0
2018-05-06 06:42:56,58,r/gaming,34,2018-05-06 13:35:35,0,0,1,0
2018-05-06 06:42:56,58,r/gaming,35,2018-05-06 13:35:51,0,0,1,0
2018-05-06 06:42:56,58,r/gaming,36,2018-05-06 13:40:06,0,0,1,0
2018-05-06 06:42:56,58,r/gaming,37,2018-05-06 13:56:55,0,0,1,0
2018-05-06 06:42:56,58,r/gaming,38,2018-05-06 14:07:39,0,0,1,0
2018-05-06 06:42:56,58,r/gaming,39,2018-05-06 14:18:11,0,0,1,0
2018-05-06 06:42:56,58,r/gaming,40,2018-05-06 14:35:43,0,0,1,0
2018-05-06 06:42:56,58,r/gaming,41,2018-05-06 14:46:06,0,0,1,0
2018-05-06 06:42:56,58,r/gaming,42,2018-05-06 14:46:12,0,0,1,0
2018-05-06 06:42:56,58,r/gaming,43,2018-05-06 14:47:00,0,0,1,0
2018-05-06 06:42:56,58,r/gaming,44,2018-05-06 14:49:54,0,0,1,0
2018-05-06 06:42:56,58,r/gaming,45,2018-05-06 14:50:14,0,0,1,0
2018-05-06 06:42:56,58,r/gaming,46,2018-05-06 14:54:01,0,0,1,0
2018-05-06 06:42:56,58,r/gaming,47,2018-05-06 15:10:23,0,0,1,0
2018-05-06 06:42:56,58,r/gaming,48,2018-05-06 07:40:30,0,0,1,0
2018-05-06 06:42:56,58,r/gaming,49,2018-05-06 07:33:11,0,0,1,0
2018-05-06 06:42:56,58,r/gaming,50,2018-05-06 08:32:42,0,0,1,0
2018-05-06 06:42:56,58,r/gaming,51,2018-05-06 11:13:09,0,0,1,0
2018-05-06 06:42:56,58,r/gaming,52,2018-05-06 08:44:09,0,0,0,0
2018-05-06 06:42:56,58,r/gaming,53,2018-05-06 07:25:52,0,0,0,0
2018-05-06 06:42:56,58,r/gaming,54,2018-05-06 12:18:30,0,0,0,0
2018-05-06 06:42:56,58,r/gaming,55,2018-05-06 12:24:08,0,0,0,0
2018-05-06 06:42:56,58,r/gaming,56,2018-05-06 12:38:09,0,0,0,0
2018-05-06 06:42:56,58,r/gaming,57,2018-05-06 12:47:46,0,0,0,0
2018-05-06 06:42:56,58,r/gaming,58,2018-05-06 12:48:42,0,0,0,0
2018-05-06 06:42:56,58,r/gaming,59,2018-05-06 13:04:34,0,0,0,0
2018-05-06 06:42:56,58,r/gaming,60,2018-05-06 13:06:04,0,0,0,0
2018-05-06 06:42:56,58,r/gaming,61,2018-05-06 13:09:24,0,0,0,0
2018-05-06 06:42:56,58,r/gaming,62,2018-05-06 13:12:34,0,0,0,0
2018-05-06 06:42:56,58,r/gaming,63,2018-05-06 14:31:29,0,0,0,0
2018-05-06 06:42:56,58,r/gaming,64,2018-05-06 08:54:32,0,0,-1,0
2018-05-06 06:42:56,58,r/gaming,65,2018-05-06 12:20:29,0,0,-1,0
2018-05-06 06:42:56,58,r/gaming,66,2018-05-06 13:11:34,0,0,-1,0
2018-05-06 06:42:56,58,r/gaming,67,2018-05-06 10:01:59,0,0,-2,0
2018-05-06 06:42:56,58,r/gaming,68,2018-05-06 09:39:55,0,0,-5,0
2018-05-06 05:11:08,59,r/quityourbullshit,0,2018-05-06 05:11:08,0,1,1,0
2018-05-06 05:11:08,59,r/quityourbullshit,1,2018-05-06 06:00:29,0,3,1918,0
2018-05-06 05:11:08,59,r/quityourbullshit,1,2018-05-06 11:53:37,1,2,385,0
2018-05-06 05:11:08,59,r/quityourbullshit,1,2018-05-06 12:17:09,2,1,73,0
2018-05-06 05:11:08,59,r/quityourbullshit,1,2018-05-06 12:38:07,3,1,58,0
2018-05-06 05:11:08,59,r/quityourbullshit,1,2018-05-06 13:14:45,4,1,47,0
2018-05-06 05:11:08,59,r/quityourbullshit,1,2018-05-06 13:31:58,5,1,30,0
2018-05-06 05:11:08,59,r/quityourbullshit,1,2018-05-06 14:36:27,6,0,14,0
2018-05-06 05:11:08,59,r/quityourbullshit,1,2018-05-06 14:44:15,2,1,1,0
2018-05-06 05:11:08,59,r/quityourbullshit,1,2018-05-06 14:44:15,3,1,1,0
2018-05-06 05:11:08,59,r/quityourbullshit,1,2018-05-06 15:01:26,4,1,1,0
2018-05-06 05:11:08,59,r/quityourbullshit,1,2018-05-06 15:01:26,5,0,1,0
2018-05-06 05:11:08,59,r/quityourbullshit,1,2018-05-06 12:29:52,1,0,33,0
2018-05-06 05:11:08,59,r/quityourbullshit,1,2018-05-06 12:45:07,1,0,16,0
2018-05-06 05:11:08,59,r/quityourbullshit,2,2018-05-06 05:13:40,0,0,601,0
2018-05-06 05:11:08,59,r/quityourbullshit,3,2018-05-06 05:17:21,0,3,960,0
2018-05-06 05:11:08,59,r/quityourbullshit,3,2018-05-06 11:31:05,1,0,409,0
2018-05-06 05:11:08,59,r/quityourbullshit,3,2018-05-06 13:37:40,1,0,40,0
2018-05-06 05:11:08,59,r/quityourbullshit,3,2018-05-06 14:37:07,1,0,11,0
2018-05-06 05:11:08,59,r/quityourbullshit,4,2018-05-06 05:14:45,0,1,477,0
2018-05-06 05:11:08,59,r/quityourbullshit,4,2018-05-06 05:15:09,1,4,325,0
2018-05-06 05:11:08,59,r/quityourbullshit,4,2018-05-06 05:15:40,2,2,114,0
2018-05-06 05:11:08,59,r/quityourbullshit,4,2018-05-06 11:42:59,3,1,80,0
2018-05-06 05:11:08,59,r/quityourbullshit,4,2018-05-06 11:52:53,4,1,72,0
2018-05-06 05:11:08,59,r/quityourbullshit,4,2018-05-06 12:43:02,5,2,48,0
2018-05-06 05:11:08,59,r/quityourbullshit,4,2018-05-06 12:54:53,6,1,30,0
2018-05-06 05:11:08,59,r/quityourbullshit,4,2018-05-06 12:58:43,7,1,26,0
2018-05-06 05:11:08,59,r/quityourbullshit,4,2018-05-06 13:11:58,8,1,33,0
2018-05-06 05:11:08,59,r/quityourbullshit,4,2018-05-06 13:22:04,9,1,15,0
2018-05-06 05:11:08,59,r/quityourbullshit,4,2018-05-06 13:42:41,6,0,0,0
2018-05-06 05:11:08,59,r/quityourbullshit,4,2018-05-06 12:45:56,3,0,3,0
2018-05-06 05:11:08,59,r/quityourbullshit,4,2018-05-06 13:45:32,2,1,9,0
2018-05-06 05:11:08,59,r/quityourbullshit,4,2018-05-06 14:23:42,3,0,8,0
2018-05-06 05:11:08,59,r/quityourbullshit,4,2018-05-06 13:42:36,2,1,1,0
2018-05-06 05:11:08,59,r/quityourbullshit,4,2018-05-06 13:42:45,3,0,1,0
2018-05-06 05:11:08,59,r/quityourbullshit,4,2018-05-06 14:11:22,2,1,0,0
2018-05-06 05:11:08,59,r/quityourbullshit,4,2018-05-06 14:42:24,3,0,1,0
2018-05-06 05:11:08,59,r/quityourbullshit,5,2018-05-06 06:40:48,0,11,210,0
2018-05-06 05:11:08,59,r/quityourbullshit,5,2018-05-06 07:03:47,1,3,457,0
2018-05-06 05:11:08,59,r/quityourbullshit,5,2018-05-06 11:56:39,2,4,274,0
2018-05-06 05:11:08,59,r/quityourbullshit,5,2018-05-06 12:04:48,3,1,149,0
2018-05-06 05:11:08,59,r/quityourbullshit,5,2018-05-06 12:55:59,4,2,-2,0
2018-05-06 05:11:08,59,r/quityourbullshit,5,2018-05-06 13:29:03,5,0,27,0
2018-05-06 05:11:08,59,r/quityourbullshit,5,2018-05-06 14:42:59,5,0,1,0
2018-05-06 05:11:08,59,r/quityourbullshit,5,2018-05-06 13:04:25,3,0,8,0
2018-05-06 05:11:08,59,r/quityourbullshit,5,2018-05-06 14:31:17,3,0,1,0
2018-05-06 05:11:08,59,r/quityourbullshit,5,2018-05-06 14:43:15,3,1,1,0
2018-05-06 05:11:08,59,r/quityourbullshit,5,2018-05-06 15:08:04,4,0,1,0
2018-05-06 05:11:08,59,r/quityourbullshit,5,2018-05-06 11:20:26,2,3,13,0
2018-05-06 05:11:08,59,r/quityourbullshit,5,2018-05-06 11:21:12,3,1,258,0
2018-05-06 05:11:08,59,r/quityourbullshit,5,2018-05-06 11:24:14,4,4,62,0
2018-05-06 05:11:08,59,r/quityourbullshit,5,2018-05-06 11:28:13,5,1,139,0
2018-05-06 05:11:08,59,r/quityourbullshit,5,2018-05-06 14:12:01,6,0,1,0
2018-05-06 05:11:08,59,r/quityourbullshit,5,2018-05-06 12:10:50,5,1,103,0
2018-05-06 05:11:08,59,r/quityourbullshit,5,2018-05-06 13:30:09,6,2,11,0
2018-05-06 05:11:08,59,r/quityourbullshit,5,2018-05-06 13:57:48,7,1,2,0
2018-05-06 05:11:08,59,r/quityourbullshit,5,2018-05-06 14:03:02,8,1,7,0
2018-05-06 05:11:08,59,r/quityourbullshit,5,2018-05-06 14:08:31,9,1,6,0
2018-05-06 05:11:08,59,r/quityourbullshit,5,2018-05-06 14:44:30,7,0,1,0
2018-05-06 05:11:08,59,r/quityourbullshit,5,2018-05-06 11:28:25,5,1,8,0
2018-05-06 05:11:08,59,r/quityourbullshit,5,2018-05-06 11:48:55,6,0,32,0
2018-05-06 05:11:08,59,r/quityourbullshit,5,2018-05-06 14:15:29,5,0,0,0
2018-05-06 05:11:08,59,r/quityourbullshit,5,2018-05-06 13:09:54,3,1,14,0
2018-05-06 05:11:08,59,r/quityourbullshit,5,2018-05-06 14:18:43,4,0,3,0
2018-05-06 05:11:08,59,r/quityourbullshit,5,2018-05-06 14:45:18,3,0,1,0
2018-05-06 05:11:08,59,r/quityourbullshit,5,2018-05-06 14:54:10,2,0,1,0
2018-05-06 05:11:08,59,r/quityourbullshit,5,2018-05-06 12:19:06,1,2,46,0
2018-05-06 05:11:08,59,r/quityourbullshit,5,2018-05-06 13:57:45,2,0,7,0
2018-05-06 05:11:08,59,r/quityourbullshit,5,2018-05-06 14:58:51,2,0,1,0
2018-05-06 05:11:08,59,r/quityourbullshit,5,2018-05-06 12:46:34,1,0,13,0
2018-05-06 05:11:08,59,r/quityourbullshit,5,2018-05-06 14:35:32,1,0,5,0
2018-05-06 05:11:08,59,r/quityourbullshit,5,2018-05-06 13:31:16,1,0,5,0
2018-05-06 05:11:08,59,r/quityourbullshit,5,2018-05-06 11:17:21,1,0,4,0
2018-05-06 05:11:08,59,r/quityourbullshit,5,2018-05-06 14:38:00,1,0,1,0
2018-05-06 05:11:08,59,r/quityourbullshit,5,2018-05-06 14:46:49,1,0,1,0
2018-05-06 05:11:08,59,r/quityourbullshit,5,2018-05-06 15:02:20,1,0,1,0
2018-05-06 05:11:08,59,r/quityourbullshit,5,2018-05-06 15:04:40,1,0,1,0
2018-05-06 05:11:08,59,r/quityourbullshit,5,2018-05-06 15:07:00,1,0,1,0
2018-05-06 05:11:08,59,r/quityourbullshit,6,2018-05-06 11:07:03,0,0,193,0
2018-05-06 05:11:08,59,r/quityourbullshit,7,2018-05-06 12:13:15,0,3,128,0
2018-05-06 05:11:08,59,r/quityourbullshit,7,2018-05-06 12:36:14,1,2,83,0
2018-05-06 05:11:08,59,r/quityourbullshit,7,2018-05-06 13:08:44,2,0,29,0
2018-05-06 05:11:08,59,r/quityourbullshit,7,2018-05-06 12:37:35,2,0,-2,0
2018-05-06 05:11:08,59,r/quityourbullshit,7,2018-05-06 13:04:43,1,0,13,0
2018-05-06 05:11:08,59,r/quityourbullshit,7,2018-05-06 13:33:25,1,0,4,0
2018-05-06 05:11:08,59,r/quityourbullshit,8,2018-05-06 12:07:02,0,1,36,0
2018-05-06 05:11:08,59,r/quityourbullshit,8,2018-05-06 13:06:15,1,2,28,0
2018-05-06 05:11:08,59,r/quityourbullshit,8,2018-05-06 13:50:52,2,0,12,0
2018-05-06 05:11:08,59,r/quityourbullshit,8,2018-05-06 13:51:07,2,0,4,0
2018-05-06 05:11:08,59,r/quityourbullshit,9,2018-05-06 09:34:35,0,0,122,0
2018-05-06 05:11:08,59,r/quityourbullshit,10,2018-05-06 12:19:13,0,0,25,0
2018-05-06 05:11:08,59,r/quityourbullshit,11,2018-05-06 09:44:08,0,0,54,0
2018-05-06 05:11:08,59,r/quityourbullshit,12,2018-05-06 12:45:04,0,2,11,0
2018-05-06 05:11:08,59,r/quityourbullshit,12,2018-05-06 12:52:25,1,1,24,0
2018-05-06 05:11:08,59,r/quityourbullshit,12,2018-05-06 13:44:36,2,1,7,0
2018-05-06 05:11:08,59,r/quityourbullshit,12,2018-05-06 14:47:12,3,1,1,0
2018-05-06 05:11:08,59,r/quityourbullshit,12,2018-05-06 14:57:39,4,0,1,0
2018-05-06 05:11:08,59,r/quityourbullshit,12,2018-05-06 12:45:34,1,2,-5,0
2018-05-06 05:11:08,59,r/quityourbullshit,12,2018-05-06 12:46:11,2,0,2,0
2018-05-06 05:11:08,59,r/quityourbullshit,12,2018-05-06 13:08:20,2,1,0,0
2018-05-06 05:11:08,59,r/quityourbullshit,12,2018-05-06 13:22:20,3,1,1,0
2018-05-06 05:11:08,59,r/quityourbullshit,12,2018-05-06 14:14:56,4,0,1,0
2018-05-06 05:11:08,59,r/quityourbullshit,13,2018-05-06 14:16:43,0,0,9,0
2018-05-06 05:11:08,59,r/quityourbullshit,14,2018-05-06 11:28:07,0,3,15,0
2018-05-06 05:11:08,59,r/quityourbullshit,14,2018-05-06 11:33:57,1,1,58,0
2018-05-06 05:11:08,59,r/quityourbullshit,14,2018-05-06 13:05:49,2,6,4,0
2018-05-06 05:11:08,59,r/quityourbullshit,14,2018-05-06 13:11:13,3,0,40,0
2018-05-06 05:11:08,59,r/quityourbullshit,14,2018-05-06 13:31:36,3,1,6,0
2018-05-06 05:11:08,59,r/quityourbullshit,14,2018-05-06 15:04:07,4,0,1,0
2018-05-06 05:11:08,59,r/quityourbullshit,14,2018-05-06 13:13:28,3,0,12,0
2018-05-06 05:11:08,59,r/quityourbullshit,14,2018-05-06 14:31:19,3,0,1,0
2018-05-06 05:11:08,59,r/quityourbullshit,14,2018-05-06 14:45:29,3,0,1,0
2018-05-06 05:11:08,59,r/quityourbullshit,14,2018-05-06 15:10:35,3,0,1,0
2018-05-06 05:11:08,59,r/quityourbullshit,14,2018-05-06 13:52:39,1,0,3,0
2018-05-06 05:11:08,59,r/quityourbullshit,14,2018-05-06 12:11:12,1,1,-43,0
2018-05-06 05:11:08,59,r/quityourbullshit,14,2018-05-06 12:14:57,2,0,49,0
2018-05-06 05:11:08,59,r/quityourbullshit,15,2018-05-06 12:29:30,0,0,4,0
2018-05-06 05:11:08,59,r/quityourbullshit,16,2018-05-06 13:26:05,0,0,5,0
2018-05-06 05:11:08,59,r/quityourbullshit,17,2018-05-06 13:03:25,0,1,3,0
2018-05-06 05:11:08,59,r/quityourbullshit,17,2018-05-06 15:10:15,1,0,1,0
2018-05-06 05:11:08,59,r/quityourbullshit,18,2018-05-06 13:18:33,0,0,3,0
2018-05-06 05:11:08,59,r/quityourbullshit,19,2018-05-06 12:55:14,0,0,10,0
2018-05-06 05:11:08,59,r/quityourbullshit,20,2018-05-06 12:26:52,0,0,6,0
2018-05-06 05:11:08,59,r/quityourbullshit,21,2018-05-06 13:12:26,0,1,5,0
2018-05-06 05:11:08,59,r/quityourbullshit,21,2018-05-06 13:12:31,1,3,7,0
2018-05-06 05:11:08,59,r/quityourbullshit,21,2018-05-06 14:47:42,2,0,1,0
2018-05-06 05:11:08,59,r/quityourbullshit,21,2018-05-06 14:12:06,2,1,3,0
2018-05-06 05:11:08,59,r/quityourbullshit,21,2018-05-06 14:44:59,3,0,1,0
2018-05-06 05:11:08,59,r/quityourbullshit,21,2018-05-06 14:13:24,2,0,0,0
2018-05-06 05:11:08,59,r/quityourbullshit,22,2018-05-06 13:23:15,0,1,5,0
2018-05-06 05:11:08,59,r/quityourbullshit,22,2018-05-06 13:31:48,1,0,2,0
2018-05-06 05:11:08,59,r/quityourbullshit,23,2018-05-06 10:31:50,0,0,5,0
2018-05-06 05:11:08,59,r/quityourbullshit,24,2018-05-06 13:31:48,0,0,2,0
2018-05-06 05:11:08,59,r/quityourbullshit,25,2018-05-06 13:36:56,0,0,2,0
2018-05-06 05:11:08,59,r/quityourbullshit,26,2018-05-06 13:55:16,0,0,2,0
2018-05-06 05:11:08,59,r/quityourbullshit,27,2018-05-06 13:02:36,0,0,1,0
2018-05-06 05:11:08,59,r/quityourbullshit,28,2018-05-06 13:21:29,0,1,1,0
2018-05-06 05:11:08,59,r/quityourbullshit,28,2018-05-06 13:30:50,1,0,5,0
2018-05-06 05:11:08,59,r/quityourbullshit,29,2018-05-06 13:33:17,0,0,1,0
2018-05-06 05:11:08,59,r/quityourbullshit,30,2018-05-06 13:39:13,0,0,1,0
2018-05-06 05:11:08,59,r/quityourbullshit,31,2018-05-06 13:48:46,0,0,1,0
2018-05-06 05:11:08,59,r/quityourbullshit,32,2018-05-06 13:51:46,0,0,1,0
2018-05-06 05:11:08,59,r/quityourbullshit,33,2018-05-06 13:59:46,0,0,1,0
2018-05-06 05:11:08,59,r/quityourbullshit,34,2018-05-06 14:13:17,0,0,1,0
2018-05-06 05:11:08,59,r/quityourbullshit,35,2018-05-06 14:36:40,0,0,1,0
2018-05-06 05:11:08,59,r/quityourbullshit,36,2018-05-06 14:37:19,0,0,1,0
2018-05-06 05:11:08,59,r/quityourbullshit,37,2018-05-06 14:38:34,0,1,1,0
2018-05-06 05:11:08,59,r/quityourbullshit,37,2018-05-06 14:54:25,1,0,1,0
2018-05-06 05:11:08,59,r/quityourbullshit,38,2018-05-06 14:41:22,0,0,1,0
2018-05-06 05:11:08,59,r/quityourbullshit,39,2018-05-06 14:43:29,0,0,1,0
2018-05-06 05:11:08,59,r/quityourbullshit,40,2018-05-06 14:49:45,0,0,1,0
2018-05-06 05:11:08,59,r/quityourbullshit,41,2018-05-06 14:56:49,0,0,1,0
2018-05-06 05:11:08,59,r/quityourbullshit,42,2018-05-06 15:01:10,0,1,1,0
2018-05-06 05:11:08,59,r/quityourbullshit,42,2018-05-06 15:01:11,1,0,1,0
2018-05-06 05:11:08,59,r/quityourbullshit,43,2018-05-06 15:01:44,0,0,1,0
2018-05-06 05:11:08,59,r/quityourbullshit,44,2018-05-06 15:07:22,0,0,1,0
2018-05-06 11:20:14,60,r/pics,0,2018-05-06 11:41:57,0,6,785,0
2018-05-06 11:20:14,60,r/pics,0,2018-05-06 12:17:25,1,1,321,0
2018-05-06 11:20:14,60,r/pics,0,2018-05-06 12:18:45,2,1,59,0
2018-05-06 11:20:14,60,r/pics,0,2018-05-06 13:46:54,3,0,4,0
2018-05-06 11:20:14,60,r/pics,0,2018-05-06 14:34:00,1,1,1,0
2018-05-06 11:20:14,60,r/pics,0,2018-05-06 14:35:37,2,1,1,0
2018-05-06 11:20:14,60,r/pics,0,2018-05-06 14:59:14,3,1,1,0
2018-05-06 11:20:14,60,r/pics,0,2018-05-06 15:05:26,4,0,1,0
2018-05-06 11:20:14,60,r/pics,0,2018-05-06 12:17:07,1,1,88,0
2018-05-06 11:20:14,60,r/pics,0,2018-05-06 14:02:38,2,2,73,0
2018-05-06 11:20:14,60,r/pics,0,2018-05-06 14:26:39,3,2,1,0
2018-05-06 11:20:14,60,r/pics,0,2018-05-06 14:51:09,4,1,1,0
2018-05-06 11:20:14,60,r/pics,0,2018-05-06 14:59:25,5,0,1,0
2018-05-06 11:20:14,60,r/pics,0,2018-05-06 14:53:09,4,0,1,0
2018-05-06 11:20:14,60,r/pics,0,2018-05-06 14:28:30,3,0,1,0
2018-05-06 11:20:14,60,r/pics,0,2018-05-06 14:38:25,1,0,1,0
2018-05-06 11:20:14,60,r/pics,0,2018-05-06 12:52:56,1,0,9,0
2018-05-06 11:20:14,60,r/pics,0,2018-05-06 15:02:24,1,0,1,0
2018-05-06 11:20:14,60,r/pics,1,2018-05-06 14:12:47,0,11,1,0
2018-05-06 11:20:14,60,r/pics,1,2018-05-06 14:37:00,1,0,1,0
2018-05-06 11:20:14,60,r/pics,1,2018-05-06 14:44:37,1,0,1,0
2018-05-06 11:20:14,60,r/pics,1,2018-05-06 14:34:29,1,0,1,0
2018-05-06 11:20:14,60,r/pics,1,2018-05-06 14:59:17,1,0,1,0
2018-05-06 11:20:14,60,r/pics,1,2018-05-06 15:06:54,1,0,1,0
2018-05-06 11:20:14,60,r/pics,1,2018-05-06 14:27:54,1,0,1,0
2018-05-06 11:20:14,60,r/pics,1,2018-05-06 15:02:22,1,0,1,0
2018-05-06 11:20:14,60,r/pics,1,2018-05-06 15:06:52,1,0,1,0
2018-05-06 11:20:14,60,r/pics,1,2018-05-06 15:09:28,1,0,1,0
2018-05-06 11:20:14,60,r/pics,1,2018-05-06 15:10:03,1,0,1,0
2018-05-06 11:20:14,60,r/pics,1,2018-05-06 15:10:42,1,0,1,0
2018-05-06 11:20:14,60,r/pics,2,2018-05-06 12:16:48,0,5,320,0
2018-05-06 11:20:14,60,r/pics,2,2018-05-06 12:36:05,1,1,158,0
2018-05-06 11:20:14,60,r/pics,2,2018-05-06 12:39:47,2,2,35,0
2018-05-06 11:20:14,60,r/pics,2,2018-05-06 14:02:18,3,2,26,0
2018-05-06 11:20:14,60,r/pics,2,2018-05-06 15:07:03,4,0,1,0
2018-05-06 11:20:14,60,r/pics,2,2018-05-06 15:05:28,4,0,1,0
2018-05-06 11:20:14,60,r/pics,2,2018-05-06 13:32:02,3,2,11,0
2018-05-06 11:20:14,60,r/pics,2,2018-05-06 14:55:24,4,1,1,0
2018-05-06 11:20:14,60,r/pics,2,2018-05-06 15:09:05,5,0,1,0
2018-05-06 11:20:14,60,r/pics,2,2018-05-06 13:36:10,4,1,2,0
2018-05-06 11:20:14,60,r/pics,2,2018-05-06 14:57:54,5,0,1,0
2018-05-06 11:20:14,60,r/pics,2,2018-05-06 14:01:33,1,1,20,0
2018-05-06 11:20:14,60,r/pics,2,2018-05-06 14:52:14,2,1,1,0
2018-05-06 11:20:14,60,r/pics,2,2018-05-06 15:06:42,3,0,1,0
2018-05-06 11:20:14,60,r/pics,2,2018-05-06 14:28:55,1,2,1,0
2018-05-06 11:20:14,60,r/pics,2,2018-05-06 15:06:34,2,1,1,0
2018-05-06 11:20:14,60,r/pics,2,2018-05-06 15:08:27,3,0,1,0
2018-05-06 11:20:14,60,r/pics,2,2018-05-06 14:38:08,2,1,1,0
2018-05-06 11:20:14,60,r/pics,2,2018-05-06 14:43:09,3,0,1,0
2018-05-06 11:20:14,60,r/pics,2,2018-05-06 14:28:29,1,1,1,0
2018-05-06 11:20:14,60,r/pics,2,2018-05-06 14:33:38,2,1,1,0
2018-05-06 11:20:14,60,r/pics,2,2018-05-06 14:58:42,3,0,1,0
2018-05-06 11:20:14,60,r/pics,2,2018-05-06 14:37:36,1,0,1,0
2018-05-06 11:20:14,60,r/pics,3,2018-05-06 12:31:37,0,2,43,0
2018-05-06 11:20:14,60,r/pics,3,2018-05-06 12:50:20,1,2,45,0
2018-05-06 11:20:14,60,r/pics,3,2018-05-06 14:00:44,2,0,16,0
2018-05-06 11:20:14,60,r/pics,3,2018-05-06 15:01:03,2,0,1,0
2018-05-06 11:20:14,60,r/pics,3,2018-05-06 12:38:59,1,0,0,0
2018-05-06 11:20:14,60,r/pics,4,2018-05-06 14:17:09,0,1,1,0
2018-05-06 11:20:14,60,r/pics,4,2018-05-06 14:47:03,1,3,1,0
2018-05-06 11:20:14,60,r/pics,4,2018-05-06 14:53:00,2,1,1,0
2018-05-06 11:20:14,60,r/pics,4,2018-05-06 14:54:15,3,0,1,0
2018-05-06 11:20:14,60,r/pics,4,2018-05-06 15:00:22,2,0,1,0
2018-05-06 11:20:14,60,r/pics,4,2018-05-06 14:53:35,2,0,1,0
2018-05-06 11:20:14,60,r/pics,5,2018-05-06 13:18:39,0,4,95,0
2018-05-06 11:20:14,60,r/pics,5,2018-05-06 13:23:23,1,1,72,0
2018-05-06 11:20:14,60,r/pics,5,2018-05-06 13:58:50,2,0,0,0
2018-05-06 11:20:14,60,r/pics,5,2018-05-06 14:27:38,1,1,1,0
2018-05-06 11:20:14,60,r/pics,5,2018-05-06 15:09:43,2,0,1,0
2018-05-06 11:20:14,60,r/pics,5,2018-05-06 14:02:27,1,4,14,0
2018-05-06 11:20:14,60,r/pics,5,2018-05-06 14:36:25,2,0,1,0
2018-05-06 11:20:14,60,r/pics,5,2018-05-06 14:57:40,2,0,1,0
2018-05-06 11:20:14,60,r/pics,5,2018-05-06 15:06:41,2,0,1,0
2018-05-06 11:20:14,60,r/pics,5,2018-05-06 15:08:39,2,0,1,0
2018-05-06 11:20:14,60,r/pics,5,2018-05-06 13:28:10,1,0,1,0
2018-05-06 11:20:14,60,r/pics,6,2018-05-06 11:21:16,0,3,146,0
2018-05-06 11:20:14,60,r/pics,6,2018-05-06 11:53:36,1,1,46,0
2018-05-06 11:20:14,60,r/pics,6,2018-05-06 12:00:10,2,0,17,0
2018-05-06 11:20:14,60,r/pics,6,2018-05-06 14:25:15,1,3,1,0
2018-05-06 11:20:14,60,r/pics,6,2018-05-06 14:42:41,2,3,1,0
2018-05-06 11:20:14,60,r/pics,6,2018-05-06 14:55:28,3,1,1,0
2018-05-06 11:20:14,60,r/pics,6,2018-05-06 15:06:07,4,1,1,0
2018-05-06 11:20:14,60,r/pics,6,2018-05-06 15:09:53,5,0,1,0
2018-05-06 11:20:14,60,r/pics,6,2018-05-06 14:57:00,3,0,1,0
2018-05-06 11:20:14,60,r/pics,6,2018-05-06 14:58:08,3,0,1,0
2018-05-06 11:20:14,60,r/pics,6,2018-05-06 14:57:35,2,0,1,0
2018-05-06 11:20:14,60,r/pics,6,2018-05-06 14:27:46,2,5,1,0
2018-05-06 11:20:14,60,r/pics,6,2018-05-06 14:45:44,3,1,1,0
2018-05-06 11:20:14,60,r/pics,6,2018-05-06 15:00:10,4,1,1,0
2018-05-06 11:20:14,60,r/pics,6,2018-05-06 15:03:42,5,0,1,0
2018-05-06 11:20:14,60,r/pics,6,2018-05-06 14:57:45,3,0,1,0
2018-05-06 11:20:14,60,r/pics,6,2018-05-06 14:43:34,3,1,1,0
2018-05-06 11:20:14,60,r/pics,6,2018-05-06 14:55:18,4,3,1,0
2018-05-06 11:20:14,60,r/pics,6,2018-05-06 15:01:57,5,0,1,0
2018-05-06 11:20:14,60,r/pics,6,2018-05-06 15:07:16,5,0,1,0
2018-05-06 11:20:14,60,r/pics,6,2018-05-06 14:59:28,5,0,1,0
2018-05-06 11:20:14,60,r/pics,6,2018-05-06 14:58:24,3,0,1,0
2018-05-06 11:20:14,60,r/pics,6,2018-05-06 15:01:05,3,1,1,0
2018-05-06 11:20:14,60,r/pics,6,2018-05-06 15:02:27,4,0,1,0
2018-05-06 11:20:14,60,r/pics,6,2018-05-06 13:03:37,1,1,4,0
2018-05-06 11:20:14,60,r/pics,6,2018-05-06 13:07:42,2,1,-10,0
2018-05-06 11:20:14,60,r/pics,6,2018-05-06 14:48:04,3,0,1,0
2018-05-06 11:20:14,60,r/pics,7,2018-05-06 14:14:32,0,0,1,0
2018-05-06 11:20:14,60,r/pics,8,2018-05-06 14:48:29,0,3,1,0
2018-05-06 11:20:14,60,r/pics,8,2018-05-06 15:06:39,1,0,1,0
2018-05-06 11:20:14,60,r/pics,8,2018-05-06 15:10:01,1,0,1,0
2018-05-06 11:20:14,60,r/pics,8,2018-05-06 15:02:35,1,0,1,0
2018-05-06 11:20:14,60,r/pics,9,2018-05-06 14:04:57,0,0,16,0
2018-05-06 11:20:14,60,r/pics,10,2018-05-06 13:45:54,0,3,93,0
2018-05-06 11:20:14,60,r/pics,10,2018-05-06 14:48:49,1,1,1,0
2018-05-06 11:20:14,60,r/pics,10,2018-05-06 14:57:42,2,1,1,0
2018-05-06 11:20:14,60,r/pics,10,2018-05-06 15:08:08,3,0,1,0
2018-05-06 11:20:14,60,r/pics,10,2018-05-06 13:51:22,1,1,9,0
2018-05-06 11:20:14,60,r/pics,10,2018-05-06 13:53:49,2,1,15,0
2018-05-06 11:20:14,60,r/pics,10,2018-05-06 14:16:55,3,1,1,0
2018-05-06 11:20:14,60,r/pics,10,2018-05-06 14:23:14,4,0,1,0
2018-05-06 11:20:14,60,r/pics,10,2018-05-06 14:23:47,1,1,1,0
2018-05-06 11:20:14,60,r/pics,10,2018-05-06 14:24:40,2,1,1,0
2018-05-06 11:20:14,60,r/pics,10,2018-05-06 14:30:29,3,1,1,0
2018-05-06 11:20:14,60,r/pics,10,2018-05-06 14:40:24,4,2,1,0
2018-05-06 11:20:14,60,r/pics,10,2018-05-06 14:51:18,5,0,1,0
2018-05-06 11:20:14,60,r/pics,10,2018-05-06 14:43:59,5,0,1,0
2018-05-06 11:20:14,60,r/pics,11,2018-05-06 13:48:08,0,3,65,0
2018-05-06 11:20:14,60,r/pics,11,2018-05-06 14:26:32,1,2,1,0
2018-05-06 11:20:14,60,r/pics,11,2018-05-06 14:32:43,2,0,1,0
2018-05-06 11:20:14,60,r/pics,11,2018-05-06 15:01:27,2,0,1,0
2018-05-06 11:20:14,60,r/pics,11,2018-05-06 14:52:38,1,0,1,0
2018-05-06 11:20:14,60,r/pics,11,2018-05-06 14:07:19,1,2,41,0
2018-05-06 11:20:14,60,r/pics,11,2018-05-06 14:40:10,2,2,1,0
2018-05-06 11:20:14,60,r/pics,11,2018-05-06 14:47:07,3,2,1,0
2018-05-06 11:20:14,60,r/pics,11,2018-05-06 14:57:43,4,1,1,0
2018-05-06 11:20:14,60,r/pics,11,2018-05-06 15:01:26,5,1,1,0
2018-05-06 11:20:14,60,r/pics,11,2018-05-06 15:08:23,6,0,1,0
2018-05-06 11:20:14,60,r/pics,11,2018-05-06 14:50:08,4,1,1,0
2018-05-06 11:20:14,60,r/pics,11,2018-05-06 14:51:50,5,0,1,0
2018-05-06 11:20:14,60,r/pics,11,2018-05-06 15:01:23,3,0,1,0
2018-05-06 11:20:14,60,r/pics,11,2018-05-06 14:56:07,2,1,1,0
2018-05-06 11:20:14,60,r/pics,11,2018-05-06 15:10:46,3,0,1,0
2018-05-06 11:20:14,60,r/pics,12,2018-05-06 14:19:14,0,0,1,0
2018-05-06 11:20:14,60,r/pics,13,2018-05-06 14:43:06,0,0,1,0
2018-05-06 11:20:14,60,r/pics,14,2018-05-06 13:18:27,0,0,24,0
2018-05-06 11:20:14,60,r/pics,15,2018-05-06 12:15:44,0,1,42,0
2018-05-06 11:20:14,60,r/pics,15,2018-05-06 12:19:42,1,0,-11,0
2018-05-06 11:20:14,60,r/pics,16,2018-05-06 14:24:21,0,1,1,0
2018-05-06 11:20:14,60,r/pics,16,2018-05-06 14:25:59,1,0,1,0
2018-05-06 11:20:14,60,r/pics,17,2018-05-06 13:24:19,0,3,37,0
2018-05-06 11:20:14,60,r/pics,17,2018-05-06 14:27:10,1,4,1,0
2018-05-06 11:20:14,60,r/pics,17,2018-05-06 14:34:29,2,3,1,0
2018-05-06 11:20:14,60,r/pics,17,2018-05-06 14:49:48,3,0,1,0
2018-05-06 11:20:14,60,r/pics,17,2018-05-06 14:37:54,3,2,1,0
2018-05-06 11:20:14,60,r/pics,17,2018-05-06 15:01:40,4,0,1,0
2018-05-06 11:20:14,60,r/pics,17,2018-05-06 14:40:27,4,1,1,0
2018-05-06 11:20:14,60,r/pics,17,2018-05-06 14:45:07,5,1,1,0
2018-05-06 11:20:14,60,r/pics,17,2018-05-06 14:49:53,6,1,1,0
2018-05-06 11:20:14,60,r/pics,17,2018-05-06 14:56:19,7,2,1,0
2018-05-06 11:20:14,60,r/pics,17,2018-05-06 15:03:18,8,0,1,0
2018-05-06 11:20:14,60,r/pics,17,2018-05-06 15:07:44,8,0,1,0
2018-05-06 11:20:14,60,r/pics,17,2018-05-06 14:48:04,3,1,1,0
2018-05-06 11:20:14,60,r/pics,17,2018-05-06 14:51:46,4,1,1,0
2018-05-06 11:20:14,60,r/pics,17,2018-05-06 14:59:14,5,2,1,0
2018-05-06 11:20:14,60,r/pics,17,2018-05-06 15:06:18,6,0,1,0
2018-05-06 11:20:14,60,r/pics,17,2018-05-06 15:06:18,6,0,1,0
2018-05-06 11:20:14,60,r/pics,17,2018-05-06 14:48:15,2,3,1,0
2018-05-06 11:20:14,60,r/pics,17,2018-05-06 15:02:27,3,0,1,0
2018-05-06 11:20:14,60,r/pics,17,2018-05-06 15:10:06,3,0,1,0
2018-05-06 11:20:14,60,r/pics,17,2018-05-06 14:50:59,3,0,1,0
2018-05-06 11:20:14,60,r/pics,17,2018-05-06 14:34:19,2,1,1,0
2018-05-06 11:20:14,60,r/pics,17,2018-05-06 14:38:38,3,0,1,0
2018-05-06 11:20:14,60,r/pics,17,2018-05-06 14:37:18,2,1,1,0
2018-05-06 11:20:14,60,r/pics,17,2018-05-06 14:39:21,3,1,1,0
2018-05-06 11:20:14,60,r/pics,17,2018-05-06 14:42:14,4,2,1,0
2018-05-06 11:20:14,60,r/pics,17,2018-05-06 14:44:20,5,1,1,0
2018-05-06 11:20:14,60,r/pics,17,2018-05-06 14:53:20,6,0,1,0
2018-05-06 11:20:14,60,r/pics,17,2018-05-06 14:48:40,5,1,1,0
2018-05-06 11:20:14,60,r/pics,17,2018-05-06 14:52:57,6,1,1,0
2018-05-06 11:20:14,60,r/pics,17,2018-05-06 14:57:32,7,0,1,0
2018-05-06 11:20:14,60,r/pics,17,2018-05-06 14:45:43,1,0,1,0
2018-05-06 11:20:14,60,r/pics,17,2018-05-06 13:28:23,1,3,-33,0
2018-05-06 11:20:14,60,r/pics,17,2018-05-06 13:44:32,2,1,27,0
2018-05-06 11:20:14,60,r/pics,17,2018-05-06 13:53:54,3,1,-36,0
2018-05-06 11:20:14,60,r/pics,17,2018-05-06 14:03:11,4,3,15,0
2018-05-06 11:20:14,60,r/pics,17,2018-05-06 14:12:33,5,3,1,0
2018-05-06 11:20:14,60,r/pics,17,2018-05-06 14:40:10,6,1,1,0
2018-05-06 11:20:14,60,r/pics,17,2018-05-06 14:53:20,7,0,1,0
2018-05-06 11:20:14,60,r/pics,17,2018-05-06 14:21:28,6,2,1,0
2018-05-06 11:20:14,60,r/pics,17,2018-05-06 14:48:12,7,0,1,0
2018-05-06 11:20:14,60,r/pics,17,2018-05-06 14:22:02,7,0,1,0
2018-05-06 11:20:14,60,r/pics,17,2018-05-06 14:16:03,6,2,1,0
2018-05-06 11:20:14,60,r/pics,17,2018-05-06 14:26:54,7,1,1,0
2018-05-06 11:20:14,60,r/pics,17,2018-05-06 14:29:50,8,1,1,0
2018-05-06 11:20:14,60,r/pics,17,2018-05-06 14:34:35,9,0,1,0
2018-05-06 11:20:14,60,r/pics,17,2018-05-06 14:24:11,7,1,1,0
2018-05-06 11:20:14,60,r/pics,17,2018-05-06 14:29:43,8,1,1,0
2018-05-06 11:20:14,60,r/pics,17,2018-05-06 14:43:15,9,1,1,0
2018-05-06 11:20:14,60,r/pics,17,2018-05-06 14:03:46,5,1,-25,0
2018-05-06 11:20:14,60,r/pics,17,2018-05-06 14:12:28,6,0,1,0
2018-05-06 11:20:14,60,r/pics,17,2018-05-06 14:39:21,5,2,1,0
2018-05-06 11:20:14,60,r/pics,17,2018-05-06 14:43:14,6,1,1,0
2018-05-06 11:20:14,60,r/pics,17,2018-05-06 14:54:01,7,1,1,0
2018-05-06 11:20:14,60,r/pics,17,2018-05-06 15:01:00,8,0,1,0
2018-05-06 11:20:14,60,r/pics,17,2018-05-06 14:50:04,6,1,1,0
2018-05-06 11:20:14,60,r/pics,17,2018-05-06 14:52:21,7,1,1,0
2018-05-06 11:20:14,60,r/pics,17,2018-05-06 15:02:14,8,0,1,0
2018-05-06 11:20:14,60,r/pics,17,2018-05-06 14:44:45,2,0,1,0
2018-05-06 11:20:14,60,r/pics,17,2018-05-06 13:34:40,2,1,0,0
2018-05-06 11:20:14,60,r/pics,17,2018-05-06 13:37:57,3,1,-9,0
2018-05-06 11:20:14,60,r/pics,17,2018-05-06 13:48:24,4,1,4,0
2018-05-06 11:20:14,60,r/pics,17,2018-05-06 13:55:18,5,0,-6,0
2018-05-06 11:20:14,60,r/pics,18,2018-05-06 12:41:55,0,0,12,0
2018-05-06 11:20:14,60,r/pics,19,2018-05-06 14:06:16,0,1,8,0
2018-05-06 11:20:14,60,r/pics,19,2018-05-06 14:59:56,1,0,1,0
2018-05-06 11:20:14,60,r/pics,20,2018-05-06 14:24:54,0,0,1,0
2018-05-06 11:20:14,60,r/pics,21,2018-05-06 15:01:42,0,0,1,0
2018-05-06 11:20:14,60,r/pics,22,2018-05-06 15:03:03,0,1,1,0
2018-05-06 11:20:14,60,r/pics,22,2018-05-06 15:04:01,1,0,1,0
2018-05-06 11:20:14,60,r/pics,23,2018-05-06 15:07:04,0,0,1,0
2018-05-06 11:20:14,60,r/pics,24,2018-05-06 12:43:31,0,0,11,0
2018-05-06 11:20:14,60,r/pics,25,2018-05-06 13:50:34,0,2,3,0
2018-05-06 11:20:14,60,r/pics,25,2018-05-06 14:55:15,1,1,1,0
2018-05-06 11:20:14,60,r/pics,25,2018-05-06 14:55:56,2,0,1,0
2018-05-06 11:20:14,60,r/pics,25,2018-05-06 13:53:09,1,2,-5,0
2018-05-06 11:20:14,60,r/pics,25,2018-05-06 13:53:34,2,0,2,0
2018-05-06 11:20:14,60,r/pics,25,2018-05-06 15:09:56,2,0,1,0
2018-05-06 11:20:14,60,r/pics,26,2018-05-06 14:45:51,0,1,1,0
2018-05-06 11:20:14,60,r/pics,26,2018-05-06 14:59:40,1,1,1,0
2018-05-06 11:20:14,60,r/pics,26,2018-05-06 15:04:46,2,1,1,0
2018-05-06 11:20:14,60,r/pics,26,2018-05-06 15:05:35,3,1,1,0
2018-05-06 11:20:14,60,r/pics,26,2018-05-06 15:07:40,4,0,1,0
2018-05-06 11:20:14,60,r/pics,27,2018-05-06 13:28:51,0,0,3,0
2018-05-06 11:20:14,60,r/pics,28,2018-05-06 14:39:19,0,0,1,0
2018-05-06 11:20:14,60,r/pics,29,2018-05-06 12:48:15,0,2,0,0
2018-05-06 11:20:14,60,r/pics,29,2018-05-06 12:51:40,1,1,-1,0
2018-05-06 11:20:14,60,r/pics,29,2018-05-06 12:53:16,2,1,-10,0
2018-05-06 11:20:14,60,r/pics,29,2018-05-06 12:54:27,3,1,-11,0
2018-05-06 11:20:14,60,r/pics,29,2018-05-06 12:55:31,4,1,-16,0
2018-05-06 11:20:14,60,r/pics,29,2018-05-06 12:57:00,5,0,-16,0
2018-05-06 11:20:14,60,r/pics,29,2018-05-06 15:09:49,1,0,1,0
2018-05-06 11:20:14,60,r/pics,30,2018-05-06 14:49:39,0,0,1,0
2018-05-06 11:20:14,60,r/pics,31,2018-05-06 14:50:40,0,0,1,0
2018-05-06 11:20:14,60,r/pics,32,2018-05-06 14:56:17,0,1,1,0
2018-05-06 11:20:14,60,r/pics,32,2018-05-06 14:57:27,1,0,1,0
2018-05-06 11:20:14,60,r/pics,33,2018-05-06 14:56:18,0,0,1,0
2018-05-06 11:20:14,60,r/pics,34,2018-05-06 14:59:52,0,3,1,0
2018-05-06 11:20:14,60,r/pics,34,2018-05-06 15:07:14,1,0,1,0
2018-05-06 11:20:14,60,r/pics,34,2018-05-06 15:08:34,1,0,1,0
2018-05-06 11:20:14,60,r/pics,34,2018-05-06 15:01:24,1,0,1,0
2018-05-06 11:20:14,60,r/pics,35,2018-05-06 14:22:07,0,0,1,0
2018-05-06 11:20:14,60,r/pics,36,2018-05-06 14:15:28,0,0,1,0
2018-05-06 11:20:14,60,r/pics,37,2018-05-06 14:43:17,0,1,1,0
2018-05-06 11:20:14,60,r/pics,37,2018-05-06 14:58:30,1,0,1,0
2018-05-06 11:20:14,60,r/pics,38,2018-05-06 14:47:12,0,1,1,0
2018-05-06 11:20:14,60,r/pics,38,2018-05-06 14:58:43,1,0,1,0
2018-05-06 11:20:14,60,r/pics,39,2018-05-06 12:07:13,0,1,1,0
2018-05-06 11:20:14,60,r/pics,39,2018-05-06 12:07:55,1,1,1,0
2018-05-06 11:20:14,60,r/pics,39,2018-05-06 12:10:20,2,1,4,0
2018-05-06 11:20:14,60,r/pics,39,2018-05-06 12:11:06,3,0,-3,0
2018-05-06 11:20:14,60,r/pics,40,2018-05-06 14:49:34,0,0,1,0
2018-05-06 11:20:14,60,r/pics,41,2018-05-06 14:55:33,0,0,1,0
2018-05-06 11:20:14,60,r/pics,42,2018-05-06 14:56:25,0,0,1,0
2018-05-06 11:20:14,60,r/pics,43,2018-05-06 15:00:19,0,0,1,0
2018-05-06 11:20:14,60,r/pics,44,2018-05-06 15:04:43,0,0,1,0
2018-05-06 11:20:14,60,r/pics,45,2018-05-06 15:05:32,0,0,1,0
2018-05-06 11:20:14,60,r/pics,46,2018-05-06 15:06:18,0,0,1,0
2018-05-06 11:20:14,60,r/pics,47,2018-05-06 15:06:21,0,0,1,0
2018-05-06 11:20:14,60,r/pics,48,2018-05-06 15:06:46,0,0,1,0
2018-05-06 11:20:14,60,r/pics,49,2018-05-06 15:06:53,0,0,1,0
2018-05-06 11:20:14,60,r/pics,50,2018-05-06 15:07:19,0,0,1,0
2018-05-06 11:20:14,60,r/pics,51,2018-05-06 15:07:33,0,0,1,0
2018-05-06 11:20:14,60,r/pics,52,2018-05-06 15:07:43,0,0,1,0
2018-05-06 11:20:14,60,r/pics,53,2018-05-06 15:08:13,0,1,1,0
2018-05-06 11:20:14,60,r/pics,53,2018-05-06 15:10:32,1,0,1,0
2018-05-06 11:20:14,60,r/pics,54,2018-05-06 15:10:20,0,0,1,0
2018-05-06 11:20:14,60,r/pics,55,2018-05-06 15:10:48,0,0,1,0
2018-05-06 11:20:14,60,r/pics,56,2018-05-06 13:58:08,0,0,0,0
2018-05-06 11:20:14,60,r/pics,57,2018-05-06 13:47:38,0,0,0,0
2018-05-06 11:20:14,60,r/pics,58,2018-05-06 11:50:42,0,0,1,0
2018-05-06 11:20:14,60,r/pics,59,2018-05-06 14:40:36,0,0,1,0
2018-05-06 11:20:14,60,r/pics,60,2018-05-06 13:41:00,0,0,1,0
2018-05-06 11:20:14,60,r/pics,61,2018-05-06 12:02:21,0,1,1,0
2018-05-06 11:20:14,60,r/pics,61,2018-05-06 12:07:03,1,1,-2,0
2018-05-06 11:20:14,60,r/pics,61,2018-05-06 12:24:33,2,1,4,0
2018-05-06 11:20:14,60,r/pics,61,2018-05-06 12:27:36,3,1,-5,0
2018-05-06 11:20:14,60,r/pics,61,2018-05-06 12:33:14,4,1,1,0
2018-05-06 11:20:14,60,r/pics,61,2018-05-06 12:47:18,5,1,-2,0
2018-05-06 11:20:14,60,r/pics,61,2018-05-06 12:50:34,6,1,3,0
2018-05-06 11:20:14,60,r/pics,61,2018-05-06 12:51:53,7,0,-2,0
2018-05-06 11:20:14,60,r/pics,62,2018-05-06 14:39:17,0,0,1,0
2018-05-06 11:20:14,60,r/pics,63,2018-05-06 14:40:22,0,0,1,0
2018-05-06 11:20:14,60,r/pics,64,2018-05-06 11:22:14,0,1,-7,0
2018-05-06 11:20:14,60,r/pics,64,2018-05-06 11:38:19,1,0,3,0
2018-05-06 11:20:14,60,r/pics,65,2018-05-06 13:14:49,0,0,0,0
2018-05-06 11:20:14,60,r/pics,66,2018-05-06 14:26:31,0,1,1,0
2018-05-06 11:20:14,60,r/pics,66,2018-05-06 14:59:31,1,1,1,0
2018-05-06 11:20:14,60,r/pics,66,2018-05-06 15:10:32,2,0,1,0
2018-05-06 11:20:14,60,r/pics,67,2018-05-06 11:29:50,0,3,0,0
2018-05-06 11:20:14,60,r/pics,67,2018-05-06 11:32:42,1,1,9,0
2018-05-06 11:20:14,60,r/pics,67,2018-05-06 11:42:15,2,1,-5,0
2018-05-06 11:20:14,60,r/pics,67,2018-05-06 11:48:18,3,2,9,0
2018-05-06 11:20:14,60,r/pics,67,2018-05-06 12:17:37,4,0,3,0
2018-05-06 11:20:14,60,r/pics,67,2018-05-06 11:51:40,4,0,2,0
2018-05-06 11:20:14,60,r/pics,67,2018-05-06 11:41:36,1,0,-2,0
2018-05-06 11:20:14,60,r/pics,67,2018-05-06 12:24:23,1,0,-2,0
2018-05-06 11:20:14,60,r/pics,68,2018-05-06 14:24:37,0,0,1,0
2018-05-06 11:20:14,60,r/pics,69,2018-05-06 14:29:26,0,0,1,0
2018-05-06 11:20:14,60,r/pics,70,2018-05-06 14:24:36,0,0,1,0
2018-05-06 11:20:14,60,r/pics,71,2018-05-06 11:58:34,0,0,-3,0
2018-05-06 11:20:14,60,r/pics,72,2018-05-06 13:59:01,0,0,-3,0
2018-05-06 11:20:14,60,r/pics,73,2018-05-06 11:57:52,0,0,-4,0
2018-05-06 11:20:14,60,r/pics,74,2018-05-06 14:33:58,0,0,1,0
2018-05-06 11:20:14,60,r/pics,75,2018-05-06 14:22:44,0,1,1,0
2018-05-06 11:20:14,60,r/pics,75,2018-05-06 14:25:37,1,1,1,0
2018-05-06 11:20:14,60,r/pics,75,2018-05-06 14:29:48,2,1,1,0
2018-05-06 11:20:14,60,r/pics,75,2018-05-06 14:31:04,3,0,1,0
2018-05-06 11:20:14,60,r/pics,76,2018-05-06 14:49:38,0,2,1,0
2018-05-06 11:20:14,60,r/pics,76,2018-05-06 14:57:50,1,1,1,0
2018-05-06 11:20:14,60,r/pics,76,2018-05-06 14:59:39,2,0,1,0
2018-05-06 11:20:14,60,r/pics,76,2018-05-06 14:58:00,1,0,1,0
2018-05-06 11:20:14,60,r/pics,77,2018-05-06 14:31:24,0,1,1,0
2018-05-06 11:20:14,60,r/pics,77,2018-05-06 14:32:57,1,1,1,0
2018-05-06 11:20:14,60,r/pics,77,2018-05-06 14:35:58,2,1,1,0
2018-05-06 11:20:14,60,r/pics,77,2018-05-06 14:49:13,3,0,1,0
2018-05-06 11:20:14,60,r/pics,78,2018-05-06 14:44:37,0,0,1,0
2018-05-06 11:20:14,60,r/pics,79,2018-05-06 14:49:13,0,1,1,0
2018-05-06 11:20:14,60,r/pics,79,2018-05-06 15:05:48,1,0,1,0
2018-05-06 11:20:14,60,r/pics,80,2018-05-06 14:55:10,0,0,1,0
2018-05-06 11:20:14,60,r/pics,81,2018-05-06 14:59:17,0,0,1,0
2018-05-06 11:20:14,60,r/pics,82,2018-05-06 14:59:54,0,0,1,0
2018-05-06 11:20:14,60,r/pics,83,2018-05-06 12:06:24,0,0,-1,0
2018-05-06 11:20:14,60,r/pics,84,2018-05-06 13:52:04,0,0,-2,0
2018-05-06 11:20:14,60,r/pics,85,2018-05-06 13:43:07,0,0,-5,0
2018-05-06 11:20:14,60,r/pics,86,2018-05-06 14:35:06,0,1,1,0
2018-05-06 11:20:14,60,r/pics,86,2018-05-06 15:00:10,1,0,1,0
2018-05-06 11:20:14,60,r/pics,87,2018-05-06 14:37:10,0,0,1,0
2018-05-06 11:20:14,60,r/pics,88,2018-05-06 14:39:07,0,0,1,0
2018-05-06 11:20:14,60,r/pics,89,2018-05-06 14:31:18,0,1,1,0
2018-05-06 11:20:14,60,r/pics,89,2018-05-06 14:32:20,1,0,1,0
2018-05-06 11:20:14,60,r/pics,90,2018-05-06 15:01:00,0,0,1,0
2018-05-06 11:20:14,60,r/pics,91,2018-05-06 14:39:10,0,0,1,0
2018-05-06 11:12:14,61,r/PrequelMemes,0,2018-05-06 11:14:46,0,2,269,0
2018-05-06 11:12:14,61,r/PrequelMemes,0,2018-05-06 11:27:38,1,1,59,0
2018-05-06 11:12:14,61,r/PrequelMemes,0,2018-05-06 13:37:44,2,1,29,0
2018-05-06 11:12:14,61,r/PrequelMemes,0,2018-05-06 15:06:48,3,0,1,0
2018-05-06 11:12:14,61,r/PrequelMemes,0,2018-05-06 12:09:44,1,2,25,0
2018-05-06 11:12:14,61,r/PrequelMemes,0,2018-05-06 12:59:00,2,0,18,0
2018-05-06 11:12:14,61,r/PrequelMemes,0,2018-05-06 14:11:14,2,2,8,0
2018-05-06 11:12:14,61,r/PrequelMemes,0,2018-05-06 14:42:15,3,4,1,0
2018-05-06 11:12:14,61,r/PrequelMemes,0,2018-05-06 14:52:23,4,1,1,0
2018-05-06 11:12:14,61,r/PrequelMemes,0,2018-05-06 15:01:22,5,1,1,0
2018-05-06 11:12:14,61,r/PrequelMemes,0,2018-05-06 15:02:49,6,1,1,0
2018-05-06 11:12:14,61,r/PrequelMemes,0,2018-05-06 15:06:24,7,1,1,0
2018-05-06 11:12:14,61,r/PrequelMemes,0,2018-05-06 15:08:34,8,0,1,0
2018-05-06 11:12:14,61,r/PrequelMemes,0,2018-05-06 14:56:27,4,0,1,0
2018-05-06 11:12:14,61,r/PrequelMemes,0,2018-05-06 14:56:51,4,1,1,0
2018-05-06 11:12:14,61,r/PrequelMemes,0,2018-05-06 15:01:41,5,0,1,0
2018-05-06 11:12:14,61,r/PrequelMemes,0,2018-05-06 15:03:29,4,0,1,0
2018-05-06 11:12:14,61,r/PrequelMemes,0,2018-05-06 14:23:03,3,0,14,0
2018-05-06 11:12:14,61,r/PrequelMemes,1,2018-05-06 13:40:11,0,2,73,0
2018-05-06 11:12:14,61,r/PrequelMemes,1,2018-05-06 13:47:07,1,0,10,0
2018-05-06 11:12:14,61,r/PrequelMemes,1,2018-05-06 15:00:00,1,0,1,0
2018-05-06 11:12:14,61,r/PrequelMemes,2,2018-05-06 12:03:26,0,2,46,0
2018-05-06 11:12:14,61,r/PrequelMemes,2,2018-05-06 12:40:02,1,0,43,0
2018-05-06 11:12:14,61,r/PrequelMemes,2,2018-05-06 13:34:54,1,0,6,0
2018-05-06 11:12:14,61,r/PrequelMemes,3,2018-05-06 11:32:17,0,3,31,0
2018-05-06 11:12:14,61,r/PrequelMemes,3,2018-05-06 12:04:16,1,1,64,0
2018-05-06 11:12:14,61,r/PrequelMemes,3,2018-05-06 13:19:31,2,1,20,0
2018-05-06 11:12:14,61,r/PrequelMemes,3,2018-05-06 13:40:21,3,2,8,0
2018-05-06 11:12:14,61,r/PrequelMemes,3,2018-05-06 13:49:27,4,1,32,0
2018-05-06 11:12:14,61,r/PrequelMemes,3,2018-05-06 14:32:31,5,0,5,0
2018-05-06 11:12:14,61,r/PrequelMemes,3,2018-05-06 15:07:15,4,0,1,0
2018-05-06 11:12:14,61,r/PrequelMemes,3,2018-05-06 13:33:56,1,0,12,0
2018-05-06 11:12:14,61,r/PrequelMemes,3,2018-05-06 12:45:30,1,0,4,0
2018-05-06 11:12:14,61,r/PrequelMemes,4,2018-05-06 13:07:12,0,1,28,0
2018-05-06 11:12:14,61,r/PrequelMemes,4,2018-05-06 13:21:45,1,2,37,0
2018-05-06 11:12:14,61,r/PrequelMemes,4,2018-05-06 13:28:27,2,2,8,0
2018-05-06 11:12:14,61,r/PrequelMemes,4,2018-05-06 13:39:37,3,3,48,0
2018-05-06 11:12:14,61,r/PrequelMemes,4,2018-05-06 14:02:24,4,1,17,0
2018-05-06 11:12:14,61,r/PrequelMemes,4,2018-05-06 14:30:30,5,0,4,0
2018-05-06 11:12:14,61,r/PrequelMemes,4,2018-05-06 13:39:44,4,0,5,0
2018-05-06 11:12:14,61,r/PrequelMemes,4,2018-05-06 14:41:12,4,0,1,0
2018-05-06 11:12:14,61,r/PrequelMemes,4,2018-05-06 13:40:31,3,1,4,0
2018-05-06 11:12:14,61,r/PrequelMemes,4,2018-05-06 13:59:17,4,0,6,0
2018-05-06 11:12:14,61,r/PrequelMemes,4,2018-05-06 15:01:53,2,0,1,0
2018-05-06 11:12:14,61,r/PrequelMemes,5,2018-05-06 13:01:01,0,0,4,0
2018-05-06 11:12:14,61,r/PrequelMemes,6,2018-05-06 13:48:24,0,0,4,0
2018-05-06 11:12:14,61,r/PrequelMemes,7,2018-05-06 14:02:03,0,0,4,0
2018-05-06 11:12:14,61,r/PrequelMemes,8,2018-05-06 14:54:43,0,0,1,0
2018-05-06 11:12:14,61,r/PrequelMemes,9,2018-05-06 13:28:46,0,0,2,0
2018-05-06 11:12:14,61,r/PrequelMemes,10,2018-05-06 13:49:12,0,0,2,0
2018-05-06 11:12:14,61,r/PrequelMemes,11,2018-05-06 13:49:51,0,0,2,0
2018-05-06 11:12:14,61,r/PrequelMemes,12,2018-05-06 13:55:20,0,0,2,0
2018-05-06 11:12:14,61,r/PrequelMemes,13,2018-05-06 13:57:15,0,0,2,0
2018-05-06 11:12:14,61,r/PrequelMemes,14,2018-05-06 14:20:25,0,1,2,0
2018-05-06 11:12:14,61,r/PrequelMemes,14,2018-05-06 15:05:31,1,0,1,0
2018-05-06 11:12:14,61,r/PrequelMemes,15,2018-05-06 14:20:41,0,0,2,0
2018-05-06 11:12:14,61,r/PrequelMemes,16,2018-05-06 14:32:08,0,0,2,0
2018-05-06 11:12:14,61,r/PrequelMemes,17,2018-05-06 14:46:50,0,0,1,0
2018-05-06 11:12:14,61,r/PrequelMemes,18,2018-05-06 15:09:13,0,0,1,0
2018-05-06 03:22:02,62,r/MurderedByWords,0,2018-05-06 08:39:12,0,4,1387,0
2018-05-06 03:22:02,62,r/MurderedByWords,0,2018-05-06 10:08:36,1,2,538,0
2018-05-06 03:22:02,62,r/MurderedByWords,0,2018-05-06 13:48:27,2,1,11,0
2018-05-06 03:22:02,62,r/MurderedByWords,0,2018-05-06 10:09:43,1,3,298,0
2018-05-06 03:22:02,62,r/MurderedByWords,0,2018-05-06 10:40:57,2,2,233,0
2018-05-06 03:22:02,62,r/MurderedByWords,0,2018-05-06 11:25:08,3,3,62,0
2018-05-06 03:22:02,62,r/MurderedByWords,0,2018-05-06 12:18:10,4,5,97,0
2018-05-06 03:22:02,62,r/MurderedByWords,0,2018-05-06 13:04:29,5,1,14,0
2018-05-06 03:22:02,62,r/MurderedByWords,0,2018-05-06 12:25:57,5,2,14,0
2018-05-06 03:22:02,62,r/MurderedByWords,0,2018-05-06 13:53:39,6,2,12,0
2018-05-06 03:22:02,62,r/MurderedByWords,0,2018-05-06 14:25:15,7,0,1,0
2018-05-06 03:22:02,62,r/MurderedByWords,0,2018-05-06 14:53:13,7,0,1,0
2018-05-06 03:22:02,62,r/MurderedByWords,0,2018-05-06 14:21:33,6,1,1,0
2018-05-06 03:22:02,62,r/MurderedByWords,0,2018-05-06 14:51:18,7,0,1,0
2018-05-06 03:22:02,62,r/MurderedByWords,0,2018-05-06 13:32:17,5,0,3,0
2018-05-06 03:22:02,62,r/MurderedByWords,0,2018-05-06 13:04:32,5,0,2,0
2018-05-06 03:22:02,62,r/MurderedByWords,0,2018-05-06 13:58:05,4,0,3,0
2018-05-06 03:22:02,62,r/MurderedByWords,0,2018-05-06 14:32:59,3,0,1,0
2018-05-06 03:22:02,62,r/MurderedByWords,0,2018-05-06 13:52:55,2,0,21,0
2018-05-06 03:22:02,62,r/MurderedByWords,0,2018-05-06 12:28:29,1,3,40,0
2018-05-06 03:22:02,62,r/MurderedByWords,0,2018-05-06 13:34:34,2,1,33,0
2018-05-06 03:22:02,62,r/MurderedByWords,0,2018-05-06 14:49:00,3,1,1,0
2018-05-06 03:22:02,62,r/MurderedByWords,0,2018-05-06 13:28:24,2,2,6,0
2018-05-06 03:22:02,62,r/MurderedByWords,0,2018-05-06 13:32:26,3,0,2,0
2018-05-06 03:22:02,62,r/MurderedByWords,1,2018-05-06 03:43:50,0,10,8459,0
2018-05-06 03:22:02,62,r/MurderedByWords,1,2018-05-06 08:09:07,1,11,2639,0
2018-05-06 03:22:02,62,r/MurderedByWords,1,2018-05-06 08:19:50,2,6,1541,0
2018-05-06 03:22:02,62,r/MurderedByWords,1,2018-05-06 08:23:44,3,3,503,0
2018-05-06 03:22:02,62,r/MurderedByWords,1,2018-05-06 08:34:32,4,14,429,0
2018-05-06 03:22:02,62,r/MurderedByWords,1,2018-05-06 09:57:35,5,2,143,0
2018-05-06 03:22:02,62,r/MurderedByWords,1,2018-05-06 10:17:03,6,3,116,0
2018-05-06 03:22:02,62,r/MurderedByWords,1,2018-05-06 10:20:12,7,1,35,0
2018-05-06 03:22:02,62,r/MurderedByWords,1,2018-05-06 10:22:35,8,1,66,0
2018-05-06 03:22:02,62,r/MurderedByWords,1,2018-05-06 12:53:32,9,1,41,0
2018-05-06 03:22:02,62,r/MurderedByWords,1,2018-05-06 12:32:50,7,0,10,0
2018-05-06 03:22:02,62,r/MurderedByWords,1,2018-05-06 08:38:22,5,2,263,0
2018-05-06 03:22:02,62,r/MurderedByWords,1,2018-05-06 10:48:58,6,2,112,0
2018-05-06 03:22:02,62,r/MurderedByWords,1,2018-05-06 13:00:25,7,1,31,0
2018-05-06 03:22:02,62,r/MurderedByWords,1,2018-05-06 13:34:16,7,0,8,0
2018-05-06 03:22:02,62,r/MurderedByWords,1,2018-05-06 13:06:38,6,0,2,0
2018-05-06 03:22:02,62,r/MurderedByWords,1,2018-05-06 11:02:07,5,2,25,0
2018-05-06 03:22:02,62,r/MurderedByWords,1,2018-05-06 12:17:30,6,0,3,0
2018-05-06 03:22:02,62,r/MurderedByWords,1,2018-05-06 08:39:05,5,1,65,0
2018-05-06 03:22:02,62,r/MurderedByWords,1,2018-05-06 09:36:17,6,4,81,0
2018-05-06 03:22:02,62,r/MurderedByWords,1,2018-05-06 10:18:56,7,4,216,0
2018-05-06 03:22:02,62,r/MurderedByWords,1,2018-05-06 10:49:49,8,2,55,0
2018-05-06 03:22:02,62,r/MurderedByWords,1,2018-05-06 12:20:15,9,1,19,0
2018-05-06 03:22:02,62,r/MurderedByWords,1,2018-05-06 11:33:37,9,1,4,0
2018-05-06 03:22:02,62,r/MurderedByWords,1,2018-05-06 10:41:58,8,2,31,0
2018-05-06 03:22:02,62,r/MurderedByWords,1,2018-05-06 10:48:54,9,1,65,0
2018-05-06 03:22:02,62,r/MurderedByWords,1,2018-05-06 11:35:06,9,0,6,0
2018-05-06 03:22:02,62,r/MurderedByWords,1,2018-05-06 12:33:23,8,0,5,0
2018-05-06 03:22:02,62,r/MurderedByWords,1,2018-05-06 12:55:21,7,0,9,0
2018-05-06 03:22:02,62,r/MurderedByWords,1,2018-05-06 11:32:59,7,0,2,0
2018-05-06 03:22:02,62,r/MurderedByWords,1,2018-05-06 09:42:54,5,3,34,0
2018-05-06 03:22:02,62,r/MurderedByWords,1,2018-05-06 13:22:13,6,0,2,0
2018-05-06 03:22:02,62,r/MurderedByWords,1,2018-05-06 10:21:42,6,0,3,0
2018-05-06 03:22:02,62,r/MurderedByWords,1,2018-05-06 10:21:16,6,0,2,0
2018-05-06 03:22:02,62,r/MurderedByWords,1,2018-05-06 10:03:41,5,0,12,0
2018-05-06 03:22:02,62,r/MurderedByWords,1,2018-05-06 10:30:29,5,0,20,0
2018-05-06 03:22:02,62,r/MurderedByWords,1,2018-05-06 09:05:40,5,1,31,0
2018-05-06 03:22:02,62,r/MurderedByWords,1,2018-05-06 09:08:36,5,1,2,0
2018-05-06 03:22:02,62,r/MurderedByWords,1,2018-05-06 10:20:06,6,0,29,0
2018-05-06 03:22:02,62,r/MurderedByWords,1,2018-05-06 12:08:59,5,0,2,0
2018-05-06 03:22:02,62,r/MurderedByWords,1,2018-05-06 12:45:46,5,0,2,0
2018-05-06 03:22:02,62,r/MurderedByWords,1,2018-05-06 13:54:37,5,0,2,0
2018-05-06 03:22:02,62,r/MurderedByWords,1,2018-05-06 14:14:06,5,0,1,0
2018-05-06 03:22:02,62,r/MurderedByWords,1,2018-05-06 11:25:46,4,0,2,0
2018-05-06 03:22:02,62,r/MurderedByWords,1,2018-05-06 12:31:51,3,1,6,0
2018-05-06 03:22:02,62,r/MurderedByWords,1,2018-05-06 14:35:06,4,1,1,0
2018-05-06 03:22:02,62,r/MurderedByWords,1,2018-05-06 12:37:25,3,0,5,0
2018-05-06 03:22:02,62,r/MurderedByWords,1,2018-05-06 14:27:24,3,0,1,0
2018-05-06 03:22:02,62,r/MurderedByWords,1,2018-05-06 13:54:50,3,0,2,0
2018-05-06 03:22:02,62,r/MurderedByWords,1,2018-05-06 09:59:13,2,1,46,0
2018-05-06 03:22:02,62,r/MurderedByWords,1,2018-05-06 12:38:47,3,1,26,0
2018-05-06 03:22:02,62,r/MurderedByWords,1,2018-05-06 10:58:57,2,2,26,0
2018-05-06 03:22:02,62,r/MurderedByWords,1,2018-05-06 13:48:48,3,0,2,0
2018-05-06 03:22:02,62,r/MurderedByWords,1,2018-05-06 08:36:43,2,1,45,0
2018-05-06 03:22:02,62,r/MurderedByWords,1,2018-05-06 13:34:23,3,0,3,0
2018-05-06 03:22:02,62,r/MurderedByWords,1,2018-05-06 11:55:49,2,1,10,0
2018-05-06 03:22:02,62,r/MurderedByWords,1,2018-05-06 12:18:49,3,2,2,0
2018-05-06 03:22:02,62,r/MurderedByWords,1,2018-05-06 13:43:56,4,0,6,0
2018-05-06 03:22:02,62,r/MurderedByWords,1,2018-05-06 12:45:02,4,0,3,0
2018-05-06 03:22:02,62,r/MurderedByWords,1,2018-05-06 11:27:30,2,1,7,0
2018-05-06 03:22:02,62,r/MurderedByWords,1,2018-05-06 12:59:07,2,0,3,0
2018-05-06 03:22:02,62,r/MurderedByWords,1,2018-05-06 12:33:49,2,0,2,0
2018-05-06 03:22:02,62,r/MurderedByWords,1,2018-05-06 14:38:57,2,0,1,0
2018-05-06 03:22:02,62,r/MurderedByWords,1,2018-05-06 08:54:30,2,0,3,0
2018-05-06 03:22:02,62,r/MurderedByWords,1,2018-05-06 05:49:15,1,4,893,0
2018-05-06 03:22:02,62,r/MurderedByWords,1,2018-05-06 07:01:40,2,2,575,0
2018-05-06 03:22:02,62,r/MurderedByWords,1,2018-05-06 07:39:42,3,1,479,0
2018-05-06 03:22:02,62,r/MurderedByWords,1,2018-05-06 07:52:40,4,2,60,0
2018-05-06 03:22:02,62,r/MurderedByWords,1,2018-05-06 08:11:06,5,3,113,0
2018-05-06 03:22:02,62,r/MurderedByWords,1,2018-05-06 08:50:44,6,1,57,0
2018-05-06 03:22:02,62,r/MurderedByWords,1,2018-05-06 09:13:17,7,0,11,0
2018-05-06 03:22:02,62,r/MurderedByWords,1,2018-05-06 09:24:37,6,1,7,0
2018-05-06 03:22:02,62,r/MurderedByWords,1,2018-05-06 09:33:39,7,0,8,0
2018-05-06 03:22:02,62,r/MurderedByWords,1,2018-05-06 09:42:22,6,1,2,0
2018-05-06 03:22:02,62,r/MurderedByWords,1,2018-05-06 10:22:04,7,0,3,0
2018-05-06 03:22:02,62,r/MurderedByWords,1,2018-05-06 08:04:12,5,2,16,0
2018-05-06 03:22:02,62,r/MurderedByWords,1,2018-05-06 08:05:08,6,1,10,0
2018-05-06 03:22:02,62,r/MurderedByWords,1,2018-05-06 08:08:16,7,2,12,0
2018-05-06 03:22:02,62,r/MurderedByWords,1,2018-05-06 08:12:28,8,1,10,0
2018-05-06 03:22:02,62,r/MurderedByWords,1,2018-05-06 08:11:53,8,2,7,0
2018-05-06 03:22:02,62,r/MurderedByWords,1,2018-05-06 08:14:15,9,1,13,0
2018-05-06 03:22:02,62,r/MurderedByWords,1,2018-05-06 08:13:15,9,1,3,0
2018-05-06 03:22:02,62,r/MurderedByWords,1,2018-05-06 08:15:55,3,0,17,0
2018-05-06 03:22:02,62,r/MurderedByWords,1,2018-05-06 09:36:39,2,1,3,0
2018-05-06 03:22:02,62,r/MurderedByWords,1,2018-05-06 10:25:46,3,0,4,0
2018-05-06 03:22:02,62,r/MurderedByWords,1,2018-05-06 08:45:56,2,0,2,0
2018-05-06 03:22:02,62,r/MurderedByWords,1,2018-05-06 07:40:36,1,2,32,0
2018-05-06 03:22:02,62,r/MurderedByWords,1,2018-05-06 09:21:35,2,2,39,0
2018-05-06 03:22:02,62,r/MurderedByWords,1,2018-05-06 11:23:34,3,0,9,0
2018-05-06 03:22:02,62,r/MurderedByWords,1,2018-05-06 10:50:54,3,0,3,0
2018-05-06 03:22:02,62,r/MurderedByWords,1,2018-05-06 10:59:17,1,0,11,0
2018-05-06 03:22:02,62,r/MurderedByWords,1,2018-05-06 09:37:54,1,0,6,0
2018-05-06 03:22:02,62,r/MurderedByWords,1,2018-05-06 10:35:13,1,0,2,0
2018-05-06 03:22:02,62,r/MurderedByWords,1,2018-05-06 12:35:17,1,0,2,0
2018-05-06 03:22:02,62,r/MurderedByWords,1,2018-05-06 14:17:16,1,0,1,0
2018-05-06 03:22:02,62,r/MurderedByWords,1,2018-05-06 14:39:43,1,0,1,0
2018-05-06 03:22:02,62,r/MurderedByWords,2,2018-05-06 03:35:41,0,15,3366,0
2018-05-06 03:22:02,62,r/MurderedByWords,2,2018-05-06 07:36:33,1,6,2186,0
2018-05-06 03:22:02,62,r/MurderedByWords,2,2018-05-06 08:33:00,2,3,804,0
2018-05-06 03:22:02,62,r/MurderedByWords,2,2018-05-06 08:36:27,3,1,128,0
2018-05-06 03:22:02,62,r/MurderedByWords,2,2018-05-06 09:31:45,4,2,70,0
2018-05-06 03:22:02,62,r/MurderedByWords,2,2018-05-06 11:58:46,5,0,22,0
2018-05-06 03:22:02,62,r/MurderedByWords,2,2018-05-06 12:53:33,5,0,7,0
2018-05-06 03:22:02,62,r/MurderedByWords,2,2018-05-06 09:18:25,3,0,6,0
2018-05-06 03:22:02,62,r/MurderedByWords,2,2018-05-06 08:34:41,2,2,50,0
2018-05-06 03:22:02,62,r/MurderedByWords,2,2018-05-06 11:27:08,3,2,46,0
2018-05-06 03:22:02,62,r/MurderedByWords,2,2018-05-06 12:45:52,4,0,8,0
2018-05-06 03:22:02,62,r/MurderedByWords,2,2018-05-06 11:35:52,4,1,4,0
2018-05-06 03:22:02,62,r/MurderedByWords,2,2018-05-06 12:13:02,5,0,4,0
2018-05-06 03:22:02,62,r/MurderedByWords,2,2018-05-06 08:43:21,3,0,5,0
2018-05-06 03:22:02,62,r/MurderedByWords,2,2018-05-06 09:14:29,2,3,19,0
2018-05-06 03:22:02,62,r/MurderedByWords,2,2018-05-06 13:02:15,3,1,5,0
2018-05-06 03:22:02,62,r/MurderedByWords,2,2018-05-06 13:03:08,4,0,2,0
2018-05-06 03:22:02,62,r/MurderedByWords,2,2018-05-06 12:24:23,3,0,2,0
2018-05-06 03:22:02,62,r/MurderedByWords,2,2018-05-06 09:21:40,2,0,2,0
2018-05-06 03:22:02,62,r/MurderedByWords,2,2018-05-06 09:49:09,2,0,2,0
2018-05-06 03:22:02,62,r/MurderedByWords,2,2018-05-06 07:56:29,1,4,531,0
2018-05-06 03:22:02,62,r/MurderedByWords,2,2018-05-06 08:24:13,2,4,330,0
2018-05-06 03:22:02,62,r/MurderedByWords,2,2018-05-06 13:10:38,3,0,33,0
2018-05-06 03:22:02,62,r/MurderedByWords,2,2018-05-06 11:29:35,3,1,70,0
2018-05-06 03:22:02,62,r/MurderedByWords,2,2018-05-06 12:31:19,4,0,51,0
2018-05-06 03:22:02,62,r/MurderedByWords,2,2018-05-06 08:32:20,3,5,46,0
2018-05-06 03:22:02,62,r/MurderedByWords,2,2018-05-06 08:58:50,4,1,306,0
2018-05-06 03:22:02,62,r/MurderedByWords,2,2018-05-06 11:30:09,4,1,23,0
2018-05-06 03:22:02,62,r/MurderedByWords,2,2018-05-06 08:51:59,4,0,12,0
2018-05-06 03:22:02,62,r/MurderedByWords,2,2018-05-06 14:08:26,4,0,2,0
2018-05-06 03:22:02,62,r/MurderedByWords,2,2018-05-06 11:59:35,4,0,3,0
2018-05-06 03:22:02,62,r/MurderedByWords,2,2018-05-06 08:27:36,2,0,21,0
2018-05-06 03:22:02,62,r/MurderedByWords,2,2018-05-06 08:16:17,2,0,26,0
2018-05-06 03:22:02,62,r/MurderedByWords,2,2018-05-06 14:23:09,2,0,1,0
2018-05-06 03:22:02,62,r/MurderedByWords,2,2018-05-06 09:29:42,1,1,103,0
2018-05-06 03:22:02,62,r/MurderedByWords,2,2018-05-06 10:23:24,2,5,23,0
2018-05-06 03:22:02,62,r/MurderedByWords,2,2018-05-06 11:31:34,3,1,29,0
2018-05-06 03:22:02,62,r/MurderedByWords,2,2018-05-06 12:02:27,4,1,10,0
2018-05-06 03:22:02,62,r/MurderedByWords,2,2018-05-06 14:05:23,5,1,2,0
2018-05-06 03:22:02,62,r/MurderedByWords,2,2018-05-06 11:57:04,3,2,7,0
2018-05-06 03:22:02,62,r/MurderedByWords,2,2018-05-06 13:36:41,4,0,3,0
2018-05-06 03:22:02,62,r/MurderedByWords,2,2018-05-06 12:11:01,4,0,2,0
2018-05-06 03:22:02,62,r/MurderedByWords,2,2018-05-06 11:13:24,3,0,5,0
2018-05-06 03:22:02,62,r/MurderedByWords,2,2018-05-06 12:32:26,3,0,2,0
2018-05-06 03:22:02,62,r/MurderedByWords,2,2018-05-06 09:03:23,1,1,10,0
2018-05-06 03:22:02,62,r/MurderedByWords,2,2018-05-06 09:06:19,2,1,3,0
2018-05-06 03:22:02,62,r/MurderedByWords,2,2018-05-06 11:50:05,3,2,7,0
2018-05-06 03:22:02,62,r/MurderedByWords,2,2018-05-06 13:15:57,4,1,6,0
2018-05-06 03:22:02,62,r/MurderedByWords,2,2018-05-06 13:32:11,5,0,5,0
2018-05-06 03:22:02,62,r/MurderedByWords,2,2018-05-06 09:15:58,1,0,3,0
2018-05-06 03:22:02,62,r/MurderedByWords,2,2018-05-06 09:39:30,1,1,10,0
2018-05-06 03:22:02,62,r/MurderedByWords,2,2018-05-06 10:52:20,2,1,12,0
2018-05-06 03:22:02,62,r/MurderedByWords,2,2018-05-06 09:12:26,1,3,18,0
2018-05-06 03:22:02,62,r/MurderedByWords,2,2018-05-06 09:52:01,2,1,52,0
2018-05-06 03:22:02,62,r/MurderedByWords,2,2018-05-06 13:32:44,2,1,3,0
2018-05-06 03:22:02,62,r/MurderedByWords,2,2018-05-06 13:57:06,3,0,3,0
2018-05-06 03:22:02,62,r/MurderedByWords,2,2018-05-06 11:23:00,1,0,2,0
2018-05-06 03:22:02,62,r/MurderedByWords,2,2018-05-06 11:34:20,1,1,2,0
2018-05-06 03:22:02,62,r/MurderedByWords,2,2018-05-06 14:01:57,2,0,2,0
2018-05-06 03:22:02,62,r/MurderedByWords,2,2018-05-06 12:29:43,1,0,2,0
2018-05-06 03:22:02,62,r/MurderedByWords,2,2018-05-06 11:55:53,1,0,4,0
2018-05-06 03:22:02,62,r/MurderedByWords,2,2018-05-06 09:57:22,1,0,2,0
2018-05-06 03:22:02,62,r/MurderedByWords,2,2018-05-06 12:24:12,1,0,2,0
2018-05-06 03:22:02,62,r/MurderedByWords,2,2018-05-06 08:50:58,1,0,2,0
2018-05-06 03:22:02,62,r/MurderedByWords,3,2018-05-06 07:53:00,0,8,956,0
2018-05-06 03:22:02,62,r/MurderedByWords,3,2018-05-06 09:08:57,1,3,312,0
2018-05-06 03:22:02,62,r/MurderedByWords,3,2018-05-06 09:37:41,2,2,219,0
2018-05-06 03:22:02,62,r/MurderedByWords,3,2018-05-06 11:10:47,3,0,117,0
2018-05-06 03:22:02,62,r/MurderedByWords,3,2018-05-06 11:44:38,3,0,10,0
2018-05-06 03:22:02,62,r/MurderedByWords,3,2018-05-06 10:40:59,2,2,30,0
2018-05-06 03:22:02,62,r/MurderedByWords,3,2018-05-06 13:16:08,3,0,2,0
2018-05-06 03:22:02,62,r/MurderedByWords,3,2018-05-06 12:32:13,3,0,4,0
2018-05-06 03:22:02,62,r/MurderedByWords,3,2018-05-06 09:58:54,1,0,15,0
2018-05-06 03:22:02,62,r/MurderedByWords,3,2018-05-06 09:12:27,1,1,19,0
2018-05-06 03:22:02,62,r/MurderedByWords,3,2018-05-06 09:56:34,2,2,8,0
2018-05-06 03:22:02,62,r/MurderedByWords,3,2018-05-06 10:02:55,3,1,16,0
2018-05-06 03:22:02,62,r/MurderedByWords,3,2018-05-06 11:56:01,4,1,6,0
2018-05-06 03:22:02,62,r/MurderedByWords,3,2018-05-06 12:21:34,5,0,4,0
2018-05-06 03:22:02,62,r/MurderedByWords,3,2018-05-06 12:11:50,3,0,3,0
2018-05-06 03:22:02,62,r/MurderedByWords,3,2018-05-06 10:37:17,1,1,28,0
2018-05-06 03:22:02,62,r/MurderedByWords,3,2018-05-06 10:57:17,1,0,3,0
2018-05-06 03:22:02,62,r/MurderedByWords,3,2018-05-06 10:01:12,1,0,2,0
2018-05-06 03:22:02,62,r/MurderedByWords,3,2018-05-06 10:57:42,1,0,2,0
2018-05-06 03:22:02,62,r/MurderedByWords,4,2018-05-06 05:36:29,0,9,2327,0
2018-05-06 03:22:02,62,r/MurderedByWords,4,2018-05-06 07:52:42,1,2,1065,0
2018-05-06 03:22:02,62,r/MurderedByWords,4,2018-05-06 08:20:28,2,3,556,0
2018-05-06 03:22:02,62,r/MurderedByWords,4,2018-05-06 10:07:53,3,3,147,0
2018-05-06 03:22:02,62,r/MurderedByWords,4,2018-05-06 10:27:24,4,3,175,0
2018-05-06 03:22:02,62,r/MurderedByWords,4,2018-05-06 10:40:49,5,2,85,0
2018-05-06 03:22:02,62,r/MurderedByWords,4,2018-05-06 10:54:49,6,1,55,0
2018-05-06 03:22:02,62,r/MurderedByWords,4,2018-05-06 10:58:26,7,0,38,0
2018-05-06 03:22:02,62,r/MurderedByWords,4,2018-05-06 11:53:31,6,1,11,0
2018-05-06 03:22:02,62,r/MurderedByWords,4,2018-05-06 12:00:07,7,1,7,0
2018-05-06 03:22:02,62,r/MurderedByWords,4,2018-05-06 12:03:26,8,0,35,0
2018-05-06 03:22:02,62,r/MurderedByWords,4,2018-05-06 12:29:57,5,0,2,0
2018-05-06 03:22:02,62,r/MurderedByWords,4,2018-05-06 12:55:09,4,0,3,0
2018-05-06 03:22:02,62,r/MurderedByWords,4,2018-05-06 10:12:55,3,2,19,0
2018-05-06 03:22:02,62,r/MurderedByWords,4,2018-05-06 10:45:38,4,0,27,0
2018-05-06 03:22:02,62,r/MurderedByWords,4,2018-05-06 10:41:34,4,0,3,0
2018-05-06 03:22:02,62,r/MurderedByWords,4,2018-05-06 10:19:03,3,3,5,0
2018-05-06 03:22:02,62,r/MurderedByWords,4,2018-05-06 12:59:47,4,1,3,0
2018-05-06 03:22:02,62,r/MurderedByWords,4,2018-05-06 10:25:28,4,2,7,0
2018-05-06 03:22:02,62,r/MurderedByWords,4,2018-05-06 10:51:34,5,1,4,0
2018-05-06 03:22:02,62,r/MurderedByWords,4,2018-05-06 10:52:11,6,0,2,0
2018-05-06 03:22:02,62,r/MurderedByWords,4,2018-05-06 08:24:29,1,3,170,0
2018-05-06 03:22:02,62,r/MurderedByWords,4,2018-05-06 09:33:36,2,2,84,0
2018-05-06 03:22:02,62,r/MurderedByWords,4,2018-05-06 09:35:02,3,1,27,0
2018-05-06 03:22:02,62,r/MurderedByWords,4,2018-05-06 09:45:01,4,3,8,0
2018-05-06 03:22:02,62,r/MurderedByWords,4,2018-05-06 09:46:00,5,2,17,0
2018-05-06 03:22:02,62,r/MurderedByWords,4,2018-05-06 09:46:56,6,2,7,0
2018-05-06 03:22:02,62,r/MurderedByWords,4,2018-05-06 09:49:43,7,3,7,0
2018-05-06 03:22:02,62,r/MurderedByWords,4,2018-05-06 10:45:02,8,1,3,0
2018-05-06 03:22:02,62,r/MurderedByWords,4,2018-05-06 09:53:01,8,1,4,0
2018-05-06 03:22:02,62,r/MurderedByWords,4,2018-05-06 09:59:06,9,0,5,0
2018-05-06 03:22:02,62,r/MurderedByWords,4,2018-05-06 11:46:31,7,0,2,0
2018-05-06 03:22:02,62,r/MurderedByWords,4,2018-05-06 11:49:20,6,1,2,0
2018-05-06 03:22:02,62,r/MurderedByWords,4,2018-05-06 09:52:50,5,1,6,0
2018-05-06 03:22:02,62,r/MurderedByWords,4,2018-05-06 09:47:09,5,1,3,0
2018-05-06 03:22:02,62,r/MurderedByWords,4,2018-05-06 09:51:08,6,1,2,0
2018-05-06 03:22:02,62,r/MurderedByWords,4,2018-05-06 09:58:08,7,1,4,0
2018-05-06 03:22:02,62,r/MurderedByWords,4,2018-05-06 10:50:05,3,1,26,0
2018-05-06 03:22:02,62,r/MurderedByWords,4,2018-05-06 11:50:03,4,0,9,0
2018-05-06 03:22:02,62,r/MurderedByWords,4,2018-05-06 12:29:52,2,1,3,0
2018-05-06 03:22:02,62,r/MurderedByWords,4,2018-05-06 10:26:33,2,1,5,0
2018-05-06 03:22:02,62,r/MurderedByWords,4,2018-05-06 08:13:37,1,1,138,0
2018-05-06 03:22:02,62,r/MurderedByWords,4,2018-05-06 09:36:56,1,1,26,0
2018-05-06 03:22:02,62,r/MurderedByWords,4,2018-05-06 09:39:13,2,3,74,0
2018-05-06 03:22:02,62,r/MurderedByWords,4,2018-05-06 11:41:17,3,0,61,0
2018-05-06 03:22:02,62,r/MurderedByWords,4,2018-05-06 11:51:56,3,1,16,0
2018-05-06 03:22:02,62,r/MurderedByWords,4,2018-05-06 09:59:00,3,0,3,0
2018-05-06 03:22:02,62,r/MurderedByWords,4,2018-05-06 12:26:55,1,0,10,0
2018-05-06 03:22:02,62,r/MurderedByWords,4,2018-05-06 08:04:03,1,5,43,0
2018-05-06 03:22:02,62,r/MurderedByWords,4,2018-05-06 08:25:59,2,1,93,0
2018-05-06 03:22:02,62,r/MurderedByWords,4,2018-05-06 08:10:15,2,3,110,0
2018-05-06 03:22:02,62,r/MurderedByWords,4,2018-05-06 08:15:26,3,1,13,0
2018-05-06 03:22:02,62,r/MurderedByWords,4,2018-05-06 08:18:40,4,1,59,0
2018-05-06 03:22:02,62,r/MurderedByWords,4,2018-05-06 08:16:39,3,2,15,0
2018-05-06 03:22:02,62,r/MurderedByWords,4,2018-05-06 10:18:33,4,1,26,0
2018-05-06 03:22:02,62,r/MurderedByWords,4,2018-05-06 08:25:27,2,2,29,0
2018-05-06 03:22:02,62,r/MurderedByWords,4,2018-05-06 08:56:08,3,2,24,0
2018-05-06 03:22:02,62,r/MurderedByWords,4,2018-05-06 09:09:58,4,1,11,0
2018-05-06 03:22:02,62,r/MurderedByWords,4,2018-05-06 09:03:42,2,6,12,0
2018-05-06 03:22:02,62,r/MurderedByWords,4,2018-05-06 09:44:12,3,1,36,0
2018-05-06 03:22:02,62,r/MurderedByWords,4,2018-05-06 11:56:50,3,0,6,0
2018-05-06 03:22:02,62,r/MurderedByWords,4,2018-05-06 09:19:01,3,2,22,0
2018-05-06 03:22:02,62,r/MurderedByWords,4,2018-05-06 10:45:29,4,2,19,0
2018-05-06 03:22:02,62,r/MurderedByWords,4,2018-05-06 10:56:12,5,0,17,0
2018-05-06 03:22:02,62,r/MurderedByWords,4,2018-05-06 10:51:55,3,0,2,0
2018-05-06 03:22:02,62,r/MurderedByWords,4,2018-05-06 12:36:58,3,0,2,0
2018-05-06 03:22:02,62,r/MurderedByWords,4,2018-05-06 13:01:53,1,0,2,0
2018-05-06 03:22:02,62,r/MurderedByWords,4,2018-05-06 13:06:52,1,1,2,0
2018-05-06 03:22:02,62,r/MurderedByWords,4,2018-05-06 13:14:27,2,1,2,0
2018-05-06 03:22:02,62,r/MurderedByWords,5,2018-05-06 03:48:08,0,7,874,0
2018-05-06 03:22:02,62,r/MurderedByWords,5,2018-05-06 07:34:08,1,3,368,0
2018-05-06 03:22:02,62,r/MurderedByWords,5,2018-05-06 07:38:31,2,5,127,0
2018-05-06 03:22:02,62,r/MurderedByWords,5,2018-05-06 07:41:57,3,4,168,0
2018-05-06 03:22:02,62,r/MurderedByWords,5,2018-05-06 07:48:46,4,3,88,0
2018-05-06 03:22:02,62,r/MurderedByWords,5,2018-05-06 08:18:28,5,5,115,0
2018-05-06 03:22:02,62,r/MurderedByWords,5,2018-05-06 08:25:00,6,3,99,0
2018-05-06 03:22:02,62,r/MurderedByWords,5,2018-05-06 08:27:51,7,1,65,0
2018-05-06 03:22:02,62,r/MurderedByWords,5,2018-05-06 08:33:41,8,1,49,0
2018-05-06 03:22:02,62,r/MurderedByWords,5,2018-05-06 09:35:34,9,0,9,0
2018-05-06 03:22:02,62,r/MurderedByWords,5,2018-05-06 09:16:08,7,1,14,0
2018-05-06 03:22:02,62,r/MurderedByWords,5,2018-05-06 09:46:11,8,2,19,0
2018-05-06 03:22:02,62,r/MurderedByWords,5,2018-05-06 12:33:18,9,1,2,0
2018-05-06 03:22:02,62,r/MurderedByWords,5,2018-05-06 08:41:47,6,5,23,0
2018-05-06 03:22:02,62,r/MurderedByWords,5,2018-05-06 13:23:34,7,0,3,0
2018-05-06 03:22:02,62,r/MurderedByWords,5,2018-05-06 10:48:27,7,0,3,0
2018-05-06 03:22:02,62,r/MurderedByWords,5,2018-05-06 08:58:44,7,2,5,0
2018-05-06 03:22:02,62,r/MurderedByWords,5,2018-05-06 12:46:11,8,1,1,0
2018-05-06 03:22:02,62,r/MurderedByWords,5,2018-05-06 10:42:13,8,2,2,0
2018-05-06 03:22:02,62,r/MurderedByWords,5,2018-05-06 12:03:05,9,1,2,0
2018-05-06 03:22:02,62,r/MurderedByWords,5,2018-05-06 10:49:15,9,1,2,0
2018-05-06 03:22:02,62,r/MurderedByWords,5,2018-05-06 10:17:02,7,0,3,0
2018-05-06 03:22:02,62,r/MurderedByWords,5,2018-05-06 12:07:36,6,0,3,0
2018-05-06 03:22:02,62,r/MurderedByWords,5,2018-05-06 08:40:20,6,1,3,0
2018-05-06 03:22:02,62,r/MurderedByWords,5,2018-05-06 10:14:16,7,1,2,0
2018-05-06 03:22:02,62,r/MurderedByWords,5,2018-05-06 10:43:01,8,2,2,0
2018-05-06 03:22:02,62,r/MurderedByWords,5,2018-05-06 10:48:41,9,0,4,0
2018-05-06 03:22:02,62,r/MurderedByWords,5,2018-05-06 12:26:12,5,0,2,0
2018-05-06 03:22:02,62,r/MurderedByWords,5,2018-05-06 08:05:29,4,2,21,0
2018-05-06 03:22:02,62,r/MurderedByWords,5,2018-05-06 08:18:48,5,0,16,0
2018-05-06 03:22:02,62,r/MurderedByWords,5,2018-05-06 11:16:03,5,0,2,0
2018-05-06 03:22:02,62,r/MurderedByWords,5,2018-05-06 08:24:57,4,1,5,0
2018-05-06 03:22:02,62,r/MurderedByWords,5,2018-05-06 08:20:05,3,2,25,0
2018-05-06 03:22:02,62,r/MurderedByWords,5,2018-05-06 08:48:06,4,2,8,0
2018-05-06 03:22:02,62,r/MurderedByWords,5,2018-05-06 09:26:51,5,0,10,0
2018-05-06 03:22:02,62,r/MurderedByWords,5,2018-05-06 08:53:18,3,1,3,0
2018-05-06 03:22:02,62,r/MurderedByWords,5,2018-05-06 10:43:15,3,0,3,0
2018-05-06 03:22:02,62,r/MurderedByWords,5,2018-05-06 08:40:00,2,0,6,0
2018-05-06 03:22:02,62,r/MurderedByWords,5,2018-05-06 09:20:43,1,2,27,0
2018-05-06 03:22:02,62,r/MurderedByWords,5,2018-05-06 09:56:19,2,1,9,0
2018-05-06 03:22:02,62,r/MurderedByWords,5,2018-05-06 11:48:41,3,0,5,0
2018-05-06 03:22:02,62,r/MurderedByWords,5,2018-05-06 07:33:36,1,1,40,0
2018-05-06 03:22:02,62,r/MurderedByWords,5,2018-05-06 07:45:27,1,1,17,0
2018-05-06 03:22:02,62,r/MurderedByWords,5,2018-05-06 10:07:48,1,1,7,0
2018-05-06 03:22:02,62,r/MurderedByWords,5,2018-05-06 11:59:02,2,0,2,0
2018-05-06 03:22:02,62,r/MurderedByWords,5,2018-05-06 08:28:01,1,1,7,0
2018-05-06 03:22:02,62,r/MurderedByWords,6,2018-05-06 07:39:35,0,7,283,0
2018-05-06 03:22:02,62,r/MurderedByWords,6,2018-05-06 08:02:28,1,9,151,0
2018-05-06 03:22:02,62,r/MurderedByWords,6,2018-05-06 08:34:48,2,4,268,0
2018-05-06 03:22:02,62,r/MurderedByWords,6,2018-05-06 09:41:51,3,0,180,0
2018-05-06 03:22:02,62,r/MurderedByWords,6,2018-05-06 10:49:02,3,2,32,0
2018-05-06 03:22:02,62,r/MurderedByWords,6,2018-05-06 11:34:34,4,1,25,0
2018-05-06 03:22:02,62,r/MurderedByWords,6,2018-05-06 10:05:48,3,0,21,0
2018-05-06 03:22:02,62,r/MurderedByWords,6,2018-05-06 13:05:06,3,0,3,0
2018-05-06 03:22:02,62,r/MurderedByWords,6,2018-05-06 09:50:16,2,0,47,0
2018-05-06 03:22:02,62,r/MurderedByWords,6,2018-05-06 08:47:29,2,3,131,0
2018-05-06 03:22:02,62,r/MurderedByWords,6,2018-05-06 09:54:51,3,0,23,0
2018-05-06 03:22:02,62,r/MurderedByWords,6,2018-05-06 12:46:27,3,0,2,0
2018-05-06 03:22:02,62,r/MurderedByWords,6,2018-05-06 10:58:25,2,0,22,0
2018-05-06 03:22:02,62,r/MurderedByWords,6,2018-05-06 10:44:48,2,2,36,0
2018-05-06 03:22:02,62,r/MurderedByWords,6,2018-05-06 12:48:25,3,0,3,0
2018-05-06 03:22:02,62,r/MurderedByWords,6,2018-05-06 13:34:27,3,1,3,0
2018-05-06 03:22:02,62,r/MurderedByWords,6,2018-05-06 13:38:43,4,0,2,0
2018-05-06 03:22:02,62,r/MurderedByWords,6,2018-05-06 11:57:26,2,1,3,0
2018-05-06 03:22:02,62,r/MurderedByWords,6,2018-05-06 12:45:07,2,0,3,0
2018-05-06 03:22:02,62,r/MurderedByWords,6,2018-05-06 10:16:08,2,0,3,0
2018-05-06 03:22:02,62,r/MurderedByWords,6,2018-05-06 12:30:41,1,0,4,0
2018-05-06 03:22:02,62,r/MurderedByWords,6,2018-05-06 12:47:42,1,0,3,0
2018-05-06 03:22:02,62,r/MurderedByWords,6,2018-05-06 12:16:25,1,1,4,0
2018-05-06 03:22:02,62,r/MurderedByWords,6,2018-05-06 12:49:14,2,0,17,0
2018-05-06 03:22:02,62,r/MurderedByWords,6,2018-05-06 09:19:41,1,2,6,0
2018-05-06 03:22:02,62,r/MurderedByWords,6,2018-05-06 10:49:28,2,0,4,0
2018-05-06 03:22:02,62,r/MurderedByWords,6,2018-05-06 13:06:39,1,1,4,0
2018-05-06 03:22:02,62,r/MurderedByWords,7,2018-05-06 07:56:46,0,0,56,0
2018-05-06 03:22:02,62,r/MurderedByWords,8,2018-05-06 06:04:23,0,2,231,0
2018-05-06 03:22:02,62,r/MurderedByWords,8,2018-05-06 09:42:14,1,0,34,0
2018-05-06 03:22:02,62,r/MurderedByWords,9,2018-05-06 07:39:54,0,3,131,0
2018-05-06 03:22:02,62,r/MurderedByWords,9,2018-05-06 08:21:25,1,1,93,0
2018-05-06 03:22:02,62,r/MurderedByWords,9,2018-05-06 08:38:04,2,0,17,0
2018-05-06 03:22:02,62,r/MurderedByWords,9,2018-05-06 10:06:46,1,0,31,0
2018-05-06 03:22:02,62,r/MurderedByWords,9,2018-05-06 08:38:17,1,1,23,0
2018-05-06 03:22:02,62,r/MurderedByWords,9,2018-05-06 12:17:49,2,2,6,0
2018-05-06 03:22:02,62,r/MurderedByWords,9,2018-05-06 12:20:36,3,1,5,0
2018-05-06 03:22:02,62,r/MurderedByWords,9,2018-05-06 12:24:57,4,0,4,0
2018-05-06 03:22:02,62,r/MurderedByWords,9,2018-05-06 12:38:43,3,0,9,0
2018-05-06 03:22:02,62,r/MurderedByWords,10,2018-05-06 07:54:22,0,6,77,0
2018-05-06 03:22:02,62,r/MurderedByWords,10,2018-05-06 08:33:55,1,3,151,0
2018-05-06 03:22:02,62,r/MurderedByWords,10,2018-05-06 09:27:11,2,0,47,0
2018-05-06 03:22:02,62,r/MurderedByWords,10,2018-05-06 08:55:06,2,2,8,0
2018-05-06 03:22:02,62,r/MurderedByWords,10,2018-05-06 10:09:58,3,0,14,0
2018-05-06 03:22:02,62,r/MurderedByWords,10,2018-05-06 10:51:25,3,0,13,0
2018-05-06 03:22:02,62,r/MurderedByWords,10,2018-05-06 09:32:25,1,0,60,0
2018-05-06 03:22:02,62,r/MurderedByWords,10,2018-05-06 10:59:30,1,1,35,0
2018-05-06 03:22:02,62,r/MurderedByWords,10,2018-05-06 12:09:27,2,1,6,0
2018-05-06 03:22:02,62,r/MurderedByWords,10,2018-05-06 13:08:06,3,0,7,0
2018-05-06 03:22:02,62,r/MurderedByWords,10,2018-05-06 12:40:07,1,0,3,0
2018-05-06 03:22:02,62,r/MurderedByWords,10,2018-05-06 14:06:11,1,0,2,0
2018-05-06 03:22:02,62,r/MurderedByWords,10,2018-05-06 09:36:14,1,1,7,0
2018-05-06 03:22:02,62,r/MurderedByWords,10,2018-05-06 09:59:58,2,1,10,0
2018-05-06 03:22:02,62,r/MurderedByWords,11,2018-05-06 04:09:29,0,5,280,0
2018-05-06 03:22:02,62,r/MurderedByWords,11,2018-05-06 05:27:02,1,5,213,0
2018-05-06 03:22:02,62,r/MurderedByWords,11,2018-05-06 07:25:56,2,6,127,0
2018-05-06 03:22:02,62,r/MurderedByWords,11,2018-05-06 07:45:02,3,2,40,0
2018-05-06 03:22:02,62,r/MurderedByWords,11,2018-05-06 07:56:14,4,0,18,0
2018-05-06 03:22:02,62,r/MurderedByWords,11,2018-05-06 08:17:45,4,0,6,0
2018-05-06 03:22:02,62,r/MurderedByWords,11,2018-05-06 07:28:36,3,0,50,0
2018-05-06 03:22:02,62,r/MurderedByWords,11,2018-05-06 08:12:22,3,0,5,0
2018-05-06 03:22:02,62,r/MurderedByWords,11,2018-05-06 09:27:52,3,1,6,0
2018-05-06 03:22:02,62,r/MurderedByWords,11,2018-05-06 14:27:29,3,0,1,0
2018-05-06 03:22:02,62,r/MurderedByWords,11,2018-05-06 05:29:55,2,0,13,0
2018-05-06 03:22:02,62,r/MurderedByWords,11,2018-05-06 09:05:40,2,0,10,0
2018-05-06 03:22:02,62,r/MurderedByWords,11,2018-05-06 12:35:37,2,1,2,0
2018-05-06 03:22:02,62,r/MurderedByWords,11,2018-05-06 08:28:46,1,0,24,0
2018-05-06 03:22:02,62,r/MurderedByWords,11,2018-05-06 08:05:03,1,1,25,0
2018-05-06 03:22:02,62,r/MurderedByWords,11,2018-05-06 07:26:21,1,1,20,0
2018-05-06 03:22:02,62,r/MurderedByWords,11,2018-05-06 08:19:41,2,1,11,0
2018-05-06 03:22:02,62,r/MurderedByWords,12,2018-05-06 07:23:29,0,6,142,0
2018-05-06 03:22:02,62,r/MurderedByWords,12,2018-05-06 08:39:56,1,2,127,0
2018-05-06 03:22:02,62,r/MurderedByWords,12,2018-05-06 13:31:32,2,1,11,0
2018-05-06 03:22:02,62,r/MurderedByWords,12,2018-05-06 13:42:35,2,0,6,0
2018-05-06 03:22:02,62,r/MurderedByWords,12,2018-05-06 11:18:53,1,0,23,0
2018-05-06 03:22:02,62,r/MurderedByWords,12,2018-05-06 08:28:06,1,1,35,0
2018-05-06 03:22:02,62,r/MurderedByWords,12,2018-05-06 11:14:52,2,1,16,0
2018-05-06 03:22:02,62,r/MurderedByWords,12,2018-05-06 14:49:33,3,0,1,0
2018-05-06 03:22:02,62,r/MurderedByWords,12,2018-05-06 12:37:24,1,0,2,0
2018-05-06 03:22:02,62,r/MurderedByWords,12,2018-05-06 08:29:24,1,2,9,0
2018-05-06 03:22:02,62,r/MurderedByWords,12,2018-05-06 12:11:39,2,0,10,0
2018-05-06 03:22:02,62,r/MurderedByWords,13,2018-05-06 05:08:44,0,0,90,0
2018-05-06 03:22:02,62,r/MurderedByWords,14,2018-05-06 07:38:07,0,1,9,0
2018-05-06 03:22:02,62,r/MurderedByWords,14,2018-05-06 09:40:58,1,1,15,0
2018-05-06 03:22:02,62,r/MurderedByWords,14,2018-05-06 09:45:07,2,0,3,0
2018-05-06 03:22:02,62,r/MurderedByWords,15,2018-05-06 07:43:10,0,0,25,0
2018-05-06 03:22:02,62,r/MurderedByWords,16,2018-05-06 05:25:10,0,2,59,0
2018-05-06 03:22:02,62,r/MurderedByWords,16,2018-05-06 07:25:20,1,4,40,0
2018-05-06 03:22:02,62,r/MurderedByWords,16,2018-05-06 08:27:49,2,4,51,0
2018-05-06 03:22:02,62,r/MurderedByWords,16,2018-05-06 09:50:19,3,2,23,0
2018-05-06 03:22:02,62,r/MurderedByWords,16,2018-05-06 11:02:47,4,0,24,0
2018-05-06 03:22:02,62,r/MurderedByWords,16,2018-05-06 11:14:39,4,0,2,0
2018-05-06 03:22:02,62,r/MurderedByWords,16,2018-05-06 13:07:09,3,0,2,0
2018-05-06 03:22:02,62,r/MurderedByWords,16,2018-05-06 13:59:37,3,0,3,0
2018-05-06 03:22:02,62,r/MurderedByWords,16,2018-05-06 10:28:26,3,1,3,0
2018-05-06 03:22:02,62,r/MurderedByWords,16,2018-05-06 12:31:58,4,0,8,0
2018-05-06 03:22:02,62,r/MurderedByWords,16,2018-05-06 11:42:37,2,1,13,0
2018-05-06 03:22:02,62,r/MurderedByWords,16,2018-05-06 07:39:02,2,3,7,0
2018-05-06 03:22:02,62,r/MurderedByWords,16,2018-05-06 10:20:28,3,0,2,0
2018-05-06 03:22:02,62,r/MurderedByWords,16,2018-05-06 08:05:08,3,6,7,0
2018-05-06 03:22:02,62,r/MurderedByWords,16,2018-05-06 08:15:12,4,1,33,0
2018-05-06 03:22:02,62,r/MurderedByWords,16,2018-05-06 08:32:04,4,1,11,0
2018-05-06 03:22:02,62,r/MurderedByWords,16,2018-05-06 08:52:22,4,0,13,0
2018-05-06 03:22:02,62,r/MurderedByWords,16,2018-05-06 08:19:53,4,1,2,0
2018-05-06 03:22:02,62,r/MurderedByWords,16,2018-05-06 08:20:59,4,3,2,0
2018-05-06 03:22:02,62,r/MurderedByWords,16,2018-05-06 08:28:59,5,0,3,0
2018-05-06 03:22:02,62,r/MurderedByWords,16,2018-05-06 14:29:01,5,0,1,0
2018-05-06 03:22:02,62,r/MurderedByWords,17,2018-05-06 08:27:03,0,8,78,1
2018-05-06 03:22:02,62,r/MurderedByWords,17,2018-05-06 11:49:01,1,2,36,0
2018-05-06 03:22:02,62,r/MurderedByWords,17,2018-05-06 12:51:12,2,0,6,0
2018-05-06 03:22:02,62,r/MurderedByWords,17,2018-05-06 14:22:02,2,0,1,0
2018-05-06 03:22:02,62,r/MurderedByWords,17,2018-05-06 12:12:46,1,0,14,0
2018-05-06 03:22:02,62,r/MurderedByWords,17,2018-05-06 12:52:03,1,1,7,0
2018-05-06 03:22:02,62,r/MurderedByWords,17,2018-05-06 14:08:29,2,0,1,0
2018-05-06 03:22:02,62,r/MurderedByWords,17,2018-05-06 11:28:11,1,2,30,0
2018-05-06 03:22:02,62,r/MurderedByWords,17,2018-05-06 13:34:35,2,0,6,0
2018-05-06 03:22:02,62,r/MurderedByWords,17,2018-05-06 13:29:04,1,2,5,0
2018-05-06 03:22:02,62,r/MurderedByWords,17,2018-05-06 14:02:51,2,0,2,0
2018-05-06 03:22:02,62,r/MurderedByWords,17,2018-05-06 12:38:13,1,2,8,0
2018-05-06 03:22:02,62,r/MurderedByWords,17,2018-05-06 14:00:33,2,0,6,0
2018-05-06 03:22:02,62,r/MurderedByWords,17,2018-05-06 14:10:34,2,1,6,0
2018-05-06 03:22:02,62,r/MurderedByWords,17,2018-05-06 11:28:15,1,1,2,0
2018-05-06 03:22:02,62,r/MurderedByWords,17,2018-05-06 12:07:22,2,2,7,0
2018-05-06 03:22:02,62,r/MurderedByWords,17,2018-05-06 12:20:31,3,1,3,0
2018-05-06 03:22:02,62,r/MurderedByWords,17,2018-05-06 12:46:30,4,0,2,0
2018-05-06 03:22:02,62,r/MurderedByWords,18,2018-05-06 08:11:15,0,3,51,0
2018-05-06 03:22:02,62,r/MurderedByWords,18,2018-05-06 08:24:01,1,2,12,0
2018-05-06 03:22:02,62,r/MurderedByWords,18,2018-05-06 11:02:28,2,1,19,0
2018-05-06 03:22:02,62,r/MurderedByWords,18,2018-05-06 12:17:31,3,1,3,0
2018-05-06 03:22:02,62,r/MurderedByWords,18,2018-05-06 12:22:53,4,0,2,0
2018-05-06 03:22:02,62,r/MurderedByWords,18,2018-05-06 12:22:40,2,1,2,0
2018-05-06 03:22:02,62,r/MurderedByWords,18,2018-05-06 13:02:56,3,1,3,0
2018-05-06 03:22:02,62,r/MurderedByWords,18,2018-05-06 14:05:12,4,0,3,0
2018-05-06 03:22:02,62,r/MurderedByWords,18,2018-05-06 08:23:51,1,0,4,0
2018-05-06 03:22:02,62,r/MurderedByWords,19,2018-05-06 06:28:45,0,2,16,0
2018-05-06 03:22:02,62,r/MurderedByWords,19,2018-05-06 07:20:43,1,1,9,0
2018-05-06 03:22:02,62,r/MurderedByWords,19,2018-05-06 10:09:53,1,1,2,0
2018-05-06 03:22:02,62,r/MurderedByWords,20,2018-05-06 06:38:46,0,0,2,0
2018-05-06 03:22:02,62,r/MurderedByWords,21,2018-05-06 03:59:59,0,2,38,0
2018-05-06 03:22:02,62,r/MurderedByWords,21,2018-05-06 04:46:17,1,0,56,0
2018-05-06 03:22:02,62,r/MurderedByWords,22,2018-05-06 07:12:50,0,2,9,0
2018-05-06 03:22:02,62,r/MurderedByWords,22,2018-05-06 11:46:52,1,1,2,0
2018-05-06 03:22:02,62,r/MurderedByWords,22,2018-05-06 14:48:46,2,0,1,0
2018-05-06 03:22:02,62,r/MurderedByWords,23,2018-05-06 08:45:37,0,0,3,0
2018-05-06 03:22:02,62,r/MurderedByWords,24,2018-05-06 11:37:33,0,0,3,0
2018-05-06 03:22:02,62,r/MurderedByWords,25,2018-05-06 08:06:35,0,0,6,0
2018-05-06 03:22:02,62,r/MurderedByWords,26,2018-05-06 08:37:29,0,0,6,0
2018-05-06 03:22:02,62,r/MurderedByWords,27,2018-05-06 08:37:02,0,2,2,0
2018-05-06 03:22:02,62,r/MurderedByWords,27,2018-05-06 09:15:41,1,1,2,0
2018-05-06 03:22:02,62,r/MurderedByWords,28,2018-05-06 10:10:30,0,0,2,0
2018-05-06 03:22:02,62,r/MurderedByWords,29,2018-05-06 13:39:04,0,0,2,0
2018-05-06 03:22:02,62,r/MurderedByWords,30,2018-05-06 07:44:44,0,1,5,0
2018-05-06 03:22:02,62,r/MurderedByWords,30,2018-05-06 08:51:42,1,0,3,0
2018-05-06 03:22:02,62,r/MurderedByWords,31,2018-05-06 07:55:12,0,2,5,0
2018-05-06 03:22:02,62,r/MurderedByWords,31,2018-05-06 09:56:25,1,1,5,0
2018-05-06 03:22:02,62,r/MurderedByWords,31,2018-05-06 11:03:54,2,0,3,0
2018-05-06 03:22:02,62,r/MurderedByWords,31,2018-05-06 10:12:42,1,1,2,0
2018-05-06 03:22:02,62,r/MurderedByWords,32,2018-05-06 08:28:31,0,1,4,0
2018-05-06 03:22:02,62,r/MurderedByWords,33,2018-05-06 05:56:28,0,0,7,0
2018-05-06 03:22:02,62,r/MurderedByWords,34,2018-05-06 05:00:47,0,1,5,0
2018-05-06 03:22:02,62,r/MurderedByWords,34,2018-05-06 06:56:36,1,1,12,0
2018-05-06 03:22:02,62,r/MurderedByWords,34,2018-05-06 06:59:15,2,0,22,0
2018-05-06 03:22:02,62,r/MurderedByWords,35,2018-05-06 07:03:21,0,1,4,0
2018-05-06 03:22:02,62,r/MurderedByWords,35,2018-05-06 12:03:42,1,0,3,0
2018-05-06 03:22:02,62,r/MurderedByWords,36,2018-05-06 05:45:52,0,0,5,0
2018-05-06 03:22:02,62,r/MurderedByWords,37,2018-05-06 07:42:10,0,0,2,0
2018-05-06 03:22:02,62,r/MurderedByWords,38,2018-05-06 11:24:29,0,0,2,0
2018-05-06 03:22:02,62,r/MurderedByWords,39,2018-05-06 07:54:32,0,0,1,0
2018-05-06 03:22:02,62,r/MurderedByWords,40,2018-05-06 08:02:09,0,0,1,0
2018-05-06 03:22:02,62,r/MurderedByWords,41,2018-05-06 08:12:57,0,0,1,0
2018-05-06 03:22:02,62,r/MurderedByWords,42,2018-05-06 08:15:32,0,0,1,0
2018-05-06 03:22:02,62,r/MurderedByWords,43,2018-05-06 08:17:42,0,1,1,0
2018-05-06 03:22:02,62,r/MurderedByWords,44,2018-05-06 08:23:14,0,1,1,0
2018-05-06 03:22:02,62,r/MurderedByWords,44,2018-05-06 08:49:40,1,1,3,0
2018-05-06 03:22:02,62,r/MurderedByWords,45,2018-05-06 08:29:57,0,0,1,0
2018-05-06 03:22:02,62,r/MurderedByWords,46,2018-05-06 08:36:29,0,0,1,0
2018-05-06 05:51:51,63,r/Music,0,2018-05-06 10:41:44,0,4,620,0
2018-05-06 05:51:51,63,r/Music,0,2018-05-06 10:54:15,1,2,375,0
2018-05-06 05:51:51,63,r/Music,0,2018-05-06 13:54:21,2,2,1,0
2018-05-06 05:51:51,63,r/Music,0,2018-05-06 14:30:51,3,1,1,0
2018-05-06 05:51:51,63,r/Music,0,2018-05-06 15:00:36,4,0,1,0
2018-05-06 05:51:51,63,r/Music,0,2018-05-06 14:50:11,3,0,1,0
2018-05-06 05:51:51,63,r/Music,0,2018-05-06 14:02:01,2,1,1,0
2018-05-06 05:51:51,63,r/Music,0,2018-05-06 14:17:32,3,0,1,0
2018-05-06 05:51:51,63,r/Music,0,2018-05-06 11:14:20,1,4,88,0
2018-05-06 05:51:51,63,r/Music,0,2018-05-06 12:13:46,2,2,252,0
2018-05-06 05:51:51,63,r/Music,0,2018-05-06 13:47:41,3,4,1,0
2018-05-06 05:51:51,63,r/Music,0,2018-05-06 14:16:41,4,1,1,0
2018-05-06 05:51:51,63,r/Music,0,2018-05-06 15:04:18,5,0,1,0
2018-05-06 05:51:51,63,r/Music,0,2018-05-06 13:56:37,4,2,1,0
2018-05-06 05:51:51,63,r/Music,0,2018-05-06 14:04:53,5,0,1,0
2018-05-06 05:51:51,63,r/Music,0,2018-05-06 14:35:08,4,0,1,0
2018-05-06 05:51:51,63,r/Music,0,2018-05-06 14:36:35,3,1,1,0
2018-05-06 05:51:51,63,r/Music,0,2018-05-06 15:06:44,4,0,1,0
2018-05-06 05:51:51,63,r/Music,0,2018-05-06 11:47:20,2,3,82,0
2018-05-06 05:51:51,63,r/Music,0,2018-05-06 12:08:42,3,2,133,0
2018-05-06 05:51:51,63,r/Music,0,2018-05-06 13:33:25,4,1,43,0
2018-05-06 05:51:51,63,r/Music,0,2018-05-06 14:25:40,5,0,1,0
2018-05-06 05:51:51,63,r/Music,0,2018-05-06 13:42:01,4,0,1,0
2018-05-06 05:51:51,63,r/Music,0,2018-05-06 13:09:49,3,1,31,0
2018-05-06 05:51:51,63,r/Music,0,2018-05-06 13:26:05,4,2,12,0
2018-05-06 05:51:51,63,r/Music,0,2018-05-06 13:39:34,5,0,3,0
2018-05-06 05:51:51,63,r/Music,0,2018-05-06 13:32:12,5,1,3,0
2018-05-06 05:51:51,63,r/Music,0,2018-05-06 13:44:03,6,0,1,0
2018-05-06 05:51:51,63,r/Music,0,2018-05-06 13:56:07,3,0,1,0
2018-05-06 05:51:51,63,r/Music,0,2018-05-06 12:42:31,2,1,13,0
2018-05-06 05:51:51,63,r/Music,0,2018-05-06 13:35:49,3,2,20,0
2018-05-06 05:51:51,63,r/Music,0,2018-05-06 14:15:39,4,1,1,0
2018-05-06 05:51:51,63,r/Music,0,2018-05-06 14:47:36,5,0,1,0
2018-05-06 05:51:51,63,r/Music,0,2018-05-06 13:04:25,2,1,6,0
2018-05-06 05:51:51,63,r/Music,0,2018-05-06 13:20:13,3,1,3,0
2018-05-06 05:51:51,63,r/Music,0,2018-05-06 13:52:59,4,1,1,0
2018-05-06 05:51:51,63,r/Music,0,2018-05-06 12:43:31,1,3,22,0
2018-05-06 05:51:51,63,r/Music,0,2018-05-06 13:03:15,2,3,46,0
2018-05-06 05:51:51,63,r/Music,0,2018-05-06 13:07:56,3,1,16,0
2018-05-06 05:51:51,63,r/Music,0,2018-05-06 13:40:11,4,1,11,0
2018-05-06 05:51:51,63,r/Music,0,2018-05-06 14:39:17,3,0,1,0
2018-05-06 05:51:51,63,r/Music,0,2018-05-06 14:45:15,3,0,1,0
2018-05-06 05:51:51,63,r/Music,0,2018-05-06 13:02:52,2,0,5,0
2018-05-06 05:51:51,63,r/Music,0,2018-05-06 14:06:32,2,0,1,0
2018-05-06 05:51:51,63,r/Music,0,2018-05-06 14:04:09,1,0,1,0
2018-05-06 05:51:51,63,r/Music,1,2018-05-06 06:11:17,0,2,519,0
2018-05-06 05:51:51,63,r/Music,1,2018-05-06 07:16:57,1,4,166,0
2018-05-06 05:51:51,63,r/Music,1,2018-05-06 10:56:50,2,4,346,0
2018-05-06 05:51:51,63,r/Music,1,2018-05-06 12:13:51,3,4,489,0
2018-05-06 05:51:51,63,r/Music,1,2018-05-06 13:03:44,4,1,158,0
2018-05-06 05:51:51,63,r/Music,1,2018-05-06 15:05:14,5,0,1,0
2018-05-06 05:51:51,63,r/Music,1,2018-05-06 13:11:25,4,0,11,0
2018-05-06 05:51:51,63,r/Music,1,2018-05-06 14:21:09,4,0,1,0
2018-05-06 05:51:51,63,r/Music,1,2018-05-06 12:15:00,3,3,7,0
2018-05-06 05:51:51,63,r/Music,1,2018-05-06 12:24:07,4,3,26,0
2018-05-06 05:51:51,63,r/Music,1,2018-05-06 13:11:37,5,0,12,0
2018-05-06 05:51:51,63,r/Music,1,2018-05-06 14:39:58,5,0,1,0
2018-05-06 05:51:51,63,r/Music,1,2018-05-06 12:44:55,4,1,3,0
2018-05-06 05:51:51,63,r/Music,1,2018-05-06 14:13:30,5,0,1,0
2018-05-06 05:51:51,63,r/Music,1,2018-05-06 13:18:16,4,0,1,0
2018-05-06 05:51:51,63,r/Music,1,2018-05-06 14:12:23,3,0,1,0
2018-05-06 05:51:51,63,r/Music,1,2018-05-06 14:30:01,3,0,1,0
2018-05-06 05:51:51,63,r/Music,1,2018-05-06 13:11:15,2,1,4,0
2018-05-06 05:51:51,63,r/Music,1,2018-05-06 14:30:59,2,1,1,0
2018-05-06 05:51:51,63,r/Music,1,2018-05-06 14:55:21,3,0,1,0
2018-05-06 05:51:51,63,r/Music,1,2018-05-06 14:31:06,1,0,1,0
2018-05-06 05:51:51,63,r/Music,2,2018-05-06 12:16:16,0,6,290,0
2018-05-06 05:51:51,63,r/Music,2,2018-05-06 13:27:38,1,3,84,0
2018-05-06 05:51:51,63,r/Music,2,2018-05-06 14:05:17,2,3,1,0
2018-05-06 05:51:51,63,r/Music,2,2018-05-06 14:40:49,3,0,1,0
2018-05-06 05:51:51,63,r/Music,2,2018-05-06 14:43:36,3,0,1,0
2018-05-06 05:51:51,63,r/Music,2,2018-05-06 13:56:56,2,0,1,0
2018-05-06 05:51:51,63,r/Music,2,2018-05-06 14:57:57,2,0,1,0
2018-05-06 05:51:51,63,r/Music,2,2018-05-06 13:49:46,1,1,1,0
2018-05-06 05:51:51,63,r/Music,2,2018-05-06 13:55:14,2,1,1,0
2018-05-06 05:51:51,63,r/Music,2,2018-05-06 13:57:16,3,2,1,0
2018-05-06 05:51:51,63,r/Music,2,2018-05-06 14:26:06,4,1,1,0
2018-05-06 05:51:51,63,r/Music,2,2018-05-06 14:29:07,5,0,1,0
2018-05-06 05:51:51,63,r/Music,2,2018-05-06 15:09:50,4,0,1,0
2018-05-06 05:51:51,63,r/Music,2,2018-05-06 13:59:09,1,2,1,0
2018-05-06 05:51:51,63,r/Music,2,2018-05-06 14:47:16,2,0,1,0
2018-05-06 05:51:51,63,r/Music,2,2018-05-06 14:08:22,2,1,1,0
2018-05-06 05:51:51,63,r/Music,2,2018-05-06 14:35:16,1,1,1,0
2018-05-06 05:51:51,63,r/Music,2,2018-05-06 14:42:41,1,0,1,0
2018-05-06 05:51:51,63,r/Music,3,2018-05-06 11:46:02,0,6,257,0
2018-05-06 05:51:51,63,r/Music,3,2018-05-06 13:25:21,1,1,151,0
2018-05-06 05:51:51,63,r/Music,3,2018-05-06 15:03:48,2,0,1,0
2018-05-06 05:51:51,63,r/Music,3,2018-05-06 14:16:58,1,0,1,0
2018-05-06 05:51:51,63,r/Music,3,2018-05-06 13:38:22,1,0,15,0
2018-05-06 05:51:51,63,r/Music,3,2018-05-06 14:33:50,1,1,1,0
2018-05-06 05:51:51,63,r/Music,3,2018-05-06 14:49:25,2,1,1,0
2018-05-06 05:51:51,63,r/Music,3,2018-05-06 14:50:37,3,1,1,0
2018-05-06 05:51:51,63,r/Music,3,2018-05-06 14:52:15,4,1,1,0
2018-05-06 05:51:51,63,r/Music,3,2018-05-06 14:53:09,5,1,1,0
2018-05-06 05:51:51,63,r/Music,3,2018-05-06 14:55:37,6,1,1,0
2018-05-06 05:51:51,63,r/Music,3,2018-05-06 14:57:55,7,1,1,0
2018-05-06 05:51:51,63,r/Music,3,2018-05-06 14:59:50,8,1,1,0
2018-05-06 05:51:51,63,r/Music,3,2018-05-06 15:00:54,9,0,1,0
2018-05-06 05:51:51,63,r/Music,3,2018-05-06 14:33:55,1,1,1,0
2018-05-06 05:51:51,63,r/Music,3,2018-05-06 15:01:18,2,1,1,0
2018-05-06 05:51:51,63,r/Music,3,2018-05-06 13:29:56,1,0,-1,0
2018-05-06 05:51:51,63,r/Music,4,2018-05-06 06:50:02,0,6,816,0
2018-05-06 05:51:51,63,r/Music,4,2018-05-06 11:09:18,1,9,230,0
2018-05-06 05:51:51,63,r/Music,4,2018-05-06 11:44:54,2,2,100,0
2018-05-06 05:51:51,63,r/Music,4,2018-05-06 11:46:40,3,1,35,0
2018-05-06 05:51:51,63,r/Music,4,2018-05-06 12:03:52,4,2,31,0
2018-05-06 05:51:51,63,r/Music,4,2018-05-06 12:27:07,5,2,-1,0
2018-05-06 05:51:51,63,r/Music,4,2018-05-06 12:49:26,6,1,5,0
2018-05-06 05:51:51,63,r/Music,4,2018-05-06 13:00:32,7,0,3,0
2018-05-06 05:51:51,63,r/Music,4,2018-05-06 12:46:34,6,2,6,0
2018-05-06 05:51:51,63,r/Music,4,2018-05-06 13:38:53,7,0,5,0
2018-05-06 05:51:51,63,r/Music,4,2018-05-06 13:12:11,7,1,5,0
2018-05-06 05:51:51,63,r/Music,4,2018-05-06 14:14:36,8,1,1,0
2018-05-06 05:51:51,63,r/Music,4,2018-05-06 14:19:01,9,0,1,0
2018-05-06 05:51:51,63,r/Music,4,2018-05-06 13:03:49,5,0,1,0
2018-05-06 05:51:51,63,r/Music,4,2018-05-06 13:36:37,3,0,4,0
2018-05-06 05:51:51,63,r/Music,4,2018-05-06 12:03:59,2,2,63,0
2018-05-06 05:51:51,63,r/Music,4,2018-05-06 12:29:06,3,1,10,0
2018-05-06 05:51:51,63,r/Music,4,2018-05-06 13:56:09,4,0,1,0
2018-05-06 05:51:51,63,r/Music,4,2018-05-06 14:46:14,3,0,1,0
2018-05-06 05:51:51,63,r/Music,4,2018-05-06 11:54:34,2,1,12,0
2018-05-06 05:51:51,63,r/Music,4,2018-05-06 11:56:18,3,0,1,0
2018-05-06 05:51:51,63,r/Music,4,2018-05-06 11:57:25,2,0,6,0
2018-05-06 05:51:51,63,r/Music,4,2018-05-06 11:56:45,2,0,6,0
2018-05-06 05:51:51,63,r/Music,4,2018-05-06 13:11:05,2,0,3,0
2018-05-06 05:51:51,63,r/Music,4,2018-05-06 14:24:36,2,0,1,0
2018-05-06 05:51:51,63,r/Music,4,2018-05-06 14:26:01,2,0,1,0
2018-05-06 05:51:51,63,r/Music,4,2018-05-06 13:24:28,1,1,6,0
2018-05-06 05:51:51,63,r/Music,4,2018-05-06 14:23:56,2,0,1,0
2018-05-06 05:51:51,63,r/Music,4,2018-05-06 10:14:19,1,1,-13,0
2018-05-06 05:51:51,63,r/Music,4,2018-05-06 10:35:20,2,6,84,0
2018-05-06 05:51:51,63,r/Music,4,2018-05-06 11:42:28,3,0,22,0
2018-05-06 05:51:51,63,r/Music,4,2018-05-06 12:35:36,3,0,14,0
2018-05-06 05:51:51,63,r/Music,4,2018-05-06 11:38:00,3,0,8,0
2018-05-06 05:51:51,63,r/Music,4,2018-05-06 10:36:21,3,0,11,0
2018-05-06 05:51:51,63,r/Music,4,2018-05-06 12:12:16,3,0,4,0
2018-05-06 05:51:51,63,r/Music,4,2018-05-06 12:12:32,3,0,1,0
2018-05-06 05:51:51,63,r/Music,4,2018-05-06 13:35:31,1,0,1,0
2018-05-06 05:51:51,63,r/Music,4,2018-05-06 13:21:36,1,1,0,0
2018-05-06 05:51:51,63,r/Music,5,2018-05-06 06:23:51,0,10,1330,0
2018-05-06 05:51:51,63,r/Music,5,2018-05-06 06:57:36,1,13,972,0
2018-05-06 05:51:51,63,r/Music,5,2018-05-06 07:14:29,2,5,563,0
2018-05-06 05:51:51,63,r/Music,5,2018-05-06 07:26:37,3,1,161,0
2018-05-06 05:51:51,63,r/Music,5,2018-05-06 09:10:30,4,2,68,0
2018-05-06 05:51:51,63,r/Music,5,2018-05-06 10:32:20,5,1,64,0
2018-05-06 05:51:51,63,r/Music,5,2018-05-06 12:06:49,6,1,13,0
2018-05-06 05:51:51,63,r/Music,5,2018-05-06 12:17:19,7,0,4,0
2018-05-06 05:51:51,63,r/Music,5,2018-05-06 12:19:25,5,0,17,0
2018-05-06 05:51:51,63,r/Music,5,2018-05-06 12:37:05,3,1,13,0
2018-05-06 05:51:51,63,r/Music,5,2018-05-06 14:10:25,4,0,1,0
2018-05-06 05:51:51,63,r/Music,5,2018-05-06 11:09:09,3,0,20,0
2018-05-06 05:51:51,63,r/Music,5,2018-05-06 13:13:53,3,3,15,0
2018-05-06 05:51:51,63,r/Music,5,2018-05-06 13:31:31,4,1,30,0
2018-05-06 05:51:51,63,r/Music,5,2018-05-06 14:02:54,5,1,1,0
2018-05-06 05:51:51,63,r/Music,5,2018-05-06 14:31:12,6,1,1,0
2018-05-06 05:51:51,63,r/Music,5,2018-05-06 14:32:02,7,0,1,0
2018-05-06 05:51:51,63,r/Music,5,2018-05-06 13:21:27,4,3,3,0
2018-05-06 05:51:51,63,r/Music,5,2018-05-06 14:26:00,5,1,1,0
2018-05-06 05:51:51,63,r/Music,5,2018-05-06 14:38:16,6,0,1,0
2018-05-06 05:51:51,63,r/Music,5,2018-05-06 13:29:02,5,0,1,0
2018-05-06 05:51:51,63,r/Music,5,2018-05-06 13:32:59,5,1,0,0
2018-05-06 05:51:51,63,r/Music,5,2018-05-06 14:17:18,6,0,1,0
2018-05-06 05:51:51,63,r/Music,5,2018-05-06 13:27:01,4,0,0,0
2018-05-06 05:51:51,63,r/Music,5,2018-05-06 07:46:49,2,3,229,0
2018-05-06 05:51:51,63,r/Music,5,2018-05-06 08:20:43,3,6,138,0
2018-05-06 05:51:51,63,r/Music,5,2018-05-06 14:44:00,4,0,1,0
2018-05-06 05:51:51,63,r/Music,5,2018-05-06 08:26:53,4,6,-7,0
2018-05-06 05:51:51,63,r/Music,5,2018-05-06 12:46:43,5,1,21,0
2018-05-06 05:51:51,63,r/Music,5,2018-05-06 12:54:53,6,0,12,0
2018-05-06 05:51:51,63,r/Music,5,2018-05-06 08:47:24,5,4,71,0
2018-05-06 05:51:51,63,r/Music,5,2018-05-06 10:49:21,6,0,17,0
2018-05-06 05:51:51,63,r/Music,5,2018-05-06 10:53:54,6,1,10,0
2018-05-06 05:51:51,63,r/Music,5,2018-05-06 13:35:35,7,1,2,0
2018-05-06 05:51:51,63,r/Music,5,2018-05-06 13:55:06,8,1,1,0
2018-05-06 05:51:51,63,r/Music,5,2018-05-06 14:14:54,9,0,1,0
2018-05-06 05:51:51,63,r/Music,5,2018-05-06 09:46:40,6,1,5,0
2018-05-06 05:51:51,63,r/Music,5,2018-05-06 09:48:22,7,2,-7,0
2018-05-06 05:51:51,63,r/Music,5,2018-05-06 11:02:38,8,1,8,0
2018-05-06 05:51:51,63,r/Music,5,2018-05-06 12:39:50,9,0,4,0
2018-05-06 05:51:51,63,r/Music,5,2018-05-06 10:13:45,8,1,5,0
2018-05-06 05:51:51,63,r/Music,5,2018-05-06 12:51:14,9,0,2,0
2018-05-06 05:51:51,63,r/Music,5,2018-05-06 09:20:37,6,0,1,0
2018-05-06 05:51:51,63,r/Music,5,2018-05-06 12:54:27,5,0,13,0
2018-05-06 05:51:51,63,r/Music,5,2018-05-06 12:55:50,5,0,17,0
2018-05-06 05:51:51,63,r/Music,5,2018-05-06 13:32:58,5,1,-2,0
2018-05-06 05:51:51,63,r/Music,5,2018-05-06 14:04:00,4,1,1,0
2018-05-06 05:51:51,63,r/Music,5,2018-05-06 14:33:15,5,1,1,0
2018-05-06 05:51:51,63,r/Music,5,2018-05-06 14:47:05,6,4,1,0
2018-05-06 05:51:51,63,r/Music,5,2018-05-06 14:57:14,7,1,1,0
2018-05-06 05:51:51,63,r/Music,5,2018-05-06 15:09:41,8,0,1,0
2018-05-06 05:51:51,63,r/Music,5,2018-05-06 14:57:15,7,0,1,0
2018-05-06 05:51:51,63,r/Music,5,2018-05-06 14:57:58,7,0,1,0
2018-05-06 05:51:51,63,r/Music,5,2018-05-06 12:24:26,4,5,2,0
2018-05-06 05:51:51,63,r/Music,5,2018-05-06 12:55:56,5,0,10,0
2018-05-06 05:51:51,63,r/Music,5,2018-05-06 13:39:57,5,0,8,0
2018-05-06 05:51:51,63,r/Music,5,2018-05-06 12:58:26,5,0,3,0
2018-05-06 05:51:51,63,r/Music,5,2018-05-06 14:45:12,5,0,1,0
2018-05-06 05:51:51,63,r/Music,5,2018-05-06 14:53:14,5,0,1,0
2018-05-06 05:51:51,63,r/Music,5,2018-05-06 12:39:44,4,0,1,0
2018-05-06 05:51:51,63,r/Music,5,2018-05-06 12:33:52,4,1,-3,0
2018-05-06 05:51:51,63,r/Music,5,2018-05-06 12:38:58,5,0,9,0
2018-05-06 05:51:51,63,r/Music,5,2018-05-06 08:08:21,3,1,7,0
2018-05-06 05:51:51,63,r/Music,5,2018-05-06 12:11:54,4,2,-14,0
2018-05-06 05:51:51,63,r/Music,5,2018-05-06 12:15:16,5,2,9,0
2018-05-06 05:51:51,63,r/Music,5,2018-05-06 12:18:02,6,1,-12,0
2018-05-06 05:51:51,63,r/Music,5,2018-05-06 12:19:01,7,0,1,0
2018-05-06 05:51:51,63,r/Music,5,2018-05-06 12:32:20,5,0,6,0
2018-05-06 05:51:51,63,r/Music,5,2018-05-06 12:11:47,2,3,16,0
2018-05-06 05:51:51,63,r/Music,5,2018-05-06 13:52:17,3,2,1,0
2018-05-06 05:51:51,63,r/Music,5,2018-05-06 15:04:20,4,0,1,0
2018-05-06 05:51:51,63,r/Music,5,2018-05-06 15:05:05,4,0,1,0
2018-05-06 05:51:51,63,r/Music,5,2018-05-06 12:16:05,3,1,8,0
2018-05-06 05:51:51,63,r/Music,5,2018-05-06 12:56:38,4,1,7,0
2018-05-06 05:51:51,63,r/Music,5,2018-05-06 13:53:03,5,0,1,0
2018-05-06 05:51:51,63,r/Music,5,2018-05-06 14:42:47,3,0,1,0
2018-05-06 05:51:51,63,r/Music,5,2018-05-06 12:01:25,2,1,8,0
2018-05-06 05:51:51,63,r/Music,5,2018-05-06 13:27:51,2,0,3,0
2018-05-06 05:51:51,63,r/Music,5,2018-05-06 13:12:00,2,0,-1,0
2018-05-06 05:51:51,63,r/Music,5,2018-05-06 14:26:56,2,0,1,0
2018-05-06 05:51:51,63,r/Music,5,2018-05-06 14:27:15,2,0,1,0
2018-05-06 05:51:51,63,r/Music,5,2018-05-06 12:00:05,2,3,-5,0
2018-05-06 05:51:51,63,r/Music,5,2018-05-06 12:05:00,3,1,15,0
2018-05-06 05:51:51,63,r/Music,5,2018-05-06 12:34:25,4,1,-5,0
2018-05-06 05:51:51,63,r/Music,5,2018-05-06 12:42:27,5,1,12,0
2018-05-06 05:51:51,63,r/Music,5,2018-05-06 13:01:19,6,2,0,0
2018-05-06 05:51:51,63,r/Music,5,2018-05-06 13:16:36,7,1,3,0
2018-05-06 05:51:51,63,r/Music,5,2018-05-06 12:09:10,3,2,1,0
2018-05-06 05:51:51,63,r/Music,5,2018-05-06 12:13:10,4,2,-2,0
2018-05-06 05:51:51,63,r/Music,5,2018-05-06 12:17:32,5,0,3,0
2018-05-06 05:51:51,63,r/Music,5,2018-05-06 12:28:19,5,0,1,0
2018-05-06 05:51:51,63,r/Music,5,2018-05-06 13:10:01,2,1,1,0
2018-05-06 05:51:51,63,r/Music,5,2018-05-06 14:12:38,3,0,1,0
2018-05-06 05:51:51,63,r/Music,5,2018-05-06 08:43:12,2,2,-6,0
2018-05-06 05:51:51,63,r/Music,5,2018-05-06 10:54:18,3,0,11,0
2018-05-06 05:51:51,63,r/Music,5,2018-05-06 09:25:14,2,3,-54,0
2018-05-06 05:51:51,63,r/Music,5,2018-05-06 09:55:42,3,3,23,0
2018-05-06 05:51:51,63,r/Music,5,2018-05-06 12:03:29,4,0,10,0
2018-05-06 05:51:51,63,r/Music,5,2018-05-06 10:21:58,4,2,6,0
2018-05-06 05:51:51,63,r/Music,5,2018-05-06 12:28:41,5,0,3,0
2018-05-06 05:51:51,63,r/Music,5,2018-05-06 10:49:58,3,0,1,0
2018-05-06 05:51:51,63,r/Music,5,2018-05-06 09:39:40,3,0,1,0
2018-05-06 05:51:51,63,r/Music,5,2018-05-06 13:36:32,1,1,6,0
2018-05-06 05:51:51,63,r/Music,5,2018-05-06 13:43:07,2,0,1,0
2018-05-06 05:51:51,63,r/Music,5,2018-05-06 08:27:08,1,7,111,0
2018-05-06 05:51:51,63,r/Music,5,2018-05-06 10:40:24,2,4,130,0
2018-05-06 05:51:51,63,r/Music,5,2018-05-06 10:46:04,3,4,74,0
2018-05-06 05:51:51,63,r/Music,5,2018-05-06 10:53:17,4,1,12,0
2018-05-06 05:51:51,63,r/Music,5,2018-05-06 13:29:27,5,0,8,0
2018-05-06 05:51:51,63,r/Music,5,2018-05-06 14:22:47,4,0,1,0
2018-05-06 05:51:51,63,r/Music,5,2018-05-06 14:51:54,4,0,1,0
2018-05-06 05:51:51,63,r/Music,5,2018-05-06 13:40:59,4,0,1,0
2018-05-06 05:51:51,63,r/Music,5,2018-05-06 14:20:32,3,0,1,0
2018-05-06 05:51:51,63,r/Music,5,2018-05-06 14:24:46,3,0,1,0
2018-05-06 05:51:51,63,r/Music,5,2018-05-06 14:12:55,3,0,1,0
2018-05-06 05:51:51,63,r/Music,5,2018-05-06 08:49:40,2,0,25,0
2018-05-06 05:51:51,63,r/Music,5,2018-05-06 13:38:34,2,0,4,0
2018-05-06 05:51:51,63,r/Music,5,2018-05-06 13:37:40,2,0,1,0
2018-05-06 05:51:51,63,r/Music,5,2018-05-06 14:36:01,2,0,1,0
2018-05-06 05:51:51,63,r/Music,5,2018-05-06 14:46:28,2,0,1,0
2018-05-06 05:51:51,63,r/Music,5,2018-05-06 12:59:15,2,3,-4,0
2018-05-06 05:51:51,63,r/Music,5,2018-05-06 13:32:06,3,0,3,0
2018-05-06 05:51:51,63,r/Music,5,2018-05-06 14:30:36,3,0,1,0
2018-05-06 05:51:51,63,r/Music,5,2018-05-06 14:36:08,3,0,1,0
2018-05-06 05:51:51,63,r/Music,5,2018-05-06 13:39:13,1,1,14,0
2018-05-06 05:51:51,63,r/Music,5,2018-05-06 14:45:47,2,0,1,0
2018-05-06 05:51:51,63,r/Music,5,2018-05-06 14:04:02,1,3,1,0
2018-05-06 05:51:51,63,r/Music,5,2018-05-06 14:32:44,2,1,1,0
2018-05-06 05:51:51,63,r/Music,5,2018-05-06 15:09:27,3,0,1,0
2018-05-06 05:51:51,63,r/Music,5,2018-05-06 14:34:49,2,1,1,0
2018-05-06 05:51:51,63,r/Music,5,2018-05-06 15:10:25,3,0,1,0
2018-05-06 05:51:51,63,r/Music,5,2018-05-06 14:23:00,2,0,1,0
2018-05-06 05:51:51,63,r/Music,5,2018-05-06 13:12:10,1,2,23,0
2018-05-06 05:51:51,63,r/Music,5,2018-05-06 14:13:46,2,0,1,0
2018-05-06 05:51:51,63,r/Music,5,2018-05-06 15:05:52,2,0,1,0
2018-05-06 05:51:51,63,r/Music,5,2018-05-06 13:39:40,1,2,4,0
2018-05-06 05:51:51,63,r/Music,5,2018-05-06 14:35:51,2,0,1,0
2018-05-06 05:51:51,63,r/Music,5,2018-05-06 14:41:36,1,0,1,0
2018-05-06 05:51:51,63,r/Music,5,2018-05-06 12:22:20,1,3,-7,0
2018-05-06 05:51:51,63,r/Music,5,2018-05-06 13:04:34,2,2,11,0
2018-05-06 05:51:51,63,r/Music,5,2018-05-06 13:34:44,3,0,0,0
2018-05-06 05:51:51,63,r/Music,5,2018-05-06 13:12:26,2,0,6,0
2018-05-06 05:51:51,63,r/Music,5,2018-05-06 13:06:12,2,1,5,0
2018-05-06 05:51:51,63,r/Music,5,2018-05-06 13:56:58,3,0,1,0
2018-05-06 05:51:51,63,r/Music,6,2018-05-06 11:19:00,0,0,30,0
2018-05-06 05:51:51,63,r/Music,7,2018-05-06 13:06:58,0,3,57,0
2018-05-06 05:51:51,63,r/Music,7,2018-05-06 14:27:10,1,0,1,0
2018-05-06 05:51:51,63,r/Music,7,2018-05-06 14:59:31,1,0,1,0
2018-05-06 05:51:51,63,r/Music,8,2018-05-06 09:18:01,0,4,145,0
2018-05-06 05:51:51,63,r/Music,8,2018-05-06 13:49:10,1,0,1,0
2018-05-06 05:51:51,63,r/Music,8,2018-05-06 12:59:48,1,0,9,0
2018-05-06 05:51:51,63,r/Music,8,2018-05-06 11:31:04,1,3,-19,0
2018-05-06 05:51:51,63,r/Music,8,2018-05-06 12:02:14,2,3,16,0
2018-05-06 05:51:51,63,r/Music,8,2018-05-06 12:25:04,3,0,5,0
2018-05-06 05:51:51,63,r/Music,8,2018-05-06 13:32:02,3,0,1,0
2018-05-06 05:51:51,63,r/Music,8,2018-05-06 12:27:48,3,0,0,0
2018-05-06 05:51:51,63,r/Music,8,2018-05-06 12:10:11,2,0,2,0
2018-05-06 05:51:51,63,r/Music,8,2018-05-06 12:14:00,2,1,2,0
2018-05-06 05:51:51,63,r/Music,9,2018-05-06 07:00:22,0,7,276,0
2018-05-06 05:51:51,63,r/Music,9,2018-05-06 10:29:59,1,0,85,0
2018-05-06 05:51:51,63,r/Music,9,2018-05-06 11:29:38,1,1,23,0
2018-05-06 05:51:51,63,r/Music,9,2018-05-06 11:49:18,2,2,33,0
2018-05-06 05:51:51,63,r/Music,9,2018-05-06 11:58:21,3,1,7,0
2018-05-06 05:51:51,63,r/Music,9,2018-05-06 15:02:02,4,0,1,0
2018-05-06 05:51:51,63,r/Music,9,2018-05-06 12:01:53,3,1,4,0
2018-05-06 05:51:51,63,r/Music,9,2018-05-06 12:12:39,4,0,23,0
2018-05-06 05:51:51,63,r/Music,9,2018-05-06 13:10:13,1,0,5,0
2018-05-06 05:51:51,63,r/Music,9,2018-05-06 08:46:00,1,4,10,0
2018-05-06 05:51:51,63,r/Music,9,2018-05-06 11:08:29,2,1,21,0
2018-05-06 05:51:51,63,r/Music,9,2018-05-06 11:08:54,3,2,21,0
2018-05-06 05:51:51,63,r/Music,9,2018-05-06 11:59:34,4,1,7,0
2018-05-06 05:51:51,63,r/Music,9,2018-05-06 12:58:46,5,0,0,0
2018-05-06 05:51:51,63,r/Music,9,2018-05-06 14:32:52,4,0,1,0
2018-05-06 05:51:51,63,r/Music,9,2018-05-06 10:23:27,2,0,7,0
2018-05-06 05:51:51,63,r/Music,9,2018-05-06 10:01:14,2,0,12,0
2018-05-06 05:51:51,63,r/Music,9,2018-05-06 12:39:16,1,3,0,0
2018-05-06 05:51:51,63,r/Music,9,2018-05-06 13:09:15,2,2,32,0
2018-05-06 05:51:51,63,r/Music,9,2018-05-06 13:20:58,3,8,-17,0
2018-05-06 05:51:51,63,r/Music,9,2018-05-06 13:44:05,4,1,1,0
2018-05-06 05:51:51,63,r/Music,9,2018-05-06 13:30:48,4,3,23,0
2018-05-06 05:51:51,63,r/Music,9,2018-05-06 13:49:38,5,1,1,0
2018-05-06 05:51:51,63,r/Music,9,2018-05-06 14:15:39,6,0,1,0
2018-05-06 05:51:51,63,r/Music,9,2018-05-06 14:50:49,5,0,1,0
2018-05-06 05:51:51,63,r/Music,9,2018-05-06 14:49:30,4,0,1,0
2018-05-06 05:51:51,63,r/Music,9,2018-05-06 14:32:05,4,0,1,0
2018-05-06 05:51:51,63,r/Music,9,2018-05-06 14:44:09,4,0,1,0
2018-05-06 05:51:51,63,r/Music,9,2018-05-06 14:44:18,4,1,1,0
2018-05-06 05:51:51,63,r/Music,9,2018-05-06 15:06:09,5,0,1,0
2018-05-06 05:51:51,63,r/Music,9,2018-05-06 13:43:17,4,0,1,0
2018-05-06 05:51:51,63,r/Music,9,2018-05-06 13:31:44,4,0,-3,0
2018-05-06 05:51:51,63,r/Music,9,2018-05-06 14:40:23,2,1,1,0
2018-05-06 05:51:51,63,r/Music,9,2018-05-06 15:02:37,3,0,1,0
2018-05-06 05:51:51,63,r/Music,9,2018-05-06 14:20:48,2,0,1,0
2018-05-06 05:51:51,63,r/Music,9,2018-05-06 14:46:25,1,0,1,0
2018-05-06 05:51:51,63,r/Music,10,2018-05-06 07:29:31,0,2,30,0
2018-05-06 05:51:51,63,r/Music,10,2018-05-06 09:24:26,1,1,53,0
2018-05-06 05:51:51,63,r/Music,10,2018-05-06 10:54:08,2,1,51,0
2018-05-06 05:51:51,63,r/Music,10,2018-05-06 12:40:32,3,2,44,0
2018-05-06 05:51:51,63,r/Music,10,2018-05-06 12:48:55,4,0,8,0
2018-05-06 05:51:51,63,r/Music,10,2018-05-06 13:11:34,4,1,5,0
2018-05-06 05:51:51,63,r/Music,10,2018-05-06 13:22:14,5,1,2,0
2018-05-06 05:51:51,63,r/Music,10,2018-05-06 15:01:42,6,0,1,0
2018-05-06 05:51:51,63,r/Music,10,2018-05-06 07:55:00,1,0,0,0
2018-05-06 05:51:51,63,r/Music,11,2018-05-06 08:18:25,0,7,334,0
2018-05-06 05:51:51,63,r/Music,11,2018-05-06 10:00:38,1,4,145,0
2018-05-06 05:51:51,63,r/Music,11,2018-05-06 10:35:47,2,3,63,0
2018-05-06 05:51:51,63,r/Music,11,2018-05-06 12:05:26,3,0,4,0
2018-05-06 05:51:51,63,r/Music,11,2018-05-06 10:41:15,3,3,32,0
2018-05-06 05:51:51,63,r/Music,11,2018-05-06 12:15:13,4,1,10,0
2018-05-06 05:51:51,63,r/Music,11,2018-05-06 14:23:38,5,0,1,0
2018-05-06 05:51:51,63,r/Music,11,2018-05-06 11:49:04,4,1,18,0
2018-05-06 05:51:51,63,r/Music,11,2018-05-06 13:28:33,4,0,2,0
2018-05-06 05:51:51,63,r/Music,11,2018-05-06 13:15:18,3,0,1,0
2018-05-06 05:51:51,63,r/Music,11,2018-05-06 12:48:00,2,1,3,0
2018-05-06 05:51:51,63,r/Music,11,2018-05-06 13:33:48,3,0,3,0
2018-05-06 05:51:51,63,r/Music,11,2018-05-06 15:02:37,2,0,1,0
2018-05-06 05:51:51,63,r/Music,11,2018-05-06 11:05:13,1,0,26,0
2018-05-06 05:51:51,63,r/Music,11,2018-05-06 14:30:05,1,0,1,0
2018-05-06 05:51:51,63,r/Music,11,2018-05-06 13:39:04,1,0,5,0
2018-05-06 05:51:51,63,r/Music,11,2018-05-06 12:14:26,1,1,4,0
2018-05-06 05:51:51,63,r/Music,11,2018-05-06 13:05:12,2,1,1,0
2018-05-06 05:51:51,63,r/Music,11,2018-05-06 13:46:16,3,0,1,0
2018-05-06 05:51:51,63,r/Music,11,2018-05-06 14:36:59,1,0,1,0
2018-05-06 05:51:51,63,r/Music,12,2018-05-06 12:15:42,0,1,8,0
2018-05-06 05:51:51,63,r/Music,12,2018-05-06 13:46:07,1,1,1,0
2018-05-06 05:51:51,63,r/Music,12,2018-05-06 13:48:08,2,0,1,0
2018-05-06 05:51:51,63,r/Music,13,2018-05-06 08:24:05,0,1,66,0
2018-05-06 05:51:51,63,r/Music,14,2018-05-06 13:43:02,0,0,1,0
2018-05-06 05:51:51,63,r/Music,15,2018-05-06 12:22:32,0,3,10,0
2018-05-06 05:51:51,63,r/Music,15,2018-05-06 12:51:52,1,1,12,0
2018-05-06 05:51:51,63,r/Music,15,2018-05-06 14:53:54,2,0,1,0
2018-05-06 05:51:51,63,r/Music,15,2018-05-06 12:37:23,1,3,25,0
2018-05-06 05:51:51,63,r/Music,15,2018-05-06 12:47:07,2,0,6,0
2018-05-06 05:51:51,63,r/Music,15,2018-05-06 14:28:25,2,0,1,0
2018-05-06 05:51:51,63,r/Music,15,2018-05-06 15:10:45,2,0,1,0
2018-05-06 05:51:51,63,r/Music,15,2018-05-06 13:29:44,1,0,4,0
2018-05-06 05:51:51,63,r/Music,16,2018-05-06 12:23:43,0,0,3,0
2018-05-06 05:51:51,63,r/Music,17,2018-05-06 12:05:51,0,2,22,0
2018-05-06 05:51:51,63,r/Music,17,2018-05-06 12:26:12,1,1,33,0
2018-05-06 05:51:51,63,r/Music,17,2018-05-06 13:29:50,2,1,11,0
2018-05-06 05:51:51,63,r/Music,17,2018-05-06 14:26:18,3,0,1,0
2018-05-06 05:51:51,63,r/Music,17,2018-05-06 13:41:33,1,1,1,0
2018-05-06 05:51:51,63,r/Music,17,2018-05-06 14:52:53,2,0,1,0
2018-05-06 05:51:51,63,r/Music,18,2018-05-06 10:27:26,0,0,6,0
2018-05-06 05:51:51,63,r/Music,19,2018-05-06 06:47:52,0,0,16,0
2018-05-06 05:51:51,63,r/Music,20,2018-05-06 14:13:28,0,0,1,0
2018-05-06 05:51:51,63,r/Music,21,2018-05-06 14:21:47,0,1,1,0
2018-05-06 05:51:51,63,r/Music,21,2018-05-06 14:59:56,1,0,1,0
2018-05-06 05:51:51,63,r/Music,22,2018-05-06 14:32:32,0,0,1,0
2018-05-06 05:51:51,63,r/Music,23,2018-05-06 14:40:55,0,0,1,0
2018-05-06 05:51:51,63,r/Music,24,2018-05-06 14:42:08,0,1,1,0
2018-05-06 05:51:51,63,r/Music,24,2018-05-06 14:58:01,1,1,1,0
2018-05-06 05:51:51,63,r/Music,24,2018-05-06 15:02:25,2,0,1,0
2018-05-06 05:51:51,63,r/Music,25,2018-05-06 14:45:08,0,0,1,0
2018-05-06 05:51:51,63,r/Music,26,2018-05-06 09:30:38,0,0,6,0
2018-05-06 05:51:51,63,r/Music,27,2018-05-06 09:06:07,0,2,8,0
2018-05-06 05:51:51,63,r/Music,27,2018-05-06 09:36:05,1,0,15,0
2018-05-06 05:51:51,63,r/Music,28,2018-05-06 12:22:07,0,0,5,0
2018-05-06 05:51:51,63,r/Music,29,2018-05-06 11:55:08,0,4,8,0
2018-05-06 05:51:51,63,r/Music,29,2018-05-06 13:10:28,1,0,16,0
2018-05-06 05:51:51,63,r/Music,29,2018-05-06 12:57:14,1,0,5,0
2018-05-06 05:51:51,63,r/Music,29,2018-05-06 14:18:25,1,1,1,0
2018-05-06 05:51:51,63,r/Music,29,2018-05-06 14:19:56,2,2,1,0
2018-05-06 05:51:51,63,r/Music,29,2018-05-06 14:33:04,3,0,1,0
2018-05-06 05:51:51,63,r/Music,29,2018-05-06 14:39:05,3,0,1,0
2018-05-06 05:51:51,63,r/Music,29,2018-05-06 13:31:37,1,0,1,0
2018-05-06 05:51:51,63,r/Music,30,2018-05-06 06:11:30,0,1,10,0
2018-05-06 05:51:51,63,r/Music,30,2018-05-06 06:30:30,1,7,5,0
2018-05-06 05:51:51,63,r/Music,30,2018-05-06 06:45:45,2,1,38,0
2018-05-06 05:51:51,63,r/Music,30,2018-05-06 12:30:12,3,0,2,0
2018-05-06 05:51:51,63,r/Music,30,2018-05-06 06:52:32,2,1,5,0
2018-05-06 05:51:51,63,r/Music,30,2018-05-06 08:25:04,3,0,2,0
2018-05-06 05:51:51,63,r/Music,30,2018-05-06 13:56:55,2,0,1,0
2018-05-06 05:51:51,63,r/Music,30,2018-05-06 14:53:34,2,0,1,0
2018-05-06 05:51:51,63,r/Music,30,2018-05-06 07:00:58,2,0,1,0
2018-05-06 05:51:51,63,r/Music,30,2018-05-06 07:02:50,2,0,1,0
2018-05-06 05:51:51,63,r/Music,31,2018-05-06 09:49:01,0,1,5,0
2018-05-06 05:51:51,63,r/Music,31,2018-05-06 12:37:41,1,0,21,0
2018-05-06 05:51:51,63,r/Music,32,2018-05-06 06:21:23,0,0,7,0
2018-05-06 05:51:51,63,r/Music,33,2018-05-06 13:41:23,0,1,1,0
2018-05-06 05:51:51,63,r/Music,33,2018-05-06 14:25:49,1,1,1,0
2018-05-06 05:51:51,63,r/Music,33,2018-05-06 14:29:03,2,1,1,0
2018-05-06 05:51:51,63,r/Music,33,2018-05-06 14:52:07,3,0,1,0
2018-05-06 05:51:51,63,r/Music,34,2018-05-06 12:27:27,0,0,7,0
2018-05-06 05:51:51,63,r/Music,35,2018-05-06 08:34:54,0,0,3,0
2018-05-06 05:51:51,63,r/Music,36,2018-05-06 12:59:12,0,0,1,0
2018-05-06 05:51:51,63,r/Music,37,2018-05-06 06:44:15,0,7,-22,0
2018-05-06 05:51:51,63,r/Music,37,2018-05-06 11:36:52,1,1,35,0
2018-05-06 05:51:51,63,r/Music,37,2018-05-06 14:48:29,2,1,1,0
2018-05-06 05:51:51,63,r/Music,37,2018-05-06 10:48:11,1,1,27,0
2018-05-06 05:51:51,63,r/Music,37,2018-05-06 12:16:39,1,2,10,0
2018-05-06 05:51:51,63,r/Music,37,2018-05-06 14:15:06,2,1,1,0
2018-05-06 05:51:51,63,r/Music,37,2018-05-06 14:16:24,3,1,1,0
2018-05-06 05:51:51,63,r/Music,37,2018-05-06 14:31:55,4,1,1,0
2018-05-06 05:51:51,63,r/Music,37,2018-05-06 09:44:13,1,8,2,0
2018-05-06 05:51:51,63,r/Music,37,2018-05-06 11:49:09,2,0,49,0
2018-05-06 05:51:51,63,r/Music,37,2018-05-06 13:31:37,2,0,5,0
2018-05-06 05:51:51,63,r/Music,37,2018-05-06 10:57:35,2,0,32,0
2018-05-06 05:51:51,63,r/Music,37,2018-05-06 09:50:17,2,0,3,0
2018-05-06 05:51:51,63,r/Music,37,2018-05-06 12:47:30,2,0,2,0
2018-05-06 05:51:51,63,r/Music,37,2018-05-06 13:35:41,2,0,2,0
2018-05-06 05:51:51,63,r/Music,37,2018-05-06 10:50:21,2,0,-1,0
2018-05-06 05:51:51,63,r/Music,37,2018-05-06 13:00:52,2,0,-1,0
2018-05-06 05:51:51,63,r/Music,37,2018-05-06 15:06:39,1,0,1,0
2018-05-06 05:51:51,63,r/Music,37,2018-05-06 13:29:15,1,1,1,0
2018-05-06 05:51:51,63,r/Music,37,2018-05-06 14:43:57,2,0,1,0
2018-05-06 05:51:51,63,r/Music,38,2018-05-06 12:03:24,0,2,-7,0
2018-05-06 05:51:51,63,r/Music,38,2018-05-06 14:39:41,1,0,1,0
2018-05-06 05:51:51,63,r/Music,38,2018-05-06 12:24:07,1,2,-4,0
2018-05-06 05:51:51,63,r/Music,38,2018-05-06 15:09:11,2,0,1,0
2018-05-06 05:51:51,63,r/Music,39,2018-05-06 12:55:19,0,0,2,0
2018-05-06 05:51:51,63,r/Music,40,2018-05-06 10:44:14,0,1,-14,0
2018-05-06 05:51:51,63,r/Music,40,2018-05-06 11:31:55,1,0,-12,0
2018-05-06 05:51:51,63,r/Music,41,2018-05-06 13:45:27,0,0,1,0
2018-05-06 05:51:51,63,r/Music,42,2018-05-06 13:46:41,0,0,1,0
2018-05-06 05:51:51,63,r/Music,43,2018-05-06 14:18:19,0,0,1,0
2018-05-06 05:51:51,63,r/Music,44,2018-05-06 14:43:33,0,0,1,0
2018-05-06 05:51:51,63,r/Music,45,2018-05-06 14:50:11,0,0,1,0
2018-05-06 05:51:51,63,r/Music,46,2018-05-06 14:52:33,0,0,1,0
2018-05-06 05:51:51,63,r/Music,47,2018-05-06 14:53:47,0,0,1,0
2018-05-06 05:51:51,63,r/Music,48,2018-05-06 14:59:26,0,0,1,0
2018-05-06 05:51:51,63,r/Music,49,2018-05-06 15:00:38,0,0,1,0
2018-05-06 05:51:51,63,r/Music,50,2018-05-06 15:03:35,0,0,1,0
2018-05-06 05:51:51,63,r/Music,51,2018-05-06 15:03:51,0,0,1,0
2018-05-06 05:51:51,63,r/Music,52,2018-05-06 15:05:54,0,0,1,0
2018-05-06 05:51:51,63,r/Music,53,2018-05-06 12:51:36,0,0,1,0
2018-05-06 05:51:51,63,r/Music,54,2018-05-06 13:51:00,0,0,1,0
2018-05-06 05:51:51,63,r/Music,55,2018-05-06 14:01:33,0,0,1,0
2018-05-06 05:51:51,63,r/Music,56,2018-05-06 13:59:17,0,2,1,0
2018-05-06 05:51:51,63,r/Music,56,2018-05-06 14:59:50,1,0,1,0
2018-05-06 05:51:51,63,r/Music,56,2018-05-06 14:44:22,1,1,1,0
2018-05-06 05:51:51,63,r/Music,57,2018-05-06 06:46:24,0,0,-13,0
2018-05-06 05:51:51,63,r/Music,58,2018-05-06 11:36:29,0,1,-15,0
2018-05-06 05:51:51,63,r/Music,58,2018-05-06 12:59:15,1,0,1,0
2018-05-06 05:51:51,63,r/Music,59,2018-05-06 11:46:55,0,2,-8,0
2018-05-06 05:51:51,63,r/Music,59,2018-05-06 12:10:49,1,0,12,0
2018-05-06 05:51:51,63,r/Music,59,2018-05-06 12:20:14,1,0,0,0
2018-05-06 07:56:57,64,r/madlads,0,2018-05-06 08:06:53,0,6,546,0
2018-05-06 07:56:57,64,r/madlads,0,2018-05-06 12:30:16,1,0,148,0
2018-05-06 07:56:57,64,r/madlads,0,2018-05-06 13:03:04,1,1,94,0
2018-05-06 07:56:57,64,r/madlads,0,2018-05-06 13:07:33,2,0,82,0
2018-05-06 07:56:57,64,r/madlads,0,2018-05-06 13:51:13,1,2,13,0
2018-05-06 07:56:57,64,r/madlads,0,2018-05-06 13:55:50,2,2,10,0
2018-05-06 07:56:57,64,r/madlads,0,2018-05-06 14:08:11,3,1,6,0
2018-05-06 07:56:57,64,r/madlads,0,2018-05-06 14:08:16,4,0,4,0
2018-05-06 07:56:57,64,r/madlads,0,2018-05-06 14:24:44,3,0,-5,0
2018-05-06 07:56:57,64,r/madlads,0,2018-05-06 14:26:02,2,0,3,0
2018-05-06 07:56:57,64,r/madlads,0,2018-05-06 13:12:42,1,1,10,0
2018-05-06 07:56:57,64,r/madlads,0,2018-05-06 13:31:12,2,0,5,0
2018-05-06 07:56:57,64,r/madlads,0,2018-05-06 13:34:58,1,0,4,0
2018-05-06 07:56:57,64,r/madlads,0,2018-05-06 14:36:46,1,1,2,0
2018-05-06 07:56:57,64,r/madlads,0,2018-05-06 14:37:12,2,1,1,0
2018-05-06 07:56:57,64,r/madlads,0,2018-05-06 14:38:21,3,0,1,0
2018-05-06 07:56:57,64,r/madlads,1,2018-05-06 14:05:28,0,1,80,0
2018-05-06 07:56:57,64,r/madlads,1,2018-05-06 14:56:26,1,0,3,0
2018-05-06 07:56:57,64,r/madlads,2,2018-05-06 12:59:35,0,1,116,0
2018-05-06 07:56:57,64,r/madlads,2,2018-05-06 13:03:37,1,6,134,0
2018-05-06 07:56:57,64,r/madlads,2,2018-05-06 13:37:19,2,1,66,0
2018-05-06 07:56:57,64,r/madlads,2,2018-05-06 14:05:31,3,0,16,0
2018-05-06 07:56:57,64,r/madlads,2,2018-05-06 13:29:26,2,0,11,0
2018-05-06 07:56:57,64,r/madlads,2,2018-05-06 14:32:53,2,1,8,0
2018-05-06 07:56:57,64,r/madlads,2,2018-05-06 15:09:06,3,0,1,0
2018-05-06 07:56:57,64,r/madlads,2,2018-05-06 14:19:07,2,0,3,0
2018-05-06 07:56:57,64,r/madlads,2,2018-05-06 14:34:54,2,0,2,0
2018-05-06 07:56:57,64,r/madlads,2,2018-05-06 14:47:15,2,1,3,0
2018-05-06 07:56:57,64,r/madlads,2,2018-05-06 15:05:25,3,0,1,0
2018-05-06 07:56:57,64,r/madlads,3,2018-05-06 12:41:26,0,0,83,0
2018-05-06 07:56:57,64,r/madlads,4,2018-05-06 13:17:20,0,1,17,0
2018-05-06 07:56:57,64,r/madlads,4,2018-05-06 14:38:45,1,1,3,0
2018-05-06 07:56:57,64,r/madlads,4,2018-05-06 14:46:29,2,0,3,0
2018-05-06 07:56:57,64,r/madlads,5,2018-05-06 13:13:23,0,0,6,0
2018-05-06 07:56:57,64,r/madlads,6,2018-05-06 13:59:26,0,0,5,0
2018-05-06 07:56:57,64,r/madlads,7,2018-05-06 13:48:29,0,0,5,0
2018-05-06 07:56:57,64,r/madlads,8,2018-05-06 13:49:20,0,0,6,0
2018-05-06 07:56:57,64,r/madlads,9,2018-05-06 14:39:28,0,1,2,0
2018-05-06 07:56:57,64,r/madlads,9,2018-05-06 14:55:58,1,0,0,0
2018-05-06 07:56:57,64,r/madlads,10,2018-05-06 12:21:27,0,1,3,0
2018-05-06 07:56:57,64,r/madlads,10,2018-05-06 14:46:07,1,1,2,0
2018-05-06 07:56:57,64,r/madlads,10,2018-05-06 14:52:32,2,0,1,0
2018-05-06 07:56:57,64,r/madlads,11,2018-05-06 14:15:07,0,0,1,0
2018-05-06 07:56:57,64,r/madlads,12,2018-05-06 14:53:54,0,0,1,0
2018-05-06 07:56:57,64,r/madlads,13,2018-05-06 15:05:18,0,0,1,0
2018-05-06 07:56:57,64,r/madlads,14,2018-05-06 14:38:35,0,1,1,0
2018-05-06 07:56:57,64,r/madlads,14,2018-05-06 15:04:11,1,0,1,0
2018-05-06 07:56:57,64,r/madlads,15,2018-05-06 14:12:03,0,0,0,0
2018-05-06 07:56:57,64,r/madlads,16,2018-05-06 13:40:42,0,0,-5,0
2018-05-06 07:56:57,64,r/madlads,17,2018-05-06 08:56:33,0,4,-38,0
2018-05-06 07:56:57,64,r/madlads,17,2018-05-06 11:50:00,1,1,43,0
2018-05-06 07:56:57,64,r/madlads,17,2018-05-06 11:55:54,2,2,-22,0
2018-05-06 07:56:57,64,r/madlads,17,2018-05-06 11:58:26,3,1,8,0
2018-05-06 07:56:57,64,r/madlads,17,2018-05-06 12:26:17,4,1,-8,0
2018-05-06 07:56:57,64,r/madlads,17,2018-05-06 14:08:58,5,1,-2,0
2018-05-06 07:56:57,64,r/madlads,17,2018-05-06 14:28:59,6,0,-2,0
2018-05-06 07:56:57,64,r/madlads,17,2018-05-06 14:48:23,3,0,2,0
2018-05-06 07:56:57,64,r/madlads,17,2018-05-06 12:11:43,1,1,21,0
2018-05-06 07:56:57,64,r/madlads,17,2018-05-06 13:18:50,2,0,0,0
2018-05-06 07:56:57,64,r/madlads,17,2018-05-06 14:39:43,1,1,5,0
2018-05-06 07:56:57,64,r/madlads,17,2018-05-06 15:01:36,2,1,1,0
2018-05-06 07:56:57,64,r/madlads,17,2018-05-06 15:04:12,3,0,2,0
2018-05-06 07:56:57,64,r/madlads,17,2018-05-06 14:40:53,1,1,5,0
2018-05-06 07:56:57,64,r/madlads,17,2018-05-06 15:05:14,2,0,1,0
2018-05-06 11:15:16,65,r/southpark,0,2018-05-06 11:22:21,0,2,96,0
2018-05-06 11:15:16,65,r/southpark,0,2018-05-06 12:28:08,1,3,56,0
2018-05-06 11:15:16,65,r/southpark,0,2018-05-06 12:31:48,2,0,31,0
2018-05-06 11:15:16,65,r/southpark,0,2018-05-06 12:53:39,2,0,9,0
2018-05-06 11:15:16,65,r/southpark,0,2018-05-06 15:04:13,2,0,2,0
2018-05-06 11:15:16,65,r/southpark,0,2018-05-06 13:05:31,1,0,10,0
2018-05-06 11:15:16,65,r/southpark,1,2018-05-06 12:45:47,0,0,37,0
2018-05-06 11:15:16,65,r/southpark,2,2018-05-06 12:53:13,0,1,17,0
2018-05-06 11:15:16,65,r/southpark,2,2018-05-06 15:09:18,1,0,1,0
2018-05-06 11:15:16,65,r/southpark,3,2018-05-06 13:26:15,0,0,15,0
2018-05-06 11:15:16,65,r/southpark,4,2018-05-06 12:16:27,0,0,8,0
2018-05-06 11:15:16,65,r/southpark,5,2018-05-06 12:37:45,0,1,8,0
2018-05-06 11:15:16,65,r/southpark,5,2018-05-06 14:29:06,1,0,2,0
2018-05-06 11:15:16,65,r/southpark,6,2018-05-06 14:39:19,0,0,3,0
2018-05-06 11:15:16,65,r/southpark,7,2018-05-06 14:11:34,0,0,2,0
2018-05-06 11:15:16,65,r/southpark,8,2018-05-06 14:45:09,0,0,2,0
2018-05-06 11:15:16,65,r/southpark,9,2018-05-06 14:45:31,0,0,2,0
2018-05-06 11:15:16,65,r/southpark,10,2018-05-06 14:52:21,0,0,2,0
2018-05-06 11:15:16,65,r/southpark,11,2018-05-06 12:48:11,0,0,4,0
2018-05-06 11:15:16,65,r/southpark,12,2018-05-06 13:26:45,0,7,4,0
2018-05-06 11:15:16,65,r/southpark,12,2018-05-06 14:07:48,1,2,22,0
2018-05-06 11:15:16,65,r/southpark,12,2018-05-06 14:37:31,2,1,5,0
2018-05-06 11:15:16,65,r/southpark,12,2018-05-06 15:01:57,3,0,2,0
2018-05-06 11:15:16,65,r/southpark,12,2018-05-06 15:03:15,2,0,2,0
2018-05-06 11:15:16,65,r/southpark,12,2018-05-06 13:39:34,1,0,11,0
2018-05-06 11:15:16,65,r/southpark,12,2018-05-06 13:46:53,1,0,18,0
2018-05-06 11:15:16,65,r/southpark,12,2018-05-06 13:34:05,1,0,7,0
2018-05-06 11:15:16,65,r/southpark,12,2018-05-06 14:01:22,1,0,6,0
2018-05-06 11:15:16,65,r/southpark,12,2018-05-06 13:26:50,1,2,8,0
2018-05-06 11:15:16,65,r/southpark,12,2018-05-06 13:43:16,2,0,5,0
2018-05-06 11:15:16,65,r/southpark,12,2018-05-06 13:40:25,2,0,-8,0
2018-05-06 11:15:16,65,r/southpark,12,2018-05-06 15:02:11,1,0,1,0
2018-05-06 11:15:16,65,r/southpark,13,2018-05-06 12:40:46,0,0,2,0
2018-05-06 11:15:16,65,r/southpark,14,2018-05-06 13:25:41,0,0,1,0
2018-05-06 11:15:16,65,r/southpark,15,2018-05-06 14:29:25,0,0,1,0
2018-05-06 11:15:16,65,r/southpark,16,2018-05-06 14:43:05,0,0,1,0
2018-05-06 11:15:16,65,r/southpark,17,2018-05-06 14:45:49,0,0,1,0
2018-05-06 11:15:16,65,r/southpark,18,2018-05-06 14:59:29,0,0,1,0
2018-05-06 11:15:16,65,r/southpark,19,2018-05-06 15:08:26,0,0,1,0
2018-05-06 03:03:59,66,r/Whatcouldgowrong,0,2018-05-06 03:49:22,0,16,3270,0
2018-05-06 03:03:59,66,r/Whatcouldgowrong,0,2018-05-06 06:16:21,1,6,679,0
2018-05-06 03:03:59,66,r/Whatcouldgowrong,0,2018-05-06 07:09:38,2,3,172,0
2018-05-06 03:03:59,66,r/Whatcouldgowrong,0,2018-05-06 07:45:27,3,4,295,0
2018-05-06 03:03:59,66,r/Whatcouldgowrong,0,2018-05-06 08:25:43,4,6,154,0
2018-05-06 03:03:59,66,r/Whatcouldgowrong,0,2018-05-06 08:33:50,5,1,67,0
2018-05-06 03:03:59,66,r/Whatcouldgowrong,0,2018-05-06 11:32:55,6,0,10,0
2018-05-06 03:03:59,66,r/Whatcouldgowrong,0,2018-05-06 08:39:39,5,0,3,0
2018-05-06 03:03:59,66,r/Whatcouldgowrong,0,2018-05-06 13:08:19,5,0,3,0
2018-05-06 03:03:59,66,r/Whatcouldgowrong,0,2018-05-06 13:37:03,5,0,3,0
2018-05-06 03:03:59,66,r/Whatcouldgowrong,0,2018-05-06 14:38:10,5,0,2,0
2018-05-06 03:03:59,66,r/Whatcouldgowrong,0,2018-05-06 13:04:55,4,1,3,0
2018-05-06 03:03:59,66,r/Whatcouldgowrong,0,2018-05-06 13:44:41,5,0,2,0
2018-05-06 03:03:59,66,r/Whatcouldgowrong,0,2018-05-06 13:38:53,4,0,2,0
2018-05-06 03:03:59,66,r/Whatcouldgowrong,0,2018-05-06 08:18:52,3,3,20,0
2018-05-06 03:03:59,66,r/Whatcouldgowrong,0,2018-05-06 09:14:55,4,3,80,0
2018-05-06 03:03:59,66,r/Whatcouldgowrong,0,2018-05-06 09:32:43,5,4,41,0
2018-05-06 03:03:59,66,r/Whatcouldgowrong,0,2018-05-06 10:24:03,6,1,8,0
2018-05-06 03:03:59,66,r/Whatcouldgowrong,0,2018-05-06 10:29:00,7,0,5,0
2018-05-06 03:03:59,66,r/Whatcouldgowrong,0,2018-05-06 09:36:06,6,0,4,0
2018-05-06 03:03:59,66,r/Whatcouldgowrong,0,2018-05-06 12:39:06,6,0,2,0
2018-05-06 03:03:59,66,r/Whatcouldgowrong,0,2018-05-06 13:17:04,6,0,2,0
2018-05-06 03:03:59,66,r/Whatcouldgowrong,0,2018-05-06 09:30:55,5,0,6,0
2018-05-06 03:03:59,66,r/Whatcouldgowrong,0,2018-05-06 10:03:59,4,1,21,0
2018-05-06 03:03:59,66,r/Whatcouldgowrong,0,2018-05-06 13:02:28,5,0,2,0
2018-05-06 03:03:59,66,r/Whatcouldgowrong,0,2018-05-06 07:54:04,2,2,87,0
2018-05-06 03:03:59,66,r/Whatcouldgowrong,0,2018-05-06 08:35:53,3,2,65,0
2018-05-06 03:03:59,66,r/Whatcouldgowrong,0,2018-05-06 13:32:15,4,0,17,0
2018-05-06 03:03:59,66,r/Whatcouldgowrong,0,2018-05-06 08:40:47,4,0,31,0
2018-05-06 03:03:59,66,r/Whatcouldgowrong,0,2018-05-06 07:50:12,2,0,37,0
2018-05-06 03:03:59,66,r/Whatcouldgowrong,0,2018-05-06 07:41:56,2,0,3,0
2018-05-06 03:03:59,66,r/Whatcouldgowrong,0,2018-05-06 13:08:28,2,2,3,0
2018-05-06 03:03:59,66,r/Whatcouldgowrong,0,2018-05-06 14:54:50,3,1,4,0
2018-05-06 03:03:59,66,r/Whatcouldgowrong,0,2018-05-06 08:50:59,1,1,33,0
2018-05-06 03:03:59,66,r/Whatcouldgowrong,0,2018-05-06 13:27:00,2,0,3,0
2018-05-06 03:03:59,66,r/Whatcouldgowrong,0,2018-05-06 06:04:47,1,0,191,0
2018-05-06 03:03:59,66,r/Whatcouldgowrong,0,2018-05-06 07:10:22,1,1,47,0
2018-05-06 03:03:59,66,r/Whatcouldgowrong,0,2018-05-06 07:42:31,1,0,14,0
2018-05-06 03:03:59,66,r/Whatcouldgowrong,0,2018-05-06 11:28:37,1,1,26,0
2018-05-06 03:03:59,66,r/Whatcouldgowrong,0,2018-05-06 07:00:00,1,2,23,0
2018-05-06 03:03:59,66,r/Whatcouldgowrong,0,2018-05-06 07:52:39,2,0,6,0
2018-05-06 03:03:59,66,r/Whatcouldgowrong,0,2018-05-06 14:09:45,2,0,3,0
2018-05-06 03:03:59,66,r/Whatcouldgowrong,0,2018-05-06 07:48:14,1,1,25,0
2018-05-06 03:03:59,66,r/Whatcouldgowrong,0,2018-05-06 08:40:14,2,3,98,0
2018-05-06 03:03:59,66,r/Whatcouldgowrong,0,2018-05-06 08:41:12,3,4,4,0
2018-05-06 03:03:59,66,r/Whatcouldgowrong,0,2018-05-06 08:49:41,4,0,33,0
2018-05-06 03:03:59,66,r/Whatcouldgowrong,0,2018-05-06 13:54:43,4,0,3,0
2018-05-06 03:03:59,66,r/Whatcouldgowrong,0,2018-05-06 11:01:40,4,1,2,0
2018-05-06 03:03:59,66,r/Whatcouldgowrong,0,2018-05-06 11:29:57,3,1,3,0
2018-05-06 03:03:59,66,r/Whatcouldgowrong,0,2018-05-06 13:34:41,3,0,2,0
2018-05-06 03:03:59,66,r/Whatcouldgowrong,0,2018-05-06 08:36:48,1,0,3,0
2018-05-06 03:03:59,66,r/Whatcouldgowrong,0,2018-05-06 10:02:59,1,0,3,0
2018-05-06 03:03:59,66,r/Whatcouldgowrong,0,2018-05-06 12:03:14,1,0,3,0
2018-05-06 03:03:59,66,r/Whatcouldgowrong,0,2018-05-06 12:09:04,1,0,3,0
2018-05-06 03:03:59,66,r/Whatcouldgowrong,0,2018-05-06 08:19:26,1,0,2,0
2018-05-06 03:03:59,66,r/Whatcouldgowrong,0,2018-05-06 09:16:26,1,0,2,0
2018-05-06 03:03:59,66,r/Whatcouldgowrong,0,2018-05-06 12:53:47,1,0,2,0
2018-05-06 03:03:59,66,r/Whatcouldgowrong,1,2018-05-06 03:42:25,0,17,9779,0
2018-05-06 03:03:59,66,r/Whatcouldgowrong,1,2018-05-06 03:51:41,1,4,6824,0
2018-05-06 03:03:59,66,r/Whatcouldgowrong,1,2018-05-06 04:21:52,2,4,3278,0
2018-05-06 03:03:59,66,r/Whatcouldgowrong,1,2018-05-06 05:30:00,3,5,1862,0
2018-05-06 03:03:59,66,r/Whatcouldgowrong,1,2018-05-06 06:20:51,4,15,1518,0
2018-05-06 03:03:59,66,r/Whatcouldgowrong,1,2018-05-06 06:30:45,5,11,729,0
2018-05-06 03:03:59,66,r/Whatcouldgowrong,1,2018-05-06 06:38:21,6,10,719,0
2018-05-06 03:03:59,66,r/Whatcouldgowrong,1,2018-05-06 06:52:26,7,1,405,0
2018-05-06 03:03:59,66,r/Whatcouldgowrong,1,2018-05-06 08:09:22,8,2,82,0
2018-05-06 03:03:59,66,r/Whatcouldgowrong,1,2018-05-06 10:03:48,9,1,33,0
2018-05-06 03:03:59,66,r/Whatcouldgowrong,1,2018-05-06 12:01:51,9,0,4,0
2018-05-06 03:03:59,66,r/Whatcouldgowrong,1,2018-05-06 07:23:50,7,3,141,0
2018-05-06 03:03:59,66,r/Whatcouldgowrong,1,2018-05-06 10:30:41,8,2,22,0
2018-05-06 03:03:59,66,r/Whatcouldgowrong,1,2018-05-06 12:35:11,9,1,5,0
2018-05-06 03:03:59,66,r/Whatcouldgowrong,1,2018-05-06 12:12:35,8,0,8,0
2018-05-06 03:03:59,66,r/Whatcouldgowrong,1,2018-05-06 08:37:11,7,1,87,0
2018-05-06 03:03:59,66,r/Whatcouldgowrong,1,2018-05-06 11:11:01,8,2,32,0
2018-05-06 03:03:59,66,r/Whatcouldgowrong,1,2018-05-06 12:35:21,9,1,2,0
2018-05-06 03:03:59,66,r/Whatcouldgowrong,1,2018-05-06 06:40:27,7,2,62,0
2018-05-06 03:03:59,66,r/Whatcouldgowrong,1,2018-05-06 06:40:57,8,1,143,0
2018-05-06 03:03:59,66,r/Whatcouldgowrong,1,2018-05-06 06:59:49,9,0,39,0
2018-05-06 03:03:59,66,r/Whatcouldgowrong,1,2018-05-06 07:31:03,7,0,14,0
2018-05-06 03:03:59,66,r/Whatcouldgowrong,1,2018-05-06 08:20:42,7,0,3,0
2018-05-06 03:03:59,66,r/Whatcouldgowrong,1,2018-05-06 08:57:40,7,0,3,0
2018-05-06 03:03:59,66,r/Whatcouldgowrong,1,2018-05-06 12:37:00,7,0,3,0
2018-05-06 03:03:59,66,r/Whatcouldgowrong,1,2018-05-06 09:28:59,7,0,3,0
2018-05-06 03:03:59,66,r/Whatcouldgowrong,1,2018-05-06 07:13:24,6,4,89,0
2018-05-06 03:03:59,66,r/Whatcouldgowrong,1,2018-05-06 07:27:37,7,4,74,0
2018-05-06 03:03:59,66,r/Whatcouldgowrong,1,2018-05-06 07:57:54,8,4,25,0
2018-05-06 03:03:59,66,r/Whatcouldgowrong,1,2018-05-06 08:19:35,9,1,16,0
2018-05-06 03:03:59,66,r/Whatcouldgowrong,1,2018-05-06 10:51:19,9,1,18,0
2018-05-06 03:03:59,66,r/Whatcouldgowrong,1,2018-05-06 09:42:26,9,1,4,0
2018-05-06 03:03:59,66,r/Whatcouldgowrong,1,2018-05-06 11:52:46,8,1,2,0
2018-05-06 03:03:59,66,r/Whatcouldgowrong,1,2018-05-06 10:12:14,8,1,5,0
2018-05-06 03:03:59,66,r/Whatcouldgowrong,1,2018-05-06 07:45:47,7,2,17,0
2018-05-06 03:03:59,66,r/Whatcouldgowrong,1,2018-05-06 08:14:13,8,4,28,0
2018-05-06 03:03:59,66,r/Whatcouldgowrong,1,2018-05-06 08:44:48,9,0,34,0
2018-05-06 03:03:59,66,r/Whatcouldgowrong,1,2018-05-06 08:26:11,9,1,10,0
2018-05-06 03:03:59,66,r/Whatcouldgowrong,1,2018-05-06 09:49:26,9,0,3,0
2018-05-06 03:03:59,66,r/Whatcouldgowrong,1,2018-05-06 09:09:17,7,0,2,0
2018-05-06 03:03:59,66,r/Whatcouldgowrong,1,2018-05-06 06:44:24,6,2,50,0
2018-05-06 03:03:59,66,r/Whatcouldgowrong,1,2018-05-06 06:50:47,7,1,101,0
2018-05-06 03:03:59,66,r/Whatcouldgowrong,1,2018-05-06 06:52:51,8,0,7,0
2018-05-06 03:03:59,66,r/Whatcouldgowrong,1,2018-05-06 06:37:33,6,0,7,0
2018-05-06 03:03:59,66,r/Whatcouldgowrong,1,2018-05-06 10:21:33,6,0,3,0
2018-05-06 03:03:59,66,r/Whatcouldgowrong,1,2018-05-06 08:23:08,6,0,2,0
2018-05-06 03:03:59,66,r/Whatcouldgowrong,1,2018-05-06 08:33:38,6,0,2,0
2018-05-06 03:03:59,66,r/Whatcouldgowrong,1,2018-05-06 11:07:44,6,0,2,0
2018-05-06 03:03:59,66,r/Whatcouldgowrong,1,2018-05-06 11:38:01,6,0,2,0
2018-05-06 03:03:59,66,r/Whatcouldgowrong,1,2018-05-06 13:16:17,6,0,2,0
2018-05-06 03:03:59,66,r/Whatcouldgowrong,1,2018-05-06 07:19:26,5,0,11,0
2018-05-06 03:03:59,66,r/Whatcouldgowrong,1,2018-05-06 07:35:40,5,1,10,0
2018-05-06 03:03:59,66,r/Whatcouldgowrong,1,2018-05-06 11:29:59,6,0,2,0
2018-05-06 03:03:59,66,r/Whatcouldgowrong,1,2018-05-06 08:15:09,5,0,8,0
2018-05-06 03:03:59,66,r/Whatcouldgowrong,1,2018-05-06 08:35:34,5,0,3,0
2018-05-06 03:03:59,66,r/Whatcouldgowrong,1,2018-05-06 12:24:38,5,1,3,0
2018-05-06 03:03:59,66,r/Whatcouldgowrong,1,2018-05-06 12:29:54,6,0,2,0
2018-05-06 03:03:59,66,r/Whatcouldgowrong,1,2018-05-06 07:07:58,5,0,2,0
2018-05-06 03:03:59,66,r/Whatcouldgowrong,1,2018-05-06 07:47:46,5,1,2,0
2018-05-06 03:03:59,66,r/Whatcouldgowrong,1,2018-05-06 10:58:15,6,1,2,0
2018-05-06 03:03:59,66,r/Whatcouldgowrong,1,2018-05-06 07:56:03,5,1,2,0
2018-05-06 03:03:59,66,r/Whatcouldgowrong,1,2018-05-06 10:56:46,6,0,2,0
2018-05-06 03:03:59,66,r/Whatcouldgowrong,1,2018-05-06 08:09:14,5,0,2,0
2018-05-06 03:03:59,66,r/Whatcouldgowrong,1,2018-05-06 11:53:19,5,0,2,0
2018-05-06 03:03:59,66,r/Whatcouldgowrong,1,2018-05-06 13:01:19,5,0,2,0
2018-05-06 03:03:59,66,r/Whatcouldgowrong,1,2018-05-06 13:27:07,5,0,2,0
2018-05-06 03:03:59,66,r/Whatcouldgowrong,1,2018-05-06 07:44:34,5,0,3,0
2018-05-06 03:03:59,66,r/Whatcouldgowrong,1,2018-05-06 06:21:21,4,3,143,0
2018-05-06 03:03:59,66,r/Whatcouldgowrong,1,2018-05-06 06:28:33,5,1,39,0
2018-05-06 03:03:59,66,r/Whatcouldgowrong,1,2018-05-06 06:29:42,6,1,26,0
2018-05-06 03:03:59,66,r/Whatcouldgowrong,1,2018-05-06 06:38:54,7,1,15,0
2018-05-06 03:03:59,66,r/Whatcouldgowrong,1,2018-05-06 06:49:39,8,1,13,0
2018-05-06 03:03:59,66,r/Whatcouldgowrong,1,2018-05-06 07:06:45,9,1,3,0
2018-05-06 03:03:59,66,r/Whatcouldgowrong,1,2018-05-06 08:16:49,5,0,10,0
2018-05-06 03:03:59,66,r/Whatcouldgowrong,1,2018-05-06 10:15:20,4,0,2,0
2018-05-06 03:03:59,66,r/Whatcouldgowrong,1,2018-05-06 11:27:30,4,0,2,0
2018-05-06 03:03:59,66,r/Whatcouldgowrong,1,2018-05-06 08:46:59,3,1,28,0
2018-05-06 03:03:59,66,r/Whatcouldgowrong,1,2018-05-06 08:09:09,3,1,3,0
2018-05-06 03:03:59,66,r/Whatcouldgowrong,1,2018-05-06 05:49:05,2,9,104,0
2018-05-06 03:03:59,66,r/Whatcouldgowrong,1,2018-05-06 05:54:06,3,2,171,0
2018-05-06 03:03:59,66,r/Whatcouldgowrong,1,2018-05-06 06:00:30,4,0,68,0
2018-05-06 03:03:59,66,r/Whatcouldgowrong,1,2018-05-06 06:04:00,4,1,50,0
2018-05-06 03:03:59,66,r/Whatcouldgowrong,1,2018-05-06 08:09:03,5,0,14,0
2018-05-06 03:03:59,66,r/Whatcouldgowrong,1,2018-05-06 07:11:09,3,1,39,0
2018-05-06 03:03:59,66,r/Whatcouldgowrong,1,2018-05-06 10:39:30,4,2,14,0
2018-05-06 03:03:59,66,r/Whatcouldgowrong,1,2018-05-06 10:55:22,5,1,11,0
2018-05-06 03:03:59,66,r/Whatcouldgowrong,1,2018-05-06 11:50:28,6,0,5,0
2018-05-06 03:03:59,66,r/Whatcouldgowrong,1,2018-05-06 13:57:50,5,2,3,0
2018-05-06 03:03:59,66,r/Whatcouldgowrong,1,2018-05-06 14:55:04,6,0,2,0
2018-05-06 03:03:59,66,r/Whatcouldgowrong,1,2018-05-06 11:23:19,3,4,65,0
2018-05-06 03:03:59,66,r/Whatcouldgowrong,1,2018-05-06 13:01:18,4,0,12,0
2018-05-06 03:03:59,66,r/Whatcouldgowrong,1,2018-05-06 13:23:24,4,0,3,0
2018-05-06 03:03:59,66,r/Whatcouldgowrong,1,2018-05-06 13:39:17,4,0,2,0
2018-05-06 03:03:59,66,r/Whatcouldgowrong,1,2018-05-06 06:29:53,3,2,23,0
2018-05-06 03:03:59,66,r/Whatcouldgowrong,1,2018-05-06 10:46:38,4,1,8,0
2018-05-06 03:03:59,66,r/Whatcouldgowrong,1,2018-05-06 06:42:00,4,2,11,0
2018-05-06 03:03:59,66,r/Whatcouldgowrong,1,2018-05-06 06:48:27,5,1,14,0
2018-05-06 03:03:59,66,r/Whatcouldgowrong,1,2018-05-06 09:00:58,6,0,3,0
2018-05-06 03:03:59,66,r/Whatcouldgowrong,1,2018-05-06 06:22:06,3,1,15,0
2018-05-06 03:03:59,66,r/Whatcouldgowrong,1,2018-05-06 06:59:51,4,2,9,0
2018-05-06 03:03:59,66,r/Whatcouldgowrong,1,2018-05-06 08:46:20,5,1,3,0
2018-05-06 03:03:59,66,r/Whatcouldgowrong,1,2018-05-06 12:03:34,6,0,3,0
2018-05-06 03:03:59,66,r/Whatcouldgowrong,1,2018-05-06 08:35:17,3,1,2,0
2018-05-06 03:03:59,66,r/Whatcouldgowrong,1,2018-05-06 09:48:17,3,0,2,0
2018-05-06 03:03:59,66,r/Whatcouldgowrong,1,2018-05-06 05:55:20,3,1,6,0
2018-05-06 03:03:59,66,r/Whatcouldgowrong,1,2018-05-06 06:19:23,4,0,8,0
2018-05-06 03:03:59,66,r/Whatcouldgowrong,1,2018-05-06 07:18:11,2,2,27,0
2018-05-06 03:03:59,66,r/Whatcouldgowrong,1,2018-05-06 11:01:06,3,1,9,0
2018-05-06 03:03:59,66,r/Whatcouldgowrong,1,2018-05-06 12:05:01,4,1,2,0
2018-05-06 03:03:59,66,r/Whatcouldgowrong,1,2018-05-06 03:53:46,1,8,481,0
2018-05-06 03:03:59,66,r/Whatcouldgowrong,1,2018-05-06 03:55:19,2,3,234,0
2018-05-06 03:03:59,66,r/Whatcouldgowrong,1,2018-05-06 05:28:30,3,2,36,0
2018-05-06 03:03:59,66,r/Whatcouldgowrong,1,2018-05-06 05:37:06,4,2,66,0
2018-05-06 03:03:59,66,r/Whatcouldgowrong,1,2018-05-06 06:03:07,5,7,16,0
2018-05-06 03:03:59,66,r/Whatcouldgowrong,1,2018-05-06 06:03:59,6,1,186,0
2018-05-06 03:03:59,66,r/Whatcouldgowrong,1,2018-05-06 08:50:16,7,0,8,0
2018-05-06 03:03:59,66,r/Whatcouldgowrong,1,2018-05-06 06:40:32,6,4,59,0
2018-05-06 03:03:59,66,r/Whatcouldgowrong,1,2018-05-06 07:06:31,7,1,15,0
2018-05-06 03:03:59,66,r/Whatcouldgowrong,1,2018-05-06 12:35:50,8,0,2,0
2018-05-06 03:03:59,66,r/Whatcouldgowrong,1,2018-05-06 06:54:45,7,0,6,0
2018-05-06 03:03:59,66,r/Whatcouldgowrong,1,2018-05-06 09:43:11,7,1,6,0
2018-05-06 03:03:59,66,r/Whatcouldgowrong,1,2018-05-06 07:48:21,7,3,2,0
2018-05-06 03:03:59,66,r/Whatcouldgowrong,1,2018-05-06 07:55:37,8,0,18,0
2018-05-06 03:03:59,66,r/Whatcouldgowrong,1,2018-05-06 07:58:44,8,0,9,0
2018-05-06 03:03:59,66,r/Whatcouldgowrong,1,2018-05-06 07:57:04,8,0,4,0
2018-05-06 03:03:59,66,r/Whatcouldgowrong,1,2018-05-06 06:14:41,6,0,37,0
2018-05-06 03:03:59,66,r/Whatcouldgowrong,1,2018-05-06 06:37:09,6,3,15,0
2018-05-06 03:03:59,66,r/Whatcouldgowrong,1,2018-05-06 06:55:24,7,0,4,0
2018-05-06 03:03:59,66,r/Whatcouldgowrong,1,2018-05-06 11:12:54,7,1,4,0
2018-05-06 03:03:59,66,r/Whatcouldgowrong,1,2018-05-06 11:50:33,8,0,2,0
2018-05-06 03:03:59,66,r/Whatcouldgowrong,1,2018-05-06 07:52:05,6,1,3,0
2018-05-06 03:03:59,66,r/Whatcouldgowrong,1,2018-05-06 14:44:10,6,0,2,0
2018-05-06 03:03:59,66,r/Whatcouldgowrong,1,2018-05-06 12:03:03,3,0,3,0
2018-05-06 03:03:59,66,r/Whatcouldgowrong,1,2018-05-06 06:41:53,2,1,17,0
2018-05-06 03:03:59,66,r/Whatcouldgowrong,1,2018-05-06 07:24:33,3,0,7,0
2018-05-06 03:03:59,66,r/Whatcouldgowrong,1,2018-05-06 07:04:04,2,1,45,0
2018-05-06 03:03:59,66,r/Whatcouldgowrong,1,2018-05-06 12:01:12,3,0,12,0
2018-05-06 03:03:59,66,r/Whatcouldgowrong,1,2018-05-06 08:16:44,2,0,8,0
2018-05-06 03:03:59,66,r/Whatcouldgowrong,1,2018-05-06 08:30:21,2,0,3,0
2018-05-06 03:03:59,66,r/Whatcouldgowrong,1,2018-05-06 07:56:20,2,0,2,0
2018-05-06 03:03:59,66,r/Whatcouldgowrong,1,2018-05-06 14:01:48,2,0,2,0
2018-05-06 03:03:59,66,r/Whatcouldgowrong,1,2018-05-06 06:09:25,1,2,244,0
2018-05-06 03:03:59,66,r/Whatcouldgowrong,1,2018-05-06 07:03:36,2,3,175,0
2018-05-06 03:03:59,66,r/Whatcouldgowrong,1,2018-05-06 08:07:24,3,1,80,0
2018-05-06 03:03:59,66,r/Whatcouldgowrong,1,2018-05-06 08:14:50,4,3,63,0
2018-05-06 03:03:59,66,r/Whatcouldgowrong,1,2018-05-06 08:29:48,5,0,18,0
2018-05-06 03:03:59,66,r/Whatcouldgowrong,1,2018-05-06 09:48:35,5,0,4,0
2018-05-06 03:03:59,66,r/Whatcouldgowrong,1,2018-05-06 14:06:23,5,1,2,0
2018-05-06 03:03:59,66,r/Whatcouldgowrong,1,2018-05-06 10:54:47,3,0,5,0
2018-05-06 03:03:59,66,r/Whatcouldgowrong,1,2018-05-06 12:29:12,2,0,2,0
2018-05-06 03:03:59,66,r/Whatcouldgowrong,1,2018-05-06 03:53:12,1,6,1245,0
2018-05-06 03:03:59,66,r/Whatcouldgowrong,1,2018-05-06 03:59:45,2,2,401,0
2018-05-06 03:03:59,66,r/Whatcouldgowrong,1,2018-05-06 09:04:26,3,3,27,0
2018-05-06 03:03:59,66,r/Whatcouldgowrong,1,2018-05-06 11:32:01,4,0,3,0
2018-05-06 03:03:59,66,r/Whatcouldgowrong,1,2018-05-06 09:47:49,4,0,2,0
2018-05-06 03:03:59,66,r/Whatcouldgowrong,1,2018-05-06 12:49:28,4,0,2,0
2018-05-06 03:03:59,66,r/Whatcouldgowrong,1,2018-05-06 08:42:32,3,0,3,0
2018-05-06 03:03:59,66,r/Whatcouldgowrong,1,2018-05-06 03:57:27,2,3,170,0
2018-05-06 03:03:59,66,r/Whatcouldgowrong,1,2018-05-06 04:16:10,3,1,131,0
2018-05-06 03:03:59,66,r/Whatcouldgowrong,1,2018-05-06 04:54:48,4,1,40,0
2018-05-06 03:03:59,66,r/Whatcouldgowrong,1,2018-05-06 14:06:38,3,0,2,0
2018-05-06 03:03:59,66,r/Whatcouldgowrong,1,2018-05-06 07:28:39,2,1,34,0
2018-05-06 03:03:59,66,r/Whatcouldgowrong,1,2018-05-06 05:08:30,2,0,23,0
2018-05-06 03:03:59,66,r/Whatcouldgowrong,1,2018-05-06 08:23:27,2,0,3,0
2018-05-06 03:03:59,66,r/Whatcouldgowrong,1,2018-05-06 06:16:54,1,0,18,0
2018-05-06 03:03:59,66,r/Whatcouldgowrong,1,2018-05-06 08:59:26,1,0,12,0
2018-05-06 03:03:59,66,r/Whatcouldgowrong,1,2018-05-06 05:08:20,1,2,63,0
2018-05-06 03:03:59,66,r/Whatcouldgowrong,1,2018-05-06 05:11:17,2,0,125,0
2018-05-06 03:03:59,66,r/Whatcouldgowrong,1,2018-05-06 07:07:58,1,0,10,0
2018-05-06 03:03:59,66,r/Whatcouldgowrong,1,2018-05-06 07:26:58,1,1,11,0
2018-05-06 03:03:59,66,r/Whatcouldgowrong,1,2018-05-06 08:17:39,2,2,18,0
2018-05-06 03:03:59,66,r/Whatcouldgowrong,1,2018-05-06 08:59:06,3,1,14,0
2018-05-06 03:03:59,66,r/Whatcouldgowrong,1,2018-05-06 12:13:02,4,0,2,0
2018-05-06 03:03:59,66,r/Whatcouldgowrong,1,2018-05-06 12:37:39,3,0,2,0
2018-05-06 03:03:59,66,r/Whatcouldgowrong,1,2018-05-06 08:47:16,1,0,6,0
2018-05-06 03:03:59,66,r/Whatcouldgowrong,1,2018-05-06 07:25:05,1,0,6,0
2018-05-06 03:03:59,66,r/Whatcouldgowrong,1,2018-05-06 08:07:01,1,1,10,0
2018-05-06 03:03:59,66,r/Whatcouldgowrong,1,2018-05-06 13:28:56,2,0,2,0
2018-05-06 03:03:59,66,r/Whatcouldgowrong,1,2018-05-06 04:17:19,1,1,8,0
2018-05-06 03:03:59,66,r/Whatcouldgowrong,1,2018-05-06 08:59:23,1,0,2,0
2018-05-06 03:03:59,66,r/Whatcouldgowrong,1,2018-05-06 07:57:19,1,1,4,0
2018-05-06 03:03:59,66,r/Whatcouldgowrong,1,2018-05-06 10:30:32,2,0,2,0
2018-05-06 03:03:59,66,r/Whatcouldgowrong,1,2018-05-06 06:59:15,1,1,5,0
2018-05-06 03:03:59,66,r/Whatcouldgowrong,1,2018-05-06 09:38:52,2,0,7,0
2018-05-06 03:03:59,66,r/Whatcouldgowrong,2,2018-05-06 03:36:46,0,2,2624,0
2018-05-06 03:03:59,66,r/Whatcouldgowrong,2,2018-05-06 06:05:58,1,2,176,0
2018-05-06 03:03:59,66,r/Whatcouldgowrong,2,2018-05-06 06:24:31,2,2,73,0
2018-05-06 03:03:59,66,r/Whatcouldgowrong,2,2018-05-06 06:37:42,3,2,62,0
2018-05-06 03:03:59,66,r/Whatcouldgowrong,2,2018-05-06 11:05:48,4,0,2,0
2018-05-06 03:03:59,66,r/Whatcouldgowrong,3,2018-05-06 05:17:28,0,4,1757,0
2018-05-06 03:03:59,66,r/Whatcouldgowrong,3,2018-05-06 06:53:49,1,6,350,0
2018-05-06 03:03:59,66,r/Whatcouldgowrong,3,2018-05-06 06:57:14,2,3,120,0
2018-05-06 03:03:59,66,r/Whatcouldgowrong,3,2018-05-06 07:28:42,3,0,36,0
2018-05-06 03:03:59,66,r/Whatcouldgowrong,3,2018-05-06 07:07:13,3,0,9,0
2018-05-06 03:03:59,66,r/Whatcouldgowrong,3,2018-05-06 07:19:02,2,0,7,0
2018-05-06 03:03:59,66,r/Whatcouldgowrong,3,2018-05-06 07:40:20,2,0,3,0
2018-05-06 03:03:59,66,r/Whatcouldgowrong,3,2018-05-06 08:23:49,2,0,2,0
2018-05-06 03:03:59,66,r/Whatcouldgowrong,3,2018-05-06 08:40:06,2,0,2,0
2018-05-06 03:03:59,66,r/Whatcouldgowrong,3,2018-05-06 08:45:15,2,0,2,0
2018-05-06 03:03:59,66,r/Whatcouldgowrong,3,2018-05-06 07:16:31,1,0,11,0
2018-05-06 03:03:59,66,r/Whatcouldgowrong,3,2018-05-06 06:40:22,1,1,12,0
2018-05-06 03:03:59,66,r/Whatcouldgowrong,4,2018-05-06 08:59:14,0,6,680,0
2018-05-06 03:03:59,66,r/Whatcouldgowrong,4,2018-05-06 10:48:52,1,1,160,0
2018-05-06 03:03:59,66,r/Whatcouldgowrong,4,2018-05-06 14:37:25,2,0,7,0
2018-05-06 03:03:59,66,r/Whatcouldgowrong,4,2018-05-06 11:44:11,1,2,223,0
2018-05-06 03:03:59,66,r/Whatcouldgowrong,4,2018-05-06 12:14:17,2,2,58,0
2018-05-06 03:03:59,66,r/Whatcouldgowrong,4,2018-05-06 12:27:31,3,5,59,0
2018-05-06 03:03:59,66,r/Whatcouldgowrong,4,2018-05-06 13:14:03,4,2,29,0
2018-05-06 03:03:59,66,r/Whatcouldgowrong,4,2018-05-06 13:51:11,5,0,4,0
2018-05-06 03:03:59,66,r/Whatcouldgowrong,4,2018-05-06 13:14:40,4,1,4,0
2018-05-06 03:03:59,66,r/Whatcouldgowrong,4,2018-05-06 13:22:11,5,0,12,0
2018-05-06 03:03:59,66,r/Whatcouldgowrong,4,2018-05-06 14:26:33,4,0,3,0
2018-05-06 03:03:59,66,r/Whatcouldgowrong,4,2018-05-06 14:43:45,4,0,3,0
2018-05-06 03:03:59,66,r/Whatcouldgowrong,4,2018-05-06 11:44:43,1,0,12,0
2018-05-06 03:03:59,66,r/Whatcouldgowrong,4,2018-05-06 12:11:38,1,0,2,0
2018-05-06 03:03:59,66,r/Whatcouldgowrong,4,2018-05-06 13:12:50,1,0,2,0
2018-05-06 03:03:59,66,r/Whatcouldgowrong,5,2018-05-06 05:00:01,0,3,1400,0
2018-05-06 03:03:59,66,r/Whatcouldgowrong,5,2018-05-06 07:02:01,1,1,310,0
2018-05-06 03:03:59,66,r/Whatcouldgowrong,5,2018-05-06 07:01:23,1,1,72,0
2018-05-06 03:03:59,66,r/Whatcouldgowrong,6,2018-05-06 03:07:57,0,1,373,0
2018-05-06 03:03:59,66,r/Whatcouldgowrong,7,2018-05-06 04:20:37,0,3,355,0
2018-05-06 03:03:59,66,r/Whatcouldgowrong,7,2018-05-06 04:40:37,1,6,1056,0
2018-05-06 03:03:59,66,r/Whatcouldgowrong,7,2018-05-06 05:15:57,2,2,364,0
2018-05-06 03:03:59,66,r/Whatcouldgowrong,7,2018-05-06 07:36:56,3,2,88,0
2018-05-06 03:03:59,66,r/Whatcouldgowrong,7,2018-05-06 07:47:20,4,5,226,0
2018-05-06 03:03:59,66,r/Whatcouldgowrong,7,2018-05-06 07:56:51,5,0,234,0
2018-05-06 03:03:59,66,r/Whatcouldgowrong,7,2018-05-06 08:06:37,5,3,105,0
2018-05-06 03:03:59,66,r/Whatcouldgowrong,7,2018-05-06 08:08:15,6,0,25,0
2018-05-06 03:03:59,66,r/Whatcouldgowrong,7,2018-05-06 10:46:07,6,0,2,0
2018-05-06 03:03:59,66,r/Whatcouldgowrong,7,2018-05-06 08:19:11,5,1,19,0
2018-05-06 03:03:59,66,r/Whatcouldgowrong,7,2018-05-06 09:33:22,6,1,6,0
2018-05-06 03:03:59,66,r/Whatcouldgowrong,7,2018-05-06 08:50:26,5,0,2,0
2018-05-06 03:03:59,66,r/Whatcouldgowrong,7,2018-05-06 08:22:26,3,1,1,0
2018-05-06 03:03:59,66,r/Whatcouldgowrong,7,2018-05-06 06:39:49,2,2,26,0
2018-05-06 03:03:59,66,r/Whatcouldgowrong,7,2018-05-06 07:19:51,3,1,48,0
2018-05-06 03:03:59,66,r/Whatcouldgowrong,7,2018-05-06 05:59:03,2,4,70,0
2018-05-06 03:03:59,66,r/Whatcouldgowrong,7,2018-05-06 06:24:53,3,3,108,0
2018-05-06 03:03:59,66,r/Whatcouldgowrong,7,2018-05-06 10:46:30,4,2,16,0
2018-05-06 03:03:59,66,r/Whatcouldgowrong,7,2018-05-06 12:08:09,5,0,10,0
2018-05-06 03:03:59,66,r/Whatcouldgowrong,7,2018-05-06 06:31:22,4,3,18,0
2018-05-06 03:03:59,66,r/Whatcouldgowrong,7,2018-05-06 08:44:37,5,0,13,0
2018-05-06 03:03:59,66,r/Whatcouldgowrong,7,2018-05-06 09:09:12,5,3,21,0
2018-05-06 03:03:59,66,r/Whatcouldgowrong,7,2018-05-06 12:07:05,6,0,6,0
2018-05-06 03:03:59,66,r/Whatcouldgowrong,7,2018-05-06 11:53:09,6,0,6,0
2018-05-06 03:03:59,66,r/Whatcouldgowrong,7,2018-05-06 08:04:47,5,1,24,0
2018-05-06 03:03:59,66,r/Whatcouldgowrong,7,2018-05-06 06:10:50,3,2,139,0
2018-05-06 03:03:59,66,r/Whatcouldgowrong,7,2018-05-06 06:29:57,4,1,12,0
2018-05-06 03:03:59,66,r/Whatcouldgowrong,7,2018-05-06 07:04:15,5,2,24,0
2018-05-06 03:03:59,66,r/Whatcouldgowrong,7,2018-05-06 08:28:17,6,1,3,0
2018-05-06 03:03:59,66,r/Whatcouldgowrong,7,2018-05-06 08:41:00,7,1,5,0
2018-05-06 03:03:59,66,r/Whatcouldgowrong,7,2018-05-06 09:58:48,8,0,8,0
2018-05-06 03:03:59,66,r/Whatcouldgowrong,7,2018-05-06 10:55:34,3,0,2,0
2018-05-06 03:03:59,66,r/Whatcouldgowrong,7,2018-05-06 06:17:57,2,3,60,0
2018-05-06 03:03:59,66,r/Whatcouldgowrong,7,2018-05-06 07:00:32,3,1,19,0
2018-05-06 03:03:59,66,r/Whatcouldgowrong,7,2018-05-06 13:35:11,3,0,2,0
2018-05-06 03:03:59,66,r/Whatcouldgowrong,7,2018-05-06 06:24:59,2,2,38,0
2018-05-06 03:03:59,66,r/Whatcouldgowrong,7,2018-05-06 07:50:10,3,2,11,0
2018-05-06 03:03:59,66,r/Whatcouldgowrong,7,2018-05-06 09:11:56,4,0,10,0
2018-05-06 03:03:59,66,r/Whatcouldgowrong,7,2018-05-06 14:10:14,4,0,2,0
2018-05-06 03:03:59,66,r/Whatcouldgowrong,7,2018-05-06 07:50:45,1,0,25,0
2018-05-06 03:03:59,66,r/Whatcouldgowrong,7,2018-05-06 12:43:45,1,0,2,0
2018-05-06 03:03:59,66,r/Whatcouldgowrong,8,2018-05-06 03:31:01,0,3,341,0
2018-05-06 03:03:59,66,r/Whatcouldgowrong,8,2018-05-06 07:14:32,1,1,94,0
2018-05-06 03:03:59,66,r/Whatcouldgowrong,8,2018-05-06 07:24:53,2,4,145,0
2018-05-06 03:03:59,66,r/Whatcouldgowrong,8,2018-05-06 07:34:06,3,1,28,0
2018-05-06 03:03:59,66,r/Whatcouldgowrong,8,2018-05-06 08:40:04,3,0,7,0
2018-05-06 03:03:59,66,r/Whatcouldgowrong,8,2018-05-06 12:42:46,3,0,2,0
2018-05-06 03:03:59,66,r/Whatcouldgowrong,8,2018-05-06 12:41:59,1,0,4,0
2018-05-06 03:03:59,66,r/Whatcouldgowrong,8,2018-05-06 07:57:10,1,0,2,0
2018-05-06 03:03:59,66,r/Whatcouldgowrong,9,2018-05-06 07:38:57,0,1,51,0
2018-05-06 03:03:59,66,r/Whatcouldgowrong,9,2018-05-06 11:12:25,1,0,4,0
2018-05-06 03:03:59,66,r/Whatcouldgowrong,10,2018-05-06 03:09:12,0,2,234,0
2018-05-06 03:03:59,66,r/Whatcouldgowrong,10,2018-05-06 03:24:27,1,2,197,0
2018-05-06 03:03:59,66,r/Whatcouldgowrong,10,2018-05-06 03:46:14,2,2,72,0
2018-05-06 03:03:59,66,r/Whatcouldgowrong,10,2018-05-06 03:50:52,3,1,39,0
2018-05-06 03:03:59,66,r/Whatcouldgowrong,10,2018-05-06 04:10:54,4,1,43,0
2018-05-06 03:03:59,66,r/Whatcouldgowrong,10,2018-05-06 05:39:40,5,1,34,0
2018-05-06 03:03:59,66,r/Whatcouldgowrong,10,2018-05-06 06:44:09,6,2,25,0
2018-05-06 03:03:59,66,r/Whatcouldgowrong,10,2018-05-06 06:50:37,7,2,12,0
2018-05-06 03:03:59,66,r/Whatcouldgowrong,10,2018-05-06 07:35:27,8,1,12,0
2018-05-06 03:03:59,66,r/Whatcouldgowrong,10,2018-05-06 11:25:51,9,0,2,0
2018-05-06 03:03:59,66,r/Whatcouldgowrong,10,2018-05-06 07:07:37,8,0,4,0
2018-05-06 03:03:59,66,r/Whatcouldgowrong,11,2018-05-06 06:51:32,0,2,105,0
2018-05-06 03:03:59,66,r/Whatcouldgowrong,11,2018-05-06 07:55:18,1,1,26,0
2018-05-06 03:03:59,66,r/Whatcouldgowrong,11,2018-05-06 10:30:02,2,0,2,0
2018-05-06 03:03:59,66,r/Whatcouldgowrong,12,2018-05-06 06:27:39,0,3,85,0
2018-05-06 03:03:59,66,r/Whatcouldgowrong,12,2018-05-06 07:23:50,1,2,41,0
2018-05-06 03:03:59,66,r/Whatcouldgowrong,12,2018-05-06 07:38:44,2,1,35,0
2018-05-06 03:03:59,66,r/Whatcouldgowrong,12,2018-05-06 11:07:57,1,1,6,0
2018-05-06 03:03:59,66,r/Whatcouldgowrong,13,2018-05-06 07:45:38,0,0,13,0
2018-05-06 03:03:59,66,r/Whatcouldgowrong,14,2018-05-06 06:34:27,0,3,18,0
2018-05-06 03:03:59,66,r/Whatcouldgowrong,14,2018-05-06 11:39:52,1,0,2,0
2018-05-06 03:03:59,66,r/Whatcouldgowrong,14,2018-05-06 13:07:03,1,0,2,0
2018-05-06 03:03:59,66,r/Whatcouldgowrong,15,2018-05-06 03:37:01,0,5,76,0
2018-05-06 03:03:59,66,r/Whatcouldgowrong,15,2018-05-06 08:07:07,1,0,17,0
2018-05-06 03:03:59,66,r/Whatcouldgowrong,15,2018-05-06 07:14:48,1,0,35,0
2018-05-06 03:03:59,66,r/Whatcouldgowrong,15,2018-05-06 12:35:35,1,1,5,0
2018-05-06 03:03:59,66,r/Whatcouldgowrong,15,2018-05-06 03:42:51,1,2,9,0
2018-05-06 03:03:59,66,r/Whatcouldgowrong,15,2018-05-06 04:35:32,2,0,11,0
2018-05-06 03:03:59,66,r/Whatcouldgowrong,15,2018-05-06 06:28:18,2,0,3,0
2018-05-06 03:03:59,66,r/Whatcouldgowrong,16,2018-05-06 07:31:04,0,1,16,0
2018-05-06 03:03:59,66,r/Whatcouldgowrong,17,2018-05-06 12:04:20,0,1,7,0
2018-05-06 03:03:59,66,r/Whatcouldgowrong,18,2018-05-06 03:21:54,0,0,13,0
2018-05-06 03:03:59,66,r/Whatcouldgowrong,19,2018-05-06 05:19:59,0,2,20,0
2018-05-06 03:03:59,66,r/Whatcouldgowrong,19,2018-05-06 05:57:53,1,0,9,0
2018-05-06 03:03:59,66,r/Whatcouldgowrong,20,2018-05-06 03:18:37,0,8,206,0
2018-05-06 03:03:59,66,r/Whatcouldgowrong,20,2018-05-06 03:57:58,1,0,45,0
2018-05-06 03:03:59,66,r/Whatcouldgowrong,20,2018-05-06 03:25:53,1,6,103,0
2018-05-06 03:03:59,66,r/Whatcouldgowrong,20,2018-05-06 05:19:49,2,0,33,0
2018-05-06 03:03:59,66,r/Whatcouldgowrong,20,2018-05-06 04:22:25,2,8,47,0
2018-05-06 03:03:59,66,r/Whatcouldgowrong,20,2018-05-06 04:33:24,3,1,72,0
2018-05-06 03:03:59,66,r/Whatcouldgowrong,20,2018-05-06 06:17:00,4,4,62,0
2018-05-06 03:03:59,66,r/Whatcouldgowrong,20,2018-05-06 09:29:46,5,0,3,0
2018-05-06 03:03:59,66,r/Whatcouldgowrong,20,2018-05-06 12:09:20,5,0,3,0
2018-05-06 03:03:59,66,r/Whatcouldgowrong,20,2018-05-06 06:46:50,5,3,11,0
2018-05-06 03:03:59,66,r/Whatcouldgowrong,20,2018-05-06 06:58:47,6,3,16,0
2018-05-06 03:03:59,66,r/Whatcouldgowrong,20,2018-05-06 11:40:21,7,0,5,0
2018-05-06 03:03:59,66,r/Whatcouldgowrong,20,2018-05-06 08:04:03,7,0,3,0
2018-05-06 03:03:59,66,r/Whatcouldgowrong,20,2018-05-06 07:17:43,7,0,8,0
2018-05-06 03:03:59,66,r/Whatcouldgowrong,20,2018-05-06 07:08:06,6,1,6,0
2018-05-06 03:03:59,66,r/Whatcouldgowrong,20,2018-05-06 05:24:52,3,2,25,0
2018-05-06 03:03:59,66,r/Whatcouldgowrong,20,2018-05-06 13:04:10,4,1,2,0
2018-05-06 03:03:59,66,r/Whatcouldgowrong,20,2018-05-06 04:38:53,3,2,28,0
2018-05-06 03:03:59,66,r/Whatcouldgowrong,20,2018-05-06 05:58:14,4,7,5,0
2018-05-06 03:03:59,66,r/Whatcouldgowrong,20,2018-05-06 06:23:23,5,1,6,0
2018-05-06 03:03:59,66,r/Whatcouldgowrong,20,2018-05-06 06:17:37,5,1,11,0
2018-05-06 03:03:59,66,r/Whatcouldgowrong,20,2018-05-06 06:08:28,5,0,5,0
2018-05-06 03:03:59,66,r/Whatcouldgowrong,20,2018-05-06 06:02:25,5,1,5,0
2018-05-06 03:03:59,66,r/Whatcouldgowrong,20,2018-05-06 11:44:09,5,1,2,0
2018-05-06 03:03:59,66,r/Whatcouldgowrong,20,2018-05-06 06:18:18,5,2,3,0
2018-05-06 03:03:59,66,r/Whatcouldgowrong,20,2018-05-06 06:40:22,6,1,4,0
2018-05-06 03:03:59,66,r/Whatcouldgowrong,20,2018-05-06 06:09:21,3,0,4,0
2018-05-06 03:03:59,66,r/Whatcouldgowrong,20,2018-05-06 06:23:06,3,0,4,0
2018-05-06 03:03:59,66,r/Whatcouldgowrong,20,2018-05-06 12:34:32,3,0,2,0
2018-05-06 03:03:59,66,r/Whatcouldgowrong,20,2018-05-06 05:33:28,3,0,2,0
2018-05-06 03:03:59,66,r/Whatcouldgowrong,20,2018-05-06 06:15:16,2,1,4,0
2018-05-06 03:03:59,66,r/Whatcouldgowrong,20,2018-05-06 05:02:58,2,0,8,0
2018-05-06 03:03:59,66,r/Whatcouldgowrong,20,2018-05-06 06:13:05,2,1,4,0
2018-05-06 03:03:59,66,r/Whatcouldgowrong,20,2018-05-06 09:29:50,3,0,3,0
2018-05-06 03:03:59,66,r/Whatcouldgowrong,20,2018-05-06 05:29:11,1,1,35,0
2018-05-06 03:03:59,66,r/Whatcouldgowrong,20,2018-05-06 06:01:16,2,1,20,0
2018-05-06 03:03:59,66,r/Whatcouldgowrong,20,2018-05-06 07:05:17,3,0,12,0
2018-05-06 03:03:59,66,r/Whatcouldgowrong,20,2018-05-06 03:22:44,1,1,14,0
2018-05-06 03:03:59,66,r/Whatcouldgowrong,20,2018-05-06 04:22:51,1,0,3,0
2018-05-06 03:03:59,66,r/Whatcouldgowrong,20,2018-05-06 06:34:53,1,1,3,0
2018-05-06 03:03:59,66,r/Whatcouldgowrong,20,2018-05-06 07:04:42,1,3,8,0
2018-05-06 03:03:59,66,r/Whatcouldgowrong,20,2018-05-06 11:25:20,2,0,3,0
2018-05-06 03:03:59,66,r/Whatcouldgowrong,20,2018-05-06 07:20:42,2,0,5,0
2018-05-06 03:03:59,66,r/Whatcouldgowrong,21,2018-05-06 06:46:41,0,1,5,0
2018-05-06 03:03:59,66,r/Whatcouldgowrong,22,2018-05-06 08:28:32,0,0,19,0
2018-05-06 03:03:59,66,r/Whatcouldgowrong,23,2018-05-06 08:38:32,0,3,24,0
2018-05-06 03:03:59,66,r/Whatcouldgowrong,23,2018-05-06 09:12:37,1,0,9,0
2018-05-06 03:03:59,66,r/Whatcouldgowrong,23,2018-05-06 10:34:22,1,0,8,0
2018-05-06 03:03:59,66,r/Whatcouldgowrong,24,2018-05-06 03:06:28,0,2,25,0
2018-05-06 03:03:59,66,r/Whatcouldgowrong,24,2018-05-06 03:51:10,1,1,13,0
2018-05-06 03:03:59,66,r/Whatcouldgowrong,24,2018-05-06 06:26:54,2,0,4,0
2018-05-06 03:03:59,66,r/Whatcouldgowrong,25,2018-05-06 04:14:58,0,2,4,0
2018-05-06 03:03:59,66,r/Whatcouldgowrong,25,2018-05-06 11:17:43,1,0,2,0
2018-05-06 03:03:59,66,r/Whatcouldgowrong,26,2018-05-06 12:55:14,0,0,5,0
2018-05-06 03:03:59,66,r/Whatcouldgowrong,27,2018-05-06 12:56:29,0,0,5,0
2018-05-06 03:03:59,66,r/Whatcouldgowrong,28,2018-05-06 04:18:08,0,0,16,0
2018-05-06 03:03:59,66,r/Whatcouldgowrong,29,2018-05-06 07:13:25,0,1,8,0
2018-05-06 03:03:59,66,r/Whatcouldgowrong,29,2018-05-06 12:04:04,1,0,4,0
2018-05-06 03:03:59,66,r/Whatcouldgowrong,30,2018-05-06 06:45:01,0,0,4,0
2018-05-06 03:03:59,66,r/Whatcouldgowrong,31,2018-05-06 07:07:03,0,0,3,0
2018-05-06 03:03:59,66,r/Whatcouldgowrong,32,2018-05-06 08:20:56,0,0,4,0
2018-05-06 03:03:59,66,r/Whatcouldgowrong,33,2018-05-06 12:32:12,0,0,4,0
2018-05-06 03:03:59,66,r/Whatcouldgowrong,34,2018-05-06 03:46:24,0,1,10,0
2018-05-06 03:03:59,66,r/Whatcouldgowrong,34,2018-05-06 06:17:37,1,0,14,0
2018-05-06 03:03:59,66,r/Whatcouldgowrong,35,2018-05-06 08:48:39,0,1,6,0
2018-05-06 03:03:59,66,r/Whatcouldgowrong,36,2018-05-06 06:21:13,0,3,3,0
2018-05-06 03:03:59,66,r/Whatcouldgowrong,36,2018-05-06 06:40:11,1,1,3,0
2018-05-06 03:03:59,66,r/Whatcouldgowrong,36,2018-05-06 08:44:20,2,0,3,0
2018-05-06 03:03:59,66,r/Whatcouldgowrong,36,2018-05-06 10:46:55,1,1,2,0
2018-05-06 03:03:59,66,r/Whatcouldgowrong,36,2018-05-06 10:54:33,2,1,2,0
2018-05-06 03:03:59,66,r/Whatcouldgowrong,36,2018-05-06 11:11:33,3,1,2,0
2018-05-06 03:03:59,66,r/Whatcouldgowrong,37,2018-05-06 09:26:53,0,0,3,0
2018-05-06 03:03:59,66,r/Whatcouldgowrong,38,2018-05-06 11:00:20,0,0,3,0
2018-05-06 03:03:59,66,r/Whatcouldgowrong,39,2018-05-06 11:31:59,0,0,3,0
2018-05-06 03:03:59,66,r/Whatcouldgowrong,40,2018-05-06 12:57:40,0,0,3,0
2018-05-06 03:03:59,66,r/Whatcouldgowrong,41,2018-05-06 12:37:42,0,1,5,0
2018-05-06 03:03:59,66,r/Whatcouldgowrong,41,2018-05-06 14:13:00,1,0,2,0
2018-05-06 03:03:59,66,r/Whatcouldgowrong,42,2018-05-06 05:47:48,0,0,6,0
2018-05-06 03:03:59,66,r/Whatcouldgowrong,43,2018-05-06 04:17:04,0,1,2,0
2018-05-06 03:03:59,66,r/Whatcouldgowrong,43,2018-05-06 04:18:48,1,1,6,0
2018-05-06 03:03:59,66,r/Whatcouldgowrong,44,2018-05-06 06:28:20,0,0,2,0
2018-05-06 03:03:59,66,r/Whatcouldgowrong,45,2018-05-06 07:06:40,0,0,2,0
2018-05-06 03:03:59,66,r/Whatcouldgowrong,46,2018-05-06 07:14:58,0,2,2,0
2018-05-06 03:03:59,66,r/Whatcouldgowrong,46,2018-05-06 08:40:50,1,1,2,0
2018-05-06 03:03:59,66,r/Whatcouldgowrong,46,2018-05-06 09:49:40,2,0,3,0
2018-05-06 03:03:59,66,r/Whatcouldgowrong,47,2018-05-06 07:28:06,0,0,2,0
2018-05-06 03:03:59,66,r/Whatcouldgowrong,48,2018-05-06 07:29:58,0,0,2,0
2018-05-06 03:03:59,66,r/Whatcouldgowrong,49,2018-05-06 08:06:56,0,0,2,0
2018-05-06 03:03:59,66,r/Whatcouldgowrong,50,2018-05-06 08:10:59,0,1,2,0
2018-05-06 03:03:59,66,r/Whatcouldgowrong,50,2018-05-06 09:10:35,1,0,2,0
2018-05-06 03:03:59,66,r/Whatcouldgowrong,51,2018-05-06 08:32:58,0,0,2,0
2018-05-06 03:03:59,66,r/Whatcouldgowrong,52,2018-05-06 08:59:09,0,0,2,0
2018-05-06 03:03:59,66,r/Whatcouldgowrong,53,2018-05-06 09:02:19,0,0,2,0
2018-05-06 03:03:59,66,r/Whatcouldgowrong,54,2018-05-06 09:30:30,0,0,2,0
2018-05-06 03:03:59,66,r/Whatcouldgowrong,55,2018-05-06 09:57:09,0,0,2,0
2018-05-06 03:03:59,66,r/Whatcouldgowrong,56,2018-05-06 10:04:20,0,0,2,0
2018-05-06 03:03:59,66,r/Whatcouldgowrong,57,2018-05-06 10:16:45,0,0,2,0
2018-05-06 03:03:59,66,r/Whatcouldgowrong,58,2018-05-06 10:32:42,0,0,2,0
2018-05-06 03:03:59,66,r/Whatcouldgowrong,59,2018-05-06 10:47:27,0,0,2,0
2018-05-06 03:03:59,66,r/Whatcouldgowrong,60,2018-05-06 10:51:56,0,0,2,0
2018-05-06 03:03:59,66,r/Whatcouldgowrong,61,2018-05-06 11:15:23,0,0,2,0
2018-05-06 03:03:59,66,r/Whatcouldgowrong,62,2018-05-06 11:26:15,0,1,2,0
2018-05-06 03:03:59,66,r/Whatcouldgowrong,63,2018-05-06 12:16:43,0,0,2,0
2018-05-06 03:03:59,66,r/Whatcouldgowrong,64,2018-05-06 12:30:34,0,0,2,0
2018-05-06 03:03:59,66,r/Whatcouldgowrong,65,2018-05-06 13:03:39,0,0,2,0
2018-05-06 03:03:59,66,r/Whatcouldgowrong,66,2018-05-06 13:18:18,0,0,2,0
2018-05-06 03:03:59,66,r/Whatcouldgowrong,67,2018-05-06 13:18:25,0,0,2,0
2018-05-06 03:03:59,66,r/Whatcouldgowrong,68,2018-05-06 13:59:49,0,0,2,0
2018-05-06 03:03:59,66,r/Whatcouldgowrong,69,2018-05-06 14:06:54,0,0,2,0
2018-05-06 03:03:59,66,r/Whatcouldgowrong,70,2018-05-06 14:21:49,0,0,2,0
2018-05-06 03:03:59,66,r/Whatcouldgowrong,71,2018-05-06 14:24:56,0,0,2,0
2018-05-06 03:03:59,66,r/Whatcouldgowrong,72,2018-05-06 14:32:47,0,0,2,0
2018-05-06 03:03:59,66,r/Whatcouldgowrong,73,2018-05-06 14:45:21,0,0,2,0
2018-05-06 03:03:59,66,r/Whatcouldgowrong,74,2018-05-06 15:02:32,0,0,2,0
2018-05-06 03:03:59,66,r/Whatcouldgowrong,75,2018-05-06 11:28:06,0,1,2,0
2018-05-06 03:03:59,66,r/Whatcouldgowrong,75,2018-05-06 12:01:00,1,0,2,0
2018-05-06 03:03:59,66,r/Whatcouldgowrong,76,2018-05-06 04:04:51,0,2,2,0
2018-05-06 03:03:59,66,r/Whatcouldgowrong,76,2018-05-06 04:48:12,1,0,4,0
2018-05-06 03:03:59,66,r/Whatcouldgowrong,77,2018-05-06 06:25:42,0,1,3,0
2018-05-06 03:03:59,66,r/Whatcouldgowrong,77,2018-05-06 08:39:27,1,1,4,0
2018-05-06 03:03:59,66,r/Whatcouldgowrong,78,2018-05-06 13:13:46,0,1,3,0
2018-05-06 03:03:59,66,r/Whatcouldgowrong,78,2018-05-06 14:07:47,1,1,3,0
2018-05-06 03:03:59,66,r/Whatcouldgowrong,78,2018-05-06 14:49:03,2,0,2,0
2018-05-06 03:03:59,66,r/Whatcouldgowrong,79,2018-05-06 03:33:08,0,3,8,0
2018-05-06 03:03:59,66,r/Whatcouldgowrong,79,2018-05-06 06:25:55,1,0,22,0
2018-05-06 03:03:59,66,r/Whatcouldgowrong,79,2018-05-06 05:56:45,1,1,31,0
2018-05-06 03:03:59,66,r/Whatcouldgowrong,80,2018-05-06 12:47:17,0,0,4,0
2018-05-06 03:03:59,66,r/Whatcouldgowrong,81,2018-05-06 05:43:44,0,0,2,0
2018-05-06 03:03:59,66,r/Whatcouldgowrong,82,2018-05-06 10:20:16,0,1,3,0
2018-05-06 03:03:59,66,r/Whatcouldgowrong,83,2018-05-06 07:41:54,0,3,3,0
2018-05-06 03:03:59,66,r/Whatcouldgowrong,83,2018-05-06 08:14:15,1,0,8,0
2018-05-06 03:03:59,66,r/Whatcouldgowrong,83,2018-05-06 09:20:14,1,0,2,0
2018-05-06 03:03:59,66,r/Whatcouldgowrong,84,2018-05-06 04:55:49,0,0,5,0
2018-05-06 03:03:59,66,r/Whatcouldgowrong,85,2018-05-06 06:32:16,0,2,1,0
2018-05-06 03:03:59,66,r/Whatcouldgowrong,85,2018-05-06 09:04:38,1,2,8,0
2018-05-06 03:03:59,66,r/Whatcouldgowrong,85,2018-05-06 11:06:43,2,1,5,0
2018-05-06 03:03:59,66,r/Whatcouldgowrong,85,2018-05-06 10:00:43,2,1,4,0
2018-05-06 09:53:04,67,r/food,0,2018-05-06 11:35:01,0,1,33,0
2018-05-06 09:53:04,67,r/food,0,2018-05-06 12:05:18,1,3,52,0
2018-05-06 09:53:04,67,r/food,0,2018-05-06 13:49:55,2,0,21,0
2018-05-06 09:53:04,67,r/food,0,2018-05-06 14:08:10,2,0,4,0
2018-05-06 09:53:04,67,r/food,0,2018-05-06 14:19:06,2,1,-9,0
2018-05-06 09:53:04,67,r/food,0,2018-05-06 14:42:18,3,0,1,0
2018-05-06 09:53:04,67,r/food,1,2018-05-06 13:47:09,0,0,22,0
2018-05-06 09:53:04,67,r/food,2,2018-05-06 11:37:38,0,1,12,0
2018-05-06 09:53:04,67,r/food,2,2018-05-06 12:06:56,1,1,12,0
2018-05-06 09:53:04,67,r/food,2,2018-05-06 12:30:48,2,0,6,0
2018-05-06 09:53:04,67,r/food,3,2018-05-06 13:43:27,0,1,6,0
2018-05-06 09:53:04,67,r/food,3,2018-05-06 14:00:59,1,0,3,0
2018-05-06 09:53:04,67,r/food,4,2018-05-06 13:32:55,0,0,3,0
2018-05-06 09:53:04,67,r/food,5,2018-05-06 14:03:42,0,1,3,0
2018-05-06 09:53:04,67,r/food,5,2018-05-06 15:03:12,1,1,1,0
2018-05-06 09:53:04,67,r/food,5,2018-05-06 15:03:44,2,0,1,0
2018-05-06 09:53:04,67,r/food,6,2018-05-06 14:08:20,0,0,1,0
2018-05-06 09:53:04,67,r/food,7,2018-05-06 14:23:58,0,0,1,0
2018-05-06 09:53:04,67,r/food,8,2018-05-06 14:37:03,0,0,1,0
2018-05-06 09:53:04,67,r/food,9,2018-05-06 14:51:12,0,0,1,0
2018-05-06 09:53:04,67,r/food,10,2018-05-06 15:04:29,0,0,1,0
2018-05-06 09:53:04,67,r/food,11,2018-05-06 15:10:49,0,0,1,0
2018-05-06 09:53:04,67,r/food,12,2018-05-06 14:03:50,0,0,1,0
2018-05-06 09:53:04,67,r/food,13,2018-05-06 14:37:39,0,0,-1,0
2018-05-06 09:53:04,67,r/food,14,2018-05-06 14:33:07,0,0,-4,0
2018-05-06 09:53:04,67,r/food,15,2018-05-06 13:55:02,0,0,-14,0
2018-05-06 05:15:16,68,r/funny,0,2018-05-06 05:24:17,0,9,783,0
2018-05-06 05:15:16,68,r/funny,0,2018-05-06 05:31:44,1,15,269,0
2018-05-06 05:15:16,68,r/funny,0,2018-05-06 05:44:13,2,1,237,0
2018-05-06 05:15:16,68,r/funny,0,2018-05-06 12:52:44,3,2,51,0
2018-05-06 05:15:16,68,r/funny,0,2018-05-06 13:09:13,4,5,32,0
2018-05-06 05:15:16,68,r/funny,0,2018-05-06 13:31:57,5,1,11,0
2018-05-06 05:15:16,68,r/funny,0,2018-05-06 14:35:09,6,0,2,0
2018-05-06 05:15:16,68,r/funny,0,2018-05-06 13:51:52,5,1,2,0
2018-05-06 05:15:16,68,r/funny,0,2018-05-06 15:00:11,6,0,1,0
2018-05-06 05:15:16,68,r/funny,0,2018-05-06 13:36:52,5,0,1,0
2018-05-06 05:15:16,68,r/funny,0,2018-05-06 14:09:24,5,0,1,0
2018-05-06 05:15:16,68,r/funny,0,2018-05-06 14:51:20,5,0,1,0
2018-05-06 05:15:16,68,r/funny,0,2018-05-06 14:06:50,4,0,2,0
2018-05-06 05:15:16,68,r/funny,0,2018-05-06 08:48:57,2,4,276,0
2018-05-06 05:15:16,68,r/funny,0,2018-05-06 12:15:34,3,3,142,0
2018-05-06 05:15:16,68,r/funny,0,2018-05-06 12:36:50,4,0,27,0
2018-05-06 05:15:16,68,r/funny,0,2018-05-06 13:39:11,4,0,13,0
2018-05-06 05:15:16,68,r/funny,0,2018-05-06 13:02:32,4,0,-16,0
2018-05-06 05:15:16,68,r/funny,0,2018-05-06 12:34:09,3,3,25,0
2018-05-06 05:15:16,68,r/funny,0,2018-05-06 12:52:58,4,6,18,0
2018-05-06 05:15:16,68,r/funny,0,2018-05-06 13:00:52,5,0,12,0
2018-05-06 05:15:16,68,r/funny,0,2018-05-06 13:10:10,5,0,5,0
2018-05-06 05:15:16,68,r/funny,0,2018-05-06 12:57:36,5,0,3,0
2018-05-06 05:15:16,68,r/funny,0,2018-05-06 13:38:09,5,0,1,0
2018-05-06 05:15:16,68,r/funny,0,2018-05-06 14:00:16,5,0,1,0
2018-05-06 05:15:16,68,r/funny,0,2018-05-06 15:09:34,5,0,1,0
2018-05-06 05:15:16,68,r/funny,0,2018-05-06 12:51:13,4,1,5,0
2018-05-06 05:15:16,68,r/funny,0,2018-05-06 12:57:55,5,0,3,0
2018-05-06 05:15:16,68,r/funny,0,2018-05-06 13:35:34,4,0,1,0
2018-05-06 05:15:16,68,r/funny,0,2018-05-06 13:21:26,3,0,2,0
2018-05-06 05:15:16,68,r/funny,0,2018-05-06 13:55:01,3,0,1,0
2018-05-06 05:15:16,68,r/funny,0,2018-05-06 10:15:05,2,2,27,0
2018-05-06 05:15:16,68,r/funny,0,2018-05-06 11:42:11,3,1,5,0
2018-05-06 05:15:16,68,r/funny,0,2018-05-06 12:15:00,4,1,12,0
2018-05-06 05:15:16,68,r/funny,0,2018-05-06 12:29:35,5,1,16,0
2018-05-06 05:15:16,68,r/funny,0,2018-05-06 12:32:13,6,1,14,0
2018-05-06 05:15:16,68,r/funny,0,2018-05-06 12:49:37,7,1,14,0
2018-05-06 05:15:16,68,r/funny,0,2018-05-06 12:55:03,8,0,8,0
2018-05-06 05:15:16,68,r/funny,0,2018-05-06 12:47:21,3,1,2,0
2018-05-06 05:15:16,68,r/funny,0,2018-05-06 13:03:06,4,0,3,0
2018-05-06 05:15:16,68,r/funny,0,2018-05-06 09:49:28,2,1,10,0
2018-05-06 05:15:16,68,r/funny,0,2018-05-06 13:11:39,3,0,1,0
2018-05-06 05:15:16,68,r/funny,0,2018-05-06 05:53:25,2,1,7,0
2018-05-06 05:15:16,68,r/funny,0,2018-05-06 09:50:53,3,1,14,0
2018-05-06 05:15:16,68,r/funny,0,2018-05-06 09:54:51,4,0,7,0
2018-05-06 05:15:16,68,r/funny,0,2018-05-06 12:16:19,2,0,3,0
2018-05-06 05:15:16,68,r/funny,0,2018-05-06 12:40:09,2,0,1,0
2018-05-06 05:15:16,68,r/funny,0,2018-05-06 13:00:44,2,0,1,0
2018-05-06 05:15:16,68,r/funny,0,2018-05-06 13:37:51,2,0,1,0
2018-05-06 05:15:16,68,r/funny,0,2018-05-06 13:48:53,2,0,1,0
2018-05-06 05:15:16,68,r/funny,0,2018-05-06 13:49:13,2,0,1,0
2018-05-06 05:15:16,68,r/funny,0,2018-05-06 13:54:21,2,0,1,0
2018-05-06 05:15:16,68,r/funny,0,2018-05-06 14:26:55,2,0,1,0
2018-05-06 05:15:16,68,r/funny,0,2018-05-06 14:38:20,2,0,1,0
2018-05-06 05:15:16,68,r/funny,0,2018-05-06 14:47:29,2,0,1,0
2018-05-06 05:15:16,68,r/funny,0,2018-05-06 08:52:36,1,2,26,0
2018-05-06 05:15:16,68,r/funny,0,2018-05-06 11:48:11,2,2,7,0
2018-05-06 05:15:16,68,r/funny,0,2018-05-06 12:56:18,3,0,4,0
2018-05-06 05:15:16,68,r/funny,0,2018-05-06 13:26:44,3,0,4,0
2018-05-06 05:15:16,68,r/funny,0,2018-05-06 13:09:02,2,0,3,0
2018-05-06 05:15:16,68,r/funny,0,2018-05-06 12:06:09,1,1,2,0
2018-05-06 05:15:16,68,r/funny,0,2018-05-06 13:23:44,2,0,1,0
2018-05-06 05:15:16,68,r/funny,0,2018-05-06 12:51:43,1,0,2,0
2018-05-06 05:15:16,68,r/funny,0,2018-05-06 13:07:53,1,1,2,0
2018-05-06 05:15:16,68,r/funny,0,2018-05-06 13:25:54,2,0,1,0
2018-05-06 05:15:16,68,r/funny,0,2018-05-06 13:31:27,1,0,1,0
2018-05-06 05:15:16,68,r/funny,0,2018-05-06 13:53:32,1,0,1,0
2018-05-06 05:15:16,68,r/funny,0,2018-05-06 14:06:01,1,0,1,0
2018-05-06 05:15:16,68,r/funny,0,2018-05-06 14:58:23,1,0,1,0
2018-05-06 05:15:16,68,r/funny,1,2018-05-06 05:52:09,0,1,96,0
2018-05-06 05:15:16,68,r/funny,1,2018-05-06 08:44:16,1,0,5,0
2018-05-06 05:15:16,68,r/funny,2,2018-05-06 06:05:52,0,3,77,0
2018-05-06 05:15:16,68,r/funny,2,2018-05-06 10:11:47,1,1,18,0
2018-05-06 05:15:16,68,r/funny,2,2018-05-06 11:49:12,2,2,4,0
2018-05-06 05:15:16,68,r/funny,2,2018-05-06 12:00:57,3,0,8,0
2018-05-06 05:15:16,68,r/funny,2,2018-05-06 12:57:25,3,0,4,0
2018-05-06 05:15:16,68,r/funny,2,2018-05-06 12:37:49,1,1,5,0
2018-05-06 05:15:16,68,r/funny,2,2018-05-06 13:04:23,2,0,6,0
2018-05-06 05:15:16,68,r/funny,2,2018-05-06 14:28:02,1,0,2,0
2018-05-06 05:15:16,68,r/funny,3,2018-05-06 05:18:16,0,2,392,0
2018-05-06 05:15:16,68,r/funny,3,2018-05-06 05:31:23,1,2,53,0
2018-05-06 05:15:16,68,r/funny,3,2018-05-06 08:41:56,2,0,11,0
2018-05-06 05:15:16,68,r/funny,3,2018-05-06 09:38:21,2,1,6,0
2018-05-06 05:15:16,68,r/funny,3,2018-05-06 10:10:15,3,2,5,0
2018-05-06 05:15:16,68,r/funny,3,2018-05-06 10:30:40,4,0,3,0
2018-05-06 05:15:16,68,r/funny,3,2018-05-06 10:34:15,4,0,2,0
2018-05-06 05:15:16,68,r/funny,3,2018-05-06 10:23:35,1,0,2,0
2018-05-06 05:15:16,68,r/funny,4,2018-05-06 06:06:30,0,1,51,0
2018-05-06 05:15:16,68,r/funny,4,2018-05-06 10:38:19,1,1,7,0
2018-05-06 05:15:16,68,r/funny,4,2018-05-06 12:47:45,2,0,6,0
2018-05-06 05:15:16,68,r/funny,5,2018-05-06 05:39:19,0,3,17,0
2018-05-06 05:15:16,68,r/funny,5,2018-05-06 07:37:50,1,0,18,0
2018-05-06 05:15:16,68,r/funny,5,2018-05-06 10:13:33,1,1,0,0
2018-05-06 05:15:16,68,r/funny,5,2018-05-06 12:58:10,2,0,1,0
2018-05-06 05:15:16,68,r/funny,5,2018-05-06 10:38:45,1,0,0,0
2018-05-06 05:15:16,68,r/funny,6,2018-05-06 10:55:14,0,0,19,0
2018-05-06 05:15:16,68,r/funny,7,2018-05-06 09:41:14,0,3,33,0
2018-05-06 05:15:16,68,r/funny,7,2018-05-06 10:29:09,1,0,17,0
2018-05-06 05:15:16,68,r/funny,7,2018-05-06 12:44:31,1,0,10,0
2018-05-06 05:15:16,68,r/funny,7,2018-05-06 12:15:24,1,1,-3,0
2018-05-06 05:15:16,68,r/funny,7,2018-05-06 12:30:49,2,0,10,0
2018-05-06 05:15:16,68,r/funny,8,2018-05-06 06:11:25,0,1,12,0
2018-05-06 05:15:16,68,r/funny,8,2018-05-06 08:45:44,1,1,3,0
2018-05-06 05:15:16,68,r/funny,8,2018-05-06 09:25:20,2,0,-8,0
2018-05-06 05:15:16,68,r/funny,9,2018-05-06 10:39:43,0,0,8,0
2018-05-06 05:15:16,68,r/funny,10,2018-05-06 05:41:44,0,0,5,0
2018-05-06 05:15:16,68,r/funny,11,2018-05-06 09:19:08,0,0,5,0
2018-05-06 05:15:16,68,r/funny,12,2018-05-06 10:28:56,0,0,3,0
2018-05-06 05:15:16,68,r/funny,13,2018-05-06 11:08:35,0,0,3,0
2018-05-06 05:15:16,68,r/funny,14,2018-05-06 12:15:47,0,0,3,0
2018-05-06 05:15:16,68,r/funny,15,2018-05-06 05:19:59,0,0,5,0
2018-05-06 05:15:16,68,r/funny,16,2018-05-06 07:59:53,0,2,2,0
2018-05-06 05:15:16,68,r/funny,16,2018-05-06 08:05:05,1,0,5,0
2018-05-06 05:15:16,68,r/funny,16,2018-05-06 12:48:39,1,0,2,0
2018-05-06 05:15:16,68,r/funny,17,2018-05-06 08:18:33,0,0,2,0
2018-05-06 05:15:16,68,r/funny,18,2018-05-06 10:12:58,0,1,2,0
2018-05-06 05:15:16,68,r/funny,18,2018-05-06 10:40:31,1,0,1,0
2018-05-06 05:15:16,68,r/funny,19,2018-05-06 11:18:08,0,0,2,0
2018-05-06 05:15:16,68,r/funny,20,2018-05-06 11:44:39,0,0,2,0
2018-05-06 05:15:16,68,r/funny,21,2018-05-06 13:36:45,0,0,2,0
2018-05-06 05:15:16,68,r/funny,22,2018-05-06 13:42:34,0,0,2,0
2018-05-06 05:15:16,68,r/funny,23,2018-05-06 13:46:33,0,0,2,0
2018-05-06 05:15:16,68,r/funny,24,2018-05-06 06:20:18,0,2,7,0
2018-05-06 05:15:16,68,r/funny,24,2018-05-06 07:08:27,1,1,25,0
2018-05-06 05:15:16,68,r/funny,24,2018-05-06 07:10:46,2,1,2,0
2018-05-06 05:15:16,68,r/funny,24,2018-05-06 09:31:14,3,0,6,0
2018-05-06 05:15:16,68,r/funny,24,2018-05-06 10:13:03,1,0,1,0
2018-05-06 05:15:16,68,r/funny,25,2018-05-06 05:43:29,0,2,2,0
2018-05-06 05:15:16,68,r/funny,25,2018-05-06 05:50:44,1,0,24,0
2018-05-06 05:15:16,68,r/funny,25,2018-05-06 05:54:31,1,1,21,0
2018-05-06 05:15:16,68,r/funny,25,2018-05-06 07:23:28,2,1,15,0
2018-05-06 05:15:16,68,r/funny,25,2018-05-06 07:26:30,3,1,-9,0
2018-05-06 05:15:16,68,r/funny,25,2018-05-06 07:28:50,4,1,13,0
2018-05-06 05:15:16,68,r/funny,25,2018-05-06 07:31:23,5,3,-36,0
2018-05-06 05:15:16,68,r/funny,25,2018-05-06 07:36:29,6,0,10,0
2018-05-06 05:15:16,68,r/funny,25,2018-05-06 07:47:24,6,1,8,0
2018-05-06 05:15:16,68,r/funny,25,2018-05-06 07:48:29,7,2,-30,0
2018-05-06 05:15:16,68,r/funny,25,2018-05-06 08:24:52,8,0,12,0
2018-05-06 05:15:16,68,r/funny,25,2018-05-06 09:28:48,8,0,5,0
2018-05-06 05:15:16,68,r/funny,25,2018-05-06 10:19:42,6,0,1,0
2018-05-06 05:15:16,68,r/funny,26,2018-05-06 08:20:00,0,0,1,0
2018-05-06 05:15:16,68,r/funny,27,2018-05-06 09:36:04,0,0,1,0
2018-05-06 05:15:16,68,r/funny,28,2018-05-06 09:46:22,0,0,1,0
2018-05-06 05:15:16,68,r/funny,29,2018-05-06 09:52:42,0,0,1,0
2018-05-06 05:15:16,68,r/funny,30,2018-05-06 09:57:41,0,0,1,0
2018-05-06 05:15:16,68,r/funny,31,2018-05-06 10:08:47,0,0,1,0
2018-05-06 05:15:16,68,r/funny,32,2018-05-06 10:10:07,0,0,1,0
2018-05-06 05:15:16,68,r/funny,33,2018-05-06 10:11:37,0,0,1,0
2018-05-06 05:15:16,68,r/funny,34,2018-05-06 10:18:49,0,0,1,0
2018-05-06 05:15:16,68,r/funny,35,2018-05-06 10:38:11,0,0,1,0
2018-05-06 05:15:16,68,r/funny,36,2018-05-06 10:39:01,0,0,1,0
2018-05-06 05:15:16,68,r/funny,37,2018-05-06 10:54:11,0,0,1,0
2018-05-06 05:15:16,68,r/funny,38,2018-05-06 10:56:48,0,0,1,0
2018-05-06 05:15:16,68,r/funny,39,2018-05-06 11:00:40,0,0,1,0
2018-05-06 05:15:16,68,r/funny,40,2018-05-06 11:10:17,0,0,1,0
2018-05-06 05:15:16,68,r/funny,41,2018-05-06 11:18:06,0,0,1,0
2018-05-06 05:15:16,68,r/funny,42,2018-05-06 11:25:54,0,0,1,0
2018-05-06 05:15:16,68,r/funny,43,2018-05-06 11:26:49,0,0,1,0
2018-05-06 05:15:16,68,r/funny,44,2018-05-06 11:32:25,0,0,1,0
2018-05-06 05:15:16,68,r/funny,45,2018-05-06 11:39:35,0,0,1,0
2018-05-06 05:15:16,68,r/funny,46,2018-05-06 11:40:55,0,0,1,0
2018-05-06 05:15:16,68,r/funny,47,2018-05-06 11:44:20,0,0,1,0
2018-05-06 05:15:16,68,r/funny,48,2018-05-06 11:49:33,0,0,1,0
2018-05-06 05:15:16,68,r/funny,49,2018-05-06 11:53:21,0,0,1,0
2018-05-06 05:15:16,68,r/funny,50,2018-05-06 12:11:26,0,0,1,0
2018-05-06 05:15:16,68,r/funny,51,2018-05-06 12:27:23,0,0,1,0
2018-05-06 05:15:16,68,r/funny,52,2018-05-06 12:33:48,0,0,1,0
2018-05-06 05:15:16,68,r/funny,53,2018-05-06 12:38:59,0,0,1,0
2018-05-06 05:15:16,68,r/funny,54,2018-05-06 12:41:15,0,0,1,0
2018-05-06 05:15:16,68,r/funny,55,2018-05-06 12:41:56,0,0,1,0
2018-05-06 05:15:16,68,r/funny,56,2018-05-06 12:43:30,0,0,1,0
2018-05-06 05:15:16,68,r/funny,57,2018-05-06 12:55:32,0,0,1,0
2018-05-06 05:15:16,68,r/funny,58,2018-05-06 12:58:17,0,0,1,0
2018-05-06 05:15:16,68,r/funny,59,2018-05-06 13:07:51,0,0,1,0
2018-05-06 05:15:16,68,r/funny,60,2018-05-06 13:08:05,0,0,1,0
2018-05-06 05:15:16,68,r/funny,61,2018-05-06 13:11:08,0,0,1,0
2018-05-06 05:15:16,68,r/funny,62,2018-05-06 13:13:33,0,0,1,0
2018-05-06 05:15:16,68,r/funny,63,2018-05-06 13:15:22,0,0,1,0
2018-05-06 05:15:16,68,r/funny,64,2018-05-06 13:24:21,0,0,1,0
2018-05-06 05:15:16,68,r/funny,65,2018-05-06 13:30:49,0,0,1,0
2018-05-06 05:15:16,68,r/funny,66,2018-05-06 13:35:20,0,0,1,0
2018-05-06 05:15:16,68,r/funny,67,2018-05-06 13:38:16,0,0,1,0
2018-05-06 05:15:16,68,r/funny,68,2018-05-06 14:24:22,0,0,1,0
2018-05-06 05:15:16,68,r/funny,69,2018-05-06 14:29:39,0,0,1,0
2018-05-06 05:15:16,68,r/funny,70,2018-05-06 14:31:29,0,0,1,0
2018-05-06 05:15:16,68,r/funny,71,2018-05-06 14:41:51,0,0,1,0
2018-05-06 05:15:16,68,r/funny,72,2018-05-06 15:08:15,0,0,1,0
2018-05-06 05:15:16,68,r/funny,73,2018-05-06 09:34:57,0,1,1,0
2018-05-06 05:15:16,68,r/funny,73,2018-05-06 12:10:24,1,1,2,0
2018-05-06 05:15:16,68,r/funny,73,2018-05-06 14:23:57,2,0,1,0
2018-05-06 05:15:16,68,r/funny,74,2018-05-06 10:02:19,0,0,1,0
2018-05-06 05:15:16,68,r/funny,75,2018-05-06 11:13:31,0,0,1,0
2018-05-06 05:15:16,68,r/funny,76,2018-05-06 12:01:23,0,0,1,0
2018-05-06 05:15:16,68,r/funny,77,2018-05-06 12:24:54,0,0,1,0
2018-05-06 05:15:16,68,r/funny,78,2018-05-06 12:26:33,0,0,1,0
2018-05-06 05:15:16,68,r/funny,79,2018-05-06 11:48:36,0,0,0,0
2018-05-06 08:32:23,69,r/formula1,0,2018-05-06 08:38:54,0,6,1383,0
2018-05-06 08:32:23,69,r/formula1,0,2018-05-06 08:59:52,1,2,924,0
2018-05-06 08:32:23,69,r/formula1,0,2018-05-06 10:25:39,2,1,146,0
2018-05-06 08:32:23,69,r/formula1,0,2018-05-06 10:33:47,3,1,54,0
2018-05-06 08:32:23,69,r/formula1,0,2018-05-06 10:36:22,4,0,51,0
2018-05-06 08:32:23,69,r/formula1,0,2018-05-06 14:04:35,2,0,5,0
2018-05-06 08:32:23,69,r/formula1,0,2018-05-06 08:57:37,1,1,175,0
2018-05-06 08:32:23,69,r/formula1,0,2018-05-06 10:23:24,2,1,110,0
2018-05-06 08:32:23,69,r/formula1,0,2018-05-06 12:04:52,3,1,11,0
2018-05-06 08:32:23,69,r/formula1,0,2018-05-06 15:08:39,4,0,1,0
2018-05-06 08:32:23,69,r/formula1,0,2018-05-06 13:10:31,1,0,5,0
2018-05-06 08:32:23,69,r/formula1,0,2018-05-06 14:41:10,1,0,4,0
2018-05-06 08:32:23,69,r/formula1,0,2018-05-06 13:50:19,1,0,1,0
2018-05-06 08:32:23,69,r/formula1,0,2018-05-06 14:03:30,1,0,1,0
2018-05-06 08:32:23,69,r/formula1,1,2018-05-06 09:07:04,0,2,474,0
2018-05-06 08:32:23,69,r/formula1,1,2018-05-06 09:54:14,1,0,68,0
2018-05-06 08:32:23,69,r/formula1,1,2018-05-06 12:32:28,1,2,29,0
2018-05-06 08:32:23,69,r/formula1,1,2018-05-06 12:33:37,2,1,31,0
2018-05-06 08:32:23,69,r/formula1,1,2018-05-06 12:37:38,3,1,51,0
2018-05-06 08:32:23,69,r/formula1,1,2018-05-06 12:40:58,4,3,26,0
2018-05-06 08:32:23,69,r/formula1,1,2018-05-06 12:44:19,5,1,43,0
2018-05-06 08:32:23,69,r/formula1,1,2018-05-06 12:44:51,6,0,11,0
2018-05-06 08:32:23,69,r/formula1,1,2018-05-06 13:28:51,5,2,3,0
2018-05-06 08:32:23,69,r/formula1,1,2018-05-06 13:39:24,6,0,2,0
2018-05-06 08:32:23,69,r/formula1,1,2018-05-06 14:02:21,6,0,2,0
2018-05-06 08:32:23,69,r/formula1,1,2018-05-06 12:44:43,5,0,3,0
2018-05-06 08:32:23,69,r/formula1,1,2018-05-06 13:08:14,2,0,3,0
2018-05-06 08:32:23,69,r/formula1,2,2018-05-06 08:43:55,0,5,513,0
2018-05-06 08:32:23,69,r/formula1,2,2018-05-06 09:42:01,1,7,233,0
2018-05-06 08:32:23,69,r/formula1,2,2018-05-06 10:31:53,2,1,96,0
2018-05-06 08:32:23,69,r/formula1,2,2018-05-06 10:40:59,3,1,36,0
2018-05-06 08:32:23,69,r/formula1,2,2018-05-06 15:09:31,4,0,1,0
2018-05-06 08:32:23,69,r/formula1,2,2018-05-06 11:04:18,2,1,55,0
2018-05-06 08:32:23,69,r/formula1,2,2018-05-06 11:16:27,3,1,29,0
2018-05-06 08:32:23,69,r/formula1,2,2018-05-06 14:46:52,4,0,4,0
2018-05-06 08:32:23,69,r/formula1,2,2018-05-06 12:27:57,2,0,5,0
2018-05-06 08:32:23,69,r/formula1,2,2018-05-06 12:00:15,2,0,5,0
2018-05-06 08:32:23,69,r/formula1,2,2018-05-06 14:18:48,2,0,3,0
2018-05-06 08:32:23,69,r/formula1,2,2018-05-06 14:30:49,2,0,1,0
2018-05-06 08:32:23,69,r/formula1,2,2018-05-06 14:47:49,2,0,1,0
2018-05-06 08:32:23,69,r/formula1,2,2018-05-06 09:03:28,1,2,260,0
2018-05-06 08:32:23,69,r/formula1,2,2018-05-06 09:20:07,2,1,161,0
2018-05-06 08:32:23,69,r/formula1,2,2018-05-06 09:28:05,3,1,57,0
2018-05-06 08:32:23,69,r/formula1,2,2018-05-06 12:19:56,4,1,10,0
2018-05-06 08:32:23,69,r/formula1,2,2018-05-06 12:25:55,5,1,14,0
2018-05-06 08:32:23,69,r/formula1,2,2018-05-06 13:16:59,6,0,4,0
2018-05-06 08:32:23,69,r/formula1,2,2018-05-06 12:46:13,2,1,5,0
2018-05-06 08:32:23,69,r/formula1,2,2018-05-06 13:13:10,3,0,5,0
2018-05-06 08:32:23,69,r/formula1,2,2018-05-06 10:43:38,1,0,9,0
2018-05-06 08:32:23,69,r/formula1,2,2018-05-06 12:24:44,1,0,2,0
2018-05-06 08:32:23,69,r/formula1,2,2018-05-06 14:32:15,1,0,1,0
2018-05-06 08:32:23,69,r/formula1,3,2018-05-06 08:52:30,0,3,353,0
2018-05-06 08:32:23,69,r/formula1,3,2018-05-06 08:57:29,1,1,410,0
2018-05-06 08:32:23,69,r/formula1,3,2018-05-06 11:02:09,2,3,125,0
2018-05-06 08:32:23,69,r/formula1,3,2018-05-06 11:13:29,3,1,57,0
2018-05-06 08:32:23,69,r/formula1,3,2018-05-06 11:32:21,4,1,37,0
2018-05-06 08:32:23,69,r/formula1,3,2018-05-06 13:35:30,5,0,-8,0
2018-05-06 08:32:23,69,r/formula1,3,2018-05-06 12:33:18,3,0,26,0
2018-05-06 08:32:23,69,r/formula1,3,2018-05-06 12:48:23,3,0,7,0
2018-05-06 08:32:23,69,r/formula1,3,2018-05-06 09:23:34,1,2,75,0
2018-05-06 08:32:23,69,r/formula1,3,2018-05-06 09:36:25,2,1,96,0
2018-05-06 08:32:23,69,r/formula1,3,2018-05-06 10:24:35,3,2,77,0
2018-05-06 08:32:23,69,r/formula1,3,2018-05-06 10:26:05,4,1,30,0
2018-05-06 08:32:23,69,r/formula1,3,2018-05-06 10:51:31,5,1,23,0
2018-05-06 08:32:23,69,r/formula1,3,2018-05-06 11:01:57,6,1,14,0
2018-05-06 08:32:23,69,r/formula1,3,2018-05-06 11:10:00,7,1,14,0
2018-05-06 08:32:23,69,r/formula1,3,2018-05-06 11:33:13,8,3,47,0
2018-05-06 08:32:23,69,r/formula1,3,2018-05-06 12:17:00,9,0,16,0
2018-05-06 08:32:23,69,r/formula1,3,2018-05-06 12:07:27,9,0,9,0
2018-05-06 08:32:23,69,r/formula1,3,2018-05-06 12:49:06,9,1,6,0
2018-05-06 08:32:23,69,r/formula1,3,2018-05-06 10:35:28,4,0,8,0
2018-05-06 08:32:23,69,r/formula1,3,2018-05-06 13:49:50,2,1,2,0
2018-05-06 08:32:23,69,r/formula1,3,2018-05-06 14:06:41,3,0,4,0
2018-05-06 08:32:23,69,r/formula1,3,2018-05-06 10:49:32,1,2,11,0
2018-05-06 08:32:23,69,r/formula1,3,2018-05-06 10:59:33,2,0,13,0
2018-05-06 08:32:23,69,r/formula1,3,2018-05-06 14:16:37,2,1,2,0
2018-05-06 08:32:23,69,r/formula1,3,2018-05-06 14:20:52,3,0,1,0
2018-05-06 08:32:23,69,r/formula1,4,2018-05-06 09:07:30,0,2,114,0
2018-05-06 08:32:23,69,r/formula1,4,2018-05-06 11:09:22,1,1,57,0
2018-05-06 08:32:23,69,r/formula1,4,2018-05-06 11:19:31,2,1,29,0
2018-05-06 08:32:23,69,r/formula1,4,2018-05-06 14:12:50,3,0,0,0
2018-05-06 08:32:23,69,r/formula1,4,2018-05-06 14:51:40,1,0,1,0
2018-05-06 08:32:23,69,r/formula1,5,2018-05-06 08:35:01,0,6,169,0
2018-05-06 08:32:23,69,r/formula1,5,2018-05-06 10:02:09,1,1,89,0
2018-05-06 08:32:23,69,r/formula1,5,2018-05-06 11:28:06,2,0,23,0
2018-05-06 08:32:23,69,r/formula1,5,2018-05-06 13:51:55,1,0,9,0
2018-05-06 08:32:23,69,r/formula1,5,2018-05-06 13:30:29,1,0,3,0
2018-05-06 08:32:23,69,r/formula1,5,2018-05-06 11:56:21,1,2,3,0
2018-05-06 08:32:23,69,r/formula1,5,2018-05-06 14:00:32,2,1,9,0
2018-05-06 08:32:23,69,r/formula1,5,2018-05-06 14:49:37,3,1,1,0
2018-05-06 08:32:23,69,r/formula1,5,2018-05-06 14:54:21,4,0,1,0
2018-05-06 08:32:23,69,r/formula1,5,2018-05-06 13:02:04,2,0,-2,0
2018-05-06 08:32:23,69,r/formula1,5,2018-05-06 14:40:50,1,0,1,0
2018-05-06 08:32:23,69,r/formula1,5,2018-05-06 14:44:11,1,0,1,0
2018-05-06 08:32:23,69,r/formula1,6,2018-05-06 08:41:46,0,1,35,0
2018-05-06 08:32:23,69,r/formula1,6,2018-05-06 14:25:47,1,0,3,0
2018-05-06 08:32:23,69,r/formula1,7,2018-05-06 09:39:33,0,0,18,0
2018-05-06 08:32:23,69,r/formula1,8,2018-05-06 09:55:07,0,0,18,0
2018-05-06 08:32:23,69,r/formula1,9,2018-05-06 08:39:54,0,0,50,0
2018-05-06 08:32:23,69,r/formula1,10,2018-05-06 10:04:36,0,2,31,0
2018-05-06 08:32:23,69,r/formula1,10,2018-05-06 10:06:57,1,2,105,0
2018-05-06 08:32:23,69,r/formula1,10,2018-05-06 10:22:23,2,2,25,0
2018-05-06 08:32:23,69,r/formula1,10,2018-05-06 10:29:44,3,6,62,0
2018-05-06 08:32:23,69,r/formula1,10,2018-05-06 11:02:11,4,1,9,0
2018-05-06 08:32:23,69,r/formula1,10,2018-05-06 12:48:23,5,1,1,0
2018-05-06 08:32:23,69,r/formula1,10,2018-05-06 13:30:52,6,1,13,0
2018-05-06 08:32:23,69,r/formula1,10,2018-05-06 14:12:46,7,1,0,0
2018-05-06 08:32:23,69,r/formula1,10,2018-05-06 14:23:03,8,0,3,0
2018-05-06 08:32:23,69,r/formula1,10,2018-05-06 11:23:34,4,0,2,0
2018-05-06 08:32:23,69,r/formula1,10,2018-05-06 12:22:55,4,0,1,0
2018-05-06 08:32:23,69,r/formula1,10,2018-05-06 12:44:01,4,0,1,0
2018-05-06 08:32:23,69,r/formula1,10,2018-05-06 14:20:56,4,0,1,0
2018-05-06 08:32:23,69,r/formula1,10,2018-05-06 14:59:51,4,0,1,0
2018-05-06 08:32:23,69,r/formula1,10,2018-05-06 10:27:45,3,0,1,0
2018-05-06 08:32:23,69,r/formula1,10,2018-05-06 10:40:51,2,0,1,0
2018-05-06 08:32:23,69,r/formula1,10,2018-05-06 11:57:45,1,0,2,0
2018-05-06 08:32:23,69,r/formula1,11,2018-05-06 10:42:57,0,0,14,0
2018-05-06 08:32:23,69,r/formula1,12,2018-05-06 09:30:55,0,1,21,0
2018-05-06 08:32:23,69,r/formula1,12,2018-05-06 09:33:35,1,2,40,0
2018-05-06 08:32:23,69,r/formula1,12,2018-05-06 09:34:16,2,1,9,0
2018-05-06 08:32:23,69,r/formula1,12,2018-05-06 13:14:38,3,2,4,0
2018-05-06 08:32:23,69,r/formula1,12,2018-05-06 14:42:50,4,0,1,0
2018-05-06 08:32:23,69,r/formula1,12,2018-05-06 14:44:55,4,0,1,0
2018-05-06 08:32:23,69,r/formula1,12,2018-05-06 13:31:24,2,0,1,0
2018-05-06 08:32:23,69,r/formula1,13,2018-05-06 09:37:12,0,4,10,0
2018-05-06 08:32:23,69,r/formula1,13,2018-05-06 09:45:10,1,1,16,0
2018-05-06 08:32:23,69,r/formula1,13,2018-05-06 11:29:43,2,2,2,0
2018-05-06 08:32:23,69,r/formula1,13,2018-05-06 11:42:15,3,0,29,0
2018-05-06 08:32:23,69,r/formula1,13,2018-05-06 14:00:56,3,1,4,0
2018-05-06 08:32:23,69,r/formula1,13,2018-05-06 14:05:29,4,0,0,0
2018-05-06 08:32:23,69,r/formula1,13,2018-05-06 10:23:30,1,3,3,0
2018-05-06 08:32:23,69,r/formula1,13,2018-05-06 10:26:21,2,1,13,0
2018-05-06 08:32:23,69,r/formula1,13,2018-05-06 10:27:13,3,1,1,0
2018-05-06 08:32:23,69,r/formula1,13,2018-05-06 10:29:58,4,1,3,0
2018-05-06 08:32:23,69,r/formula1,13,2018-05-06 10:32:30,5,1,-1,0
2018-05-06 08:32:23,69,r/formula1,13,2018-05-06 10:34:35,6,1,6,0
2018-05-06 08:32:23,69,r/formula1,13,2018-05-06 10:36:34,7,1,-7,0
2018-05-06 08:32:23,69,r/formula1,13,2018-05-06 11:12:13,8,2,16,0
2018-05-06 08:32:23,69,r/formula1,13,2018-05-06 11:58:01,9,0,1,0
2018-05-06 08:32:23,69,r/formula1,13,2018-05-06 11:30:10,9,0,1,0
2018-05-06 08:32:23,69,r/formula1,13,2018-05-06 10:29:46,2,0,3,0
2018-05-06 08:32:23,69,r/formula1,13,2018-05-06 10:27:10,2,0,1,0
2018-05-06 08:32:23,69,r/formula1,13,2018-05-06 13:58:53,1,0,0,0
2018-05-06 08:32:23,69,r/formula1,13,2018-05-06 11:34:00,1,1,-5,0
2018-05-06 08:32:23,69,r/formula1,13,2018-05-06 11:55:05,2,0,3,0
2018-05-06 08:32:23,69,r/formula1,14,2018-05-06 10:09:59,0,1,8,0
2018-05-06 08:32:23,69,r/formula1,14,2018-05-06 10:42:01,1,3,16,0
2018-05-06 08:32:23,69,r/formula1,14,2018-05-06 11:11:49,2,3,25,0
2018-05-06 08:32:23,69,r/formula1,14,2018-05-06 11:14:10,3,0,18,0
2018-05-06 08:32:23,69,r/formula1,14,2018-05-06 11:22:59,3,1,11,0
2018-05-06 08:32:23,69,r/formula1,14,2018-05-06 11:38:45,4,0,8,0
2018-05-06 08:32:23,69,r/formula1,14,2018-05-06 13:16:32,3,0,3,0
2018-05-06 08:32:23,69,r/formula1,14,2018-05-06 14:29:05,2,0,4,0
2018-05-06 08:32:23,69,r/formula1,14,2018-05-06 14:05:37,2,0,3,0
2018-05-06 08:32:23,69,r/formula1,15,2018-05-06 11:33:22,0,2,9,0
2018-05-06 08:32:23,69,r/formula1,15,2018-05-06 12:14:32,1,0,4,0
2018-05-06 08:32:23,69,r/formula1,15,2018-05-06 14:05:20,1,0,3,0
2018-05-06 08:32:23,69,r/formula1,16,2018-05-06 08:55:53,0,2,23,0
2018-05-06 08:32:23,69,r/formula1,16,2018-05-06 09:05:17,1,3,75,0
2018-05-06 08:32:23,69,r/formula1,16,2018-05-06 10:26:36,2,0,39,0
2018-05-06 08:32:23,69,r/formula1,16,2018-05-06 12:37:25,2,1,4,0
2018-05-06 08:32:23,69,r/formula1,16,2018-05-06 13:28:26,3,2,5,0
2018-05-06 08:32:23,69,r/formula1,16,2018-05-06 14:14:38,4,1,4,0
2018-05-06 08:32:23,69,r/formula1,16,2018-05-06 14:48:23,5,0,1,0
2018-05-06 08:32:23,69,r/formula1,16,2018-05-06 13:59:08,4,0,3,0
2018-05-06 08:32:23,69,r/formula1,16,2018-05-06 13:51:39,2,0,-1,0
2018-05-06 08:32:23,69,r/formula1,16,2018-05-06 12:02:10,1,1,10,0
2018-05-06 08:32:23,69,r/formula1,16,2018-05-06 14:08:55,2,0,1,0
2018-05-06 08:32:23,69,r/formula1,17,2018-05-06 10:23:21,0,1,6,0
2018-05-06 08:32:23,69,r/formula1,17,2018-05-06 14:07:44,1,0,3,0
2018-05-06 08:32:23,69,r/formula1,18,2018-05-06 10:05:53,0,12,70,0
2018-05-06 08:32:23,69,r/formula1,18,2018-05-06 10:31:51,1,1,26,0
2018-05-06 08:32:23,69,r/formula1,18,2018-05-06 13:24:05,2,0,5,0
2018-05-06 08:32:23,69,r/formula1,18,2018-05-06 11:46:28,1,2,23,0
2018-05-06 08:32:23,69,r/formula1,18,2018-05-06 12:07:08,2,0,10,0
2018-05-06 08:32:23,69,r/formula1,18,2018-05-06 12:04:21,2,0,3,0
2018-05-06 08:32:23,69,r/formula1,18,2018-05-06 11:40:39,1,0,11,0
2018-05-06 08:32:23,69,r/formula1,18,2018-05-06 10:10:57,1,1,59,0
2018-05-06 08:32:23,69,r/formula1,18,2018-05-06 11:53:45,2,5,18,0
2018-05-06 08:32:23,69,r/formula1,18,2018-05-06 12:58:12,3,0,17,0
2018-05-06 08:32:23,69,r/formula1,18,2018-05-06 14:31:06,3,0,10,0
2018-05-06 08:32:23,69,r/formula1,18,2018-05-06 12:51:34,3,1,7,0
2018-05-06 08:32:23,69,r/formula1,18,2018-05-06 13:31:30,4,3,-1,0
2018-05-06 08:32:23,69,r/formula1,18,2018-05-06 13:37:44,5,1,9,0
2018-05-06 08:32:23,69,r/formula1,18,2018-05-06 13:40:38,6,1,-1,0
2018-05-06 08:32:23,69,r/formula1,18,2018-05-06 13:42:50,7,1,2,0
2018-05-06 08:32:23,69,r/formula1,18,2018-05-06 13:43:46,8,1,0,0
2018-05-06 08:32:23,69,r/formula1,18,2018-05-06 13:57:39,9,1,3,0
2018-05-06 08:32:23,69,r/formula1,18,2018-05-06 14:27:23,5,1,3,0
2018-05-06 08:32:23,69,r/formula1,18,2018-05-06 14:42:07,6,0,0,0
2018-05-06 08:32:23,69,r/formula1,18,2018-05-06 14:34:51,5,1,2,0
2018-05-06 08:32:23,69,r/formula1,18,2018-05-06 14:43:56,6,1,-1,0
2018-05-06 08:32:23,69,r/formula1,18,2018-05-06 15:04:24,7,1,1,0
2018-05-06 08:32:23,69,r/formula1,18,2018-05-06 15:06:21,8,0,1,0
2018-05-06 08:32:23,69,r/formula1,18,2018-05-06 12:45:32,3,1,3,0
2018-05-06 08:32:23,69,r/formula1,18,2018-05-06 13:28:13,4,1,-3,0
2018-05-06 08:32:23,69,r/formula1,18,2018-05-06 13:36:54,5,0,4,0
2018-05-06 08:32:23,69,r/formula1,18,2018-05-06 12:40:25,3,0,2,0
2018-05-06 08:32:23,69,r/formula1,18,2018-05-06 11:34:46,1,0,9,0
2018-05-06 08:32:23,69,r/formula1,18,2018-05-06 13:06:03,1,0,3,0
2018-05-06 08:32:23,69,r/formula1,18,2018-05-06 12:24:55,1,0,2,0
2018-05-06 08:32:23,69,r/formula1,18,2018-05-06 13:02:59,1,1,1,0
2018-05-06 08:32:23,69,r/formula1,18,2018-05-06 13:40:48,2,0,3,0
2018-05-06 08:32:23,69,r/formula1,18,2018-05-06 14:11:41,1,0,1,0
2018-05-06 08:32:23,69,r/formula1,18,2018-05-06 14:13:57,1,0,1,0
2018-05-06 08:32:23,69,r/formula1,18,2018-05-06 12:09:36,1,1,-2,0
2018-05-06 08:32:23,69,r/formula1,18,2018-05-06 12:48:49,2,0,4,0
2018-05-06 08:32:23,69,r/formula1,18,2018-05-06 11:41:18,1,0,-9,0
2018-05-06 08:32:23,69,r/formula1,19,2018-05-06 12:54:40,0,0,3,0
2018-05-06 08:32:23,69,r/formula1,20,2018-05-06 09:39:46,0,0,3,0
2018-05-06 08:32:23,69,r/formula1,21,2018-05-06 11:07:53,0,0,3,0
2018-05-06 08:32:23,69,r/formula1,22,2018-05-06 13:36:44,0,0,3,0
2018-05-06 08:32:23,69,r/formula1,23,2018-05-06 10:57:44,0,1,2,0
2018-05-06 08:32:23,69,r/formula1,23,2018-05-06 11:36:57,1,0,3,0
2018-05-06 08:32:23,69,r/formula1,24,2018-05-06 12:10:03,0,0,2,0
2018-05-06 08:32:23,69,r/formula1,25,2018-05-06 12:37:41,0,0,2,0
2018-05-06 08:32:23,69,r/formula1,26,2018-05-06 12:40:12,0,0,2,0
2018-05-06 08:32:23,69,r/formula1,27,2018-05-06 12:42:39,0,0,2,0
2018-05-06 08:32:23,69,r/formula1,28,2018-05-06 12:46:46,0,0,2,0
2018-05-06 08:32:23,69,r/formula1,29,2018-05-06 13:57:14,0,0,2,0
2018-05-06 08:32:23,69,r/formula1,30,2018-05-06 14:02:28,0,0,2,0
2018-05-06 08:32:23,69,r/formula1,31,2018-05-06 14:13:35,0,0,2,0
2018-05-06 08:32:23,69,r/formula1,32,2018-05-06 12:28:26,0,0,2,0
2018-05-06 08:32:23,69,r/formula1,33,2018-05-06 09:53:58,0,0,1,0
2018-05-06 08:32:23,69,r/formula1,34,2018-05-06 10:12:28,0,0,1,0
2018-05-06 08:32:23,69,r/formula1,35,2018-05-06 11:04:34,0,0,1,0
2018-05-06 08:32:23,69,r/formula1,36,2018-05-06 12:33:08,0,0,1,0
2018-05-06 08:32:23,69,r/formula1,37,2018-05-06 12:55:57,0,0,1,0
2018-05-06 08:32:23,69,r/formula1,38,2018-05-06 13:00:29,0,0,1,0
2018-05-06 08:32:23,69,r/formula1,39,2018-05-06 13:01:59,0,0,1,0
2018-05-06 08:32:23,69,r/formula1,40,2018-05-06 13:04:24,0,0,1,0
2018-05-06 08:32:23,69,r/formula1,41,2018-05-06 13:20:09,0,0,1,0
2018-05-06 08:32:23,69,r/formula1,42,2018-05-06 13:50:17,0,0,1,0
2018-05-06 08:32:23,69,r/formula1,43,2018-05-06 14:03:40,0,0,1,0
2018-05-06 08:32:23,69,r/formula1,44,2018-05-06 14:38:33,0,0,1,0
2018-05-06 08:32:23,69,r/formula1,45,2018-05-06 10:44:00,0,1,2,0
2018-05-06 08:32:23,69,r/formula1,45,2018-05-06 11:10:21,1,2,1,0
2018-05-06 08:32:23,69,r/formula1,45,2018-05-06 12:04:42,2,1,5,0
2018-05-06 08:32:23,69,r/formula1,45,2018-05-06 13:06:59,3,0,1,0
2018-05-06 08:32:23,69,r/formula1,45,2018-05-06 11:43:13,2,0,-2,0
2018-05-06 08:32:23,69,r/formula1,46,2018-05-06 13:28:28,0,0,0,0
2018-05-06 08:32:23,69,r/formula1,47,2018-05-06 14:46:37,0,0,-1,0
2018-05-06 08:32:23,69,r/formula1,48,2018-05-06 11:27:21,0,0,-4,0
2018-05-06 08:32:23,69,r/formula1,49,2018-05-06 12:00:03,0,0,-2,0
2018-05-06 05:37:17,70,r/gifs,0,2018-05-06 06:09:39,0,4,7692,0
2018-05-06 05:37:17,70,r/gifs,0,2018-05-06 07:24:24,1,3,9903,2
2018-05-06 05:37:17,70,r/gifs,0,2018-05-06 07:41:49,2,10,938,0
2018-05-06 05:37:17,70,r/gifs,0,2018-05-06 08:57:38,3,5,223,0
2018-05-06 05:37:17,70,r/gifs,0,2018-05-06 09:17:25,4,2,211,0
2018-05-06 05:37:17,70,r/gifs,0,2018-05-06 09:56:07,5,1,13,0
2018-05-06 05:37:17,70,r/gifs,0,2018-05-06 09:58:48,6,2,14,0
2018-05-06 05:37:17,70,r/gifs,0,2018-05-06 10:05:03,7,2,21,0
2018-05-06 05:37:17,70,r/gifs,0,2018-05-06 10:12:46,8,2,17,0
2018-05-06 05:37:17,70,r/gifs,0,2018-05-06 10:15:17,9,1,9,0
2018-05-06 05:37:17,70,r/gifs,0,2018-05-06 12:53:19,9,1,2,0
2018-05-06 05:37:17,70,r/gifs,0,2018-05-06 10:12:58,7,0,2,0
2018-05-06 05:37:17,70,r/gifs,0,2018-05-06 09:58:32,4,1,21,0
2018-05-06 05:37:17,70,r/gifs,0,2018-05-06 10:14:20,4,0,2,0
2018-05-06 05:37:17,70,r/gifs,0,2018-05-06 10:19:22,4,0,2,0
2018-05-06 05:37:17,70,r/gifs,0,2018-05-06 10:11:50,3,0,48,0
2018-05-06 05:37:17,70,r/gifs,0,2018-05-06 09:57:32,3,1,73,0
2018-05-06 05:37:17,70,r/gifs,0,2018-05-06 10:26:58,3,0,17,0
2018-05-06 05:37:17,70,r/gifs,0,2018-05-06 13:53:16,3,0,1,0
2018-05-06 05:37:17,70,r/gifs,0,2018-05-06 13:08:16,3,0,8,0
2018-05-06 05:37:17,70,r/gifs,0,2018-05-06 13:20:55,3,0,7,0
2018-05-06 05:37:17,70,r/gifs,0,2018-05-06 13:04:37,3,0,6,0
2018-05-06 05:37:17,70,r/gifs,0,2018-05-06 13:03:08,3,0,6,0
2018-05-06 05:37:17,70,r/gifs,0,2018-05-06 08:42:40,2,0,6,0
2018-05-06 05:37:17,70,r/gifs,0,2018-05-06 10:07:39,1,4,50,0
2018-05-06 05:37:17,70,r/gifs,0,2018-05-06 10:25:17,2,2,84,0
2018-05-06 05:37:17,70,r/gifs,0,2018-05-06 10:28:25,3,2,17,0
2018-05-06 05:37:17,70,r/gifs,0,2018-05-06 11:09:25,4,1,25,0
2018-05-06 05:37:17,70,r/gifs,0,2018-05-06 11:40:26,5,1,11,0
2018-05-06 05:37:17,70,r/gifs,0,2018-05-06 12:58:55,6,1,5,0
2018-05-06 05:37:17,70,r/gifs,0,2018-05-06 13:34:19,7,1,1,0
2018-05-06 05:37:17,70,r/gifs,0,2018-05-06 10:17:22,2,1,15,0
2018-05-06 05:37:17,70,r/gifs,0,2018-05-06 10:24:24,2,0,3,0
2018-05-06 05:37:17,70,r/gifs,0,2018-05-06 13:56:33,1,0,1,0
2018-05-06 05:37:17,70,r/gifs,1,2018-05-06 08:12:12,0,7,2026,0
2018-05-06 05:37:17,70,r/gifs,1,2018-05-06 10:09:19,1,5,942,0
2018-05-06 05:37:17,70,r/gifs,1,2018-05-06 10:34:57,2,2,465,0
2018-05-06 05:37:17,70,r/gifs,1,2018-05-06 11:11:23,3,2,36,0
2018-05-06 05:37:17,70,r/gifs,1,2018-05-06 13:00:38,4,4,132,0
2018-05-06 05:37:17,70,r/gifs,1,2018-05-06 13:45:53,5,1,1,0
2018-05-06 05:37:17,70,r/gifs,1,2018-05-06 13:07:30,5,2,17,0
2018-05-06 05:37:17,70,r/gifs,1,2018-05-06 13:22:57,6,1,85,0
2018-05-06 05:37:17,70,r/gifs,1,2018-05-06 13:49:22,6,1,1,0
2018-05-06 05:37:17,70,r/gifs,1,2018-05-06 13:06:37,5,0,2,0
2018-05-06 05:37:17,70,r/gifs,1,2018-05-06 10:38:33,2,3,178,0
2018-05-06 05:37:17,70,r/gifs,1,2018-05-06 11:54:21,3,5,291,0
2018-05-06 05:37:17,70,r/gifs,1,2018-05-06 12:55:35,4,3,97,0
2018-05-06 05:37:17,70,r/gifs,1,2018-05-06 13:05:31,5,3,92,0
2018-05-06 05:37:17,70,r/gifs,1,2018-05-06 13:20:22,6,4,49,0
2018-05-06 05:37:17,70,r/gifs,1,2018-05-06 13:48:45,7,2,1,0
2018-05-06 05:37:17,70,r/gifs,1,2018-05-06 14:26:16,8,1,1,0
2018-05-06 05:37:17,70,r/gifs,1,2018-05-06 13:46:56,7,1,1,0
2018-05-06 05:37:17,70,r/gifs,1,2018-05-06 13:50:28,8,0,1,0
2018-05-06 05:37:17,70,r/gifs,1,2018-05-06 14:04:33,7,0,1,0
2018-05-06 05:37:17,70,r/gifs,1,2018-05-06 13:44:57,6,1,1,0
2018-05-06 05:37:17,70,r/gifs,1,2018-05-06 13:53:25,7,0,1,0
2018-05-06 05:37:17,70,r/gifs,1,2018-05-06 13:43:39,5,0,1,0
2018-05-06 05:37:17,70,r/gifs,1,2018-05-06 13:19:29,4,0,5,0
2018-05-06 05:37:17,70,r/gifs,1,2018-05-06 13:30:37,4,1,5,0
2018-05-06 05:37:17,70,r/gifs,1,2018-05-06 11:54:26,4,1,8,0
2018-05-06 05:37:17,70,r/gifs,1,2018-05-06 13:04:43,5,1,10,0
2018-05-06 05:37:17,70,r/gifs,1,2018-05-06 13:01:53,3,1,5,0
2018-05-06 05:37:17,70,r/gifs,1,2018-05-06 10:31:33,2,0,25,0
2018-05-06 05:37:17,70,r/gifs,1,2018-05-06 13:32:24,2,0,1,0
2018-05-06 05:37:17,70,r/gifs,1,2018-05-06 10:36:58,1,3,170,0
2018-05-06 05:37:17,70,r/gifs,1,2018-05-06 13:13:53,2,1,53,0
2018-05-06 05:37:17,70,r/gifs,1,2018-05-06 14:54:29,3,0,1,0
2018-05-06 05:37:17,70,r/gifs,1,2018-05-06 13:45:16,2,0,1,0
2018-05-06 05:37:17,70,r/gifs,1,2018-05-06 13:00:09,1,0,5,0
2018-05-06 05:37:17,70,r/gifs,1,2018-05-06 14:41:43,1,0,1,0
2018-05-06 05:37:17,70,r/gifs,1,2018-05-06 09:37:38,1,5,28,0
2018-05-06 05:37:17,70,r/gifs,1,2018-05-06 09:45:00,2,2,111,0
2018-05-06 05:37:17,70,r/gifs,1,2018-05-06 09:49:42,3,1,29,0
2018-05-06 05:37:17,70,r/gifs,1,2018-05-06 09:54:09,4,0,16,0
2018-05-06 05:37:17,70,r/gifs,1,2018-05-06 10:19:39,3,0,4,0
2018-05-06 05:37:17,70,r/gifs,1,2018-05-06 09:41:45,2,1,57,0
2018-05-06 05:37:17,70,r/gifs,1,2018-05-06 10:10:14,2,1,6,0
2018-05-06 05:37:17,70,r/gifs,1,2018-05-06 09:40:15,2,0,5,0
2018-05-06 05:37:17,70,r/gifs,1,2018-05-06 10:37:14,1,1,4,0
2018-05-06 05:37:17,70,r/gifs,1,2018-05-06 12:55:46,2,0,6,0
2018-05-06 05:37:17,70,r/gifs,2,2018-05-06 06:29:16,0,5,2345,0
2018-05-06 05:37:17,70,r/gifs,2,2018-05-06 09:46:28,1,8,901,0
2018-05-06 05:37:17,70,r/gifs,2,2018-05-06 10:11:09,2,0,61,0
2018-05-06 05:37:17,70,r/gifs,2,2018-05-06 10:09:13,2,1,69,0
2018-05-06 05:37:17,70,r/gifs,2,2018-05-06 10:27:57,2,0,3,0
2018-05-06 05:37:17,70,r/gifs,2,2018-05-06 10:09:04,2,0,7,0
2018-05-06 05:37:17,70,r/gifs,2,2018-05-06 10:17:56,2,1,2,0
2018-05-06 05:37:17,70,r/gifs,2,2018-05-06 10:19:46,3,0,3,0
2018-05-06 05:37:17,70,r/gifs,2,2018-05-06 10:33:50,2,0,2,0
2018-05-06 05:37:17,70,r/gifs,2,2018-05-06 10:34:35,2,0,2,0
2018-05-06 05:37:17,70,r/gifs,2,2018-05-06 09:31:40,1,1,35,0
2018-05-06 05:37:17,70,r/gifs,2,2018-05-06 09:49:02,2,1,22,0
2018-05-06 05:37:17,70,r/gifs,2,2018-05-06 10:02:35,1,1,7,0
2018-05-06 05:37:17,70,r/gifs,2,2018-05-06 10:05:45,1,0,2,0
2018-05-06 05:37:17,70,r/gifs,3,2018-05-06 07:18:56,0,7,3862,0
2018-05-06 05:37:17,70,r/gifs,3,2018-05-06 09:08:46,1,4,1812,0
2018-05-06 05:37:17,70,r/gifs,3,2018-05-06 09:42:45,2,4,148,0
2018-05-06 05:37:17,70,r/gifs,3,2018-05-06 09:46:16,3,4,115,0
2018-05-06 05:37:17,70,r/gifs,3,2018-05-06 09:56:04,4,2,200,0
2018-05-06 05:37:17,70,r/gifs,3,2018-05-06 13:24:42,5,1,32,0
2018-05-06 05:37:17,70,r/gifs,3,2018-05-06 13:29:42,6,1,5,0
2018-05-06 05:37:17,70,r/gifs,3,2018-05-06 13:31:34,7,0,1,0
2018-05-06 05:37:17,70,r/gifs,3,2018-05-06 09:59:01,4,0,23,0
2018-05-06 05:37:17,70,r/gifs,3,2018-05-06 10:05:13,4,0,7,0
2018-05-06 05:37:17,70,r/gifs,3,2018-05-06 09:46:25,3,2,43,0
2018-05-06 05:37:17,70,r/gifs,3,2018-05-06 09:57:58,4,2,31,0
2018-05-06 05:37:17,70,r/gifs,3,2018-05-06 10:31:59,5,1,4,0
2018-05-06 05:37:17,70,r/gifs,3,2018-05-06 13:55:36,6,1,1,0
2018-05-06 05:37:17,70,r/gifs,3,2018-05-06 14:34:31,7,0,1,0
2018-05-06 05:37:17,70,r/gifs,3,2018-05-06 10:31:41,3,1,2,0
2018-05-06 05:37:17,70,r/gifs,3,2018-05-06 13:44:26,2,0,1,0
2018-05-06 05:37:17,70,r/gifs,3,2018-05-06 13:13:48,2,0,4,0
2018-05-06 05:37:17,70,r/gifs,3,2018-05-06 08:28:28,1,10,1881,0
2018-05-06 05:37:17,70,r/gifs,3,2018-05-06 08:33:39,2,3,609,0
2018-05-06 05:37:17,70,r/gifs,3,2018-05-06 08:43:17,3,3,120,0
2018-05-06 05:37:17,70,r/gifs,3,2018-05-06 09:30:03,4,2,57,0
2018-05-06 05:37:17,70,r/gifs,3,2018-05-06 09:46:16,5,1,20,0
2018-05-06 05:37:17,70,r/gifs,3,2018-05-06 09:26:53,4,2,29,0
2018-05-06 05:37:17,70,r/gifs,3,2018-05-06 09:41:18,5,3,10,0
2018-05-06 05:37:17,70,r/gifs,3,2018-05-06 09:54:52,6,0,12,0
2018-05-06 05:37:17,70,r/gifs,3,2018-05-06 09:59:25,6,1,5,0
2018-05-06 05:37:17,70,r/gifs,3,2018-05-06 09:32:35,3,1,11,0
2018-05-06 05:37:17,70,r/gifs,3,2018-05-06 08:51:27,2,6,78,0
2018-05-06 05:37:17,70,r/gifs,3,2018-05-06 08:55:53,3,3,302,0
2018-05-06 05:37:17,70,r/gifs,3,2018-05-06 08:58:43,4,1,110,0
2018-05-06 05:37:17,70,r/gifs,3,2018-05-06 09:18:33,5,1,28,0
2018-05-06 05:37:17,70,r/gifs,3,2018-05-06 09:20:21,6,2,40,0
2018-05-06 05:37:17,70,r/gifs,3,2018-05-06 09:38:46,7,2,37,0
2018-05-06 05:37:17,70,r/gifs,3,2018-05-06 09:45:59,8,1,18,0
2018-05-06 05:37:17,70,r/gifs,3,2018-05-06 10:02:23,9,0,4,0
2018-05-06 05:37:17,70,r/gifs,3,2018-05-06 10:01:19,7,0,2,0
2018-05-06 05:37:17,70,r/gifs,3,2018-05-06 09:42:58,4,1,12,0
2018-05-06 05:37:17,70,r/gifs,3,2018-05-06 10:15:27,5,1,4,0
2018-05-06 05:37:17,70,r/gifs,3,2018-05-06 10:22:00,6,2,2,0
2018-05-06 05:37:17,70,r/gifs,3,2018-05-06 11:46:50,7,1,4,0
2018-05-06 05:37:17,70,r/gifs,3,2018-05-06 12:24:09,8,0,3,0
2018-05-06 05:37:17,70,r/gifs,3,2018-05-06 13:32:47,7,0,1,0
2018-05-06 05:37:17,70,r/gifs,3,2018-05-06 08:58:49,3,2,39,0
2018-05-06 05:37:17,70,r/gifs,3,2018-05-06 08:59:51,4,2,7,0
2018-05-06 05:37:17,70,r/gifs,3,2018-05-06 09:11:28,5,1,71,0
2018-05-06 05:37:17,70,r/gifs,3,2018-05-06 09:13:16,6,2,21,0
2018-05-06 05:37:17,70,r/gifs,3,2018-05-06 09:35:10,7,6,28,0
2018-05-06 05:37:17,70,r/gifs,3,2018-05-06 09:52:20,8,3,24,0
2018-05-06 05:37:17,70,r/gifs,3,2018-05-06 09:58:34,9,1,7,0
2018-05-06 05:37:17,70,r/gifs,3,2018-05-06 13:29:23,9,0,2,0
2018-05-06 05:37:17,70,r/gifs,3,2018-05-06 09:54:08,8,3,3,0
2018-05-06 05:37:17,70,r/gifs,3,2018-05-06 10:10:17,9,1,4,0
2018-05-06 05:37:17,70,r/gifs,3,2018-05-06 10:45:40,9,1,2,0
2018-05-06 05:37:17,70,r/gifs,3,2018-05-06 13:53:31,8,1,1,0
2018-05-06 05:37:17,70,r/gifs,3,2018-05-06 09:56:00,8,2,4,0
2018-05-06 05:37:17,70,r/gifs,3,2018-05-06 10:11:10,9,0,3,0
2018-05-06 05:37:17,70,r/gifs,3,2018-05-06 10:11:27,9,0,4,0
2018-05-06 05:37:17,70,r/gifs,3,2018-05-06 09:52:39,8,0,2,0
2018-05-06 05:37:17,70,r/gifs,3,2018-05-06 10:07:06,4,0,3,0
2018-05-06 05:37:17,70,r/gifs,3,2018-05-06 09:11:44,3,0,6,0
2018-05-06 05:37:17,70,r/gifs,3,2018-05-06 10:00:46,3,1,7,0
2018-05-06 05:37:17,70,r/gifs,3,2018-05-06 10:01:35,4,2,6,0
2018-05-06 05:37:17,70,r/gifs,3,2018-05-06 10:05:05,5,0,4,0
2018-05-06 05:37:17,70,r/gifs,3,2018-05-06 09:44:47,3,1,3,0
2018-05-06 05:37:17,70,r/gifs,3,2018-05-06 09:40:33,2,3,59,0
2018-05-06 05:37:17,70,r/gifs,3,2018-05-06 10:00:53,3,1,38,0
2018-05-06 05:37:17,70,r/gifs,3,2018-05-06 10:10:32,4,4,8,0
2018-05-06 05:37:17,70,r/gifs,3,2018-05-06 10:20:38,5,0,17,0
2018-05-06 05:37:17,70,r/gifs,3,2018-05-06 10:27:07,5,0,7,0
2018-05-06 05:37:17,70,r/gifs,3,2018-05-06 10:21:38,5,2,5,0
2018-05-06 05:37:17,70,r/gifs,3,2018-05-06 10:31:43,6,1,5,0
2018-05-06 05:37:17,70,r/gifs,3,2018-05-06 10:53:37,7,0,4,0
2018-05-06 05:37:17,70,r/gifs,3,2018-05-06 13:50:28,6,1,1,0
2018-05-06 05:37:17,70,r/gifs,3,2018-05-06 13:47:16,5,0,1,0
2018-05-06 05:37:17,70,r/gifs,3,2018-05-06 10:21:32,3,0,2,0
2018-05-06 05:37:17,70,r/gifs,3,2018-05-06 09:21:31,2,1,15,0
2018-05-06 05:37:17,70,r/gifs,3,2018-05-06 10:05:52,2,1,3,0
2018-05-06 05:37:17,70,r/gifs,3,2018-05-06 11:37:24,2,0,2,0
2018-05-06 05:37:17,70,r/gifs,3,2018-05-06 12:51:51,2,0,2,0
2018-05-06 05:37:17,70,r/gifs,3,2018-05-06 10:30:31,2,0,2,0
2018-05-06 05:37:17,70,r/gifs,3,2018-05-06 10:32:49,2,0,2,0
2018-05-06 05:37:17,70,r/gifs,3,2018-05-06 09:24:06,1,1,79,0
2018-05-06 05:37:17,70,r/gifs,3,2018-05-06 09:30:11,2,1,64,0
2018-05-06 05:37:17,70,r/gifs,3,2018-05-06 09:36:54,3,3,79,0
2018-05-06 05:37:17,70,r/gifs,3,2018-05-06 09:58:11,4,1,36,0
2018-05-06 05:37:17,70,r/gifs,3,2018-05-06 10:28:09,5,2,26,0
2018-05-06 05:37:17,70,r/gifs,3,2018-05-06 14:24:40,6,1,1,0
2018-05-06 05:37:17,70,r/gifs,3,2018-05-06 10:05:12,4,2,3,0
2018-05-06 05:37:17,70,r/gifs,3,2018-05-06 10:08:17,5,0,4,0
2018-05-06 05:37:17,70,r/gifs,3,2018-05-06 09:47:54,1,1,31,0
2018-05-06 05:37:17,70,r/gifs,3,2018-05-06 09:52:57,1,0,20,0
2018-05-06 05:37:17,70,r/gifs,3,2018-05-06 13:35:28,1,0,1,0
2018-05-06 05:37:17,70,r/gifs,4,2018-05-06 10:09:50,0,5,491,0
2018-05-06 05:37:17,70,r/gifs,4,2018-05-06 14:00:42,1,3,1,0
2018-05-06 05:37:17,70,r/gifs,4,2018-05-06 14:20:31,2,1,1,0
2018-05-06 05:37:17,70,r/gifs,4,2018-05-06 14:27:44,3,1,1,0
2018-05-06 05:37:17,70,r/gifs,4,2018-05-06 14:34:50,4,0,1,0
2018-05-06 05:37:17,70,r/gifs,4,2018-05-06 14:23:14,2,0,1,0
2018-05-06 05:37:17,70,r/gifs,4,2018-05-06 14:21:41,2,0,1,0
2018-05-06 05:37:17,70,r/gifs,4,2018-05-06 13:50:23,1,0,1,0
2018-05-06 05:37:17,70,r/gifs,4,2018-05-06 14:04:26,1,0,1,0
2018-05-06 05:37:17,70,r/gifs,4,2018-05-06 14:02:04,1,0,1,0
2018-05-06 05:37:17,70,r/gifs,5,2018-05-06 08:21:10,0,6,936,0
2018-05-06 05:37:17,70,r/gifs,5,2018-05-06 09:22:10,1,0,311,0
2018-05-06 05:37:17,70,r/gifs,5,2018-05-06 09:38:37,1,1,145,0
2018-05-06 05:37:17,70,r/gifs,5,2018-05-06 11:45:38,2,1,7,0
2018-05-06 05:37:17,70,r/gifs,5,2018-05-06 10:22:55,1,1,65,0
2018-05-06 05:37:17,70,r/gifs,5,2018-05-06 10:26:42,2,2,68,0
2018-05-06 05:37:17,70,r/gifs,5,2018-05-06 10:29:53,3,1,53,0
2018-05-06 05:37:17,70,r/gifs,5,2018-05-06 13:06:35,4,0,10,0
2018-05-06 05:37:17,70,r/gifs,5,2018-05-06 13:09:42,3,0,3,0
2018-05-06 05:37:17,70,r/gifs,5,2018-05-06 09:06:34,1,3,41,0
2018-05-06 05:37:17,70,r/gifs,5,2018-05-06 09:37:03,2,1,29,0
2018-05-06 05:37:17,70,r/gifs,5,2018-05-06 09:41:11,3,0,12,0
2018-05-06 05:37:17,70,r/gifs,5,2018-05-06 09:38:44,2,0,9,0
2018-05-06 05:37:17,70,r/gifs,5,2018-05-06 10:21:32,2,1,3,0
2018-05-06 05:37:17,70,r/gifs,5,2018-05-06 10:07:14,1,0,3,0
2018-05-06 05:37:17,70,r/gifs,6,2018-05-06 06:34:50,0,3,1237,0
2018-05-06 05:37:17,70,r/gifs,6,2018-05-06 08:23:42,1,3,545,0
2018-05-06 05:37:17,70,r/gifs,6,2018-05-06 08:29:06,2,5,300,0
2018-05-06 05:37:17,70,r/gifs,6,2018-05-06 09:50:19,3,4,79,0
2018-05-06 05:37:17,70,r/gifs,6,2018-05-06 10:19:41,4,1,31,0
2018-05-06 05:37:17,70,r/gifs,6,2018-05-06 10:31:42,5,0,29,0
2018-05-06 05:37:17,70,r/gifs,6,2018-05-06 13:14:55,4,0,5,0
2018-05-06 05:37:17,70,r/gifs,6,2018-05-06 13:42:09,4,0,1,0
2018-05-06 05:37:17,70,r/gifs,6,2018-05-06 13:49:43,4,0,1,0
2018-05-06 05:37:17,70,r/gifs,6,2018-05-06 08:53:36,3,2,158,0
2018-05-06 05:37:17,70,r/gifs,6,2018-05-06 12:58:03,4,2,105,0
2018-05-06 05:37:17,70,r/gifs,6,2018-05-06 13:22:17,5,3,55,0
2018-05-06 05:37:17,70,r/gifs,6,2018-05-06 13:38:44,6,0,1,0
2018-05-06 05:37:17,70,r/gifs,6,2018-05-06 13:37:20,6,1,1,0
2018-05-06 05:37:17,70,r/gifs,6,2018-05-06 13:51:27,5,0,1,0
2018-05-06 05:37:17,70,r/gifs,6,2018-05-06 08:43:00,3,2,49,0
2018-05-06 05:37:17,70,r/gifs,6,2018-05-06 09:28:22,4,1,74,0
2018-05-06 05:37:17,70,r/gifs,6,2018-05-06 10:15:13,5,3,49,0
2018-05-06 05:37:17,70,r/gifs,6,2018-05-06 10:22:02,6,1,32,0
2018-05-06 05:37:17,70,r/gifs,6,2018-05-06 10:31:35,7,1,38,0
2018-05-06 05:37:17,70,r/gifs,6,2018-05-06 13:09:40,8,1,9,0
2018-05-06 05:37:17,70,r/gifs,6,2018-05-06 13:45:04,9,0,1,0
2018-05-06 05:37:17,70,r/gifs,6,2018-05-06 13:49:32,6,0,1,0
2018-05-06 05:37:17,70,r/gifs,6,2018-05-06 11:09:40,4,0,4,0
2018-05-06 05:37:17,70,r/gifs,6,2018-05-06 09:30:07,3,0,26,0
2018-05-06 05:37:17,70,r/gifs,6,2018-05-06 09:20:12,2,0,3,0
2018-05-06 05:37:17,70,r/gifs,6,2018-05-06 06:43:01,1,2,62,0
2018-05-06 05:37:17,70,r/gifs,6,2018-05-06 09:35:09,2,2,46,0
2018-05-06 05:37:17,70,r/gifs,6,2018-05-06 10:17:37,3,1,12,0
2018-05-06 05:37:17,70,r/gifs,6,2018-05-06 10:47:00,4,0,2,0
2018-05-06 05:37:17,70,r/gifs,6,2018-05-06 12:51:41,3,1,3,0
2018-05-06 05:37:17,70,r/gifs,6,2018-05-06 14:12:54,4,1,1,0
2018-05-06 05:37:17,70,r/gifs,6,2018-05-06 09:35:42,2,0,8,0
2018-05-06 05:37:17,70,r/gifs,7,2018-05-06 07:07:09,0,5,754,0
2018-05-06 05:37:17,70,r/gifs,7,2018-05-06 08:59:47,1,1,259,0
2018-05-06 05:37:17,70,r/gifs,7,2018-05-06 13:40:25,2,0,1,0
2018-05-06 05:37:17,70,r/gifs,7,2018-05-06 09:31:14,1,3,14,0
2018-05-06 05:37:17,70,r/gifs,7,2018-05-06 10:06:54,2,0,14,0
2018-05-06 05:37:17,70,r/gifs,7,2018-05-06 09:47:30,2,0,6,0
2018-05-06 05:37:17,70,r/gifs,7,2018-05-06 10:13:21,2,0,5,0
2018-05-06 05:37:17,70,r/gifs,7,2018-05-06 10:28:28,1,0,2,0
2018-05-06 05:37:17,70,r/gifs,7,2018-05-06 09:43:22,1,1,2,0
2018-05-06 05:37:17,70,r/gifs,7,2018-05-06 13:36:34,2,0,1,0
2018-05-06 05:37:17,70,r/gifs,8,2018-05-06 05:43:21,0,3,620,0
2018-05-06 05:37:17,70,r/gifs,8,2018-05-06 08:20:09,1,2,306,0
2018-05-06 05:37:17,70,r/gifs,8,2018-05-06 10:18:52,2,1,86,0
2018-05-06 05:37:17,70,r/gifs,8,2018-05-06 11:20:42,1,0,3,0
2018-05-06 05:37:17,70,r/gifs,9,2018-05-06 08:58:11,0,3,434,0
2018-05-06 05:37:17,70,r/gifs,9,2018-05-06 10:01:11,1,1,81,0
2018-05-06 05:37:17,70,r/gifs,9,2018-05-06 13:11:10,1,0,2,0
2018-05-06 05:37:17,70,r/gifs,10,2018-05-06 08:49:33,0,3,354,0
2018-05-06 05:37:17,70,r/gifs,10,2018-05-06 09:40:16,1,0,22,0
2018-05-06 05:37:17,70,r/gifs,10,2018-05-06 09:15:10,1,3,111,0
2018-05-06 05:37:17,70,r/gifs,10,2018-05-06 12:45:37,2,2,85,0
2018-05-06 05:37:17,70,r/gifs,10,2018-05-06 13:42:50,3,1,1,0
2018-05-06 05:37:17,70,r/gifs,10,2018-05-06 14:02:07,4,0,1,0
2018-05-06 05:37:17,70,r/gifs,10,2018-05-06 13:10:51,2,0,8,0
2018-05-06 05:37:17,70,r/gifs,10,2018-05-06 13:35:56,2,1,1,0
2018-05-06 05:37:17,70,r/gifs,10,2018-05-06 13:59:36,3,1,1,0
2018-05-06 05:37:17,70,r/gifs,10,2018-05-06 14:01:40,4,1,1,0
2018-05-06 05:37:17,70,r/gifs,10,2018-05-06 14:54:36,5,1,1,0
2018-05-06 05:37:17,70,r/gifs,11,2018-05-06 08:56:17,0,0,46,0
2018-05-06 05:37:17,70,r/gifs,12,2018-05-06 06:01:02,0,3,230,0
2018-05-06 05:37:17,70,r/gifs,12,2018-05-06 10:03:33,1,0,22,0
2018-05-06 05:37:17,70,r/gifs,12,2018-05-06 10:21:11,1,0,3,0
2018-05-06 05:37:17,70,r/gifs,12,2018-05-06 10:30:10,1,0,2,0
2018-05-06 05:37:17,70,r/gifs,13,2018-05-06 05:44:27,0,14,882,0
2018-05-06 05:37:17,70,r/gifs,13,2018-05-06 05:54:16,1,7,381,0
2018-05-06 05:37:17,70,r/gifs,13,2018-05-06 06:03:02,2,0,78,0
2018-05-06 05:37:17,70,r/gifs,13,2018-05-06 09:38:21,2,1,162,0
2018-05-06 05:37:17,70,r/gifs,13,2018-05-06 08:37:28,2,1,44,0
2018-05-06 05:37:17,70,r/gifs,13,2018-05-06 08:53:13,3,1,18,0
2018-05-06 05:37:17,70,r/gifs,13,2018-05-06 08:53:52,4,1,5,0
2018-05-06 05:37:17,70,r/gifs,13,2018-05-06 09:00:39,5,0,5,0
2018-05-06 05:37:17,70,r/gifs,13,2018-05-06 09:05:08,2,0,19,0
2018-05-06 05:37:17,70,r/gifs,13,2018-05-06 08:59:07,2,2,10,0
2018-05-06 05:37:17,70,r/gifs,13,2018-05-06 09:48:20,3,0,5,0
2018-05-06 05:37:17,70,r/gifs,13,2018-05-06 07:09:39,2,1,8,0
2018-05-06 05:37:17,70,r/gifs,13,2018-05-06 08:17:34,3,1,51,0
2018-05-06 05:37:17,70,r/gifs,13,2018-05-06 09:04:25,4,0,5,0
2018-05-06 05:37:17,70,r/gifs,13,2018-05-06 07:29:38,1,3,73,0
2018-05-06 05:37:17,70,r/gifs,13,2018-05-06 09:05:11,2,0,29,0
2018-05-06 05:37:17,70,r/gifs,13,2018-05-06 10:14:14,2,1,8,0
2018-05-06 05:37:17,70,r/gifs,13,2018-05-06 13:40:02,3,0,1,0
2018-05-06 05:37:17,70,r/gifs,13,2018-05-06 06:20:45,1,3,191,0
2018-05-06 05:37:17,70,r/gifs,13,2018-05-06 09:12:35,2,1,130,0
2018-05-06 05:37:17,70,r/gifs,13,2018-05-06 10:53:47,3,0,11,0
2018-05-06 05:37:17,70,r/gifs,13,2018-05-06 10:16:46,2,0,3,0
2018-05-06 05:37:17,70,r/gifs,13,2018-05-06 09:44:41,1,0,64,0
2018-05-06 05:37:17,70,r/gifs,13,2018-05-06 08:34:29,1,6,291,0
2018-05-06 05:37:17,70,r/gifs,13,2018-05-06 09:29:59,2,2,97,0
2018-05-06 05:37:17,70,r/gifs,13,2018-05-06 09:39:06,3,2,35,0
2018-05-06 05:37:17,70,r/gifs,13,2018-05-06 09:57:57,4,2,61,0
2018-05-06 05:37:17,70,r/gifs,13,2018-05-06 10:04:13,5,1,5,0
2018-05-06 05:37:17,70,r/gifs,13,2018-05-06 10:34:08,6,0,5,0
2018-05-06 05:37:17,70,r/gifs,13,2018-05-06 10:21:03,3,0,2,0
2018-05-06 05:37:17,70,r/gifs,13,2018-05-06 09:33:37,2,1,36,0
2018-05-06 05:37:17,70,r/gifs,13,2018-05-06 10:02:52,3,2,22,0
2018-05-06 05:37:17,70,r/gifs,13,2018-05-06 10:07:59,4,1,13,0
2018-05-06 05:37:17,70,r/gifs,13,2018-05-06 09:03:52,2,6,26,0
2018-05-06 05:37:17,70,r/gifs,13,2018-05-06 09:20:11,3,6,87,0
2018-05-06 05:37:17,70,r/gifs,13,2018-05-06 09:37:14,4,1,105,0
2018-05-06 05:37:17,70,r/gifs,13,2018-05-06 09:51:12,5,0,15,0
2018-05-06 05:37:17,70,r/gifs,13,2018-05-06 09:38:21,4,7,212,0
2018-05-06 05:37:17,70,r/gifs,13,2018-05-06 09:48:59,5,1,146,0
2018-05-06 05:37:17,70,r/gifs,13,2018-05-06 10:33:42,6,0,4,0
2018-05-06 05:37:17,70,r/gifs,13,2018-05-06 10:04:38,5,3,51,0
2018-05-06 05:37:17,70,r/gifs,13,2018-05-06 10:38:19,6,1,25,0
2018-05-06 05:37:17,70,r/gifs,13,2018-05-06 13:53:33,7,0,1,0
2018-05-06 05:37:17,70,r/gifs,13,2018-05-06 10:40:31,6,0,2,0
2018-05-06 05:37:17,70,r/gifs,13,2018-05-06 12:40:32,5,0,8,0
2018-05-06 05:37:17,70,r/gifs,13,2018-05-06 10:18:13,5,2,8,0
2018-05-06 05:37:17,70,r/gifs,13,2018-05-06 10:19:25,6,0,10,0
2018-05-06 05:37:17,70,r/gifs,13,2018-05-06 09:55:48,5,1,22,0
2018-05-06 05:37:17,70,r/gifs,13,2018-05-06 10:25:54,6,0,2,0
2018-05-06 05:37:17,70,r/gifs,13,2018-05-06 10:16:27,5,0,6,0
2018-05-06 05:37:17,70,r/gifs,13,2018-05-06 09:51:07,4,1,5,0
2018-05-06 05:37:17,70,r/gifs,13,2018-05-06 10:21:49,5,1,4,0
2018-05-06 05:37:17,70,r/gifs,13,2018-05-06 09:26:32,4,2,10,0
2018-05-06 05:37:17,70,r/gifs,13,2018-05-06 09:39:01,5,1,15,0
2018-05-06 05:37:17,70,r/gifs,13,2018-05-06 10:20:17,4,0,2,0
2018-05-06 05:37:17,70,r/gifs,13,2018-05-06 10:06:03,3,0,3,0
2018-05-06 05:37:17,70,r/gifs,13,2018-05-06 12:58:36,3,0,3,0
2018-05-06 05:37:17,70,r/gifs,13,2018-05-06 10:23:20,3,0,2,0
2018-05-06 05:37:17,70,r/gifs,13,2018-05-06 10:27:37,3,1,4,0
2018-05-06 05:37:17,70,r/gifs,13,2018-05-06 14:09:33,4,0,1,0
2018-05-06 05:37:17,70,r/gifs,13,2018-05-06 10:12:19,2,0,2,0
2018-05-06 05:37:17,70,r/gifs,13,2018-05-06 13:15:24,2,0,2,0
2018-05-06 05:37:17,70,r/gifs,13,2018-05-06 07:34:25,1,2,182,0
2018-05-06 05:37:17,70,r/gifs,13,2018-05-06 08:23:35,2,6,169,0
2018-05-06 05:37:17,70,r/gifs,13,2018-05-06 09:00:42,3,2,150,0
2018-05-06 05:37:17,70,r/gifs,13,2018-05-06 12:47:35,4,0,3,0
2018-05-06 05:37:17,70,r/gifs,13,2018-05-06 08:57:20,3,1,89,0
2018-05-06 05:37:17,70,r/gifs,13,2018-05-06 10:19:07,4,0,3,0
2018-05-06 05:37:17,70,r/gifs,13,2018-05-06 09:24:43,3,1,85,0
2018-05-06 05:37:17,70,r/gifs,13,2018-05-06 09:04:02,3,0,15,0
2018-05-06 05:37:17,70,r/gifs,13,2018-05-06 10:27:05,3,0,10,0
2018-05-06 05:37:17,70,r/gifs,13,2018-05-06 09:05:34,2,1,13,0
2018-05-06 05:37:17,70,r/gifs,13,2018-05-06 10:12:34,3,0,3,0
2018-05-06 05:37:17,70,r/gifs,13,2018-05-06 09:24:40,1,1,24,0
2018-05-06 05:37:17,70,r/gifs,13,2018-05-06 10:06:14,2,0,3,0
2018-05-06 05:37:17,70,r/gifs,13,2018-05-06 07:26:21,1,1,21,0
2018-05-06 05:37:17,70,r/gifs,13,2018-05-06 10:03:57,1,0,5,0
2018-05-06 05:37:17,70,r/gifs,13,2018-05-06 08:26:47,1,0,16,0
2018-05-06 05:37:17,70,r/gifs,13,2018-05-06 09:44:19,1,0,3,0
2018-05-06 05:37:17,70,r/gifs,13,2018-05-06 10:29:43,1,0,3,0
2018-05-06 05:37:17,70,r/gifs,13,2018-05-06 09:37:34,1,0,2,0
2018-05-06 05:37:17,70,r/gifs,14,2018-05-06 09:59:46,0,0,31,0
2018-05-06 05:37:17,70,r/gifs,15,2018-05-06 06:27:17,0,4,233,0
2018-05-06 05:37:17,70,r/gifs,15,2018-05-06 08:11:49,1,2,67,0
2018-05-06 05:37:17,70,r/gifs,15,2018-05-06 08:19:33,2,1,62,0
2018-05-06 05:37:17,70,r/gifs,15,2018-05-06 08:24:06,3,3,161,0
2018-05-06 05:37:17,70,r/gifs,15,2018-05-06 09:37:21,4,2,61,0
2018-05-06 05:37:17,70,r/gifs,15,2018-05-06 10:42:06,5,1,26,0
2018-05-06 05:37:17,70,r/gifs,15,2018-05-06 13:19:52,6,0,10,0
2018-05-06 05:37:17,70,r/gifs,15,2018-05-06 10:13:17,5,0,3,0
2018-05-06 05:37:17,70,r/gifs,15,2018-05-06 09:32:36,4,0,30,0
2018-05-06 05:37:17,70,r/gifs,15,2018-05-06 09:01:01,4,0,7,0
2018-05-06 05:37:17,70,r/gifs,15,2018-05-06 09:42:22,1,0,14,0
2018-05-06 05:37:17,70,r/gifs,15,2018-05-06 09:25:42,1,0,6,0
2018-05-06 05:37:17,70,r/gifs,16,2018-05-06 10:05:36,0,1,27,0
2018-05-06 05:37:17,70,r/gifs,17,2018-05-06 06:04:57,0,1,128,0
2018-05-06 05:37:17,70,r/gifs,17,2018-05-06 10:34:27,1,3,18,0
2018-05-06 05:37:17,70,r/gifs,17,2018-05-06 13:00:38,2,1,6,0
2018-05-06 05:37:17,70,r/gifs,17,2018-05-06 14:17:15,3,0,1,0
2018-05-06 05:37:17,70,r/gifs,17,2018-05-06 13:58:59,2,0,1,0
2018-05-06 05:37:17,70,r/gifs,18,2018-05-06 09:21:53,0,2,62,0
2018-05-06 05:37:17,70,r/gifs,18,2018-05-06 09:59:46,1,0,8,0
2018-05-06 05:37:17,70,r/gifs,19,2018-05-06 07:47:23,0,3,330,0
2018-05-06 05:37:17,70,r/gifs,19,2018-05-06 09:53:03,1,2,88,0
2018-05-06 05:37:17,70,r/gifs,19,2018-05-06 10:06:04,2,1,17,0
2018-05-06 05:37:17,70,r/gifs,19,2018-05-06 10:07:59,3,1,13,0
2018-05-06 05:37:17,70,r/gifs,19,2018-05-06 10:09:23,4,2,25,0
2018-05-06 05:37:17,70,r/gifs,19,2018-05-06 11:28:17,5,0,12,0
2018-05-06 05:37:17,70,r/gifs,19,2018-05-06 10:10:06,5,1,13,0
2018-05-06 05:37:17,70,r/gifs,19,2018-05-06 10:11:09,6,2,18,0
2018-05-06 05:37:17,70,r/gifs,19,2018-05-06 10:16:05,7,1,8,0
2018-05-06 05:37:17,70,r/gifs,19,2018-05-06 10:20:03,8,1,8,0
2018-05-06 05:37:17,70,r/gifs,19,2018-05-06 13:56:51,9,0,1,0
2018-05-06 05:37:17,70,r/gifs,19,2018-05-06 11:47:23,1,0,3,0
2018-05-06 05:37:17,70,r/gifs,20,2018-05-06 09:04:46,0,2,33,0
2018-05-06 05:37:17,70,r/gifs,20,2018-05-06 13:05:55,1,0,2,0
2018-05-06 05:37:17,70,r/gifs,21,2018-05-06 08:57:40,0,0,22,0
2018-05-06 05:37:17,70,r/gifs,22,2018-05-06 09:07:54,0,2,114,0
2018-05-06 05:37:17,70,r/gifs,22,2018-05-06 10:07:05,1,1,61,0
2018-05-06 05:37:17,70,r/gifs,22,2018-05-06 10:14:51,2,3,44,0
2018-05-06 05:37:17,70,r/gifs,22,2018-05-06 11:00:07,3,1,17,0
2018-05-06 05:37:17,70,r/gifs,22,2018-05-06 10:36:11,3,0,6,0
2018-05-06 05:37:17,70,r/gifs,22,2018-05-06 11:29:31,3,1,3,0
2018-05-06 05:37:17,70,r/gifs,22,2018-05-06 10:18:34,1,1,3,0
2018-05-06 05:37:17,70,r/gifs,23,2018-05-06 05:38:05,0,0,56,0
2018-05-06 05:37:17,70,r/gifs,24,2018-05-06 07:55:01,0,3,47,0
2018-05-06 05:37:17,70,r/gifs,24,2018-05-06 09:06:32,1,1,63,0
2018-05-06 05:37:17,70,r/gifs,24,2018-05-06 09:17:39,2,1,2,0
2018-05-06 05:37:17,70,r/gifs,24,2018-05-06 10:28:57,3,1,2,0
2018-05-06 05:37:17,70,r/gifs,24,2018-05-06 10:01:58,1,1,10,0
2018-05-06 05:37:17,70,r/gifs,24,2018-05-06 10:35:19,2,0,6,0
2018-05-06 05:37:17,70,r/gifs,25,2018-05-06 09:28:33,0,0,63,0
2018-05-06 05:37:17,70,r/gifs,26,2018-05-06 09:05:24,0,1,22,0
2018-05-06 05:37:17,70,r/gifs,26,2018-05-06 09:20:16,1,0,9,0
2018-05-06 05:37:17,70,r/gifs,27,2018-05-06 13:15:00,0,0,10,0
2018-05-06 05:37:17,70,r/gifs,28,2018-05-06 10:31:16,0,2,8,0
2018-05-06 05:37:17,70,r/gifs,28,2018-05-06 10:32:29,1,0,5,0
2018-05-06 05:37:17,70,r/gifs,29,2018-05-06 09:57:16,0,0,22,0
2018-05-06 05:37:17,70,r/gifs,30,2018-05-06 10:00:16,0,1,29,0
2018-05-06 05:37:17,70,r/gifs,30,2018-05-06 13:06:19,1,1,9,0
2018-05-06 05:37:17,70,r/gifs,31,2018-05-06 08:17:03,0,1,18,0
2018-05-06 05:37:17,70,r/gifs,32,2018-05-06 13:24:41,0,0,6,0
2018-05-06 05:37:17,70,r/gifs,33,2018-05-06 09:34:10,0,8,125,0
2018-05-06 05:37:17,70,r/gifs,33,2018-05-06 10:10:56,1,0,18,0
2018-05-06 05:37:17,70,r/gifs,33,2018-05-06 10:01:04,1,3,38,0
2018-05-06 05:37:17,70,r/gifs,33,2018-05-06 10:19:48,2,1,28,0
2018-05-06 05:37:17,70,r/gifs,33,2018-05-06 14:09:57,2,0,1,0
2018-05-06 05:37:17,70,r/gifs,33,2018-05-06 14:19:35,2,0,1,0
2018-05-06 05:37:17,70,r/gifs,33,2018-05-06 12:55:51,1,0,3,0
2018-05-06 05:37:17,70,r/gifs,33,2018-05-06 10:06:07,1,1,9,0
2018-05-06 05:37:17,70,r/gifs,33,2018-05-06 10:56:11,2,1,11,0
2018-05-06 05:37:17,70,r/gifs,33,2018-05-06 10:57:19,3,1,2,0
2018-05-06 05:37:17,70,r/gifs,33,2018-05-06 10:57:26,4,0,4,0
2018-05-06 05:37:17,70,r/gifs,33,2018-05-06 09:46:07,1,2,5,0
2018-05-06 05:37:17,70,r/gifs,33,2018-05-06 10:06:19,2,0,4,0
2018-05-06 05:37:17,70,r/gifs,33,2018-05-06 10:55:03,2,0,2,0
2018-05-06 05:37:17,70,r/gifs,33,2018-05-06 12:57:29,1,0,2,0
2018-05-06 05:37:17,70,r/gifs,33,2018-05-06 10:14:24,1,0,7,0
2018-05-06 05:37:17,70,r/gifs,34,2018-05-06 07:45:30,0,1,11,0
2018-05-06 05:37:17,70,r/gifs,34,2018-05-06 09:01:33,1,0,8,0
2018-05-06 05:37:17,70,r/gifs,35,2018-05-06 08:47:44,0,1,24,0
2018-05-06 05:37:17,70,r/gifs,36,2018-05-06 09:05:34,0,0,9,0
2018-05-06 05:37:17,70,r/gifs,37,2018-05-06 09:45:02,0,0,7,0
2018-05-06 05:37:17,70,r/gifs,38,2018-05-06 05:38:56,0,1,11,0
2018-05-06 05:37:17,70,r/gifs,39,2018-05-06 09:57:55,0,1,16,0
2018-05-06 05:37:17,70,r/gifs,39,2018-05-06 10:40:15,1,1,4,0
2018-05-06 05:37:17,70,r/gifs,39,2018-05-06 13:28:44,2,2,2,0
2018-05-06 05:37:17,70,r/gifs,39,2018-05-06 13:29:35,3,1,3,0
2018-05-06 05:37:17,70,r/gifs,40,2018-05-06 10:24:24,0,2,21,0
2018-05-06 05:37:17,70,r/gifs,40,2018-05-06 14:04:10,1,0,1,0
2018-05-06 05:37:17,70,r/gifs,41,2018-05-06 09:30:02,0,0,7,0
2018-05-06 05:37:17,70,r/gifs,42,2018-05-06 09:15:40,0,0,3,0
2018-05-06 05:37:17,70,r/gifs,43,2018-05-06 09:26:02,0,0,3,0
2018-05-06 05:37:17,70,r/gifs,44,2018-05-06 09:41:28,0,0,3,0
2018-05-06 05:37:17,70,r/gifs,45,2018-05-06 09:58:25,0,0,3,0
2018-05-06 05:37:17,70,r/gifs,46,2018-05-06 13:23:13,0,0,3,0
2018-05-06 05:37:17,70,r/gifs,47,2018-05-06 07:20:01,0,0,9,0
2018-05-06 05:37:17,70,r/gifs,48,2018-05-06 06:38:34,0,4,11,0
2018-05-06 05:37:17,70,r/gifs,48,2018-05-06 08:37:31,1,0,54,0
2018-05-06 05:37:17,70,r/gifs,48,2018-05-06 09:56:51,1,0,6,0
2018-05-06 05:37:17,70,r/gifs,48,2018-05-06 08:54:08,1,0,11,0
2018-05-06 05:37:17,70,r/gifs,49,2018-05-06 12:51:53,0,0,4,0
2018-05-06 05:37:17,70,r/gifs,50,2018-05-06 08:59:53,0,2,13,0
2018-05-06 05:37:17,70,r/gifs,50,2018-05-06 12:58:46,1,1,10,0
2018-05-06 05:37:17,70,r/gifs,50,2018-05-06 12:59:25,2,0,8,0
2018-05-06 05:37:17,70,r/gifs,51,2018-05-06 09:43:59,0,0,6,0
2018-05-06 05:37:17,70,r/gifs,52,2018-05-06 08:52:12,0,0,2,0
2018-05-06 05:37:17,70,r/gifs,53,2018-05-06 09:19:48,0,0,2,0
2018-05-06 05:37:17,70,r/gifs,54,2018-05-06 09:30:00,0,0,2,0
2018-05-06 05:37:17,70,r/gifs,55,2018-05-06 09:43:28,0,0,2,0
2018-05-06 05:37:17,70,r/gifs,56,2018-05-06 09:45:54,0,0,2,0
2018-05-06 05:37:17,70,r/gifs,57,2018-05-06 09:47:09,0,0,2,0
2018-05-06 05:37:17,70,r/gifs,58,2018-05-06 09:54:35,0,0,2,0
2018-05-06 05:37:17,70,r/gifs,59,2018-05-06 10:01:47,0,0,2,0
2018-05-06 05:37:17,70,r/gifs,60,2018-05-06 10:04:20,0,0,2,0
2018-05-06 05:37:17,70,r/gifs,61,2018-05-06 10:10:14,0,0,2,0
2018-05-06 05:37:17,70,r/gifs,62,2018-05-06 10:16:10,0,1,2,0
2018-05-06 05:37:17,70,r/gifs,63,2018-05-06 10:21:11,0,1,2,0
2018-05-06 05:37:17,70,r/gifs,64,2018-05-06 10:23:40,0,0,2,0
2018-05-06 05:37:17,70,r/gifs,65,2018-05-06 10:28:20,0,0,2,0
2018-05-06 05:37:17,70,r/gifs,66,2018-05-06 10:30:45,0,0,2,0
2018-05-06 05:37:17,70,r/gifs,67,2018-05-06 10:32:47,0,0,2,0
2018-05-06 05:37:17,70,r/gifs,68,2018-05-06 10:35:46,0,0,2,0
2018-05-06 05:37:17,70,r/gifs,69,2018-05-06 10:36:17,0,0,2,0
2018-05-06 05:37:17,70,r/gifs,70,2018-05-06 10:39:00,0,0,2,0
2018-05-06 05:37:17,70,r/gifs,71,2018-05-06 12:47:25,0,0,2,0
2018-05-06 05:37:17,70,r/gifs,72,2018-05-06 12:50:52,0,0,2,0
2018-05-06 05:37:17,70,r/gifs,73,2018-05-06 12:51:52,0,0,2,0
2018-05-06 05:37:17,70,r/gifs,74,2018-05-06 12:58:47,0,0,2,0
2018-05-06 05:37:17,70,r/gifs,75,2018-05-06 13:07:44,0,0,2,0
2018-05-06 05:37:17,70,r/gifs,76,2018-05-06 13:12:21,0,0,2,0
2018-05-06 05:37:17,70,r/gifs,77,2018-05-06 13:20:22,0,0,2,0
2018-05-06 05:37:17,70,r/gifs,78,2018-05-06 13:32:38,0,0,1,0
2018-05-06 05:37:17,70,r/gifs,79,2018-05-06 13:36:14,0,0,1,0
2018-05-06 05:37:17,70,r/gifs,80,2018-05-06 13:41:04,0,1,1,0
2018-05-06 05:37:17,70,r/gifs,81,2018-05-06 13:55:29,0,0,1,0
2018-05-06 05:37:17,70,r/gifs,82,2018-05-06 13:55:50,0,0,1,0
2018-05-06 05:37:17,70,r/gifs,83,2018-05-06 09:05:52,0,0,3,0
2018-05-06 05:37:17,70,r/gifs,84,2018-05-06 08:21:17,0,0,2,0
2018-05-06 05:37:17,70,r/gifs,85,2018-05-06 09:39:12,0,0,2,0
2018-05-06 05:37:17,70,r/gifs,86,2018-05-06 10:10:22,0,0,2,0
2018-05-06 05:37:17,70,r/gifs,87,2018-05-06 10:11:29,0,0,2,0
2018-05-06 02:59:29,71,r/Damnthatsinteresting,0,2018-05-06 03:40:26,0,6,3248,0
2018-05-06 02:59:29,71,r/Damnthatsinteresting,0,2018-05-06 07:55:37,1,4,1092,0
2018-05-06 02:59:29,71,r/Damnthatsinteresting,0,2018-05-06 08:43:33,2,3,108,0
2018-05-06 02:59:29,71,r/Damnthatsinteresting,0,2018-05-06 09:19:00,3,0,49,0
2018-05-06 02:59:29,71,r/Damnthatsinteresting,0,2018-05-06 14:47:36,3,0,6,0
2018-05-06 02:59:29,71,r/Damnthatsinteresting,0,2018-05-06 14:58:08,3,0,1,0
2018-05-06 02:59:29,71,r/Damnthatsinteresting,0,2018-05-06 07:58:53,2,8,604,0
2018-05-06 02:59:29,71,r/Damnthatsinteresting,0,2018-05-06 08:06:33,3,8,255,0
2018-05-06 02:59:29,71,r/Damnthatsinteresting,0,2018-05-06 08:10:37,4,1,111,0
2018-05-06 02:59:29,71,r/Damnthatsinteresting,0,2018-05-06 11:39:33,5,2,27,0
2018-05-06 02:59:29,71,r/Damnthatsinteresting,0,2018-05-06 13:46:58,6,0,1,0
2018-05-06 02:59:29,71,r/Damnthatsinteresting,0,2018-05-06 12:46:27,6,0,-5,0
2018-05-06 02:59:29,71,r/Damnthatsinteresting,0,2018-05-06 08:10:21,4,2,130,0
2018-05-06 02:59:29,71,r/Damnthatsinteresting,0,2018-05-06 09:56:45,5,1,28,0
2018-05-06 02:59:29,71,r/Damnthatsinteresting,0,2018-05-06 10:39:25,6,1,16,0
2018-05-06 02:59:29,71,r/Damnthatsinteresting,0,2018-05-06 11:20:48,7,1,11,0
2018-05-06 02:59:29,71,r/Damnthatsinteresting,0,2018-05-06 12:27:51,8,0,5,0
2018-05-06 02:59:29,71,r/Damnthatsinteresting,0,2018-05-06 14:45:38,5,0,0,0
2018-05-06 02:59:29,71,r/Damnthatsinteresting,0,2018-05-06 08:09:48,4,0,26,0
2018-05-06 02:59:29,71,r/Damnthatsinteresting,0,2018-05-06 09:03:28,4,3,10,0
2018-05-06 02:59:29,71,r/Damnthatsinteresting,0,2018-05-06 11:05:15,5,0,1,0
2018-05-06 02:59:29,71,r/Damnthatsinteresting,0,2018-05-06 12:47:03,5,0,1,0
2018-05-06 02:59:29,71,r/Damnthatsinteresting,0,2018-05-06 11:05:10,5,0,0,0
2018-05-06 02:59:29,71,r/Damnthatsinteresting,0,2018-05-06 09:40:17,4,0,3,0
2018-05-06 02:59:29,71,r/Damnthatsinteresting,0,2018-05-06 09:40:04,4,1,9,0
2018-05-06 02:59:29,71,r/Damnthatsinteresting,0,2018-05-06 14:59:54,5,0,1,0
2018-05-06 02:59:29,71,r/Damnthatsinteresting,0,2018-05-06 12:26:33,4,0,1,0
2018-05-06 02:59:29,71,r/Damnthatsinteresting,0,2018-05-06 14:55:16,4,0,1,0
2018-05-06 02:59:29,71,r/Damnthatsinteresting,0,2018-05-06 09:04:25,3,3,11,0
2018-05-06 02:59:29,71,r/Damnthatsinteresting,0,2018-05-06 09:19:33,4,0,27,0
2018-05-06 02:59:29,71,r/Damnthatsinteresting,0,2018-05-06 10:03:19,4,3,16,0
2018-05-06 02:59:29,71,r/Damnthatsinteresting,0,2018-05-06 11:11:02,5,1,19,0
2018-05-06 02:59:29,71,r/Damnthatsinteresting,0,2018-05-06 11:51:10,6,0,3,0
2018-05-06 02:59:29,71,r/Damnthatsinteresting,0,2018-05-06 10:03:30,5,0,3,0
2018-05-06 02:59:29,71,r/Damnthatsinteresting,0,2018-05-06 12:09:56,5,1,1,0
2018-05-06 02:59:29,71,r/Damnthatsinteresting,0,2018-05-06 14:46:12,6,1,1,0
2018-05-06 02:59:29,71,r/Damnthatsinteresting,0,2018-05-06 15:02:25,7,0,1,0
2018-05-06 02:59:29,71,r/Damnthatsinteresting,0,2018-05-06 13:14:14,4,4,4,0
2018-05-06 02:59:29,71,r/Damnthatsinteresting,0,2018-05-06 13:14:22,5,0,1,0
2018-05-06 02:59:29,71,r/Damnthatsinteresting,0,2018-05-06 13:19:12,5,0,1,0
2018-05-06 02:59:29,71,r/Damnthatsinteresting,0,2018-05-06 14:29:41,5,0,1,0
2018-05-06 02:59:29,71,r/Damnthatsinteresting,0,2018-05-06 15:09:36,5,0,1,0
2018-05-06 02:59:29,71,r/Damnthatsinteresting,0,2018-05-06 10:20:31,3,1,4,0
2018-05-06 02:59:29,71,r/Damnthatsinteresting,0,2018-05-06 12:11:03,4,1,0,0
2018-05-06 02:59:29,71,r/Damnthatsinteresting,0,2018-05-06 14:53:44,5,0,3,0
2018-05-06 02:59:29,71,r/Damnthatsinteresting,0,2018-05-06 10:02:17,3,1,7,0
2018-05-06 02:59:29,71,r/Damnthatsinteresting,0,2018-05-06 11:54:09,4,1,8,0
2018-05-06 02:59:29,71,r/Damnthatsinteresting,0,2018-05-06 11:57:46,5,0,10,0
2018-05-06 02:59:29,71,r/Damnthatsinteresting,0,2018-05-06 10:35:55,3,1,3,0
2018-05-06 02:59:29,71,r/Damnthatsinteresting,0,2018-05-06 13:21:00,4,0,1,0
2018-05-06 02:59:29,71,r/Damnthatsinteresting,0,2018-05-06 11:56:56,3,1,2,0
2018-05-06 02:59:29,71,r/Damnthatsinteresting,0,2018-05-06 13:06:06,4,0,3,0
2018-05-06 02:59:29,71,r/Damnthatsinteresting,0,2018-05-06 12:31:58,3,0,1,0
2018-05-06 02:59:29,71,r/Damnthatsinteresting,0,2018-05-06 14:11:14,3,0,1,0
2018-05-06 02:59:29,71,r/Damnthatsinteresting,0,2018-05-06 10:13:34,2,0,8,0
2018-05-06 02:59:29,71,r/Damnthatsinteresting,0,2018-05-06 09:56:54,2,1,7,0
2018-05-06 02:59:29,71,r/Damnthatsinteresting,0,2018-05-06 12:37:47,3,0,11,0
2018-05-06 02:59:29,71,r/Damnthatsinteresting,0,2018-05-06 09:02:39,1,0,9,0
2018-05-06 02:59:29,71,r/Damnthatsinteresting,0,2018-05-06 10:39:05,1,0,2,0
2018-05-06 02:59:29,71,r/Damnthatsinteresting,0,2018-05-06 13:28:22,1,0,1,0
2018-05-06 02:59:29,71,r/Damnthatsinteresting,0,2018-05-06 13:40:03,1,0,1,0
2018-05-06 02:59:29,71,r/Damnthatsinteresting,0,2018-05-06 14:55:40,1,0,1,0
2018-05-06 02:59:29,71,r/Damnthatsinteresting,1,2018-05-06 07:10:39,0,7,421,0
2018-05-06 02:59:29,71,r/Damnthatsinteresting,1,2018-05-06 08:36:52,1,2,53,0
2018-05-06 02:59:29,71,r/Damnthatsinteresting,1,2018-05-06 10:03:54,2,0,19,0
2018-05-06 02:59:29,71,r/Damnthatsinteresting,1,2018-05-06 14:54:53,2,0,1,0
2018-05-06 02:59:29,71,r/Damnthatsinteresting,1,2018-05-06 08:37:03,1,8,109,0
2018-05-06 02:59:29,71,r/Damnthatsinteresting,1,2018-05-06 10:37:18,2,1,88,0
2018-05-06 02:59:29,71,r/Damnthatsinteresting,1,2018-05-06 13:31:17,3,0,8,0
2018-05-06 02:59:29,71,r/Damnthatsinteresting,1,2018-05-06 12:12:01,2,0,35,0
2018-05-06 02:59:29,71,r/Damnthatsinteresting,1,2018-05-06 08:50:34,2,1,42,0
2018-05-06 02:59:29,71,r/Damnthatsinteresting,1,2018-05-06 08:54:24,3,3,-80,0
2018-05-06 02:59:29,71,r/Damnthatsinteresting,1,2018-05-06 09:14:15,4,2,46,0
2018-05-06 02:59:29,71,r/Damnthatsinteresting,1,2018-05-06 09:16:28,5,2,19,0
2018-05-06 02:59:29,71,r/Damnthatsinteresting,1,2018-05-06 09:37:21,6,1,16,0
2018-05-06 02:59:29,71,r/Damnthatsinteresting,1,2018-05-06 12:13:16,7,0,2,0
2018-05-06 02:59:29,71,r/Damnthatsinteresting,1,2018-05-06 10:42:12,6,0,-6,0
2018-05-06 02:59:29,71,r/Damnthatsinteresting,1,2018-05-06 15:03:09,5,0,1,0
2018-05-06 02:59:29,71,r/Damnthatsinteresting,1,2018-05-06 14:28:49,4,0,1,0
2018-05-06 02:59:29,71,r/Damnthatsinteresting,1,2018-05-06 11:38:38,4,0,1,0
2018-05-06 02:59:29,71,r/Damnthatsinteresting,1,2018-05-06 08:59:35,2,1,28,0
2018-05-06 02:59:29,71,r/Damnthatsinteresting,1,2018-05-06 09:54:59,3,2,49,0
2018-05-06 02:59:29,71,r/Damnthatsinteresting,1,2018-05-06 10:39:52,4,0,43,0
2018-05-06 02:59:29,71,r/Damnthatsinteresting,1,2018-05-06 10:38:58,4,0,13,0
2018-05-06 02:59:29,71,r/Damnthatsinteresting,1,2018-05-06 12:11:26,2,0,3,0
2018-05-06 02:59:29,71,r/Damnthatsinteresting,1,2018-05-06 11:28:44,2,0,2,0
2018-05-06 02:59:29,71,r/Damnthatsinteresting,1,2018-05-06 13:10:43,2,0,1,0
2018-05-06 02:59:29,71,r/Damnthatsinteresting,1,2018-05-06 14:56:06,2,0,1,0
2018-05-06 02:59:29,71,r/Damnthatsinteresting,1,2018-05-06 08:30:18,1,0,8,0
2018-05-06 02:59:29,71,r/Damnthatsinteresting,1,2018-05-06 08:35:12,1,1,13,0
2018-05-06 02:59:29,71,r/Damnthatsinteresting,1,2018-05-06 12:59:57,2,1,1,0
2018-05-06 02:59:29,71,r/Damnthatsinteresting,1,2018-05-06 13:24:39,3,1,1,0
2018-05-06 02:59:29,71,r/Damnthatsinteresting,1,2018-05-06 13:30:44,4,0,1,0
2018-05-06 02:59:29,71,r/Damnthatsinteresting,1,2018-05-06 10:12:46,1,0,3,0
2018-05-06 02:59:29,71,r/Damnthatsinteresting,1,2018-05-06 10:47:36,1,1,5,0
2018-05-06 02:59:29,71,r/Damnthatsinteresting,1,2018-05-06 11:29:26,2,0,2,0
2018-05-06 02:59:29,71,r/Damnthatsinteresting,1,2018-05-06 14:16:15,1,0,1,0
2018-05-06 02:59:29,71,r/Damnthatsinteresting,2,2018-05-06 03:31:30,0,2,812,0
2018-05-06 02:59:29,71,r/Damnthatsinteresting,2,2018-05-06 03:50:11,1,2,132,0
2018-05-06 02:59:29,71,r/Damnthatsinteresting,2,2018-05-06 07:44:47,2,1,38,0
2018-05-06 02:59:29,71,r/Damnthatsinteresting,2,2018-05-06 07:55:35,3,2,22,0
2018-05-06 02:59:29,71,r/Damnthatsinteresting,2,2018-05-06 08:41:35,4,1,22,0
2018-05-06 02:59:29,71,r/Damnthatsinteresting,2,2018-05-06 09:02:40,5,3,15,0
2018-05-06 02:59:29,71,r/Damnthatsinteresting,2,2018-05-06 11:11:49,6,2,9,0
2018-05-06 02:59:29,71,r/Damnthatsinteresting,2,2018-05-06 11:11:57,7,1,8,0
2018-05-06 02:59:29,71,r/Damnthatsinteresting,2,2018-05-06 12:18:09,8,0,1,0
2018-05-06 02:59:29,71,r/Damnthatsinteresting,2,2018-05-06 11:20:51,7,0,1,0
2018-05-06 02:59:29,71,r/Damnthatsinteresting,2,2018-05-06 11:42:31,6,0,2,0
2018-05-06 02:59:29,71,r/Damnthatsinteresting,2,2018-05-06 14:25:46,6,0,1,0
2018-05-06 02:59:29,71,r/Damnthatsinteresting,2,2018-05-06 12:06:42,4,0,1,0
2018-05-06 02:59:29,71,r/Damnthatsinteresting,2,2018-05-06 05:56:01,2,0,32,0
2018-05-06 02:59:29,71,r/Damnthatsinteresting,2,2018-05-06 13:51:21,1,0,0,0
2018-05-06 02:59:29,71,r/Damnthatsinteresting,3,2018-05-06 03:41:10,0,2,205,0
2018-05-06 02:59:29,71,r/Damnthatsinteresting,3,2018-05-06 04:50:02,1,2,303,0
2018-05-06 02:59:29,71,r/Damnthatsinteresting,3,2018-05-06 08:35:24,2,7,40,0
2018-05-06 02:59:29,71,r/Damnthatsinteresting,3,2018-05-06 08:36:41,3,0,132,0
2018-05-06 02:59:29,71,r/Damnthatsinteresting,3,2018-05-06 08:49:44,3,2,56,0
2018-05-06 02:59:29,71,r/Damnthatsinteresting,3,2018-05-06 09:58:11,4,1,16,0
2018-05-06 02:59:29,71,r/Damnthatsinteresting,3,2018-05-06 13:50:52,5,0,0,0
2018-05-06 02:59:29,71,r/Damnthatsinteresting,3,2018-05-06 10:49:12,4,0,5,0
2018-05-06 02:59:29,71,r/Damnthatsinteresting,3,2018-05-06 09:07:14,3,1,16,0
2018-05-06 02:59:29,71,r/Damnthatsinteresting,3,2018-05-06 11:21:37,4,1,4,0
2018-05-06 02:59:29,71,r/Damnthatsinteresting,3,2018-05-06 12:24:38,5,0,3,0
2018-05-06 02:59:29,71,r/Damnthatsinteresting,3,2018-05-06 09:44:09,3,0,3,0
2018-05-06 02:59:29,71,r/Damnthatsinteresting,3,2018-05-06 08:50:04,3,2,9,0
2018-05-06 02:59:29,71,r/Damnthatsinteresting,3,2018-05-06 10:32:06,4,0,12,0
2018-05-06 02:59:29,71,r/Damnthatsinteresting,3,2018-05-06 09:16:42,4,0,28,0
2018-05-06 02:59:29,71,r/Damnthatsinteresting,3,2018-05-06 13:18:04,3,0,1,0
2018-05-06 02:59:29,71,r/Damnthatsinteresting,3,2018-05-06 10:09:49,3,0,0,0
2018-05-06 02:59:29,71,r/Damnthatsinteresting,3,2018-05-06 09:07:35,2,1,3,0
2018-05-06 02:59:29,71,r/Damnthatsinteresting,3,2018-05-06 10:20:13,3,0,3,0
2018-05-06 02:59:29,71,r/Damnthatsinteresting,3,2018-05-06 03:55:02,1,0,17,0
2018-05-06 02:59:29,71,r/Damnthatsinteresting,4,2018-05-06 03:32:22,0,2,342,0
2018-05-06 02:59:29,71,r/Damnthatsinteresting,4,2018-05-06 09:19:30,1,1,20,0
2018-05-06 02:59:29,71,r/Damnthatsinteresting,4,2018-05-06 11:19:26,2,1,16,0
2018-05-06 02:59:29,71,r/Damnthatsinteresting,4,2018-05-06 12:10:38,3,1,23,0
2018-05-06 02:59:29,71,r/Damnthatsinteresting,4,2018-05-06 12:37:55,4,1,6,0
2018-05-06 02:59:29,71,r/Damnthatsinteresting,4,2018-05-06 13:46:27,5,0,1,0
2018-05-06 02:59:29,71,r/Damnthatsinteresting,4,2018-05-06 03:33:54,1,1,-132,0
2018-05-06 02:59:29,71,r/Damnthatsinteresting,4,2018-05-06 07:35:35,2,2,70,0
2018-05-06 02:59:29,71,r/Damnthatsinteresting,4,2018-05-06 08:13:29,3,0,13,0
2018-05-06 02:59:29,71,r/Damnthatsinteresting,4,2018-05-06 07:54:18,3,2,11,0
2018-05-06 02:59:29,71,r/Damnthatsinteresting,4,2018-05-06 10:00:13,4,0,2,0
2018-05-06 02:59:29,71,r/Damnthatsinteresting,4,2018-05-06 08:19:13,4,1,2,0
2018-05-06 02:59:29,71,r/Damnthatsinteresting,4,2018-05-06 08:44:15,5,1,0,0
2018-05-06 02:59:29,71,r/Damnthatsinteresting,4,2018-05-06 08:59:45,6,0,1,0
2018-05-06 02:59:29,71,r/Damnthatsinteresting,5,2018-05-06 04:09:25,0,3,124,0
2018-05-06 02:59:29,71,r/Damnthatsinteresting,5,2018-05-06 07:46:45,1,1,28,0
2018-05-06 02:59:29,71,r/Damnthatsinteresting,5,2018-05-06 12:50:51,2,0,6,0
2018-05-06 02:59:29,71,r/Damnthatsinteresting,5,2018-05-06 13:59:51,1,0,1,0
2018-05-06 02:59:29,71,r/Damnthatsinteresting,5,2018-05-06 14:10:53,1,0,1,0
2018-05-06 02:59:29,71,r/Damnthatsinteresting,6,2018-05-06 03:25:12,0,1,58,0
2018-05-06 02:59:29,71,r/Damnthatsinteresting,6,2018-05-06 03:42:23,1,2,102,0
2018-05-06 02:59:29,71,r/Damnthatsinteresting,6,2018-05-06 04:13:46,2,1,16,0
2018-05-06 02:59:29,71,r/Damnthatsinteresting,6,2018-05-06 04:40:23,3,1,65,0
2018-05-06 02:59:29,71,r/Damnthatsinteresting,6,2018-05-06 04:41:01,4,1,62,0
2018-05-06 02:59:29,71,r/Damnthatsinteresting,6,2018-05-06 05:47:59,5,1,34,0
2018-05-06 02:59:29,71,r/Damnthatsinteresting,6,2018-05-06 05:48:51,6,0,34,0
2018-05-06 02:59:29,71,r/Damnthatsinteresting,6,2018-05-06 14:39:17,2,0,1,0
2018-05-06 02:59:29,71,r/Damnthatsinteresting,7,2018-05-06 08:31:00,0,0,22,0
2018-05-06 02:59:29,71,r/Damnthatsinteresting,8,2018-05-06 11:32:01,0,2,39,0
2018-05-06 02:59:29,71,r/Damnthatsinteresting,8,2018-05-06 13:27:32,1,1,8,0
2018-05-06 02:59:29,71,r/Damnthatsinteresting,8,2018-05-06 13:41:51,2,0,3,0
2018-05-06 02:59:29,71,r/Damnthatsinteresting,8,2018-05-06 14:40:49,1,0,1,0
2018-05-06 02:59:29,71,r/Damnthatsinteresting,9,2018-05-06 04:07:11,0,0,16,0
2018-05-06 02:59:29,71,r/Damnthatsinteresting,10,2018-05-06 04:00:06,0,3,74,0
2018-05-06 02:59:29,71,r/Damnthatsinteresting,10,2018-05-06 11:14:55,1,0,17,0
2018-05-06 02:59:29,71,r/Damnthatsinteresting,10,2018-05-06 08:02:22,1,3,-26,0
2018-05-06 02:59:29,71,r/Damnthatsinteresting,10,2018-05-06 09:09:34,2,1,14,0
2018-05-06 02:59:29,71,r/Damnthatsinteresting,10,2018-05-06 13:33:56,3,0,1,0
2018-05-06 02:59:29,71,r/Damnthatsinteresting,10,2018-05-06 10:59:27,2,1,4,0
2018-05-06 02:59:29,71,r/Damnthatsinteresting,10,2018-05-06 13:34:19,3,0,1,0
2018-05-06 02:59:29,71,r/Damnthatsinteresting,10,2018-05-06 08:10:08,2,2,0,0
2018-05-06 02:59:29,71,r/Damnthatsinteresting,10,2018-05-06 08:12:03,3,0,10,0
2018-05-06 02:59:29,71,r/Damnthatsinteresting,10,2018-05-06 11:35:42,3,0,0,0
2018-05-06 02:59:29,71,r/Damnthatsinteresting,10,2018-05-06 07:34:30,1,5,-21,0
2018-05-06 02:59:29,71,r/Damnthatsinteresting,10,2018-05-06 10:01:09,2,1,5,0
2018-05-06 02:59:29,71,r/Damnthatsinteresting,10,2018-05-06 10:06:12,3,1,8,0
2018-05-06 02:59:29,71,r/Damnthatsinteresting,10,2018-05-06 13:02:55,4,0,1,0
2018-05-06 02:59:29,71,r/Damnthatsinteresting,10,2018-05-06 10:01:18,2,1,4,0
2018-05-06 02:59:29,71,r/Damnthatsinteresting,10,2018-05-06 10:06:19,3,0,5,0
2018-05-06 02:59:29,71,r/Damnthatsinteresting,10,2018-05-06 10:01:39,2,1,3,0
2018-05-06 02:59:29,71,r/Damnthatsinteresting,10,2018-05-06 10:06:35,3,0,5,0
2018-05-06 02:59:29,71,r/Damnthatsinteresting,10,2018-05-06 07:57:25,2,0,4,0
2018-05-06 02:59:29,71,r/Damnthatsinteresting,10,2018-05-06 10:34:34,2,1,1,0
2018-05-06 02:59:29,71,r/Damnthatsinteresting,10,2018-05-06 12:48:26,3,0,2,0
2018-05-06 02:59:29,71,r/Damnthatsinteresting,11,2018-05-06 05:39:40,0,1,17,0
2018-05-06 02:59:29,71,r/Damnthatsinteresting,11,2018-05-06 07:36:37,1,0,16,0
2018-05-06 02:59:29,71,r/Damnthatsinteresting,12,2018-05-06 06:40:49,0,0,7,0
2018-05-06 02:59:29,71,r/Damnthatsinteresting,13,2018-05-06 07:58:58,0,0,6,0
2018-05-06 02:59:29,71,r/Damnthatsinteresting,14,2018-05-06 08:30:41,0,2,4,0
2018-05-06 02:59:29,71,r/Damnthatsinteresting,14,2018-05-06 13:21:28,1,0,2,0
2018-05-06 02:59:29,71,r/Damnthatsinteresting,14,2018-05-06 15:07:01,1,0,1,0
2018-05-06 02:59:29,71,r/Damnthatsinteresting,15,2018-05-06 05:55:11,0,2,24,0
2018-05-06 02:59:29,71,r/Damnthatsinteresting,15,2018-05-06 08:56:59,1,0,15,0
2018-05-06 02:59:29,71,r/Damnthatsinteresting,15,2018-05-06 15:07:22,1,0,1,0
2018-05-06 02:59:29,71,r/Damnthatsinteresting,16,2018-05-06 05:28:52,0,1,8,0
2018-05-06 02:59:29,71,r/Damnthatsinteresting,16,2018-05-06 10:03:40,1,1,7,0
2018-05-06 02:59:29,71,r/Damnthatsinteresting,16,2018-05-06 12:03:06,2,0,4,0
2018-05-06 02:59:29,71,r/Damnthatsinteresting,17,2018-05-06 12:55:32,0,0,3,0
2018-05-06 02:59:29,71,r/Damnthatsinteresting,18,2018-05-06 09:01:26,0,0,4,0
2018-05-06 02:59:29,71,r/Damnthatsinteresting,19,2018-05-06 03:37:37,0,0,2,0
2018-05-06 02:59:29,71,r/Damnthatsinteresting,20,2018-05-06 03:50:43,0,1,2,0
2018-05-06 02:59:29,71,r/Damnthatsinteresting,20,2018-05-06 05:45:32,1,0,15,0
2018-05-06 02:59:29,71,r/Damnthatsinteresting,21,2018-05-06 05:24:38,0,0,2,0
2018-05-06 02:59:29,71,r/Damnthatsinteresting,22,2018-05-06 07:30:37,0,0,2,0
2018-05-06 02:59:29,71,r/Damnthatsinteresting,23,2018-05-06 07:53:44,0,0,2,0
2018-05-06 02:59:29,71,r/Damnthatsinteresting,24,2018-05-06 08:05:30,0,0,2,0
2018-05-06 02:59:29,71,r/Damnthatsinteresting,25,2018-05-06 08:37:07,0,0,2,0
2018-05-06 02:59:29,71,r/Damnthatsinteresting,26,2018-05-06 08:55:05,0,0,2,0
2018-05-06 02:59:29,71,r/Damnthatsinteresting,27,2018-05-06 09:01:00,0,0,2,0
2018-05-06 02:59:29,71,r/Damnthatsinteresting,28,2018-05-06 12:27:48,0,0,2,0
2018-05-06 02:59:29,71,r/Damnthatsinteresting,29,2018-05-06 14:26:45,0,0,2,0
2018-05-06 02:59:29,71,r/Damnthatsinteresting,30,2018-05-06 08:58:53,0,2,11,0
2018-05-06 02:59:29,71,r/Damnthatsinteresting,30,2018-05-06 12:25:17,1,0,4,0
2018-05-06 02:59:29,71,r/Damnthatsinteresting,30,2018-05-06 12:21:09,1,0,5,0
2018-05-06 02:59:29,71,r/Damnthatsinteresting,31,2018-05-06 07:27:04,0,2,5,0
2018-05-06 02:59:29,71,r/Damnthatsinteresting,31,2018-05-06 08:04:07,1,1,6,0
2018-05-06 02:59:29,71,r/Damnthatsinteresting,31,2018-05-06 09:59:15,2,0,0,0
2018-05-06 02:59:29,71,r/Damnthatsinteresting,31,2018-05-06 14:29:21,1,0,1,0
2018-05-06 02:59:29,71,r/Damnthatsinteresting,32,2018-05-06 07:57:48,0,0,2,0
2018-05-06 02:59:29,71,r/Damnthatsinteresting,33,2018-05-06 05:27:37,0,0,3,0
2018-05-06 02:59:29,71,r/Damnthatsinteresting,34,2018-05-06 08:11:19,0,0,2,0
2018-05-06 02:59:29,71,r/Damnthatsinteresting,35,2018-05-06 06:12:49,0,0,1,0
2018-05-06 02:59:29,71,r/Damnthatsinteresting,36,2018-05-06 08:14:32,0,0,1,0
2018-05-06 02:59:29,71,r/Damnthatsinteresting,37,2018-05-06 08:36:52,0,0,1,0
2018-05-06 02:59:29,71,r/Damnthatsinteresting,38,2018-05-06 09:04:00,0,0,1,0
2018-05-06 02:59:29,71,r/Damnthatsinteresting,39,2018-05-06 09:04:35,0,0,1,0
2018-05-06 02:59:29,71,r/Damnthatsinteresting,40,2018-05-06 09:15:49,0,0,1,0
2018-05-06 02:59:29,71,r/Damnthatsinteresting,41,2018-05-06 09:16:33,0,0,1,0
2018-05-06 02:59:29,71,r/Damnthatsinteresting,42,2018-05-06 09:22:07,0,0,1,0
2018-05-06 02:59:29,71,r/Damnthatsinteresting,43,2018-05-06 09:22:42,0,0,1,0
2018-05-06 02:59:29,71,r/Damnthatsinteresting,44,2018-05-06 09:30:52,0,0,1,0
2018-05-06 02:59:29,71,r/Damnthatsinteresting,45,2018-05-06 09:36:25,0,0,1,0
2018-05-06 02:59:29,71,r/Damnthatsinteresting,46,2018-05-06 09:46:45,0,0,1,0
2018-05-06 02:59:29,71,r/Damnthatsinteresting,47,2018-05-06 09:50:56,0,0,1,0
2018-05-06 02:59:29,71,r/Damnthatsinteresting,48,2018-05-06 09:51:01,0,0,1,0
2018-05-06 02:59:29,71,r/Damnthatsinteresting,49,2018-05-06 09:52:39,0,0,1,0
2018-05-06 02:59:29,71,r/Damnthatsinteresting,50,2018-05-06 10:00:57,0,0,1,0
2018-05-06 02:59:29,71,r/Damnthatsinteresting,51,2018-05-06 10:04:41,0,0,1,0
2018-05-06 02:59:29,71,r/Damnthatsinteresting,52,2018-05-06 10:07:50,0,0,1,0
2018-05-06 02:59:29,71,r/Damnthatsinteresting,53,2018-05-06 10:18:59,0,0,1,0
2018-05-06 02:59:29,71,r/Damnthatsinteresting,54,2018-05-06 10:22:00,0,0,1,0
2018-05-06 02:59:29,71,r/Damnthatsinteresting,55,2018-05-06 10:22:25,0,0,1,0
2018-05-06 02:59:29,71,r/Damnthatsinteresting,56,2018-05-06 10:23:20,0,0,1,0
2018-05-06 02:59:29,71,r/Damnthatsinteresting,57,2018-05-06 10:24:13,0,0,1,0
2018-05-06 02:59:29,71,r/Damnthatsinteresting,58,2018-05-06 10:31:14,0,0,1,0
2018-05-06 02:59:29,71,r/Damnthatsinteresting,59,2018-05-06 10:36:41,0,0,1,0
2018-05-06 02:59:29,71,r/Damnthatsinteresting,60,2018-05-06 10:39:15,0,0,1,0
2018-05-06 02:59:29,71,r/Damnthatsinteresting,61,2018-05-06 10:40:34,0,0,1,0
2018-05-06 02:59:29,71,r/Damnthatsinteresting,62,2018-05-06 10:43:19,0,0,1,0
2018-05-06 02:59:29,71,r/Damnthatsinteresting,63,2018-05-06 10:48:01,0,0,1,0
2018-05-06 02:59:29,71,r/Damnthatsinteresting,64,2018-05-06 10:57:58,0,0,1,0
2018-05-06 02:59:29,71,r/Damnthatsinteresting,65,2018-05-06 11:03:53,0,0,1,0
2018-05-06 02:59:29,71,r/Damnthatsinteresting,66,2018-05-06 11:04:26,0,0,1,0
2018-05-06 02:59:29,71,r/Damnthatsinteresting,67,2018-05-06 11:11:06,0,0,1,0
2018-05-06 02:59:29,71,r/Damnthatsinteresting,68,2018-05-06 11:12:06,0,0,1,0
2018-05-06 02:59:29,71,r/Damnthatsinteresting,69,2018-05-06 11:15:06,0,0,1,0
2018-05-06 02:59:29,71,r/Damnthatsinteresting,70,2018-05-06 11:21:56,0,0,1,0
2018-05-06 02:59:29,71,r/Damnthatsinteresting,71,2018-05-06 11:39:23,0,0,1,0
2018-05-06 02:59:29,71,r/Damnthatsinteresting,72,2018-05-06 11:40:11,0,0,1,0
2018-05-06 02:59:29,71,r/Damnthatsinteresting,73,2018-05-06 11:56:43,0,0,1,0
2018-05-06 02:59:29,71,r/Damnthatsinteresting,74,2018-05-06 12:03:50,0,0,1,0
2018-05-06 02:59:29,71,r/Damnthatsinteresting,75,2018-05-06 12:14:39,0,0,1,0
2018-05-06 02:59:29,71,r/Damnthatsinteresting,76,2018-05-06 12:30:26,0,0,1,0
2018-05-06 02:59:29,71,r/Damnthatsinteresting,77,2018-05-06 12:31:11,0,0,1,0
2018-05-06 02:59:29,71,r/Damnthatsinteresting,78,2018-05-06 12:36:31,0,0,1,0
2018-05-06 02:59:29,71,r/Damnthatsinteresting,79,2018-05-06 12:41:35,0,0,1,0
2018-05-06 02:59:29,71,r/Damnthatsinteresting,80,2018-05-06 12:47:04,0,0,1,0
2018-05-06 02:59:29,71,r/Damnthatsinteresting,81,2018-05-06 12:47:17,0,0,1,0
2018-05-06 02:59:29,71,r/Damnthatsinteresting,82,2018-05-06 12:50:47,0,0,1,0
2018-05-06 02:59:29,71,r/Damnthatsinteresting,83,2018-05-06 12:56:18,0,0,1,0
2018-05-06 02:59:29,71,r/Damnthatsinteresting,84,2018-05-06 12:59:48,0,0,1,0
2018-05-06 02:59:29,71,r/Damnthatsinteresting,85,2018-05-06 13:10:56,0,0,1,0
2018-05-06 02:59:29,71,r/Damnthatsinteresting,86,2018-05-06 13:11:59,0,0,1,0
2018-05-06 02:59:29,71,r/Damnthatsinteresting,87,2018-05-06 13:13:44,0,0,1,0
2018-05-06 02:59:29,71,r/Damnthatsinteresting,88,2018-05-06 13:14:13,0,0,1,0
2018-05-06 02:59:29,71,r/Damnthatsinteresting,89,2018-05-06 13:15:29,0,0,1,0
2018-05-06 02:59:29,71,r/Damnthatsinteresting,90,2018-05-06 13:18:38,0,0,1,0
2018-05-06 02:59:29,71,r/Damnthatsinteresting,91,2018-05-06 13:22:33,0,0,1,0
2018-05-06 02:59:29,71,r/Damnthatsinteresting,92,2018-05-06 13:29:46,0,0,1,0
2018-05-06 02:59:29,71,r/Damnthatsinteresting,93,2018-05-06 13:34:47,0,0,1,0
2018-05-06 02:59:29,71,r/Damnthatsinteresting,94,2018-05-06 13:38:30,0,1,1,0
2018-05-06 02:59:29,71,r/Damnthatsinteresting,94,2018-05-06 13:38:37,1,0,1,0
2018-05-06 02:59:29,71,r/Damnthatsinteresting,95,2018-05-06 13:41:14,0,0,1,0
2018-05-06 02:59:29,71,r/Damnthatsinteresting,96,2018-05-06 13:45:12,0,0,1,0
2018-05-06 02:59:29,71,r/Damnthatsinteresting,97,2018-05-06 13:59:49,0,0,1,0
2018-05-06 02:59:29,71,r/Damnthatsinteresting,98,2018-05-06 14:05:41,0,0,1,0
2018-05-06 02:59:29,71,r/Damnthatsinteresting,99,2018-05-06 14:15:15,0,0,1,0
2018-05-06 02:59:29,71,r/Damnthatsinteresting,100,2018-05-06 14:23:59,0,0,1,0
2018-05-06 02:59:29,71,r/Damnthatsinteresting,101,2018-05-06 14:24:26,0,0,1,0
2018-05-06 02:59:29,71,r/Damnthatsinteresting,102,2018-05-06 14:25:59,0,0,1,0
2018-05-06 02:59:29,71,r/Damnthatsinteresting,103,2018-05-06 14:30:44,0,0,1,0
2018-05-06 02:59:29,71,r/Damnthatsinteresting,104,2018-05-06 14:31:36,0,0,1,0
2018-05-06 02:59:29,71,r/Damnthatsinteresting,105,2018-05-06 14:31:58,0,0,1,0
2018-05-06 02:59:29,71,r/Damnthatsinteresting,106,2018-05-06 14:38:57,0,0,1,0
2018-05-06 02:59:29,71,r/Damnthatsinteresting,107,2018-05-06 14:52:08,0,0,1,0
2018-05-06 02:59:29,71,r/Damnthatsinteresting,108,2018-05-06 15:04:45,0,0,1,0
2018-05-06 02:59:29,71,r/Damnthatsinteresting,109,2018-05-06 15:06:33,0,0,1,0
2018-05-06 02:59:29,71,r/Damnthatsinteresting,110,2018-05-06 07:43:26,0,0,1,0
2018-05-06 02:59:29,71,r/Damnthatsinteresting,111,2018-05-06 03:48:12,0,0,0,0
2018-05-06 02:59:29,71,r/Damnthatsinteresting,112,2018-05-06 11:36:50,0,1,1,0
2018-05-06 02:59:29,71,r/Damnthatsinteresting,112,2018-05-06 11:45:57,1,0,0,0
2018-05-06 02:59:29,71,r/Damnthatsinteresting,113,2018-05-06 07:37:58,0,0,1,0
2018-05-06 02:59:29,71,r/Damnthatsinteresting,114,2018-05-06 03:49:21,0,2,-14,0
2018-05-06 02:59:29,71,r/Damnthatsinteresting,114,2018-05-06 04:03:04,1,6,33,0
2018-05-06 02:59:29,71,r/Damnthatsinteresting,114,2018-05-06 05:52:30,2,0,13,0
2018-05-06 02:59:29,71,r/Damnthatsinteresting,114,2018-05-06 08:00:13,2,1,2,0
2018-05-06 02:59:29,71,r/Damnthatsinteresting,114,2018-05-06 11:51:00,3,0,2,0
2018-05-06 02:59:29,71,r/Damnthatsinteresting,114,2018-05-06 04:55:31,2,1,-5,0
2018-05-06 02:59:29,71,r/Damnthatsinteresting,114,2018-05-06 07:15:46,3,0,2,0
2018-05-06 02:59:29,71,r/Damnthatsinteresting,114,2018-05-06 04:06:18,2,1,-5,0
2018-05-06 02:59:29,71,r/Damnthatsinteresting,114,2018-05-06 07:16:51,3,0,5,0
2018-05-06 02:59:29,71,r/Damnthatsinteresting,114,2018-05-06 05:52:48,2,0,-6,0
2018-05-06 02:59:29,71,r/Damnthatsinteresting,114,2018-05-06 05:54:14,2,1,-7,0
2018-05-06 02:59:29,71,r/Damnthatsinteresting,114,2018-05-06 07:20:19,3,0,4,0
2018-05-06 02:59:29,71,r/Damnthatsinteresting,114,2018-05-06 04:01:28,1,1,-5,0
2018-05-06 02:59:29,71,r/Damnthatsinteresting,114,2018-05-06 06:58:46,2,0,3,0
2018-05-06 02:59:29,71,r/Damnthatsinteresting,115,2018-05-06 04:54:19,0,0,2,0
2018-05-06 02:59:29,71,r/Damnthatsinteresting,116,2018-05-06 08:51:29,0,1,-4,0
2018-05-06 02:59:29,71,r/Damnthatsinteresting,116,2018-05-06 10:30:27,1,0,2,0
2018-05-06 02:59:29,71,r/Damnthatsinteresting,117,2018-05-06 08:08:43,0,0,0,0
2018-05-06 02:59:29,71,r/Damnthatsinteresting,118,2018-05-06 13:41:39,0,0,0,0
2018-05-06 02:59:29,71,r/Damnthatsinteresting,119,2018-05-06 03:50:24,0,1,-7,0
2018-05-06 02:59:29,71,r/Damnthatsinteresting,119,2018-05-06 07:01:40,1,0,5,0
2018-05-06 02:59:29,71,r/Damnthatsinteresting,120,2018-05-06 06:13:57,0,0,0,0
2018-05-06 02:59:29,71,r/Damnthatsinteresting,121,2018-05-06 06:40:22,0,0,0,0
2018-05-06 02:59:29,71,r/Damnthatsinteresting,122,2018-05-06 09:02:19,0,0,0,0
2018-05-06 02:59:29,71,r/Damnthatsinteresting,123,2018-05-06 09:05:21,0,0,-4,0
2018-05-06 02:59:29,71,r/Damnthatsinteresting,124,2018-05-06 05:51:47,0,0,-5,0
2018-05-06 02:59:29,71,r/Damnthatsinteresting,125,2018-05-06 06:15:28,0,0,0,0
2018-05-06 02:59:29,71,r/Damnthatsinteresting,126,2018-05-06 08:22:27,0,0,0,0
2018-05-06 02:59:29,71,r/Damnthatsinteresting,127,2018-05-06 09:35:50,0,0,0,0
2018-05-06 02:59:29,71,r/Damnthatsinteresting,128,2018-05-06 13:24:40,0,0,0,0
2018-05-06 02:59:29,71,r/Damnthatsinteresting,129,2018-05-06 14:35:38,0,0,0,0
2018-05-06 02:59:29,71,r/Damnthatsinteresting,130,2018-05-06 04:00:34,0,3,-13,0
2018-05-06 02:59:29,71,r/Damnthatsinteresting,130,2018-05-06 05:53:08,1,0,6,0
2018-05-06 02:59:29,71,r/Damnthatsinteresting,130,2018-05-06 08:37:57,1,0,5,0
2018-05-06 02:59:29,71,r/Damnthatsinteresting,130,2018-05-06 11:24:11,1,0,1,0
2018-05-06 03:07:22,72,r/EngineeringStudents,0,2018-05-06 05:38:18,0,2,527,0
2018-05-06 03:07:22,72,r/EngineeringStudents,0,2018-05-06 06:06:03,1,1,103,0
2018-05-06 03:07:22,72,r/EngineeringStudents,0,2018-05-06 12:13:19,2,12,-241,0
2018-05-06 03:07:22,72,r/EngineeringStudents,0,2018-05-06 12:24:21,3,1,103,0
2018-05-06 03:07:22,72,r/EngineeringStudents,0,2018-05-06 14:00:31,4,1,1,0
2018-05-06 03:07:22,72,r/EngineeringStudents,0,2018-05-06 14:21:37,5,1,1,0
2018-05-06 03:07:22,72,r/EngineeringStudents,0,2018-05-06 14:28:11,6,0,1,0
2018-05-06 03:07:22,72,r/EngineeringStudents,0,2018-05-06 12:23:38,3,2,76,0
2018-05-06 03:07:22,72,r/EngineeringStudents,0,2018-05-06 13:49:41,4,0,1,0
2018-05-06 03:07:22,72,r/EngineeringStudents,0,2018-05-06 13:49:27,4,0,1,0
2018-05-06 03:07:22,72,r/EngineeringStudents,0,2018-05-06 12:34:39,3,5,133,0
2018-05-06 03:07:22,72,r/EngineeringStudents,0,2018-05-06 12:41:35,4,1,31,0
2018-05-06 03:07:22,72,r/EngineeringStudents,0,2018-05-06 12:52:44,5,1,12,0
2018-05-06 03:07:22,72,r/EngineeringStudents,0,2018-05-06 13:24:49,6,0,1,0
2018-05-06 03:07:22,72,r/EngineeringStudents,0,2018-05-06 12:55:18,4,2,7,0
2018-05-06 03:07:22,72,r/EngineeringStudents,0,2018-05-06 13:43:11,5,0,1,0
2018-05-06 03:07:22,72,r/EngineeringStudents,0,2018-05-06 14:03:53,5,1,1,0
2018-05-06 03:07:22,72,r/EngineeringStudents,0,2018-05-06 14:33:47,6,0,1,0
2018-05-06 03:07:22,72,r/EngineeringStudents,0,2018-05-06 13:22:28,4,0,1,0
2018-05-06 03:07:22,72,r/EngineeringStudents,0,2018-05-06 14:05:20,4,1,1,0
2018-05-06 03:07:22,72,r/EngineeringStudents,0,2018-05-06 14:17:35,5,0,1,0
2018-05-06 03:07:22,72,r/EngineeringStudents,0,2018-05-06 13:26:42,4,1,1,0
2018-05-06 03:07:22,72,r/EngineeringStudents,0,2018-05-06 13:49:29,5,0,1,0
2018-05-06 03:07:22,72,r/EngineeringStudents,0,2018-05-06 13:15:42,3,1,1,0
2018-05-06 03:07:22,72,r/EngineeringStudents,0,2018-05-06 14:03:04,4,3,1,0
2018-05-06 03:07:22,72,r/EngineeringStudents,0,2018-05-06 14:25:56,5,1,1,0
2018-05-06 03:07:22,72,r/EngineeringStudents,0,2018-05-06 14:42:52,6,2,1,0
2018-05-06 03:07:22,72,r/EngineeringStudents,0,2018-05-06 14:52:54,7,0,1,0
2018-05-06 03:07:22,72,r/EngineeringStudents,0,2018-05-06 15:00:48,7,0,1,0
2018-05-06 03:07:22,72,r/EngineeringStudents,0,2018-05-06 14:35:06,5,0,1,0
2018-05-06 03:07:22,72,r/EngineeringStudents,0,2018-05-06 14:35:55,5,0,1,0
2018-05-06 03:07:22,72,r/EngineeringStudents,0,2018-05-06 13:11:55,3,1,1,0
2018-05-06 03:07:22,72,r/EngineeringStudents,0,2018-05-06 14:01:38,4,0,1,0
2018-05-06 03:07:22,72,r/EngineeringStudents,0,2018-05-06 13:41:24,3,1,1,0
2018-05-06 03:07:22,72,r/EngineeringStudents,0,2018-05-06 14:06:49,4,0,1,0
2018-05-06 03:07:22,72,r/EngineeringStudents,0,2018-05-06 13:44:20,3,0,1,0
2018-05-06 03:07:22,72,r/EngineeringStudents,0,2018-05-06 13:13:16,3,0,1,0
2018-05-06 03:07:22,72,r/EngineeringStudents,0,2018-05-06 14:04:32,3,0,1,0
2018-05-06 03:07:22,72,r/EngineeringStudents,0,2018-05-06 12:42:59,3,0,5,0
2018-05-06 03:07:22,72,r/EngineeringStudents,0,2018-05-06 14:35:03,3,0,1,0
2018-05-06 03:07:22,72,r/EngineeringStudents,0,2018-05-06 13:18:55,3,1,1,0
2018-05-06 03:07:22,72,r/EngineeringStudents,0,2018-05-06 13:51:24,4,1,1,0
2018-05-06 03:07:22,72,r/EngineeringStudents,0,2018-05-06 14:00:37,5,3,1,0
2018-05-06 03:07:22,72,r/EngineeringStudents,0,2018-05-06 14:11:10,6,1,1,0
2018-05-06 03:07:22,72,r/EngineeringStudents,0,2018-05-06 14:46:43,7,0,1,0
2018-05-06 03:07:22,72,r/EngineeringStudents,0,2018-05-06 14:18:42,6,0,1,0
2018-05-06 03:07:22,72,r/EngineeringStudents,0,2018-05-06 14:21:31,6,0,1,0
2018-05-06 03:07:22,72,r/EngineeringStudents,0,2018-05-06 12:12:14,1,3,-39,0
2018-05-06 03:07:22,72,r/EngineeringStudents,0,2018-05-06 12:20:41,2,1,41,0
2018-05-06 03:07:22,72,r/EngineeringStudents,0,2018-05-06 12:46:07,3,1,37,0
2018-05-06 03:07:22,72,r/EngineeringStudents,0,2018-05-06 14:24:54,4,1,1,0
2018-05-06 03:07:22,72,r/EngineeringStudents,0,2018-05-06 15:05:37,5,0,1,0
2018-05-06 03:07:22,72,r/EngineeringStudents,0,2018-05-06 13:03:42,2,1,16,0
2018-05-06 03:07:22,72,r/EngineeringStudents,0,2018-05-06 14:13:21,3,1,1,0
2018-05-06 03:07:22,72,r/EngineeringStudents,0,2018-05-06 14:53:26,4,0,1,0
2018-05-06 03:07:22,72,r/EngineeringStudents,0,2018-05-06 13:15:10,2,2,1,0
2018-05-06 03:07:22,72,r/EngineeringStudents,0,2018-05-06 13:19:48,3,1,1,0
2018-05-06 03:07:22,72,r/EngineeringStudents,0,2018-05-06 13:24:22,4,2,1,0
2018-05-06 03:07:22,72,r/EngineeringStudents,0,2018-05-06 14:04:39,5,0,1,0
2018-05-06 03:07:22,72,r/EngineeringStudents,0,2018-05-06 14:10:57,5,1,1,0
2018-05-06 03:07:22,72,r/EngineeringStudents,0,2018-05-06 14:23:49,6,0,1,0
2018-05-06 03:07:22,72,r/EngineeringStudents,0,2018-05-06 14:31:11,3,1,1,0
2018-05-06 03:07:22,72,r/EngineeringStudents,0,2018-05-06 14:45:15,4,0,1,0
2018-05-06 03:07:22,72,r/EngineeringStudents,1,2018-05-06 04:30:20,0,19,1147,0
2018-05-06 03:07:22,72,r/EngineeringStudents,1,2018-05-06 04:42:22,1,13,895,0
2018-05-06 03:07:22,72,r/EngineeringStudents,1,2018-05-06 07:57:22,2,4,273,0
2018-05-06 03:07:22,72,r/EngineeringStudents,1,2018-05-06 08:19:31,3,0,138,0
2018-05-06 03:07:22,72,r/EngineeringStudents,1,2018-05-06 10:47:49,3,1,69,0
2018-05-06 03:07:22,72,r/EngineeringStudents,1,2018-05-06 13:02:55,4,1,19,0
2018-05-06 03:07:22,72,r/EngineeringStudents,1,2018-05-06 13:14:28,5,2,1,0
2018-05-06 03:07:22,72,r/EngineeringStudents,1,2018-05-06 13:25:59,6,0,1,0
2018-05-06 03:07:22,72,r/EngineeringStudents,1,2018-05-06 13:26:33,6,2,1,0
2018-05-06 03:07:22,72,r/EngineeringStudents,1,2018-05-06 13:32:28,7,0,1,0
2018-05-06 03:07:22,72,r/EngineeringStudents,1,2018-05-06 13:55:26,7,0,1,0
2018-05-06 03:07:22,72,r/EngineeringStudents,1,2018-05-06 10:20:11,3,0,6,0
2018-05-06 03:07:22,72,r/EngineeringStudents,1,2018-05-06 13:33:16,3,0,1,0
2018-05-06 03:07:22,72,r/EngineeringStudents,1,2018-05-06 06:09:51,2,1,42,0
2018-05-06 03:07:22,72,r/EngineeringStudents,1,2018-05-06 09:17:05,3,1,23,0
2018-05-06 03:07:22,72,r/EngineeringStudents,1,2018-05-06 09:28:53,4,0,6,0
2018-05-06 03:07:22,72,r/EngineeringStudents,1,2018-05-06 12:03:54,2,0,11,0
2018-05-06 03:07:22,72,r/EngineeringStudents,1,2018-05-06 09:58:50,2,0,9,0
2018-05-06 03:07:22,72,r/EngineeringStudents,1,2018-05-06 08:27:19,2,0,17,0
2018-05-06 03:07:22,72,r/EngineeringStudents,1,2018-05-06 09:09:24,2,2,5,0
2018-05-06 03:07:22,72,r/EngineeringStudents,1,2018-05-06 09:19:01,3,1,13,0
2018-05-06 03:07:22,72,r/EngineeringStudents,1,2018-05-06 09:35:16,4,1,3,0
2018-05-06 03:07:22,72,r/EngineeringStudents,1,2018-05-06 12:26:25,5,1,3,0
2018-05-06 03:07:22,72,r/EngineeringStudents,1,2018-05-06 12:59:57,6,1,2,0
2018-05-06 03:07:22,72,r/EngineeringStudents,1,2018-05-06 14:21:46,7,0,1,0
2018-05-06 03:07:22,72,r/EngineeringStudents,1,2018-05-06 12:02:17,3,0,3,0
2018-05-06 03:07:22,72,r/EngineeringStudents,1,2018-05-06 11:34:18,2,1,2,0
2018-05-06 03:07:22,72,r/EngineeringStudents,1,2018-05-06 12:27:07,3,0,2,0
2018-05-06 03:07:22,72,r/EngineeringStudents,1,2018-05-06 06:44:43,2,0,1,0
2018-05-06 03:07:22,72,r/EngineeringStudents,1,2018-05-06 10:58:38,2,0,1,0
2018-05-06 03:07:22,72,r/EngineeringStudents,1,2018-05-06 11:00:10,2,0,1,0
2018-05-06 03:07:22,72,r/EngineeringStudents,1,2018-05-06 13:02:38,2,0,1,0
2018-05-06 03:07:22,72,r/EngineeringStudents,1,2018-05-06 14:23:01,2,0,1,0
2018-05-06 03:07:22,72,r/EngineeringStudents,1,2018-05-06 14:34:58,2,0,1,0
2018-05-06 03:07:22,72,r/EngineeringStudents,1,2018-05-06 05:40:30,1,1,27,0
2018-05-06 03:07:22,72,r/EngineeringStudents,1,2018-05-06 09:55:02,2,0,21,0
2018-05-06 03:07:22,72,r/EngineeringStudents,1,2018-05-06 09:48:13,1,0,9,0
2018-05-06 03:07:22,72,r/EngineeringStudents,1,2018-05-06 12:37:39,1,1,4,0
2018-05-06 03:07:22,72,r/EngineeringStudents,1,2018-05-06 15:01:35,2,0,1,0
2018-05-06 03:07:22,72,r/EngineeringStudents,1,2018-05-06 12:34:05,1,4,20,0
2018-05-06 03:07:22,72,r/EngineeringStudents,1,2018-05-06 13:57:43,2,0,1,0
2018-05-06 03:07:22,72,r/EngineeringStudents,1,2018-05-06 14:39:53,2,0,1,0
2018-05-06 03:07:22,72,r/EngineeringStudents,1,2018-05-06 13:21:43,2,1,1,0
2018-05-06 03:07:22,72,r/EngineeringStudents,1,2018-05-06 14:25:31,3,0,1,0
2018-05-06 03:07:22,72,r/EngineeringStudents,1,2018-05-06 13:57:33,2,1,1,0
2018-05-06 03:07:22,72,r/EngineeringStudents,1,2018-05-06 14:18:45,3,0,1,0
2018-05-06 03:07:22,72,r/EngineeringStudents,1,2018-05-06 13:04:04,1,0,3,0
2018-05-06 03:07:22,72,r/EngineeringStudents,1,2018-05-06 11:09:46,1,1,9,0
2018-05-06 03:07:22,72,r/EngineeringStudents,1,2018-05-06 11:41:36,2,1,9,0
2018-05-06 03:07:22,72,r/EngineeringStudents,1,2018-05-06 11:49:55,3,1,2,0
2018-05-06 03:07:22,72,r/EngineeringStudents,1,2018-05-06 11:52:34,4,1,4,0
2018-05-06 03:07:22,72,r/EngineeringStudents,1,2018-05-06 12:37:18,5,1,2,0
2018-05-06 03:07:22,72,r/EngineeringStudents,1,2018-05-06 12:41:35,6,0,3,0
2018-05-06 03:07:22,72,r/EngineeringStudents,1,2018-05-06 07:30:33,1,0,7,0
2018-05-06 03:07:22,72,r/EngineeringStudents,1,2018-05-06 11:28:07,1,0,5,0
2018-05-06 03:07:22,72,r/EngineeringStudents,1,2018-05-06 13:30:43,1,1,1,0
2018-05-06 03:07:22,72,r/EngineeringStudents,1,2018-05-06 14:39:24,2,0,1,0
2018-05-06 03:07:22,72,r/EngineeringStudents,1,2018-05-06 09:28:53,1,0,2,0
2018-05-06 03:07:22,72,r/EngineeringStudents,1,2018-05-06 14:07:30,1,0,1,0
2018-05-06 03:07:22,72,r/EngineeringStudents,1,2018-05-06 10:47:33,1,0,4,0
2018-05-06 03:07:22,72,r/EngineeringStudents,1,2018-05-06 12:17:58,1,0,1,0
2018-05-06 03:07:22,72,r/EngineeringStudents,1,2018-05-06 12:42:52,1,0,1,0
2018-05-06 03:07:22,72,r/EngineeringStudents,1,2018-05-06 14:06:11,1,0,1,0
2018-05-06 03:07:22,72,r/EngineeringStudents,1,2018-05-06 10:44:20,1,0,1,0
2018-05-06 03:07:22,72,r/EngineeringStudents,1,2018-05-06 12:11:07,1,0,1,0
2018-05-06 03:07:22,72,r/EngineeringStudents,1,2018-05-06 08:15:40,1,1,1,0
2018-05-06 03:07:22,72,r/EngineeringStudents,1,2018-05-06 11:02:32,2,1,4,0
2018-05-06 03:07:22,72,r/EngineeringStudents,1,2018-05-06 11:48:21,3,0,5,0
2018-05-06 03:07:22,72,r/EngineeringStudents,2,2018-05-06 07:12:44,0,2,160,0
2018-05-06 03:07:22,72,r/EngineeringStudents,2,2018-05-06 07:20:45,1,1,50,0
2018-05-06 03:07:22,72,r/EngineeringStudents,2,2018-05-06 07:33:46,2,1,16,0
2018-05-06 03:07:22,72,r/EngineeringStudents,2,2018-05-06 11:58:26,3,2,3,0
2018-05-06 03:07:22,72,r/EngineeringStudents,2,2018-05-06 13:46:06,4,1,1,0
2018-05-06 03:07:22,72,r/EngineeringStudents,2,2018-05-06 14:58:57,5,0,1,0
2018-05-06 03:07:22,72,r/EngineeringStudents,2,2018-05-06 15:10:51,4,0,1,0
2018-05-06 03:07:22,72,r/EngineeringStudents,2,2018-05-06 09:52:44,1,0,1,0
2018-05-06 03:07:22,72,r/EngineeringStudents,3,2018-05-06 05:53:41,0,5,276,0
2018-05-06 03:07:22,72,r/EngineeringStudents,3,2018-05-06 11:58:15,1,0,19,0
2018-05-06 03:07:22,72,r/EngineeringStudents,3,2018-05-06 09:20:39,1,6,80,0
2018-05-06 03:07:22,72,r/EngineeringStudents,3,2018-05-06 09:28:04,2,1,149,0
2018-05-06 03:07:22,72,r/EngineeringStudents,3,2018-05-06 10:17:10,3,2,25,0
2018-05-06 03:07:22,72,r/EngineeringStudents,3,2018-05-06 10:53:49,4,2,18,0
2018-05-06 03:07:22,72,r/EngineeringStudents,3,2018-05-06 11:50:36,5,3,30,0
2018-05-06 03:07:22,72,r/EngineeringStudents,3,2018-05-06 15:09:32,6,0,1,0
2018-05-06 03:07:22,72,r/EngineeringStudents,3,2018-05-06 15:01:43,6,0,1,0
2018-05-06 03:07:22,72,r/EngineeringStudents,3,2018-05-06 13:48:58,6,0,1,0
2018-05-06 03:07:22,72,r/EngineeringStudents,3,2018-05-06 11:49:04,5,0,8,0
2018-05-06 03:07:22,72,r/EngineeringStudents,3,2018-05-06 13:31:44,4,1,1,0
2018-05-06 03:07:22,72,r/EngineeringStudents,3,2018-05-06 13:44:51,5,0,1,0
2018-05-06 03:07:22,72,r/EngineeringStudents,3,2018-05-06 09:32:04,2,0,3,0
2018-05-06 03:07:22,72,r/EngineeringStudents,3,2018-05-06 11:04:11,2,0,3,0
2018-05-06 03:07:22,72,r/EngineeringStudents,3,2018-05-06 12:41:12,2,2,2,0
2018-05-06 03:07:22,72,r/EngineeringStudents,3,2018-05-06 14:09:26,3,0,1,0
2018-05-06 03:07:22,72,r/EngineeringStudents,3,2018-05-06 14:19:23,3,0,1,0
2018-05-06 03:07:22,72,r/EngineeringStudents,3,2018-05-06 09:58:49,2,1,0,0
2018-05-06 03:07:22,72,r/EngineeringStudents,3,2018-05-06 10:17:39,3,0,7,0
2018-05-06 03:07:22,72,r/EngineeringStudents,3,2018-05-06 11:39:21,2,0,1,0
2018-05-06 03:07:22,72,r/EngineeringStudents,3,2018-05-06 13:25:15,1,0,1,0
2018-05-06 03:07:22,72,r/EngineeringStudents,3,2018-05-06 13:08:20,1,0,1,0
2018-05-06 03:07:22,72,r/EngineeringStudents,3,2018-05-06 06:18:49,1,8,-59,0
2018-05-06 03:07:22,72,r/EngineeringStudents,3,2018-05-06 06:39:33,2,0,72,0
2018-05-06 03:07:22,72,r/EngineeringStudents,3,2018-05-06 06:20:25,2,1,154,0
2018-05-06 03:07:22,72,r/EngineeringStudents,3,2018-05-06 09:47:01,3,1,2,0
2018-05-06 03:07:22,72,r/EngineeringStudents,3,2018-05-06 10:34:39,4,1,8,0
2018-05-06 03:07:22,72,r/EngineeringStudents,3,2018-05-06 10:45:25,5,1,1,0
2018-05-06 03:07:22,72,r/EngineeringStudents,3,2018-05-06 13:59:31,6,0,1,0
2018-05-06 03:07:22,72,r/EngineeringStudents,3,2018-05-06 06:42:22,2,0,15,0
2018-05-06 03:07:22,72,r/EngineeringStudents,3,2018-05-06 08:05:53,2,1,7,0
2018-05-06 03:07:22,72,r/EngineeringStudents,3,2018-05-06 12:47:59,3,0,1,0
2018-05-06 03:07:22,72,r/EngineeringStudents,3,2018-05-06 09:19:00,2,0,5,0
2018-05-06 03:07:22,72,r/EngineeringStudents,3,2018-05-06 07:00:46,2,0,3,0
2018-05-06 03:07:22,72,r/EngineeringStudents,3,2018-05-06 10:18:30,2,1,3,0
2018-05-06 03:07:22,72,r/EngineeringStudents,3,2018-05-06 12:49:17,3,0,1,0
2018-05-06 03:07:22,72,r/EngineeringStudents,3,2018-05-06 12:14:52,2,0,0,0
2018-05-06 03:07:22,72,r/EngineeringStudents,4,2018-05-06 09:37:13,0,0,33,0
2018-05-06 03:07:22,72,r/EngineeringStudents,5,2018-05-06 10:30:41,0,1,33,0
2018-05-06 03:07:22,72,r/EngineeringStudents,5,2018-05-06 11:56:25,1,0,5,0
2018-05-06 03:07:22,72,r/EngineeringStudents,6,2018-05-06 06:48:18,0,1,64,0
2018-05-06 03:07:22,72,r/EngineeringStudents,6,2018-05-06 14:10:54,1,0,1,0
2018-05-06 03:07:22,72,r/EngineeringStudents,7,2018-05-06 07:43:28,0,0,37,0
2018-05-06 03:07:22,72,r/EngineeringStudents,8,2018-05-06 10:26:42,0,0,30,0
2018-05-06 03:07:22,72,r/EngineeringStudents,9,2018-05-06 09:36:20,0,0,14,0
2018-05-06 03:07:22,72,r/EngineeringStudents,10,2018-05-06 10:36:21,0,0,7,0
2018-05-06 03:07:22,72,r/EngineeringStudents,11,2018-05-06 12:11:53,0,1,3,0
2018-05-06 03:07:22,72,r/EngineeringStudents,11,2018-05-06 14:39:13,1,0,1,0
2018-05-06 03:07:22,72,r/EngineeringStudents,12,2018-05-06 12:35:27,0,1,4,0
2018-05-06 03:07:22,72,r/EngineeringStudents,12,2018-05-06 13:32:09,1,0,1,0
2018-05-06 03:07:22,72,r/EngineeringStudents,13,2018-05-06 14:05:29,0,0,1,0
2018-05-06 03:07:22,72,r/EngineeringStudents,14,2018-05-06 11:31:48,0,2,6,0
2018-05-06 03:07:22,72,r/EngineeringStudents,14,2018-05-06 12:02:11,1,0,15,0
2018-05-06 03:07:22,72,r/EngineeringStudents,14,2018-05-06 12:56:07,1,0,5,0
2018-05-06 03:07:22,72,r/EngineeringStudents,15,2018-05-06 10:35:25,0,0,3,0
2018-05-06 03:07:22,72,r/EngineeringStudents,16,2018-05-06 12:12:06,0,4,3,0
2018-05-06 03:07:22,72,r/EngineeringStudents,16,2018-05-06 12:37:16,1,1,5,0
2018-05-06 03:07:22,72,r/EngineeringStudents,16,2018-05-06 13:12:53,2,3,1,0
2018-05-06 03:07:22,72,r/EngineeringStudents,16,2018-05-06 13:53:14,3,0,1,0
2018-05-06 03:07:22,72,r/EngineeringStudents,16,2018-05-06 14:01:39,3,0,1,0
2018-05-06 03:07:22,72,r/EngineeringStudents,16,2018-05-06 14:15:54,3,0,1,0
2018-05-06 03:07:22,72,r/EngineeringStudents,16,2018-05-06 14:14:29,1,0,1,0
2018-05-06 03:07:22,72,r/EngineeringStudents,16,2018-05-06 14:48:03,1,0,1,0
2018-05-06 03:07:22,72,r/EngineeringStudents,16,2018-05-06 14:05:17,1,0,1,0
2018-05-06 03:07:22,72,r/EngineeringStudents,17,2018-05-06 11:18:13,0,0,1,0
2018-05-06 03:07:22,72,r/EngineeringStudents,18,2018-05-06 11:45:24,0,1,1,0
2018-05-06 03:07:22,72,r/EngineeringStudents,18,2018-05-06 12:13:40,1,0,1,0
2018-05-06 03:07:22,72,r/EngineeringStudents,19,2018-05-06 12:18:10,0,0,1,0
2018-05-06 03:07:22,72,r/EngineeringStudents,20,2018-05-06 14:02:00,0,0,1,0
2018-05-06 03:07:22,72,r/EngineeringStudents,21,2018-05-06 14:07:50,0,0,1,0
2018-05-06 03:07:22,72,r/EngineeringStudents,22,2018-05-06 14:22:13,0,0,1,0
2018-05-06 03:07:22,72,r/EngineeringStudents,23,2018-05-06 14:58:41,0,0,1,0
2018-05-06 03:07:22,72,r/EngineeringStudents,24,2018-05-06 15:07:32,0,0,1,0
2018-05-06 03:07:22,72,r/EngineeringStudents,25,2018-05-06 12:56:30,0,0,1,0
2018-05-06 03:07:22,72,r/EngineeringStudents,26,2018-05-06 12:14:41,0,3,-4,0
2018-05-06 03:07:22,72,r/EngineeringStudents,26,2018-05-06 13:51:50,1,0,1,0
2018-05-06 03:07:22,72,r/EngineeringStudents,26,2018-05-06 13:16:39,1,1,1,0
2018-05-06 03:07:22,72,r/EngineeringStudents,26,2018-05-06 13:26:47,2,1,1,0
2018-05-06 03:07:22,72,r/EngineeringStudents,26,2018-05-06 13:51:24,3,0,1,0
2018-05-06 03:07:22,72,r/EngineeringStudents,26,2018-05-06 14:16:36,1,1,1,0
2018-05-06 03:07:22,72,r/EngineeringStudents,26,2018-05-06 14:16:42,2,0,1,0
2018-05-06 03:07:22,72,r/EngineeringStudents,27,2018-05-06 11:13:46,0,0,0,0
2018-05-06 03:07:22,72,r/EngineeringStudents,28,2018-05-06 05:34:04,0,0,-11,0
2018-05-06 05:13:14,73,r/DeepFriedMemes,0,2018-05-06 05:30:46,0,1,490,0
2018-05-06 05:13:14,73,r/DeepFriedMemes,0,2018-05-06 07:39:28,1,1,89,0
2018-05-06 05:13:14,73,r/DeepFriedMemes,0,2018-05-06 11:14:40,2,2,-33,0
2018-05-06 05:13:14,73,r/DeepFriedMemes,0,2018-05-06 13:42:00,3,1,10,0
2018-05-06 05:13:14,73,r/DeepFriedMemes,0,2018-05-06 13:44:00,4,1,4,0
2018-05-06 05:13:14,73,r/DeepFriedMemes,0,2018-05-06 14:02:53,5,0,1,0
2018-05-06 05:13:14,73,r/DeepFriedMemes,0,2018-05-06 14:20:57,3,0,1,0
2018-05-06 05:13:14,73,r/DeepFriedMemes,1,2018-05-06 05:37:21,0,0,172,0
2018-05-06 05:13:14,73,r/DeepFriedMemes,2,2018-05-06 09:50:06,0,1,149,0
2018-05-06 05:13:14,73,r/DeepFriedMemes,2,2018-05-06 12:44:38,1,1,30,0
2018-05-06 05:13:14,73,r/DeepFriedMemes,2,2018-05-06 13:26:45,2,0,13,0
2018-05-06 05:13:14,73,r/DeepFriedMemes,3,2018-05-06 10:15:57,0,2,80,0
2018-05-06 05:13:14,73,r/DeepFriedMemes,3,2018-05-06 11:09:08,1,1,36,0
2018-05-06 05:13:14,73,r/DeepFriedMemes,3,2018-05-06 11:24:19,2,1,24,0
2018-05-06 05:13:14,73,r/DeepFriedMemes,3,2018-05-06 11:29:05,3,2,21,0
2018-05-06 05:13:14,73,r/DeepFriedMemes,3,2018-05-06 11:33:05,4,0,31,0
2018-05-06 05:13:14,73,r/DeepFriedMemes,3,2018-05-06 11:41:46,4,1,6,0
2018-05-06 05:13:14,73,r/DeepFriedMemes,3,2018-05-06 11:43:28,5,0,5,0
2018-05-06 05:13:14,73,r/DeepFriedMemes,3,2018-05-06 11:40:49,1,0,-5,0
2018-05-06 05:13:14,73,r/DeepFriedMemes,4,2018-05-06 12:42:48,0,0,51,0
2018-05-06 05:13:14,73,r/DeepFriedMemes,5,2018-05-06 10:24:54,0,4,23,0
2018-05-06 05:13:14,73,r/DeepFriedMemes,5,2018-05-06 11:07:51,1,0,6,0
2018-05-06 05:13:14,73,r/DeepFriedMemes,5,2018-05-06 12:05:01,1,0,3,0
2018-05-06 05:13:14,73,r/DeepFriedMemes,5,2018-05-06 14:08:43,1,0,3,0
2018-05-06 05:13:14,73,r/DeepFriedMemes,5,2018-05-06 14:10:27,1,0,2,0
2018-05-06 05:13:14,73,r/DeepFriedMemes,6,2018-05-06 10:55:18,0,1,122,0
2018-05-06 05:13:14,73,r/DeepFriedMemes,6,2018-05-06 11:58:41,1,1,-35,0
2018-05-06 05:13:14,73,r/DeepFriedMemes,6,2018-05-06 12:50:44,2,1,15,0
2018-05-06 05:13:14,73,r/DeepFriedMemes,6,2018-05-06 13:05:21,3,2,13,0
2018-05-06 05:13:14,73,r/DeepFriedMemes,6,2018-05-06 14:29:07,4,0,2,0
2018-05-06 05:13:14,73,r/DeepFriedMemes,6,2018-05-06 14:55:24,4,0,1,0
2018-05-06 05:13:14,73,r/DeepFriedMemes,7,2018-05-06 12:04:19,0,0,7,0
2018-05-06 05:13:14,73,r/DeepFriedMemes,8,2018-05-06 09:55:13,0,0,14,0
2018-05-06 05:13:14,73,r/DeepFriedMemes,9,2018-05-06 12:42:58,0,0,10,0
2018-05-06 05:13:14,73,r/DeepFriedMemes,10,2018-05-06 10:31:31,0,0,2,0
2018-05-06 05:13:14,73,r/DeepFriedMemes,11,2018-05-06 12:11:13,0,0,6,0
2018-05-06 05:13:14,73,r/DeepFriedMemes,12,2018-05-06 12:35:52,0,0,3,0
2018-05-06 05:13:14,73,r/DeepFriedMemes,13,2018-05-06 12:30:12,0,0,2,0
2018-05-06 05:13:14,73,r/DeepFriedMemes,14,2018-05-06 13:01:29,0,1,2,0
2018-05-06 05:13:14,73,r/DeepFriedMemes,14,2018-05-06 13:01:35,1,1,4,0
2018-05-06 05:13:14,73,r/DeepFriedMemes,14,2018-05-06 13:17:40,2,0,2,0
2018-05-06 05:13:14,73,r/DeepFriedMemes,15,2018-05-06 13:07:40,0,0,2,0
2018-05-06 05:13:14,73,r/DeepFriedMemes,16,2018-05-06 12:41:36,0,1,3,0
2018-05-06 05:13:14,73,r/DeepFriedMemes,16,2018-05-06 14:09:20,1,1,1,0
2018-05-06 05:13:14,73,r/DeepFriedMemes,16,2018-05-06 14:10:34,2,1,4,0
2018-05-06 05:13:14,73,r/DeepFriedMemes,16,2018-05-06 14:52:17,3,0,2,0
2018-05-06 05:13:14,73,r/DeepFriedMemes,17,2018-05-06 12:42:34,0,0,2,0
2018-05-06 05:13:14,73,r/DeepFriedMemes,18,2018-05-06 11:06:46,0,0,1,0
2018-05-06 05:13:14,73,r/DeepFriedMemes,19,2018-05-06 12:33:27,0,0,1,0
2018-05-06 05:13:14,73,r/DeepFriedMemes,20,2018-05-06 13:38:34,0,0,1,0
2018-05-06 05:13:14,73,r/DeepFriedMemes,21,2018-05-06 13:42:56,0,0,1,0
2018-05-06 05:13:14,73,r/DeepFriedMemes,22,2018-05-06 14:02:32,0,0,1,0
2018-05-06 05:13:14,73,r/DeepFriedMemes,23,2018-05-06 14:20:38,0,0,1,0
2018-05-06 05:13:14,73,r/DeepFriedMemes,24,2018-05-06 14:21:29,0,1,1,0
2018-05-06 05:13:14,73,r/DeepFriedMemes,24,2018-05-06 14:21:37,1,0,2,0
2018-05-06 05:13:14,73,r/DeepFriedMemes,25,2018-05-06 14:24:09,0,0,1,0
2018-05-06 05:13:14,73,r/DeepFriedMemes,26,2018-05-06 14:26:54,0,0,1,0
2018-05-06 05:13:14,73,r/DeepFriedMemes,27,2018-05-06 14:32:09,0,0,2,0
2018-05-06 05:13:14,73,r/DeepFriedMemes,28,2018-05-06 14:46:11,0,0,1,0
2018-05-06 05:13:14,73,r/DeepFriedMemes,29,2018-05-06 15:02:11,0,0,1,0
2018-05-06 05:13:14,73,r/DeepFriedMemes,30,2018-05-06 15:04:19,0,0,1,0
2018-05-06 05:13:14,73,r/DeepFriedMemes,31,2018-05-06 12:56:13,0,0,1,0
2018-05-06 05:13:14,73,r/DeepFriedMemes,32,2018-05-06 12:49:15,0,0,1,0
2018-05-06 05:13:14,73,r/DeepFriedMemes,33,2018-05-06 13:29:44,0,0,1,0
2018-05-06 05:13:14,73,r/DeepFriedMemes,34,2018-05-06 10:52:23,0,0,-10,0
2018-05-06 05:13:14,73,r/DeepFriedMemes,35,2018-05-06 11:19:46,0,0,-11,0
2018-05-06 05:13:14,73,r/DeepFriedMemes,36,2018-05-06 12:20:18,0,0,-9,0
2018-05-06 05:13:14,73,r/DeepFriedMemes,37,2018-05-06 12:23:28,0,4,-36,0
2018-05-06 05:13:14,73,r/DeepFriedMemes,37,2018-05-06 13:36:50,1,0,19,0
2018-05-06 05:13:14,73,r/DeepFriedMemes,37,2018-05-06 12:33:26,1,1,20,0
2018-05-06 05:13:14,73,r/DeepFriedMemes,37,2018-05-06 12:33:31,2,1,6,0
2018-05-06 05:13:14,73,r/DeepFriedMemes,37,2018-05-06 12:34:14,3,0,15,0
2018-05-06 05:13:14,73,r/DeepFriedMemes,37,2018-05-06 14:54:59,1,0,1,0
2018-05-06 05:13:14,73,r/DeepFriedMemes,37,2018-05-06 14:17:28,1,0,1,0
2018-05-06 05:13:14,73,r/DeepFriedMemes,38,2018-05-06 12:26:52,0,1,-19,0
2018-05-06 05:13:14,73,r/DeepFriedMemes,38,2018-05-06 13:46:58,1,0,3,0
2018-05-06 03:02:26,74,r/LifeProTips,0,2018-05-06 04:12:54,0,20,5418,0
2018-05-06 03:02:26,74,r/LifeProTips,0,2018-05-06 06:26:37,1,3,662,0
2018-05-06 03:02:26,74,r/LifeProTips,0,2018-05-06 10:49:05,2,3,1,0
2018-05-06 03:02:26,74,r/LifeProTips,0,2018-05-06 12:05:09,3,2,1,0
2018-05-06 03:02:26,74,r/LifeProTips,0,2018-05-06 14:54:53,4,0,1,0
2018-05-06 03:02:26,74,r/LifeProTips,0,2018-05-06 15:02:18,4,0,1,0
2018-05-06 03:02:26,74,r/LifeProTips,0,2018-05-06 13:09:47,3,2,1,0
2018-05-06 03:02:26,74,r/LifeProTips,0,2018-05-06 13:22:54,4,2,1,0
2018-05-06 03:02:26,74,r/LifeProTips,0,2018-05-06 14:38:20,5,0,1,0
2018-05-06 03:02:26,74,r/LifeProTips,0,2018-05-06 14:57:14,5,0,1,0
2018-05-06 03:02:26,74,r/LifeProTips,0,2018-05-06 13:20:23,2,0,1,0
2018-05-06 03:02:26,74,r/LifeProTips,0,2018-05-06 13:22:17,2,0,1,0
2018-05-06 03:02:26,74,r/LifeProTips,0,2018-05-06 05:18:13,1,8,933,0
2018-05-06 03:02:26,74,r/LifeProTips,0,2018-05-06 06:46:56,2,3,201,0
2018-05-06 03:02:26,74,r/LifeProTips,0,2018-05-06 07:25:11,3,5,1,0
2018-05-06 03:02:26,74,r/LifeProTips,0,2018-05-06 07:27:09,4,1,1,0
2018-05-06 03:02:26,74,r/LifeProTips,0,2018-05-06 08:04:47,4,3,1,0
2018-05-06 03:02:26,74,r/LifeProTips,0,2018-05-06 09:34:48,5,1,1,0
2018-05-06 03:02:26,74,r/LifeProTips,0,2018-05-06 12:26:24,6,0,1,0
2018-05-06 03:02:26,74,r/LifeProTips,0,2018-05-06 08:45:45,5,1,1,0
2018-05-06 03:02:26,74,r/LifeProTips,0,2018-05-06 11:03:19,6,1,1,0
2018-05-06 03:02:26,74,r/LifeProTips,0,2018-05-06 08:23:28,4,1,1,0
2018-05-06 03:02:26,74,r/LifeProTips,0,2018-05-06 13:33:04,5,0,1,0
2018-05-06 03:02:26,74,r/LifeProTips,0,2018-05-06 12:15:47,4,0,1,0
2018-05-06 03:02:26,74,r/LifeProTips,0,2018-05-06 07:29:53,4,2,1,0
2018-05-06 03:02:26,74,r/LifeProTips,0,2018-05-06 07:36:59,5,2,1,0
2018-05-06 03:02:26,74,r/LifeProTips,0,2018-05-06 08:04:55,6,0,1,0
2018-05-06 03:02:26,74,r/LifeProTips,0,2018-05-06 07:55:43,5,2,1,0
2018-05-06 03:02:26,74,r/LifeProTips,0,2018-05-06 08:27:23,6,0,1,0
2018-05-06 03:02:26,74,r/LifeProTips,0,2018-05-06 08:17:27,6,1,1,0
2018-05-06 03:02:26,74,r/LifeProTips,0,2018-05-06 09:42:05,7,0,1,0
2018-05-06 03:02:26,74,r/LifeProTips,0,2018-05-06 09:15:04,3,0,1,0
2018-05-06 03:02:26,74,r/LifeProTips,0,2018-05-06 06:51:13,2,0,52,0
2018-05-06 03:02:26,74,r/LifeProTips,0,2018-05-06 07:41:56,2,2,1,0
2018-05-06 03:02:26,74,r/LifeProTips,0,2018-05-06 08:00:59,3,2,1,0
2018-05-06 03:02:26,74,r/LifeProTips,0,2018-05-06 08:10:02,4,0,1,0
2018-05-06 03:02:26,74,r/LifeProTips,0,2018-05-06 09:10:16,3,1,1,0
2018-05-06 03:02:26,74,r/LifeProTips,0,2018-05-06 10:13:28,4,0,1,0
2018-05-06 03:02:26,74,r/LifeProTips,0,2018-05-06 10:59:40,2,0,1,0
2018-05-06 03:02:26,74,r/LifeProTips,0,2018-05-06 08:52:37,2,0,1,0
2018-05-06 03:02:26,74,r/LifeProTips,0,2018-05-06 10:44:54,2,0,1,0
2018-05-06 03:02:26,74,r/LifeProTips,0,2018-05-06 10:50:47,2,0,1,0
2018-05-06 03:02:26,74,r/LifeProTips,0,2018-05-06 07:04:32,1,1,94,0
2018-05-06 03:02:26,74,r/LifeProTips,0,2018-05-06 08:12:48,2,1,1,0
2018-05-06 03:02:26,74,r/LifeProTips,0,2018-05-06 11:50:33,3,1,1,0
2018-05-06 03:02:26,74,r/LifeProTips,0,2018-05-06 13:00:14,4,0,1,0
2018-05-06 03:02:26,74,r/LifeProTips,0,2018-05-06 07:46:00,1,1,1,0
2018-05-06 03:02:26,74,r/LifeProTips,0,2018-05-06 14:10:16,2,0,1,0
2018-05-06 03:02:26,74,r/LifeProTips,0,2018-05-06 05:44:52,1,4,128,0
2018-05-06 03:02:26,74,r/LifeProTips,0,2018-05-06 06:20:22,2,1,49,0
2018-05-06 03:02:26,74,r/LifeProTips,0,2018-05-06 06:24:10,3,5,153,0
2018-05-06 03:02:26,74,r/LifeProTips,0,2018-05-06 06:48:45,4,1,86,0
2018-05-06 03:02:26,74,r/LifeProTips,0,2018-05-06 06:51:36,5,7,42,0
2018-05-06 03:02:26,74,r/LifeProTips,0,2018-05-06 06:55:17,6,1,67,0
2018-05-06 03:02:26,74,r/LifeProTips,0,2018-05-06 07:12:58,7,3,1,0
2018-05-06 03:02:26,74,r/LifeProTips,0,2018-05-06 07:16:09,8,3,1,0
2018-05-06 03:02:26,74,r/LifeProTips,0,2018-05-06 07:32:42,9,1,1,0
2018-05-06 03:02:26,74,r/LifeProTips,0,2018-05-06 09:18:06,9,0,1,0
2018-05-06 03:02:26,74,r/LifeProTips,0,2018-05-06 07:18:16,8,0,1,0
2018-05-06 03:02:26,74,r/LifeProTips,0,2018-05-06 08:15:37,8,0,1,0
2018-05-06 03:02:26,74,r/LifeProTips,0,2018-05-06 07:41:03,6,2,1,0
2018-05-06 03:02:26,74,r/LifeProTips,0,2018-05-06 07:43:01,7,1,1,0
2018-05-06 03:02:26,74,r/LifeProTips,0,2018-05-06 14:06:32,7,0,1,0
2018-05-06 03:02:26,74,r/LifeProTips,0,2018-05-06 09:43:32,6,0,1,0
2018-05-06 03:02:26,74,r/LifeProTips,0,2018-05-06 11:58:20,6,0,1,0
2018-05-06 03:02:26,74,r/LifeProTips,0,2018-05-06 13:00:43,6,0,1,0
2018-05-06 03:02:26,74,r/LifeProTips,0,2018-05-06 08:29:22,6,1,1,0
2018-05-06 03:02:26,74,r/LifeProTips,0,2018-05-06 08:38:59,7,1,1,0
2018-05-06 03:02:26,74,r/LifeProTips,0,2018-05-06 08:40:29,8,1,1,0
2018-05-06 03:02:26,74,r/LifeProTips,0,2018-05-06 07:06:37,4,1,30,0
2018-05-06 03:02:26,74,r/LifeProTips,0,2018-05-06 11:10:28,5,0,1,0
2018-05-06 03:02:26,74,r/LifeProTips,0,2018-05-06 07:43:21,4,1,1,0
2018-05-06 03:02:26,74,r/LifeProTips,0,2018-05-06 08:09:34,4,0,1,0
2018-05-06 03:02:26,74,r/LifeProTips,0,2018-05-06 07:27:35,2,0,1,0
2018-05-06 03:02:26,74,r/LifeProTips,0,2018-05-06 08:47:22,2,1,1,0
2018-05-06 03:02:26,74,r/LifeProTips,0,2018-05-06 12:56:21,3,0,1,0
2018-05-06 03:02:26,74,r/LifeProTips,0,2018-05-06 06:58:39,1,2,14,0
2018-05-06 03:02:26,74,r/LifeProTips,0,2018-05-06 07:49:26,2,0,1,0
2018-05-06 03:02:26,74,r/LifeProTips,0,2018-05-06 09:40:56,2,1,1,0
2018-05-06 03:02:26,74,r/LifeProTips,0,2018-05-06 09:42:33,3,0,1,0
2018-05-06 03:02:26,74,r/LifeProTips,0,2018-05-06 07:03:44,1,0,26,0
2018-05-06 03:02:26,74,r/LifeProTips,0,2018-05-06 07:36:02,1,0,1,0
2018-05-06 03:02:26,74,r/LifeProTips,0,2018-05-06 07:19:00,1,1,1,0
2018-05-06 03:02:26,74,r/LifeProTips,0,2018-05-06 07:46:11,2,1,1,0
2018-05-06 03:02:26,74,r/LifeProTips,0,2018-05-06 09:17:48,3,3,1,0
2018-05-06 03:02:26,74,r/LifeProTips,0,2018-05-06 12:49:27,4,1,1,0
2018-05-06 03:02:26,74,r/LifeProTips,0,2018-05-06 12:56:16,5,0,1,0
2018-05-06 03:02:26,74,r/LifeProTips,0,2018-05-06 10:56:19,4,0,1,0
2018-05-06 03:02:26,74,r/LifeProTips,0,2018-05-06 13:13:35,4,0,1,0
2018-05-06 03:02:26,74,r/LifeProTips,0,2018-05-06 07:04:23,1,0,2,0
2018-05-06 03:02:26,74,r/LifeProTips,0,2018-05-06 10:46:37,1,0,1,0
2018-05-06 03:02:26,74,r/LifeProTips,0,2018-05-06 11:53:38,1,0,1,0
2018-05-06 03:02:26,74,r/LifeProTips,0,2018-05-06 08:25:28,1,2,1,0
2018-05-06 03:02:26,74,r/LifeProTips,0,2018-05-06 11:18:17,2,0,1,0
2018-05-06 03:02:26,74,r/LifeProTips,0,2018-05-06 07:55:50,1,0,1,0
2018-05-06 03:02:26,74,r/LifeProTips,0,2018-05-06 08:20:07,1,0,1,0
2018-05-06 03:02:26,74,r/LifeProTips,0,2018-05-06 09:01:11,1,0,1,0
2018-05-06 03:02:26,74,r/LifeProTips,0,2018-05-06 09:38:26,1,0,1,0
2018-05-06 03:02:26,74,r/LifeProTips,0,2018-05-06 09:42:23,1,0,1,0
2018-05-06 03:02:26,74,r/LifeProTips,0,2018-05-06 10:07:09,1,0,1,0
2018-05-06 03:02:26,74,r/LifeProTips,1,2018-05-06 04:51:42,0,11,2509,0
2018-05-06 03:02:26,74,r/LifeProTips,1,2018-05-06 05:43:54,1,5,1580,0
2018-05-06 03:02:26,74,r/LifeProTips,1,2018-05-06 06:19:22,2,2,598,0
2018-05-06 03:02:26,74,r/LifeProTips,1,2018-05-06 06:22:08,3,3,401,0
2018-05-06 03:02:26,74,r/LifeProTips,1,2018-05-06 08:00:31,4,2,1,0
2018-05-06 03:02:26,74,r/LifeProTips,1,2018-05-06 12:32:04,5,2,1,0
2018-05-06 03:02:26,74,r/LifeProTips,1,2018-05-06 13:20:11,6,3,1,0
2018-05-06 03:02:26,74,r/LifeProTips,1,2018-05-06 13:50:50,7,0,1,0
2018-05-06 03:02:26,74,r/LifeProTips,1,2018-05-06 14:19:41,7,0,1,0
2018-05-06 03:02:26,74,r/LifeProTips,1,2018-05-06 08:16:24,5,2,1,0
2018-05-06 03:02:26,74,r/LifeProTips,1,2018-05-06 10:27:32,6,0,1,0
2018-05-06 03:02:26,74,r/LifeProTips,1,2018-05-06 08:19:31,6,3,1,0
2018-05-06 03:02:26,74,r/LifeProTips,1,2018-05-06 12:38:06,7,0,1,0
2018-05-06 03:02:26,74,r/LifeProTips,1,2018-05-06 11:19:56,7,1,1,0
2018-05-06 03:02:26,74,r/LifeProTips,1,2018-05-06 12:21:48,8,0,1,0
2018-05-06 03:02:26,74,r/LifeProTips,1,2018-05-06 07:29:19,4,2,1,0
2018-05-06 03:02:26,74,r/LifeProTips,1,2018-05-06 07:43:20,5,2,1,0
2018-05-06 03:02:26,74,r/LifeProTips,1,2018-05-06 07:56:53,6,2,1,0
2018-05-06 03:02:26,74,r/LifeProTips,1,2018-05-06 08:44:06,7,1,1,0
2018-05-06 03:02:26,74,r/LifeProTips,1,2018-05-06 10:44:18,8,0,1,0
2018-05-06 03:02:26,74,r/LifeProTips,1,2018-05-06 07:58:07,6,0,1,0
2018-05-06 03:02:26,74,r/LifeProTips,1,2018-05-06 11:48:31,4,0,1,0
2018-05-06 03:02:26,74,r/LifeProTips,1,2018-05-06 07:45:14,2,3,1,0
2018-05-06 03:02:26,74,r/LifeProTips,1,2018-05-06 08:00:22,3,1,1,0
2018-05-06 03:02:26,74,r/LifeProTips,1,2018-05-06 10:42:54,4,1,1,0
2018-05-06 03:02:26,74,r/LifeProTips,1,2018-05-06 13:09:11,5,1,1,0
2018-05-06 03:02:26,74,r/LifeProTips,1,2018-05-06 12:02:51,3,0,1,0
2018-05-06 03:02:26,74,r/LifeProTips,1,2018-05-06 08:38:41,2,2,1,0
2018-05-06 03:02:26,74,r/LifeProTips,1,2018-05-06 10:39:05,3,0,1,0
2018-05-06 03:02:26,74,r/LifeProTips,1,2018-05-06 07:59:21,2,1,1,0
2018-05-06 03:02:26,74,r/LifeProTips,1,2018-05-06 06:06:44,1,1,69,0
2018-05-06 03:02:26,74,r/LifeProTips,1,2018-05-06 07:43:39,2,0,1,0
2018-05-06 03:02:26,74,r/LifeProTips,1,2018-05-06 05:25:18,1,4,130,0
2018-05-06 03:02:26,74,r/LifeProTips,1,2018-05-06 05:32:47,2,2,118,0
2018-05-06 03:02:26,74,r/LifeProTips,1,2018-05-06 07:41:36,3,0,1,0
2018-05-06 03:02:26,74,r/LifeProTips,1,2018-05-06 10:30:24,3,0,1,0
2018-05-06 03:02:26,74,r/LifeProTips,1,2018-05-06 05:31:59,2,2,43,0
2018-05-06 03:02:26,74,r/LifeProTips,1,2018-05-06 07:00:49,3,2,19,0
2018-05-06 03:02:26,74,r/LifeProTips,1,2018-05-06 07:18:00,4,0,1,0
2018-05-06 03:02:26,74,r/LifeProTips,1,2018-05-06 07:36:32,4,0,1,0
2018-05-06 03:02:26,74,r/LifeProTips,1,2018-05-06 05:56:42,2,1,5,0
2018-05-06 03:02:26,74,r/LifeProTips,1,2018-05-06 07:16:45,2,0,1,0
2018-05-06 03:02:26,74,r/LifeProTips,1,2018-05-06 06:43:13,1,2,45,0
2018-05-06 03:02:26,74,r/LifeProTips,1,2018-05-06 10:10:27,2,2,1,0
2018-05-06 03:02:26,74,r/LifeProTips,1,2018-05-06 10:30:13,3,1,1,0
2018-05-06 03:02:26,74,r/LifeProTips,1,2018-05-06 13:03:24,4,0,1,0
2018-05-06 03:02:26,74,r/LifeProTips,1,2018-05-06 11:27:23,2,0,1,0
2018-05-06 03:02:26,74,r/LifeProTips,1,2018-05-06 09:03:17,1,2,1,0
2018-05-06 03:02:26,74,r/LifeProTips,1,2018-05-06 12:01:03,2,0,1,0
2018-05-06 03:02:26,74,r/LifeProTips,1,2018-05-06 05:12:14,1,0,36,0
2018-05-06 03:02:26,74,r/LifeProTips,1,2018-05-06 06:23:36,1,4,14,0
2018-05-06 03:02:26,74,r/LifeProTips,1,2018-05-06 07:42:58,2,2,1,0
2018-05-06 03:02:26,74,r/LifeProTips,1,2018-05-06 13:09:48,3,1,1,0
2018-05-06 03:02:26,74,r/LifeProTips,1,2018-05-06 13:43:31,4,0,1,0
2018-05-06 03:02:26,74,r/LifeProTips,1,2018-05-06 10:32:08,3,2,1,0
2018-05-06 03:02:26,74,r/LifeProTips,1,2018-05-06 10:53:55,4,1,1,0
2018-05-06 03:02:26,74,r/LifeProTips,1,2018-05-06 10:59:16,5,1,1,0
2018-05-06 03:02:26,74,r/LifeProTips,1,2018-05-06 11:04:37,6,0,1,0
2018-05-06 03:02:26,74,r/LifeProTips,1,2018-05-06 10:34:21,4,0,1,0
2018-05-06 03:02:26,74,r/LifeProTips,1,2018-05-06 06:29:04,2,0,28,0
2018-05-06 03:02:26,74,r/LifeProTips,1,2018-05-06 06:29:34,2,0,4,0
2018-05-06 03:02:26,74,r/LifeProTips,1,2018-05-06 10:07:20,1,0,1,0
2018-05-06 03:02:26,74,r/LifeProTips,1,2018-05-06 10:29:54,1,1,1,0
2018-05-06 03:02:26,74,r/LifeProTips,1,2018-05-06 10:30:43,1,0,1,0
2018-05-06 03:02:26,74,r/LifeProTips,2,2018-05-06 03:32:16,0,15,1452,0
2018-05-06 03:02:26,74,r/LifeProTips,2,2018-05-06 03:47:52,1,2,527,0
2018-05-06 03:02:26,74,r/LifeProTips,2,2018-05-06 05:01:38,2,6,417,0
2018-05-06 03:02:26,74,r/LifeProTips,2,2018-05-06 05:07:54,3,4,158,0
2018-05-06 03:02:26,74,r/LifeProTips,2,2018-05-06 05:24:48,4,2,67,0
2018-05-06 03:02:26,74,r/LifeProTips,2,2018-05-06 05:46:21,5,2,78,0
2018-05-06 03:02:26,74,r/LifeProTips,2,2018-05-06 05:51:26,6,2,51,0
2018-05-06 03:02:26,74,r/LifeProTips,2,2018-05-06 06:43:08,7,1,37,0
2018-05-06 03:02:26,74,r/LifeProTips,2,2018-05-06 11:21:07,8,0,1,0
2018-05-06 03:02:26,74,r/LifeProTips,2,2018-05-06 06:25:13,6,1,9,0
2018-05-06 03:02:26,74,r/LifeProTips,2,2018-05-06 07:09:24,7,0,6,0
2018-05-06 03:02:26,74,r/LifeProTips,2,2018-05-06 10:27:04,5,0,1,0
2018-05-06 03:02:26,74,r/LifeProTips,2,2018-05-06 08:22:30,4,0,1,0
2018-05-06 03:02:26,74,r/LifeProTips,2,2018-05-06 05:24:31,4,0,12,0
2018-05-06 03:02:26,74,r/LifeProTips,2,2018-05-06 12:00:30,4,1,1,0
2018-05-06 03:02:26,74,r/LifeProTips,2,2018-05-06 06:56:09,3,0,11,0
2018-05-06 03:02:26,74,r/LifeProTips,2,2018-05-06 06:47:17,3,0,7,0
2018-05-06 03:02:26,74,r/LifeProTips,2,2018-05-06 08:39:45,3,0,1,0
2018-05-06 03:02:26,74,r/LifeProTips,2,2018-05-06 10:17:55,3,0,1,0
2018-05-06 03:02:26,74,r/LifeProTips,2,2018-05-06 11:02:50,2,0,1,0
2018-05-06 03:02:26,74,r/LifeProTips,2,2018-05-06 05:58:35,1,0,108,0
2018-05-06 03:02:26,74,r/LifeProTips,2,2018-05-06 06:51:39,1,0,38,0
2018-05-06 03:02:26,74,r/LifeProTips,2,2018-05-06 07:06:26,1,0,18,0
2018-05-06 03:02:26,74,r/LifeProTips,2,2018-05-06 05:39:39,1,2,47,0
2018-05-06 03:02:26,74,r/LifeProTips,2,2018-05-06 07:19:29,2,0,1,0
2018-05-06 03:02:26,74,r/LifeProTips,2,2018-05-06 14:01:38,2,0,1,0
2018-05-06 03:02:26,74,r/LifeProTips,2,2018-05-06 05:59:34,1,0,64,0
2018-05-06 03:02:26,74,r/LifeProTips,2,2018-05-06 06:46:23,1,1,47,0
2018-05-06 03:02:26,74,r/LifeProTips,2,2018-05-06 08:17:45,2,0,1,0
2018-05-06 03:02:26,74,r/LifeProTips,2,2018-05-06 06:20:05,1,3,21,0
2018-05-06 03:02:26,74,r/LifeProTips,2,2018-05-06 07:12:14,2,1,1,0
2018-05-06 03:02:26,74,r/LifeProTips,2,2018-05-06 08:28:27,3,1,1,0
2018-05-06 03:02:26,74,r/LifeProTips,2,2018-05-06 09:39:50,4,0,1,0
2018-05-06 03:02:26,74,r/LifeProTips,2,2018-05-06 10:34:08,2,1,1,0
2018-05-06 03:02:26,74,r/LifeProTips,2,2018-05-06 08:39:12,1,0,1,0
2018-05-06 03:02:26,74,r/LifeProTips,2,2018-05-06 06:25:44,1,4,2,0
2018-05-06 03:02:26,74,r/LifeProTips,2,2018-05-06 07:39:42,2,0,1,0
2018-05-06 03:02:26,74,r/LifeProTips,2,2018-05-06 07:22:48,2,0,1,0
2018-05-06 03:02:26,74,r/LifeProTips,2,2018-05-06 08:10:22,2,1,1,0
2018-05-06 03:02:26,74,r/LifeProTips,2,2018-05-06 12:23:34,3,1,1,0
2018-05-06 03:02:26,74,r/LifeProTips,2,2018-05-06 08:37:08,2,0,1,0
2018-05-06 03:02:26,74,r/LifeProTips,2,2018-05-06 09:26:40,1,0,1,0
2018-05-06 03:02:26,74,r/LifeProTips,2,2018-05-06 09:50:15,1,0,1,0
2018-05-06 03:02:26,74,r/LifeProTips,2,2018-05-06 10:02:29,1,0,1,0
2018-05-06 03:02:26,74,r/LifeProTips,2,2018-05-06 10:03:13,1,0,1,0
2018-05-06 03:02:26,74,r/LifeProTips,3,2018-05-06 05:19:39,0,1,125,0
2018-05-06 03:02:26,74,r/LifeProTips,3,2018-05-06 05:56:17,1,1,74,0
2018-05-06 03:02:26,74,r/LifeProTips,3,2018-05-06 11:26:14,2,1,1,0
2018-05-06 03:02:26,74,r/LifeProTips,3,2018-05-06 12:27:44,3,1,1,0
2018-05-06 03:02:26,74,r/LifeProTips,3,2018-05-06 12:32:52,4,2,1,0
2018-05-06 03:02:26,74,r/LifeProTips,3,2018-05-06 13:43:42,5,2,1,0
2018-05-06 03:02:26,74,r/LifeProTips,3,2018-05-06 13:59:25,6,0,1,0
2018-05-06 03:02:26,74,r/LifeProTips,4,2018-05-06 06:00:13,0,8,773,0
2018-05-06 03:02:26,74,r/LifeProTips,4,2018-05-06 06:16:02,1,1,233,0
2018-05-06 03:02:26,74,r/LifeProTips,4,2018-05-06 06:16:57,2,12,106,0
2018-05-06 03:02:26,74,r/LifeProTips,4,2018-05-06 07:54:34,3,3,1,0
2018-05-06 03:02:26,74,r/LifeProTips,4,2018-05-06 08:21:30,4,1,1,0
2018-05-06 03:02:26,74,r/LifeProTips,4,2018-05-06 12:03:38,5,0,1,0
2018-05-06 03:02:26,74,r/LifeProTips,4,2018-05-06 09:36:10,4,0,1,0
2018-05-06 03:02:26,74,r/LifeProTips,4,2018-05-06 13:31:13,4,0,1,0
2018-05-06 03:02:26,74,r/LifeProTips,4,2018-05-06 09:08:26,3,0,1,0
2018-05-06 03:02:26,74,r/LifeProTips,4,2018-05-06 08:34:29,3,1,1,0
2018-05-06 03:02:26,74,r/LifeProTips,4,2018-05-06 08:35:17,4,1,1,0
2018-05-06 03:02:26,74,r/LifeProTips,4,2018-05-06 08:35:31,5,0,1,0
2018-05-06 03:02:26,74,r/LifeProTips,4,2018-05-06 06:33:13,3,1,17,0
2018-05-06 03:02:26,74,r/LifeProTips,4,2018-05-06 07:36:19,4,3,1,0
2018-05-06 03:02:26,74,r/LifeProTips,4,2018-05-06 08:11:41,5,3,1,0
2018-05-06 03:02:26,74,r/LifeProTips,4,2018-05-06 08:40:42,6,2,1,0
2018-05-06 03:02:26,74,r/LifeProTips,4,2018-05-06 11:16:39,7,0,1,0
2018-05-06 03:02:26,74,r/LifeProTips,4,2018-05-06 11:25:23,7,0,1,0
2018-05-06 03:02:26,74,r/LifeProTips,4,2018-05-06 11:56:46,6,1,1,0
2018-05-06 03:02:26,74,r/LifeProTips,4,2018-05-06 13:02:36,7,0,1,0
2018-05-06 03:02:26,74,r/LifeProTips,4,2018-05-06 09:54:01,6,0,1,0
2018-05-06 03:02:26,74,r/LifeProTips,4,2018-05-06 08:00:03,5,0,1,0
2018-05-06 03:02:26,74,r/LifeProTips,4,2018-05-06 08:01:04,3,0,1,0
2018-05-06 03:02:26,74,r/LifeProTips,4,2018-05-06 08:02:47,3,1,1,0
2018-05-06 03:02:26,74,r/LifeProTips,4,2018-05-06 10:04:41,4,0,1,0
2018-05-06 03:02:26,74,r/LifeProTips,4,2018-05-06 08:04:44,3,0,1,0
2018-05-06 03:02:26,74,r/LifeProTips,4,2018-05-06 11:31:48,3,0,1,0
2018-05-06 03:02:26,74,r/LifeProTips,4,2018-05-06 12:33:36,3,0,1,0
2018-05-06 03:02:26,74,r/LifeProTips,4,2018-05-06 07:27:03,3,1,1,0
2018-05-06 03:02:26,74,r/LifeProTips,4,2018-05-06 07:45:57,3,0,1,0
2018-05-06 03:02:26,74,r/LifeProTips,4,2018-05-06 07:56:58,3,0,1,0
2018-05-06 03:02:26,74,r/LifeProTips,4,2018-05-06 06:17:23,1,1,13,0
2018-05-06 03:02:26,74,r/LifeProTips,4,2018-05-06 07:57:59,2,0,1,0
2018-05-06 03:02:26,74,r/LifeProTips,4,2018-05-06 11:51:55,1,0,1,0
2018-05-06 03:02:26,74,r/LifeProTips,4,2018-05-06 06:53:02,1,0,13,0
2018-05-06 03:02:26,74,r/LifeProTips,4,2018-05-06 14:14:07,1,1,1,0
2018-05-06 03:02:26,74,r/LifeProTips,4,2018-05-06 14:14:33,1,1,1,0
2018-05-06 03:02:26,74,r/LifeProTips,4,2018-05-06 14:22:07,1,0,1,0
2018-05-06 03:02:26,74,r/LifeProTips,4,2018-05-06 14:24:02,1,0,1,0
2018-05-06 03:02:26,74,r/LifeProTips,5,2018-05-06 05:23:35,0,11,929,0
2018-05-06 03:02:26,74,r/LifeProTips,5,2018-05-06 05:31:20,1,2,203,0
2018-05-06 03:02:26,74,r/LifeProTips,5,2018-05-06 09:55:59,2,2,1,0
2018-05-06 03:02:26,74,r/LifeProTips,5,2018-05-06 10:52:02,3,1,1,0
2018-05-06 03:02:26,74,r/LifeProTips,5,2018-05-06 11:27:36,4,2,1,0
2018-05-06 03:02:26,74,r/LifeProTips,5,2018-05-06 11:46:08,5,1,1,0
2018-05-06 03:02:26,74,r/LifeProTips,5,2018-05-06 12:28:41,6,0,1,0
2018-05-06 03:02:26,74,r/LifeProTips,5,2018-05-06 12:57:37,2,0,1,0
2018-05-06 03:02:26,74,r/LifeProTips,5,2018-05-06 05:39:00,1,2,97,0
2018-05-06 03:02:26,74,r/LifeProTips,5,2018-05-06 06:24:17,2,1,87,0
2018-05-06 03:02:26,74,r/LifeProTips,5,2018-05-06 11:31:29,3,0,1,0
2018-05-06 03:02:26,74,r/LifeProTips,5,2018-05-06 07:57:17,2,1,1,0
2018-05-06 03:02:26,74,r/LifeProTips,5,2018-05-06 09:10:28,3,0,1,0
2018-05-06 03:02:26,74,r/LifeProTips,5,2018-05-06 06:42:33,1,0,28,0
2018-05-06 03:02:26,74,r/LifeProTips,5,2018-05-06 05:37:35,1,0,19,0
2018-05-06 03:02:26,74,r/LifeProTips,5,2018-05-06 09:43:21,1,0,1,0
2018-05-06 03:02:26,74,r/LifeProTips,5,2018-05-06 06:33:40,1,2,14,0
2018-05-06 03:02:26,74,r/LifeProTips,5,2018-05-06 09:57:13,2,1,1,0
2018-05-06 03:02:26,74,r/LifeProTips,5,2018-05-06 07:28:44,2,0,1,0
2018-05-06 03:02:26,74,r/LifeProTips,5,2018-05-06 07:25:58,1,1,1,0
2018-05-06 03:02:26,74,r/LifeProTips,5,2018-05-06 07:33:15,2,1,1,0
2018-05-06 03:02:26,74,r/LifeProTips,5,2018-05-06 07:12:34,1,0,1,0
2018-05-06 03:02:26,74,r/LifeProTips,5,2018-05-06 09:02:57,1,0,1,0
2018-05-06 03:02:26,74,r/LifeProTips,5,2018-05-06 09:11:03,1,0,1,0
2018-05-06 03:02:26,74,r/LifeProTips,6,2018-05-06 04:44:47,0,5,621,0
2018-05-06 03:02:26,74,r/LifeProTips,6,2018-05-06 05:32:24,1,0,131,0
2018-05-06 03:02:26,74,r/LifeProTips,6,2018-05-06 05:42:44,1,0,80,0
2018-05-06 03:02:26,74,r/LifeProTips,6,2018-05-06 11:11:43,1,0,1,0
2018-05-06 03:02:26,74,r/LifeProTips,6,2018-05-06 07:41:50,1,6,1,0
2018-05-06 03:02:26,74,r/LifeProTips,6,2018-05-06 07:47:53,2,4,1,0
2018-05-06 03:02:26,74,r/LifeProTips,6,2018-05-06 12:21:36,3,0,1,0
2018-05-06 03:02:26,74,r/LifeProTips,6,2018-05-06 10:51:12,3,0,1,0
2018-05-06 03:02:26,74,r/LifeProTips,6,2018-05-06 08:06:26,3,1,1,0
2018-05-06 03:02:26,74,r/LifeProTips,6,2018-05-06 08:30:38,2,1,1,0
2018-05-06 03:02:26,74,r/LifeProTips,6,2018-05-06 10:04:30,2,0,1,0
2018-05-06 03:02:26,74,r/LifeProTips,6,2018-05-06 10:38:12,2,1,1,0
2018-05-06 03:02:26,74,r/LifeProTips,6,2018-05-06 12:22:55,3,0,1,0
2018-05-06 03:02:26,74,r/LifeProTips,6,2018-05-06 09:31:29,2,1,1,0
2018-05-06 03:02:26,74,r/LifeProTips,7,2018-05-06 06:00:26,0,1,56,0
2018-05-06 03:02:26,74,r/LifeProTips,7,2018-05-06 10:04:52,1,0,1,0
2018-05-06 03:02:26,74,r/LifeProTips,8,2018-05-06 05:48:17,0,0,156,0
2018-05-06 03:02:26,74,r/LifeProTips,9,2018-05-06 07:23:25,0,3,1,0
2018-05-06 03:02:26,74,r/LifeProTips,9,2018-05-06 08:36:40,1,0,1,0
2018-05-06 03:02:26,74,r/LifeProTips,9,2018-05-06 07:23:35,1,0,1,0
2018-05-06 03:02:26,74,r/LifeProTips,10,2018-05-06 05:08:30,0,0,66,0
2018-05-06 03:02:26,74,r/LifeProTips,11,2018-05-06 05:32:34,0,5,102,0
2018-05-06 03:02:26,74,r/LifeProTips,11,2018-05-06 05:54:43,1,0,43,0
2018-05-06 03:02:26,74,r/LifeProTips,11,2018-05-06 09:03:18,1,2,1,0
2018-05-06 03:02:26,74,r/LifeProTips,11,2018-05-06 11:09:11,2,0,1,0
2018-05-06 03:02:26,74,r/LifeProTips,11,2018-05-06 12:02:21,1,0,1,0
2018-05-06 03:02:26,74,r/LifeProTips,11,2018-05-06 07:19:21,1,0,1,0
2018-05-06 03:02:26,74,r/LifeProTips,12,2018-05-06 06:07:30,0,1,30,0
2018-05-06 03:02:26,74,r/LifeProTips,12,2018-05-06 06:07:35,1,5,68,0
2018-05-06 03:02:26,74,r/LifeProTips,12,2018-05-06 07:08:17,2,0,15,0
2018-05-06 03:02:26,74,r/LifeProTips,12,2018-05-06 09:03:34,2,0,1,0
2018-05-06 03:02:26,74,r/LifeProTips,12,2018-05-06 07:29:09,2,0,1,0
2018-05-06 03:02:26,74,r/LifeProTips,12,2018-05-06 09:42:47,2,1,1,0
2018-05-06 03:02:26,74,r/LifeProTips,12,2018-05-06 10:21:00,3,0,1,0
2018-05-06 03:02:26,74,r/LifeProTips,12,2018-05-06 10:21:02,2,0,1,0
2018-05-06 03:02:26,74,r/LifeProTips,13,2018-05-06 04:06:30,0,4,109,0
2018-05-06 03:02:26,74,r/LifeProTips,13,2018-05-06 06:25:00,1,0,32,0
2018-05-06 03:02:26,74,r/LifeProTips,13,2018-05-06 04:51:01,1,0,70,0
2018-05-06 03:02:26,74,r/LifeProTips,13,2018-05-06 05:54:45,1,0,4,0
2018-05-06 03:02:26,74,r/LifeProTips,13,2018-05-06 10:45:04,1,0,1,0
2018-05-06 03:02:26,74,r/LifeProTips,14,2018-05-06 06:09:43,0,1,26,0
2018-05-06 03:02:26,74,r/LifeProTips,14,2018-05-06 09:44:24,1,0,1,0
2018-05-06 03:02:26,74,r/LifeProTips,15,2018-05-06 12:27:14,0,0,1,0
2018-05-06 03:02:26,74,r/LifeProTips,16,2018-05-06 06:04:02,0,1,23,0
2018-05-06 03:02:26,74,r/LifeProTips,17,2018-05-06 05:54:24,0,0,12,0
2018-05-06 03:02:26,74,r/LifeProTips,18,2018-05-06 06:33:51,0,1,13,0
2018-05-06 03:02:26,74,r/LifeProTips,18,2018-05-06 13:00:54,1,0,1,0
2018-05-06 03:02:26,74,r/LifeProTips,19,2018-05-06 06:53:15,0,1,12,0
2018-05-06 03:02:26,74,r/LifeProTips,19,2018-05-06 13:15:00,1,0,1,0
2018-05-06 03:02:26,74,r/LifeProTips,20,2018-05-06 06:18:25,0,1,6,0
2018-05-06 03:02:26,74,r/LifeProTips,20,2018-05-06 09:26:07,1,1,1,0
2018-05-06 03:02:26,74,r/LifeProTips,20,2018-05-06 10:17:19,2,1,1,0
2018-05-06 03:02:26,74,r/LifeProTips,20,2018-05-06 10:22:18,3,0,1,0
2018-05-06 03:02:26,74,r/LifeProTips,21,2018-05-06 05:28:27,0,0,15,0
2018-05-06 03:02:26,74,r/LifeProTips,22,2018-05-06 10:22:25,0,0,1,0
2018-05-06 03:02:26,74,r/LifeProTips,23,2018-05-06 11:57:26,0,0,1,0
2018-05-06 03:02:26,74,r/LifeProTips,24,2018-05-06 12:00:00,0,0,1,0
2018-05-06 03:02:26,74,r/LifeProTips,25,2018-05-06 06:24:09,0,1,12,0
2018-05-06 03:02:26,74,r/LifeProTips,26,2018-05-06 06:32:04,0,0,14,0
2018-05-06 03:02:26,74,r/LifeProTips,27,2018-05-06 05:59:38,0,6,33,0
2018-05-06 03:02:26,74,r/LifeProTips,27,2018-05-06 07:48:06,1,0,1,0
2018-05-06 03:02:26,74,r/LifeProTips,27,2018-05-06 09:35:13,1,1,1,0
2018-05-06 03:02:26,74,r/LifeProTips,27,2018-05-06 10:48:24,2,1,1,0
2018-05-06 03:02:26,74,r/LifeProTips,27,2018-05-06 10:51:59,3,1,1,0
2018-05-06 03:02:26,74,r/LifeProTips,27,2018-05-06 07:15:16,1,0,1,0
2018-05-06 03:02:26,74,r/LifeProTips,27,2018-05-06 07:02:56,1,3,9,0
2018-05-06 03:02:26,74,r/LifeProTips,27,2018-05-06 07:57:10,2,1,1,0
2018-05-06 03:02:26,74,r/LifeProTips,27,2018-05-06 07:18:01,2,0,1,0
2018-05-06 03:02:26,74,r/LifeProTips,27,2018-05-06 09:20:46,1,0,1,0
2018-05-06 03:02:26,74,r/LifeProTips,28,2018-05-06 07:15:43,0,0,1,0
2018-05-06 03:02:26,74,r/LifeProTips,29,2018-05-06 07:39:53,0,0,1,0
2018-05-06 03:02:26,74,r/LifeProTips,30,2018-05-06 08:00:44,0,1,1,0
2018-05-06 03:02:26,74,r/LifeProTips,30,2018-05-06 08:00:52,1,0,1,0
2018-05-06 03:02:26,74,r/LifeProTips,31,2018-05-06 06:16:24,0,2,5,0
2018-05-06 03:02:26,74,r/LifeProTips,31,2018-05-06 06:16:31,1,2,7,0
2018-05-06 03:02:26,74,r/LifeProTips,31,2018-05-06 07:55:08,2,0,1,0
2018-05-06 03:02:26,74,r/LifeProTips,31,2018-05-06 08:00:32,2,0,1,0
2018-05-06 03:02:26,74,r/LifeProTips,31,2018-05-06 10:45:31,1,0,1,0
2018-05-06 03:02:26,74,r/LifeProTips,32,2018-05-06 07:53:51,0,1,1,0
2018-05-06 03:02:26,74,r/LifeProTips,33,2018-05-06 07:40:21,0,1,1,0
2018-05-06 03:02:26,74,r/LifeProTips,34,2018-05-06 06:11:15,0,0,5,0
2018-05-06 03:02:26,74,r/LifeProTips,35,2018-05-06 05:44:44,0,0,2,0
2018-05-06 03:02:26,74,r/LifeProTips,36,2018-05-06 06:31:39,0,0,2,0
2018-05-06 03:02:26,74,r/LifeProTips,37,2018-05-06 07:42:09,0,0,1,0
2018-05-06 03:02:26,74,r/LifeProTips,38,2018-05-06 13:08:45,0,0,1,0
2018-05-06 03:02:26,74,r/LifeProTips,39,2018-05-06 13:17:24,0,0,1,0
2018-05-06 03:02:26,74,r/LifeProTips,40,2018-05-06 13:17:46,0,0,1,0
2018-05-06 03:02:26,74,r/LifeProTips,41,2018-05-06 13:50:00,0,0,1,0
2018-05-06 03:02:26,74,r/LifeProTips,42,2018-05-06 13:58:54,0,0,1,0
2018-05-06 03:02:26,74,r/LifeProTips,43,2018-05-06 14:07:58,0,0,1,0
2018-05-06 03:02:26,74,r/LifeProTips,44,2018-05-06 14:08:48,0,0,1,0
2018-05-06 03:02:26,74,r/LifeProTips,45,2018-05-06 14:09:30,0,0,1,0
2018-05-06 03:02:26,74,r/LifeProTips,46,2018-05-06 14:10:44,0,0,1,0
2018-05-06 03:02:26,74,r/LifeProTips,47,2018-05-06 14:10:57,0,1,1,0
2018-05-06 03:02:26,74,r/LifeProTips,47,2018-05-06 14:13:42,1,0,1,0
2018-05-06 03:02:26,74,r/LifeProTips,48,2018-05-06 14:12:42,0,1,1,0
2018-05-06 03:02:26,74,r/LifeProTips,49,2018-05-06 14:13:07,0,0,1,0
2018-05-06 03:02:26,74,r/LifeProTips,50,2018-05-06 14:20:02,0,0,1,0
2018-05-06 03:02:26,74,r/LifeProTips,51,2018-05-06 14:25:41,0,0,1,0
2018-05-06 03:02:26,74,r/LifeProTips,52,2018-05-06 14:26:00,0,0,1,0
2018-05-06 03:02:26,74,r/LifeProTips,53,2018-05-06 14:39:06,0,0,1,0
2018-05-06 03:02:26,74,r/LifeProTips,54,2018-05-06 14:47:35,0,0,1,0
2018-05-06 03:02:26,74,r/LifeProTips,55,2018-05-06 06:57:55,0,1,4,0
2018-05-06 03:02:26,74,r/LifeProTips,55,2018-05-06 10:56:01,1,0,1,0
2018-05-06 03:02:26,74,r/LifeProTips,56,2018-05-06 06:12:55,0,0,2,0
2018-05-06 03:02:26,74,r/LifeProTips,57,2018-05-06 06:40:38,0,0,2,0
2018-05-06 03:02:26,74,r/LifeProTips,58,2018-05-06 07:25:37,0,0,1,0
2018-05-06 03:02:26,74,r/LifeProTips,59,2018-05-06 07:27:17,0,2,1,0
2018-05-06 03:02:26,74,r/LifeProTips,59,2018-05-06 08:10:34,1,1,1,0
2018-05-06 03:02:26,74,r/LifeProTips,59,2018-05-06 10:55:19,2,0,1,0
2018-05-06 03:02:26,74,r/LifeProTips,59,2018-05-06 10:55:36,1,0,1,0
2018-05-06 03:02:26,74,r/LifeProTips,60,2018-05-06 08:37:20,0,0,1,0
2018-05-06 03:02:26,74,r/LifeProTips,61,2018-05-06 06:33:09,0,1,2,0
2018-05-06 03:02:26,74,r/LifeProTips,61,2018-05-06 06:51:37,1,0,3,0
2018-05-06 03:02:26,74,r/LifeProTips,62,2018-05-06 05:47:51,0,1,4,0
2018-05-06 03:02:26,74,r/LifeProTips,63,2018-05-06 06:18:10,0,1,1,0
2018-05-06 03:02:26,74,r/LifeProTips,63,2018-05-06 08:06:33,1,0,1,0
2018-05-06 03:02:26,74,r/LifeProTips,64,2018-05-06 06:18:28,0,0,1,0
2018-05-06 03:02:26,74,r/LifeProTips,65,2018-05-06 06:20:35,0,0,1,0
2018-05-06 03:02:26,74,r/LifeProTips,66,2018-05-06 06:21:53,0,0,1,0
2018-05-06 03:02:26,74,r/LifeProTips,67,2018-05-06 06:39:08,0,0,1,0
2018-05-06 03:02:26,74,r/LifeProTips,68,2018-05-06 06:39:36,0,1,1,0
2018-05-06 03:02:26,74,r/LifeProTips,68,2018-05-06 06:39:44,1,1,1,0
2018-05-06 03:02:26,74,r/LifeProTips,68,2018-05-06 07:00:15,2,0,1,0
2018-05-06 03:02:26,74,r/LifeProTips,69,2018-05-06 06:44:11,0,0,1,0
2018-05-06 03:02:26,74,r/LifeProTips,70,2018-05-06 06:45:41,0,0,1,0
2018-05-06 03:02:26,74,r/LifeProTips,71,2018-05-06 07:01:24,0,0,1,0
2018-05-06 03:02:26,74,r/LifeProTips,72,2018-05-06 07:02:12,0,0,1,0
2018-05-06 03:02:26,74,r/LifeProTips,73,2018-05-06 07:03:57,0,0,1,0
2018-05-06 03:02:26,74,r/LifeProTips,74,2018-05-06 07:04:49,0,0,1,0
2018-05-06 03:02:26,74,r/LifeProTips,75,2018-05-06 07:07:16,0,0,1,0
2018-05-06 03:02:26,74,r/LifeProTips,76,2018-05-06 07:07:43,0,0,1,0
2018-05-06 03:02:26,74,r/LifeProTips,77,2018-05-06 07:13:31,0,0,1,0
2018-05-06 03:02:26,74,r/LifeProTips,78,2018-05-06 07:18:38,0,0,1,0
2018-05-06 03:02:26,74,r/LifeProTips,79,2018-05-06 07:25:14,0,1,1,0
2018-05-06 03:02:26,74,r/LifeProTips,80,2018-05-06 07:28:21,0,0,1,0
2018-05-06 03:02:26,74,r/LifeProTips,81,2018-05-06 07:36:05,0,0,1,0
2018-05-06 03:02:26,74,r/LifeProTips,82,2018-05-06 07:37:30,0,0,1,0
2018-05-06 03:02:26,74,r/LifeProTips,83,2018-05-06 07:39:51,0,0,1,0
2018-05-06 03:02:26,74,r/LifeProTips,84,2018-05-06 07:43:33,0,0,1,0
2018-05-06 03:02:26,74,r/LifeProTips,85,2018-05-06 07:45:57,0,0,1,0
2018-05-06 03:02:26,74,r/LifeProTips,86,2018-05-06 07:47:57,0,0,1,0
2018-05-06 03:02:26,74,r/LifeProTips,87,2018-05-06 07:48:09,0,0,1,0
2018-05-06 03:02:26,74,r/LifeProTips,88,2018-05-06 07:48:13,0,0,1,0
2018-05-06 03:02:26,74,r/LifeProTips,89,2018-05-06 07:49:03,0,0,1,0
2018-05-06 03:02:26,74,r/LifeProTips,90,2018-05-06 07:49:41,0,0,1,0
2018-05-06 03:02:26,74,r/LifeProTips,91,2018-05-06 07:50:45,0,0,1,0
2018-05-06 03:02:26,74,r/LifeProTips,92,2018-05-06 07:56:47,0,0,1,0
2018-05-06 03:02:26,74,r/LifeProTips,93,2018-05-06 07:57:16,0,1,1,0
2018-05-06 03:02:26,74,r/LifeProTips,94,2018-05-06 07:58:45,0,1,1,0
2018-05-06 03:02:26,74,r/LifeProTips,94,2018-05-06 08:39:45,1,0,1,0
2018-05-06 03:02:26,74,r/LifeProTips,95,2018-05-06 08:03:09,0,0,1,0
2018-05-06 03:02:26,74,r/LifeProTips,96,2018-05-06 08:11:25,0,0,1,0
2018-05-06 03:02:26,74,r/LifeProTips,97,2018-05-06 08:14:18,0,0,1,0
2018-05-06 03:02:26,74,r/LifeProTips,98,2018-05-06 08:15:52,0,0,1,0
2018-05-06 03:02:26,74,r/LifeProTips,99,2018-05-06 08:16:57,0,0,1,0
2018-05-06 03:02:26,74,r/LifeProTips,100,2018-05-06 08:21:53,0,0,1,0
2018-05-06 03:02:26,74,r/LifeProTips,101,2018-05-06 08:22:02,0,0,1,0
2018-05-06 03:02:26,74,r/LifeProTips,102,2018-05-06 08:28:17,0,0,1,0
2018-05-06 03:02:26,74,r/LifeProTips,103,2018-05-06 08:30:02,0,0,1,0
2018-05-06 03:02:26,74,r/LifeProTips,104,2018-05-06 08:30:14,0,1,1,0
2018-05-06 03:02:26,74,r/LifeProTips,104,2018-05-06 08:30:47,1,0,1,0
2018-05-06 03:02:26,74,r/LifeProTips,105,2018-05-06 08:30:22,0,0,1,0
2018-05-06 03:02:26,74,r/LifeProTips,106,2018-05-06 08:34:13,0,0,1,0
2018-05-06 03:02:26,74,r/LifeProTips,107,2018-05-06 08:43:12,0,0,1,0
2018-05-06 03:02:26,74,r/LifeProTips,108,2018-05-06 08:44:55,0,0,1,0
2018-05-06 03:02:26,74,r/LifeProTips,109,2018-05-06 08:47:26,0,0,1,0
2018-05-06 03:02:26,74,r/LifeProTips,110,2018-05-06 08:49:21,0,0,1,0
2018-05-06 03:02:26,74,r/LifeProTips,111,2018-05-06 08:53:42,0,0,1,0
2018-05-06 03:02:26,74,r/LifeProTips,112,2018-05-06 08:57:18,0,0,1,0
2018-05-06 03:02:26,74,r/LifeProTips,113,2018-05-06 08:59:00,0,0,1,0
2018-05-06 03:02:26,74,r/LifeProTips,114,2018-05-06 09:09:44,0,0,1,0
2018-05-06 03:02:26,74,r/LifeProTips,115,2018-05-06 09:11:12,0,0,1,0
2018-05-06 03:02:26,74,r/LifeProTips,116,2018-05-06 09:11:57,0,0,1,0
2018-05-06 03:02:26,74,r/LifeProTips,117,2018-05-06 09:19:12,0,0,1,0
2018-05-06 03:02:26,74,r/LifeProTips,118,2018-05-06 09:20:21,0,0,1,0
2018-05-06 03:02:26,74,r/LifeProTips,119,2018-05-06 09:20:48,0,0,1,0
2018-05-06 03:02:26,74,r/LifeProTips,120,2018-05-06 09:25:52,0,0,1,0
2018-05-06 03:02:26,74,r/LifeProTips,121,2018-05-06 09:39:00,0,1,1,0
2018-05-06 03:02:26,74,r/LifeProTips,121,2018-05-06 10:24:04,1,1,1,0
2018-05-06 03:02:26,74,r/LifeProTips,121,2018-05-06 11:07:01,2,0,1,0
2018-05-06 03:02:26,74,r/LifeProTips,122,2018-05-06 09:44:50,0,0,1,0
2018-05-06 03:02:26,74,r/LifeProTips,123,2018-05-06 09:45:12,0,0,1,0
2018-05-06 03:02:26,74,r/LifeProTips,124,2018-05-06 09:49:39,0,0,1,0
2018-05-06 03:02:26,74,r/LifeProTips,125,2018-05-06 09:50:32,0,0,1,0
2018-05-06 03:02:26,74,r/LifeProTips,126,2018-05-06 10:00:35,0,0,1,0
2018-05-06 03:02:26,74,r/LifeProTips,127,2018-05-06 10:01:34,0,0,1,0
2018-05-06 03:02:26,74,r/LifeProTips,128,2018-05-06 10:08:53,0,0,1,0
2018-05-06 03:02:26,74,r/LifeProTips,129,2018-05-06 10:11:40,0,0,1,0
2018-05-06 03:02:26,74,r/LifeProTips,130,2018-05-06 10:11:45,0,0,1,0
2018-05-06 03:02:26,74,r/LifeProTips,131,2018-05-06 10:16:33,0,0,1,0
2018-05-06 03:02:26,74,r/LifeProTips,132,2018-05-06 10:20:34,0,0,1,0
2018-05-06 03:02:26,74,r/LifeProTips,133,2018-05-06 10:24:56,0,0,1,0
2018-05-06 03:02:26,74,r/LifeProTips,134,2018-05-06 10:27:21,0,0,1,0
2018-05-06 03:02:26,74,r/LifeProTips,135,2018-05-06 10:36:13,0,0,1,0
2018-05-06 03:02:26,74,r/LifeProTips,136,2018-05-06 10:37:45,0,0,1,0
2018-05-06 03:02:26,74,r/LifeProTips,137,2018-05-06 10:41:22,0,0,1,0
2018-05-06 03:02:26,74,r/LifeProTips,138,2018-05-06 10:42:26,0,0,1,0
2018-05-06 03:02:26,74,r/LifeProTips,139,2018-05-06 10:43:17,0,0,1,0
2018-05-06 03:02:26,74,r/LifeProTips,140,2018-05-06 10:44:58,0,0,1,0
2018-05-06 03:02:26,74,r/LifeProTips,141,2018-05-06 10:50:55,0,0,1,0
2018-05-06 03:02:26,74,r/LifeProTips,142,2018-05-06 10:52:10,0,0,1,0
2018-05-06 03:02:26,74,r/LifeProTips,143,2018-05-06 10:59:51,0,0,1,0
2018-05-06 03:02:26,74,r/LifeProTips,144,2018-05-06 11:01:58,0,0,1,0
2018-05-06 10:50:00,75,r/babyelephantgifs,0,2018-05-06 10:52:55,0,0,30,0
2018-05-06 10:50:00,75,r/babyelephantgifs,1,2018-05-06 11:32:40,0,0,9,0
2018-05-06 10:50:00,75,r/babyelephantgifs,2,2018-05-06 11:25:37,0,0,22,0
2018-05-06 10:50:00,75,r/babyelephantgifs,3,2018-05-06 12:50:24,0,1,5,0
2018-05-06 10:50:00,75,r/babyelephantgifs,3,2018-05-06 15:09:34,1,0,1,0
2018-05-06 10:50:00,75,r/babyelephantgifs,4,2018-05-06 13:37:49,0,0,5,0
2018-05-06 10:50:00,75,r/babyelephantgifs,5,2018-05-06 13:29:09,0,0,7,0
2018-05-06 10:50:00,75,r/babyelephantgifs,6,2018-05-06 12:58:35,0,0,2,0
2018-05-06 10:50:00,75,r/babyelephantgifs,7,2018-05-06 14:48:17,0,0,2,0
2018-05-06 10:50:00,75,r/babyelephantgifs,8,2018-05-06 14:13:06,0,0,1,0
2018-05-06 10:50:00,75,r/babyelephantgifs,9,2018-05-06 14:14:45,0,0,1,0
2018-05-06 10:50:00,75,r/babyelephantgifs,10,2018-05-06 15:09:59,0,0,1,0
2018-05-06 02:41:55,76,r/news,0,2018-05-06 02:44:53,0,24,3827,0
2018-05-06 02:41:55,76,r/news,0,2018-05-06 02:50:08,1,6,1813,0
2018-05-06 02:41:55,76,r/news,0,2018-05-06 10:18:35,2,4,820,0
2018-05-06 02:41:55,76,r/news,0,2018-05-06 11:44:40,3,1,565,0
2018-05-06 02:41:55,76,r/news,0,2018-05-06 11:46:31,4,7,248,0
2018-05-06 02:41:55,76,r/news,0,2018-05-06 12:04:57,5,2,148,0
2018-05-06 02:41:55,76,r/news,0,2018-05-06 13:19:16,6,2,124,0
2018-05-06 02:41:55,76,r/news,0,2018-05-06 13:36:19,7,2,43,0
2018-05-06 02:41:55,76,r/news,0,2018-05-06 13:43:50,8,1,19,0
2018-05-06 02:41:55,76,r/news,0,2018-05-06 13:57:26,9,1,4,0
2018-05-06 02:41:55,76,r/news,0,2018-05-06 14:17:00,8,0,1,0
2018-05-06 02:41:55,76,r/news,0,2018-05-06 13:30:51,7,3,17,0
2018-05-06 02:41:55,76,r/news,0,2018-05-06 13:54:44,8,0,9,0
2018-05-06 02:41:55,76,r/news,0,2018-05-06 13:36:12,8,1,4,0
2018-05-06 02:41:55,76,r/news,0,2018-05-06 14:00:41,9,0,6,0
2018-05-06 02:41:55,76,r/news,0,2018-05-06 14:28:43,8,0,1,0
2018-05-06 02:41:55,76,r/news,0,2018-05-06 13:25:09,6,0,3,0
2018-05-06 02:41:55,76,r/news,0,2018-05-06 11:58:24,5,1,71,0
2018-05-06 02:41:55,76,r/news,0,2018-05-06 12:52:00,6,4,70,0
2018-05-06 02:41:55,76,r/news,0,2018-05-06 14:00:15,7,1,11,0
2018-05-06 02:41:55,76,r/news,0,2018-05-06 14:28:50,8,1,1,0
2018-05-06 02:41:55,76,r/news,0,2018-05-06 13:27:48,7,3,42,0
2018-05-06 02:41:55,76,r/news,0,2018-05-06 13:45:26,8,2,39,0
2018-05-06 02:41:55,76,r/news,0,2018-05-06 14:07:57,9,1,5,0
2018-05-06 02:41:55,76,r/news,0,2018-05-06 14:11:42,9,0,1,0
2018-05-06 02:41:55,76,r/news,0,2018-05-06 13:42:03,8,1,7,0
2018-05-06 02:41:55,76,r/news,0,2018-05-06 13:26:47,7,1,4,0
2018-05-06 02:41:55,76,r/news,0,2018-05-06 12:24:17,5,1,25,0
2018-05-06 02:41:55,76,r/news,0,2018-05-06 12:46:47,6,0,11,0
2018-05-06 02:41:55,76,r/news,0,2018-05-06 11:51:14,5,1,31,0
2018-05-06 02:41:55,76,r/news,0,2018-05-06 12:15:59,6,4,44,0
2018-05-06 02:41:55,76,r/news,0,2018-05-06 12:20:18,7,4,21,0
2018-05-06 02:41:55,76,r/news,0,2018-05-06 12:25:40,8,1,23,0
2018-05-06 02:41:55,76,r/news,0,2018-05-06 12:42:19,9,1,21,0
2018-05-06 02:41:55,76,r/news,0,2018-05-06 12:39:07,8,0,5,0
2018-05-06 02:41:55,76,r/news,0,2018-05-06 12:58:22,8,0,2,0
2018-05-06 02:41:55,76,r/news,0,2018-05-06 12:35:36,7,1,5,0
2018-05-06 02:41:55,76,r/news,0,2018-05-06 12:55:40,7,0,2,0
2018-05-06 02:41:55,76,r/news,0,2018-05-06 12:08:44,5,2,2,0
2018-05-06 02:41:55,76,r/news,0,2018-05-06 13:00:50,6,1,2,0
2018-05-06 02:41:55,76,r/news,0,2018-05-06 12:59:56,5,0,2,0
2018-05-06 02:41:55,76,r/news,0,2018-05-06 12:40:09,3,0,4,0
2018-05-06 02:41:55,76,r/news,0,2018-05-06 12:40:57,3,1,4,0
2018-05-06 02:41:55,76,r/news,0,2018-05-06 12:42:20,2,4,130,0
2018-05-06 02:41:55,76,r/news,0,2018-05-06 13:50:49,3,0,12,0
2018-05-06 02:41:55,76,r/news,0,2018-05-06 14:10:09,3,2,12,0
2018-05-06 02:41:55,76,r/news,0,2018-05-06 14:17:48,4,2,1,0
2018-05-06 02:41:55,76,r/news,0,2018-05-06 14:25:57,5,0,1,0
2018-05-06 02:41:55,76,r/news,0,2018-05-06 14:23:53,3,0,1,0
2018-05-06 02:41:55,76,r/news,0,2018-05-06 12:00:42,2,2,103,0
2018-05-06 02:41:55,76,r/news,0,2018-05-06 12:35:01,3,2,20,0
2018-05-06 02:41:55,76,r/news,0,2018-05-06 12:41:40,4,1,15,0
2018-05-06 02:41:55,76,r/news,0,2018-05-06 12:32:02,3,0,2,0
2018-05-06 02:41:55,76,r/news,0,2018-05-06 02:51:06,2,3,156,0
2018-05-06 02:41:55,76,r/news,0,2018-05-06 05:44:07,3,2,324,0
2018-05-06 02:41:55,76,r/news,0,2018-05-06 06:01:13,4,2,61,0
2018-05-06 02:41:55,76,r/news,0,2018-05-06 08:30:54,5,2,33,0
2018-05-06 02:41:55,76,r/news,0,2018-05-06 08:49:49,6,2,20,0
2018-05-06 02:41:55,76,r/news,0,2018-05-06 11:18:38,7,0,11,0
2018-05-06 02:41:55,76,r/news,0,2018-05-06 10:31:20,6,2,2,0
2018-05-06 02:41:55,76,r/news,0,2018-05-06 11:14:09,7,0,8,0
2018-05-06 02:41:55,76,r/news,0,2018-05-06 10:35:28,7,0,2,0
2018-05-06 02:41:55,76,r/news,0,2018-05-06 12:15:37,5,0,2,0
2018-05-06 02:41:55,76,r/news,0,2018-05-06 10:17:10,4,0,3,0
2018-05-06 02:41:55,76,r/news,0,2018-05-06 09:21:41,3,0,15,0
2018-05-06 02:41:55,76,r/news,0,2018-05-06 07:19:32,3,1,7,0
2018-05-06 02:41:55,76,r/news,0,2018-05-06 07:29:05,4,1,17,0
2018-05-06 02:41:55,76,r/news,0,2018-05-06 07:30:01,5,1,5,0
2018-05-06 02:41:55,76,r/news,0,2018-05-06 07:35:56,6,0,4,0
2018-05-06 02:41:55,76,r/news,0,2018-05-06 11:20:00,2,0,2,0
2018-05-06 02:41:55,76,r/news,0,2018-05-06 02:53:00,1,5,344,0
2018-05-06 02:41:55,76,r/news,0,2018-05-06 05:33:46,2,2,129,0
2018-05-06 02:41:55,76,r/news,0,2018-05-06 08:07:40,3,2,57,0
2018-05-06 02:41:55,76,r/news,0,2018-05-06 11:59:00,4,0,2,0
2018-05-06 02:41:55,76,r/news,0,2018-05-06 08:34:07,2,3,67,0
2018-05-06 02:41:55,76,r/news,0,2018-05-06 12:46:24,3,3,18,0
2018-05-06 02:41:55,76,r/news,0,2018-05-06 13:51:46,4,1,6,0
2018-05-06 02:41:55,76,r/news,0,2018-05-06 14:17:08,4,0,1,0
2018-05-06 02:41:55,76,r/news,0,2018-05-06 12:30:55,3,1,3,0
2018-05-06 02:41:55,76,r/news,0,2018-05-06 08:38:51,2,2,40,0
2018-05-06 02:41:55,76,r/news,0,2018-05-06 12:10:11,3,3,21,0
2018-05-06 02:41:55,76,r/news,0,2018-05-06 12:53:46,4,0,3,0
2018-05-06 02:41:55,76,r/news,0,2018-05-06 12:32:38,4,0,2,0
2018-05-06 02:41:55,76,r/news,0,2018-05-06 11:43:47,2,1,3,0
2018-05-06 02:41:55,76,r/news,0,2018-05-06 03:38:49,1,6,79,0
2018-05-06 02:41:55,76,r/news,0,2018-05-06 07:31:52,2,1,37,0
2018-05-06 02:41:55,76,r/news,0,2018-05-06 08:32:10,3,2,23,0
2018-05-06 02:41:55,76,r/news,0,2018-05-06 09:53:59,4,0,16,0
2018-05-06 02:41:55,76,r/news,0,2018-05-06 12:02:33,4,2,12,0
2018-05-06 02:41:55,76,r/news,0,2018-05-06 12:37:01,5,1,12,0
2018-05-06 02:41:55,76,r/news,0,2018-05-06 12:48:58,6,0,6,0
2018-05-06 02:41:55,76,r/news,0,2018-05-06 05:39:17,2,2,77,0
2018-05-06 02:41:55,76,r/news,0,2018-05-06 08:06:50,3,3,41,0
2018-05-06 02:41:55,76,r/news,0,2018-05-06 08:22:56,4,5,32,0
2018-05-06 02:41:55,76,r/news,0,2018-05-06 09:08:19,5,1,6,0
2018-05-06 02:41:55,76,r/news,0,2018-05-06 09:30:27,6,0,8,0
2018-05-06 02:41:55,76,r/news,0,2018-05-06 08:24:49,5,1,11,0
2018-05-06 02:41:55,76,r/news,0,2018-05-06 09:32:51,6,1,22,0
2018-05-06 02:41:55,76,r/news,0,2018-05-06 12:06:02,7,1,8,0
2018-05-06 02:41:55,76,r/news,0,2018-05-06 12:16:43,8,1,2,0
2018-05-06 02:41:55,76,r/news,0,2018-05-06 12:21:44,9,1,2,0
2018-05-06 02:41:55,76,r/news,0,2018-05-06 13:28:44,5,0,2,0
2018-05-06 02:41:55,76,r/news,0,2018-05-06 14:05:55,5,1,2,0
2018-05-06 02:41:55,76,r/news,0,2018-05-06 10:26:36,4,0,1,0
2018-05-06 02:41:55,76,r/news,0,2018-05-06 06:37:45,2,1,40,0
2018-05-06 02:41:55,76,r/news,0,2018-05-06 11:23:32,3,0,18,0
2018-05-06 02:41:55,76,r/news,0,2018-05-06 08:18:50,2,2,23,0
2018-05-06 02:41:55,76,r/news,0,2018-05-06 08:22:01,3,1,23,0
2018-05-06 02:41:55,76,r/news,0,2018-05-06 11:11:26,4,2,22,0
2018-05-06 02:41:55,76,r/news,0,2018-05-06 14:02:16,5,0,5,0
2018-05-06 02:41:55,76,r/news,0,2018-05-06 12:40:23,2,0,2,0
2018-05-06 02:41:55,76,r/news,0,2018-05-06 05:57:39,1,5,178,0
2018-05-06 02:41:55,76,r/news,0,2018-05-06 11:16:23,2,8,136,0
2018-05-06 02:41:55,76,r/news,0,2018-05-06 11:43:19,3,3,37,0
2018-05-06 02:41:55,76,r/news,0,2018-05-06 12:34:51,4,1,15,0
2018-05-06 02:41:55,76,r/news,0,2018-05-06 12:31:41,4,1,2,0
2018-05-06 02:41:55,76,r/news,0,2018-05-06 12:36:41,5,0,2,0
2018-05-06 02:41:55,76,r/news,0,2018-05-06 12:15:42,3,0,11,0
2018-05-06 02:41:55,76,r/news,0,2018-05-06 12:08:43,3,4,67,0
2018-05-06 02:41:55,76,r/news,0,2018-05-06 12:22:01,4,1,30,0
2018-05-06 02:41:55,76,r/news,0,2018-05-06 12:27:09,5,2,6,0
2018-05-06 02:41:55,76,r/news,0,2018-05-06 13:16:21,6,0,7,0
2018-05-06 02:41:55,76,r/news,0,2018-05-06 12:22:36,4,3,18,0
2018-05-06 02:41:55,76,r/news,0,2018-05-06 12:30:54,5,1,8,0
2018-05-06 02:41:55,76,r/news,0,2018-05-06 13:12:54,6,1,3,0
2018-05-06 02:41:55,76,r/news,0,2018-05-06 13:24:28,5,0,2,0
2018-05-06 02:41:55,76,r/news,0,2018-05-06 13:17:14,4,2,2,0
2018-05-06 02:41:55,76,r/news,0,2018-05-06 13:36:44,5,0,2,0
2018-05-06 02:41:55,76,r/news,0,2018-05-06 12:38:45,3,2,16,0
2018-05-06 02:41:55,76,r/news,0,2018-05-06 12:51:50,4,1,8,0
2018-05-06 02:41:55,76,r/news,0,2018-05-06 12:56:15,5,0,5,0
2018-05-06 02:41:55,76,r/news,0,2018-05-06 11:29:09,3,1,2,0
2018-05-06 02:41:55,76,r/news,0,2018-05-06 12:00:18,3,0,2,0
2018-05-06 02:41:55,76,r/news,0,2018-05-06 11:40:59,3,1,2,0
2018-05-06 02:41:55,76,r/news,0,2018-05-06 12:02:08,4,0,3,0
2018-05-06 02:41:55,76,r/news,0,2018-05-06 11:39:49,2,2,21,0
2018-05-06 02:41:55,76,r/news,0,2018-05-06 12:49:02,3,0,2,0
2018-05-06 02:41:55,76,r/news,0,2018-05-06 11:25:40,2,2,22,0
2018-05-06 02:41:55,76,r/news,0,2018-05-06 11:29:52,3,1,3,0
2018-05-06 02:41:55,76,r/news,0,2018-05-06 13:37:11,2,0,2,0
2018-05-06 02:41:55,76,r/news,0,2018-05-06 08:08:21,1,1,19,0
2018-05-06 02:41:55,76,r/news,0,2018-05-06 13:09:10,2,1,7,0
2018-05-06 02:41:55,76,r/news,0,2018-05-06 14:08:40,3,0,2,0
2018-05-06 02:41:55,76,r/news,0,2018-05-06 06:42:31,1,3,84,0
2018-05-06 02:41:55,76,r/news,0,2018-05-06 13:09:22,2,0,8,0
2018-05-06 02:41:55,76,r/news,0,2018-05-06 10:28:22,2,1,40,0
2018-05-06 02:41:55,76,r/news,0,2018-05-06 10:57:34,3,3,-3,0
2018-05-06 02:41:55,76,r/news,0,2018-05-06 11:22:11,4,1,13,0
2018-05-06 02:41:55,76,r/news,0,2018-05-06 11:30:33,5,1,7,0
2018-05-06 02:41:55,76,r/news,0,2018-05-06 12:33:30,4,0,5,0
2018-05-06 02:41:55,76,r/news,0,2018-05-06 07:00:38,1,3,11,0
2018-05-06 02:41:55,76,r/news,0,2018-05-06 10:59:07,2,1,12,0
2018-05-06 02:41:55,76,r/news,0,2018-05-06 11:53:08,3,1,10,0
2018-05-06 02:41:55,76,r/news,0,2018-05-06 08:24:26,2,3,9,0
2018-05-06 02:41:55,76,r/news,0,2018-05-06 09:23:39,3,2,23,0
2018-05-06 02:41:55,76,r/news,0,2018-05-06 09:45:08,4,1,14,0
2018-05-06 02:41:55,76,r/news,0,2018-05-06 09:51:53,5,2,4,0
2018-05-06 02:41:55,76,r/news,0,2018-05-06 09:59:33,6,3,4,0
2018-05-06 02:41:55,76,r/news,0,2018-05-06 10:04:33,7,1,11,0
2018-05-06 02:41:55,76,r/news,0,2018-05-06 10:15:42,8,0,3,0
2018-05-06 02:41:55,76,r/news,0,2018-05-06 10:02:22,7,0,2,0
2018-05-06 02:41:55,76,r/news,0,2018-05-06 11:39:10,7,1,1,0
2018-05-06 02:41:55,76,r/news,0,2018-05-06 10:20:21,6,1,5,0
2018-05-06 02:41:55,76,r/news,0,2018-05-06 10:23:44,7,1,2,0
2018-05-06 02:41:55,76,r/news,0,2018-05-06 10:46:36,8,1,2,0
2018-05-06 02:41:55,76,r/news,0,2018-05-06 11:00:18,9,1,7,0
2018-05-06 02:41:55,76,r/news,0,2018-05-06 09:53:30,4,1,2,0
2018-05-06 02:41:55,76,r/news,0,2018-05-06 10:04:45,3,0,3,0
2018-05-06 02:41:55,76,r/news,0,2018-05-06 03:06:13,1,0,2,0
2018-05-06 02:41:55,76,r/news,0,2018-05-06 10:30:45,1,0,2,0
2018-05-06 02:41:55,76,r/news,0,2018-05-06 08:12:27,1,0,1,0
2018-05-06 02:41:55,76,r/news,0,2018-05-06 09:36:18,1,0,1,0
2018-05-06 02:41:55,76,r/news,0,2018-05-06 10:07:34,1,0,1,0
2018-05-06 02:41:55,76,r/news,0,2018-05-06 10:20:59,1,0,1,0
2018-05-06 02:41:55,76,r/news,0,2018-05-06 10:22:16,1,0,1,0
2018-05-06 02:41:55,76,r/news,0,2018-05-06 10:22:21,1,0,1,0
2018-05-06 02:41:55,76,r/news,0,2018-05-06 10:35:17,1,0,1,0
2018-05-06 02:41:55,76,r/news,0,2018-05-06 11:03:32,1,0,1,0
2018-05-06 02:41:55,76,r/news,0,2018-05-06 11:13:32,1,0,1,0
2018-05-06 02:41:55,76,r/news,0,2018-05-06 11:22:18,1,0,1,0
2018-05-06 02:41:55,76,r/news,0,2018-05-06 11:22:25,1,0,1,0
2018-05-06 02:41:55,76,r/news,0,2018-05-06 11:29:28,1,0,1,0
2018-05-06 02:41:55,76,r/news,0,2018-05-06 11:39:17,1,0,1,0
2018-05-06 02:41:55,76,r/news,0,2018-05-06 11:49:29,1,0,1,0
2018-05-06 02:41:55,76,r/news,1,2018-05-06 03:05:44,0,11,2182,0
2018-05-06 02:41:55,76,r/news,1,2018-05-06 06:01:46,1,3,816,0
2018-05-06 02:41:55,76,r/news,1,2018-05-06 06:07:33,2,1,359,0
2018-05-06 02:41:55,76,r/news,1,2018-05-06 07:13:31,3,2,194,0
2018-05-06 02:41:55,76,r/news,1,2018-05-06 08:42:09,4,1,286,0
2018-05-06 02:41:55,76,r/news,1,2018-05-06 10:18:55,5,2,76,0
2018-05-06 02:41:55,76,r/news,1,2018-05-06 11:58:52,6,2,50,0
2018-05-06 02:41:55,76,r/news,1,2018-05-06 13:55:39,7,0,12,0
2018-05-06 02:41:55,76,r/news,1,2018-05-06 14:44:59,7,0,1,0
2018-05-06 02:41:55,76,r/news,1,2018-05-06 14:00:06,6,1,7,0
2018-05-06 02:41:55,76,r/news,1,2018-05-06 07:50:54,4,0,13,0
2018-05-06 02:41:55,76,r/news,1,2018-05-06 10:48:07,2,0,41,0
2018-05-06 02:41:55,76,r/news,1,2018-05-06 08:28:11,2,0,8,0
2018-05-06 02:41:55,76,r/news,1,2018-05-06 09:43:15,1,3,108,0
2018-05-06 02:41:55,76,r/news,1,2018-05-06 10:37:59,2,1,43,0
2018-05-06 02:41:55,76,r/news,1,2018-05-06 14:35:04,3,0,1,0
2018-05-06 02:41:55,76,r/news,1,2018-05-06 09:55:36,2,0,27,0
2018-05-06 02:41:55,76,r/news,1,2018-05-06 11:17:42,2,0,20,0
2018-05-06 02:41:55,76,r/news,1,2018-05-06 05:34:50,1,2,72,0
2018-05-06 02:41:55,76,r/news,1,2018-05-06 06:10:31,2,0,29,0
2018-05-06 02:41:55,76,r/news,1,2018-05-06 13:20:14,2,0,3,0
2018-05-06 02:41:55,76,r/news,1,2018-05-06 06:04:39,1,2,25,0
2018-05-06 02:41:55,76,r/news,1,2018-05-06 08:53:32,2,0,5,0
2018-05-06 02:41:55,76,r/news,1,2018-05-06 14:23:32,2,0,1,0
2018-05-06 02:41:55,76,r/news,1,2018-05-06 09:16:05,1,0,35,0
2018-05-06 02:41:55,76,r/news,1,2018-05-06 10:46:32,1,0,3,0
2018-05-06 02:41:55,76,r/news,1,2018-05-06 09:35:05,1,0,2,0
2018-05-06 02:41:55,76,r/news,1,2018-05-06 13:28:54,1,0,2,0
2018-05-06 02:41:55,76,r/news,1,2018-05-06 14:22:45,1,0,1,0
2018-05-06 02:41:55,76,r/news,1,2018-05-06 11:06:55,1,0,1,0
2018-05-06 02:41:55,76,r/news,2,2018-05-06 06:01:05,0,4,1435,0
2018-05-06 02:41:55,76,r/news,2,2018-05-06 11:55:48,1,0,67,0
2018-05-06 02:41:55,76,r/news,2,2018-05-06 08:25:59,1,6,441,0
2018-05-06 02:41:55,76,r/news,2,2018-05-06 08:47:16,2,4,633,0
2018-05-06 02:41:55,76,r/news,2,2018-05-06 11:29:11,3,2,104,0
2018-05-06 02:41:55,76,r/news,2,2018-05-06 12:28:46,4,3,25,0
2018-05-06 02:41:55,76,r/news,2,2018-05-06 13:40:24,5,2,29,0
2018-05-06 02:41:55,76,r/news,2,2018-05-06 14:17:11,6,3,1,0
2018-05-06 02:41:55,76,r/news,2,2018-05-06 14:30:15,7,1,1,0
2018-05-06 02:41:55,76,r/news,2,2018-05-06 14:59:22,8,0,1,0
2018-05-06 02:41:55,76,r/news,2,2018-05-06 14:56:57,7,0,1,0
2018-05-06 02:41:55,76,r/news,2,2018-05-06 12:44:35,5,1,4,0
2018-05-06 02:41:55,76,r/news,2,2018-05-06 12:32:59,3,0,4,0
2018-05-06 02:41:55,76,r/news,2,2018-05-06 11:49:00,3,2,5,0
2018-05-06 02:41:55,76,r/news,2,2018-05-06 12:12:38,4,1,14,0
2018-05-06 02:41:55,76,r/news,2,2018-05-06 12:27:58,4,1,4,0
2018-05-06 02:41:55,76,r/news,2,2018-05-06 12:38:16,2,2,12,0
2018-05-06 02:41:55,76,r/news,2,2018-05-06 14:06:44,3,0,3,0
2018-05-06 02:41:55,76,r/news,2,2018-05-06 09:40:33,2,2,29,0
2018-05-06 02:41:55,76,r/news,2,2018-05-06 11:13:36,3,1,3,0
2018-05-06 02:41:55,76,r/news,2,2018-05-06 12:02:45,2,0,3,0
2018-05-06 02:41:55,76,r/news,2,2018-05-06 10:02:21,2,5,4,0
2018-05-06 02:41:55,76,r/news,2,2018-05-06 13:13:38,3,0,2,0
2018-05-06 02:41:55,76,r/news,2,2018-05-06 10:17:42,3,3,3,0
2018-05-06 02:41:55,76,r/news,2,2018-05-06 10:25:24,4,1,3,0
2018-05-06 02:41:55,76,r/news,2,2018-05-06 10:33:46,5,1,6,0
2018-05-06 02:41:55,76,r/news,2,2018-05-06 12:11:09,4,2,2,0
2018-05-06 02:41:55,76,r/news,2,2018-05-06 12:19:43,5,1,5,0
2018-05-06 02:41:55,76,r/news,2,2018-05-06 10:16:03,3,1,2,0
2018-05-06 02:41:55,76,r/news,2,2018-05-06 10:24:23,4,1,6,0
2018-05-06 02:41:55,76,r/news,2,2018-05-06 10:48:58,5,1,3,0
2018-05-06 02:41:55,76,r/news,2,2018-05-06 11:37:43,3,1,1,0
2018-05-06 02:41:55,76,r/news,2,2018-05-06 12:21:21,1,0,2,0
2018-05-06 02:41:55,76,r/news,3,2018-05-06 04:36:45,0,3,617,0
2018-05-06 02:41:55,76,r/news,3,2018-05-06 10:10:47,1,1,100,0
2018-05-06 02:41:55,76,r/news,3,2018-05-06 12:17:01,1,0,9,0
2018-05-06 02:41:55,76,r/news,4,2018-05-06 03:27:56,0,5,556,0
2018-05-06 02:41:55,76,r/news,4,2018-05-06 11:00:58,1,0,82,0
2018-05-06 02:41:55,76,r/news,4,2018-05-06 10:13:05,1,6,124,0
2018-05-06 02:41:55,76,r/news,4,2018-05-06 10:21:58,2,2,363,0
2018-05-06 02:41:55,76,r/news,4,2018-05-06 10:25:41,3,1,219,0
2018-05-06 02:41:55,76,r/news,4,2018-05-06 13:23:37,4,1,18,0
2018-05-06 02:41:55,76,r/news,4,2018-05-06 13:36:02,5,0,11,0
2018-05-06 02:41:55,76,r/news,4,2018-05-06 10:49:04,2,2,82,0
2018-05-06 02:41:55,76,r/news,4,2018-05-06 12:10:39,3,2,7,0
2018-05-06 02:41:55,76,r/news,4,2018-05-06 13:05:47,4,0,12,0
2018-05-06 02:41:55,76,r/news,4,2018-05-06 13:13:58,2,0,10,0
2018-05-06 02:41:55,76,r/news,4,2018-05-06 10:53:09,2,0,18,0
2018-05-06 02:41:55,76,r/news,4,2018-05-06 13:33:08,2,0,5,0
2018-05-06 02:41:55,76,r/news,4,2018-05-06 10:55:51,1,0,6,0
2018-05-06 02:41:55,76,r/news,4,2018-05-06 13:29:31,1,0,1,0
2018-05-06 02:41:55,76,r/news,5,2018-05-06 05:58:39,0,16,481,0
2018-05-06 02:41:55,76,r/news,5,2018-05-06 08:18:13,1,1,168,0
2018-05-06 02:41:55,76,r/news,5,2018-05-06 09:44:43,2,1,71,0
2018-05-06 02:41:55,76,r/news,5,2018-05-06 10:44:55,3,3,117,0
2018-05-06 02:41:55,76,r/news,5,2018-05-06 12:19:20,4,0,24,0
2018-05-06 02:41:55,76,r/news,5,2018-05-06 10:55:32,4,1,27,0
2018-05-06 02:41:55,76,r/news,5,2018-05-06 11:07:33,5,0,16,0
2018-05-06 02:41:55,76,r/news,5,2018-05-06 09:58:55,1,3,73,0
2018-05-06 02:41:55,76,r/news,5,2018-05-06 10:09:10,2,1,56,0
2018-05-06 02:41:55,76,r/news,5,2018-05-06 10:44:56,2,0,14,0
2018-05-06 02:41:55,76,r/news,5,2018-05-06 09:47:59,1,1,25,0
2018-05-06 02:41:55,76,r/news,5,2018-05-06 12:44:42,2,0,3,0
2018-05-06 02:41:55,76,r/news,5,2018-05-06 08:22:54,1,3,20,0
2018-05-06 02:41:55,76,r/news,5,2018-05-06 09:47:21,2,4,44,0
2018-05-06 02:41:55,76,r/news,5,2018-05-06 10:47:08,3,1,30,0
2018-05-06 02:41:55,76,r/news,5,2018-05-06 12:17:13,3,1,13,0
2018-05-06 02:41:55,76,r/news,5,2018-05-06 13:57:20,4,0,2,0
2018-05-06 02:41:55,76,r/news,5,2018-05-06 12:44:45,3,0,7,0
2018-05-06 02:41:55,76,r/news,5,2018-05-06 09:43:01,2,1,21,0
2018-05-06 02:41:55,76,r/news,5,2018-05-06 13:18:07,1,1,8,0
2018-05-06 02:41:55,76,r/news,5,2018-05-06 09:45:01,1,1,15,0
2018-05-06 02:41:55,76,r/news,5,2018-05-06 10:15:14,1,1,13,0
2018-05-06 02:41:55,76,r/news,5,2018-05-06 13:00:31,2,1,3,0
2018-05-06 02:41:55,76,r/news,5,2018-05-06 13:48:19,1,0,2,0
2018-05-06 02:41:55,76,r/news,5,2018-05-06 14:51:13,1,0,1,0
2018-05-06 02:41:55,76,r/news,5,2018-05-06 11:53:58,1,1,3,0
2018-05-06 02:41:55,76,r/news,5,2018-05-06 12:58:31,2,0,2,0
2018-05-06 02:41:55,76,r/news,5,2018-05-06 12:41:19,1,1,2,0
2018-05-06 02:41:55,76,r/news,5,2018-05-06 12:49:07,1,1,2,0
2018-05-06 02:41:55,76,r/news,5,2018-05-06 13:14:02,2,1,7,0
2018-05-06 02:41:55,76,r/news,5,2018-05-06 14:26:33,3,0,1,0
2018-05-06 02:41:55,76,r/news,5,2018-05-06 14:03:54,1,1,3,0
2018-05-06 02:41:55,76,r/news,5,2018-05-06 11:24:27,1,1,2,0
2018-05-06 02:41:55,76,r/news,5,2018-05-06 12:49:52,2,0,2,0
2018-05-06 02:41:55,76,r/news,5,2018-05-06 12:51:48,1,2,2,0
2018-05-06 02:41:55,76,r/news,5,2018-05-06 12:57:31,2,0,4,0
2018-05-06 02:41:55,76,r/news,5,2018-05-06 14:02:07,2,0,2,0
2018-05-06 02:41:55,76,r/news,6,2018-05-06 07:32:13,0,0,39,0
2018-05-06 02:41:55,76,r/news,7,2018-05-06 12:28:21,0,1,37,0
2018-05-06 02:41:55,76,r/news,8,2018-05-06 09:16:18,0,1,59,0
2018-05-06 02:41:55,76,r/news,8,2018-05-06 09:37:10,1,1,16,0
2018-05-06 02:41:55,76,r/news,8,2018-05-06 14:16:08,2,1,1,0
2018-05-06 02:41:55,76,r/news,9,2018-05-06 02:48:33,0,1,51,0
2018-05-06 02:41:55,76,r/news,9,2018-05-06 08:06:07,1,0,36,0
2018-05-06 02:41:55,76,r/news,10,2018-05-06 03:37:58,0,0,53,0
2018-05-06 02:41:55,76,r/news,11,2018-05-06 06:39:19,0,0,25,0
2018-05-06 02:41:55,76,r/news,12,2018-05-06 04:08:54,0,2,69,0
2018-05-06 02:41:55,76,r/news,12,2018-05-06 11:33:48,1,0,8,0
2018-05-06 02:41:55,76,r/news,13,2018-05-06 06:04:41,0,3,59,0
2018-05-06 02:41:55,76,r/news,13,2018-05-06 12:04:49,1,0,3,0
2018-05-06 02:41:55,76,r/news,13,2018-05-06 07:40:27,1,0,0,0
2018-05-06 02:41:55,76,r/news,14,2018-05-06 05:42:47,0,1,29,0
2018-05-06 02:41:55,76,r/news,15,2018-05-06 11:14:27,0,1,20,0
2018-05-06 02:41:55,76,r/news,15,2018-05-06 11:53:27,1,0,15,0
2018-05-06 02:41:55,76,r/news,16,2018-05-06 03:02:23,0,0,12,0
2018-05-06 02:41:55,76,r/news,17,2018-05-06 05:48:06,0,1,56,0
2018-05-06 02:41:55,76,r/news,18,2018-05-06 05:15:17,0,1,24,0
2018-05-06 02:41:55,76,r/news,18,2018-05-06 07:40:21,1,0,18,0
2018-05-06 02:41:55,76,r/news,19,2018-05-06 02:53:19,0,1,19,0
2018-05-06 02:41:55,76,r/news,20,2018-05-06 12:32:48,0,0,5,0
2018-05-06 02:41:55,76,r/news,21,2018-05-06 10:52:17,0,1,18,0
2018-05-06 02:41:55,76,r/news,21,2018-05-06 11:09:04,1,1,15,0
2018-05-06 02:41:55,76,r/news,22,2018-05-06 12:02:32,0,0,4,0
2018-05-06 02:41:55,76,r/news,23,2018-05-06 11:29:34,0,0,3,0
2018-05-06 02:41:55,76,r/news,24,2018-05-06 11:52:54,0,0,3,0
2018-05-06 02:41:55,76,r/news,25,2018-05-06 14:59:10,0,0,1,0
2018-05-06 02:41:55,76,r/news,26,2018-05-06 06:38:53,0,0,10,0
2018-05-06 02:41:55,76,r/news,27,2018-05-06 10:15:03,0,0,5,0
2018-05-06 02:41:55,76,r/news,28,2018-05-06 03:12:28,0,7,60,0
2018-05-06 02:41:55,76,r/news,28,2018-05-06 05:15:10,1,5,110,0
2018-05-06 02:41:55,76,r/news,28,2018-05-06 07:52:03,2,1,13,0
2018-05-06 02:41:55,76,r/news,28,2018-05-06 10:57:20,3,0,4,0
2018-05-06 02:41:55,76,r/news,28,2018-05-06 08:30:53,2,2,10,0
2018-05-06 02:41:55,76,r/news,28,2018-05-06 10:59:18,3,0,2,0
2018-05-06 02:41:55,76,r/news,28,2018-05-06 10:24:08,2,0,1,0
2018-05-06 02:41:55,76,r/news,28,2018-05-06 11:44:19,2,0,1,0
2018-05-06 02:41:55,76,r/news,28,2018-05-06 03:45:53,1,1,21,0
2018-05-06 02:41:55,76,r/news,28,2018-05-06 04:37:30,1,1,16,0
2018-05-06 02:41:55,76,r/news,28,2018-05-06 04:28:42,1,4,152,0
2018-05-06 02:41:55,76,r/news,28,2018-05-06 05:20:02,2,1,55,0
2018-05-06 02:41:55,76,r/news,28,2018-05-06 05:28:24,3,2,31,0
2018-05-06 02:41:55,76,r/news,28,2018-05-06 06:37:29,4,1,4,0
2018-05-06 02:41:55,76,r/news,28,2018-05-06 11:45:22,5,1,3,0
2018-05-06 02:41:55,76,r/news,28,2018-05-06 05:34:03,4,0,7,0
2018-05-06 02:41:55,76,r/news,28,2018-05-06 11:25:39,2,0,9,0
2018-05-06 02:41:55,76,r/news,28,2018-05-06 13:26:29,2,0,2,0
2018-05-06 02:41:55,76,r/news,28,2018-05-06 03:42:55,1,1,9,0
2018-05-06 02:41:55,76,r/news,28,2018-05-06 04:10:33,2,0,7,0
2018-05-06 02:41:55,76,r/news,28,2018-05-06 11:44:13,1,0,3,0
2018-05-06 02:41:55,76,r/news,29,2018-05-06 04:40:54,0,0,5,0
2018-05-06 02:41:55,76,r/news,30,2018-05-06 05:53:53,0,0,2,0
2018-05-06 02:41:55,76,r/news,31,2018-05-06 06:48:37,0,0,2,0
2018-05-06 02:41:55,76,r/news,32,2018-05-06 08:12:48,0,0,2,0
2018-05-06 02:41:55,76,r/news,33,2018-05-06 09:56:05,0,0,2,0
2018-05-06 02:41:55,76,r/news,34,2018-05-06 10:05:35,0,0,2,0
2018-05-06 02:41:55,76,r/news,35,2018-05-06 10:32:51,0,0,2,0
2018-05-06 02:41:55,76,r/news,36,2018-05-06 10:35:00,0,0,2,0
2018-05-06 02:41:55,76,r/news,37,2018-05-06 10:49:58,0,0,2,0
2018-05-06 02:41:55,76,r/news,38,2018-05-06 11:20:38,0,0,2,0
2018-05-06 02:41:55,76,r/news,39,2018-05-06 11:30:06,0,0,2,0
2018-05-06 02:41:55,76,r/news,40,2018-05-06 11:34:57,0,0,2,0
2018-05-06 02:41:55,76,r/news,41,2018-05-06 11:36:18,0,0,2,0
2018-05-06 02:41:55,76,r/news,42,2018-05-06 11:38:21,0,0,2,0
2018-05-06 02:41:55,76,r/news,43,2018-05-06 11:39:31,0,0,2,0
2018-05-06 02:41:55,76,r/news,44,2018-05-06 12:10:12,0,0,2,0
2018-05-06 02:41:55,76,r/news,45,2018-05-06 12:20:17,0,0,2,0
2018-05-06 02:41:55,76,r/news,46,2018-05-06 13:01:36,0,0,2,0
2018-05-06 02:41:55,76,r/news,47,2018-05-06 13:29:35,0,0,2,0
2018-05-06 02:41:55,76,r/news,48,2018-05-06 13:37:51,0,0,2,0
2018-05-06 02:41:55,76,r/news,49,2018-05-06 14:02:22,0,0,2,0
2018-05-06 02:41:55,76,r/news,50,2018-05-06 14:04:22,0,0,2,0
2018-05-06 02:41:55,76,r/news,51,2018-05-06 14:04:30,0,0,2,0
2018-05-06 02:41:55,76,r/news,52,2018-05-06 14:33:27,0,0,1,0
2018-05-06 02:41:55,76,r/news,53,2018-05-06 14:48:40,0,0,1,0
2018-05-06 02:41:55,76,r/news,54,2018-05-06 14:49:10,0,0,1,0
2018-05-06 02:41:55,76,r/news,55,2018-05-06 14:50:29,0,0,1,0
2018-05-06 02:41:55,76,r/news,56,2018-05-06 14:51:33,0,0,1,0
2018-05-06 02:41:55,76,r/news,57,2018-05-06 14:58:57,0,0,1,0
2018-05-06 02:41:55,76,r/news,58,2018-05-06 14:59:14,0,0,1,0
2018-05-06 02:41:55,76,r/news,59,2018-05-06 02:58:36,0,2,5,0
2018-05-06 02:41:55,76,r/news,59,2018-05-06 05:20:43,1,0,9,0
2018-05-06 02:41:55,76,r/news,60,2018-05-06 11:48:07,0,1,3,0
2018-05-06 02:41:55,76,r/news,61,2018-05-06 05:39:22,0,0,3,0
2018-05-06 02:41:55,76,r/news,62,2018-05-06 12:15:11,0,0,3,0
2018-05-06 02:41:55,76,r/news,63,2018-05-06 07:53:57,0,0,2,0
2018-05-06 02:41:55,76,r/news,64,2018-05-06 09:52:17,0,0,2,0
2018-05-06 02:41:55,76,r/news,65,2018-05-06 09:09:02,0,1,3,0
2018-05-06 02:41:55,76,r/news,65,2018-05-06 09:47:02,1,0,1,0
2018-05-06 02:41:55,76,r/news,66,2018-05-06 04:20:15,0,0,4,0
2018-05-06 02:41:55,76,r/news,67,2018-05-06 07:47:34,0,0,3,0
2018-05-06 02:41:55,76,r/news,68,2018-05-06 06:45:40,0,0,1,0
2018-05-06 02:41:55,76,r/news,69,2018-05-06 06:54:37,0,1,1,0
2018-05-06 02:41:55,76,r/news,69,2018-05-06 11:15:18,1,0,1,0
2018-05-06 02:41:55,76,r/news,70,2018-05-06 07:17:22,0,1,1,0
2018-05-06 02:41:55,76,r/news,70,2018-05-06 11:01:24,1,0,1,0
2018-05-06 02:41:55,76,r/news,71,2018-05-06 07:28:16,0,0,1,0
2018-05-06 02:41:55,76,r/news,72,2018-05-06 07:50:19,0,0,1,0
2018-05-06 02:41:55,76,r/news,73,2018-05-06 08:17:35,0,1,1,0
2018-05-06 02:41:55,76,r/news,73,2018-05-06 10:34:36,1,0,1,0
2018-05-06 02:41:55,76,r/news,74,2018-05-06 08:30:11,0,0,1,0
2018-05-06 02:41:55,76,r/news,75,2018-05-06 08:59:22,0,0,1,0
2018-05-06 02:41:55,76,r/news,76,2018-05-06 09:21:09,0,0,1,0
2018-05-06 02:41:55,76,r/news,77,2018-05-06 09:24:21,0,0,1,0
2018-05-06 02:41:55,76,r/news,78,2018-05-06 09:36:15,0,0,1,0
2018-05-06 02:41:55,76,r/news,79,2018-05-06 09:42:30,0,0,1,0
2018-05-06 02:41:55,76,r/news,80,2018-05-06 09:47:13,0,0,1,0
2018-05-06 02:41:55,76,r/news,81,2018-05-06 09:50:36,0,0,1,0
2018-05-06 02:41:55,76,r/news,82,2018-05-06 10:16:20,0,0,1,0
2018-05-06 02:41:55,76,r/news,83,2018-05-06 10:17:44,0,0,1,0
2018-05-06 02:41:55,76,r/news,84,2018-05-06 10:19:02,0,0,1,0
2018-05-06 02:41:55,76,r/news,85,2018-05-06 10:19:08,0,1,1,0
2018-05-06 02:41:55,76,r/news,85,2018-05-06 10:31:57,1,0,1,0
2018-05-06 02:41:55,76,r/news,86,2018-05-06 10:21:32,0,0,1,0
2018-05-06 02:41:55,76,r/news,87,2018-05-06 10:23:07,0,1,1,0
2018-05-06 02:41:55,76,r/news,87,2018-05-06 11:11:22,1,0,1,0
2018-05-06 02:41:55,76,r/news,88,2018-05-06 10:31:17,0,0,1,0
2018-05-06 02:41:55,76,r/news,89,2018-05-06 10:34:40,0,0,1,0
2018-05-06 02:41:55,76,r/news,90,2018-05-06 10:37:59,0,0,1,0
2018-05-06 02:41:55,76,r/news,91,2018-05-06 10:58:12,0,0,1,0
2018-05-06 02:41:55,76,r/news,92,2018-05-06 11:04:03,0,0,1,0
2018-05-06 02:41:55,76,r/news,93,2018-05-06 11:06:15,0,0,1,0
2018-05-06 02:41:55,76,r/news,94,2018-05-06 11:14:14,0,0,1,0
2018-05-06 02:41:55,76,r/news,95,2018-05-06 11:18:58,0,0,1,0
2018-05-06 02:41:55,76,r/news,96,2018-05-06 11:19:55,0,0,1,0
2018-05-06 02:41:55,76,r/news,97,2018-05-06 11:20:47,0,0,1,0
2018-05-06 02:41:55,76,r/news,98,2018-05-06 11:23:56,0,0,1,0
2018-05-06 02:41:55,76,r/news,99,2018-05-06 11:24:21,0,0,1,0
2018-05-06 02:41:55,76,r/news,100,2018-05-06 11:26:12,0,0,1,0
2018-05-06 02:41:55,76,r/news,101,2018-05-06 11:26:29,0,0,1,0
2018-05-06 02:41:55,76,r/news,102,2018-05-06 11:32:00,0,0,1,0
2018-05-06 02:41:55,76,r/news,103,2018-05-06 11:32:36,0,0,1,0
2018-05-06 02:41:55,76,r/news,104,2018-05-06 11:33:19,0,0,1,0
2018-05-06 02:41:55,76,r/news,105,2018-05-06 11:37:58,0,0,1,0
2018-05-06 02:41:55,76,r/news,106,2018-05-06 11:43:05,0,0,1,0
2018-05-06 02:41:55,76,r/news,107,2018-05-06 11:45:23,0,0,1,0
2018-05-06 02:41:55,76,r/news,108,2018-05-06 11:46:49,0,0,1,0
2018-05-06 02:41:55,76,r/news,109,2018-05-06 11:50:19,0,0,1,0
2018-05-06 02:41:55,76,r/news,110,2018-05-06 11:50:28,0,0,1,0
2018-05-06 08:13:49,77,r/PandR,0,2018-05-06 11:04:22,0,1,300,0
2018-05-06 08:13:49,77,r/PandR,0,2018-05-06 12:46:38,1,0,62,0
2018-05-06 08:13:49,77,r/PandR,1,2018-05-06 10:35:00,0,1,224,0
2018-05-06 08:13:49,77,r/PandR,1,2018-05-06 13:05:42,1,1,48,0
2018-05-06 08:13:49,77,r/PandR,1,2018-05-06 13:09:12,2,1,30,0
2018-05-06 08:13:49,77,r/PandR,1,2018-05-06 14:39:25,3,0,11,0
2018-05-06 08:13:49,77,r/PandR,2,2018-05-06 11:36:23,0,0,108,0
2018-05-06 08:13:49,77,r/PandR,3,2018-05-06 12:47:07,0,0,30,0
2018-05-06 08:13:49,77,r/PandR,4,2018-05-06 13:06:06,0,0,21,0
2018-05-06 08:13:49,77,r/PandR,5,2018-05-06 12:54:56,0,0,14,0
2018-05-06 08:13:49,77,r/PandR,6,2018-05-06 12:08:01,0,2,9,0
2018-05-06 08:13:49,77,r/PandR,6,2018-05-06 14:50:09,1,0,3,0
2018-05-06 08:13:49,77,r/PandR,6,2018-05-06 14:59:30,1,0,1,0
2018-05-06 08:13:49,77,r/PandR,7,2018-05-06 11:15:13,0,2,29,0
2018-05-06 08:13:49,77,r/PandR,7,2018-05-06 11:26:28,1,2,98,0
2018-05-06 08:13:49,77,r/PandR,7,2018-05-06 11:28:32,2,1,8,0
2018-05-06 08:13:49,77,r/PandR,7,2018-05-06 12:00:47,3,0,13,0
2018-05-06 08:13:49,77,r/PandR,7,2018-05-06 11:35:44,2,1,-5,0
2018-05-06 08:13:49,77,r/PandR,7,2018-05-06 11:45:55,3,1,6,0
2018-05-06 08:13:49,77,r/PandR,7,2018-05-06 12:04:19,4,0,5,0
2018-05-06 08:13:49,77,r/PandR,7,2018-05-06 11:28:08,1,0,-2,0
2018-05-06 08:13:49,77,r/PandR,8,2018-05-06 12:07:18,0,1,3,0
2018-05-06 08:13:49,77,r/PandR,8,2018-05-06 12:46:06,1,0,1,0
2018-05-06 08:13:49,77,r/PandR,9,2018-05-06 12:07:42,0,1,5,0
2018-05-06 08:13:49,77,r/PandR,9,2018-05-06 12:59:18,1,0,18,0
2018-05-06 08:13:49,77,r/PandR,10,2018-05-06 13:58:33,0,0,1,0
2018-05-06 08:13:49,77,r/PandR,11,2018-05-06 14:16:09,0,0,1,0
2018-05-06 08:13:49,77,r/PandR,12,2018-05-06 14:16:56,0,0,1,0
2018-05-06 08:13:49,77,r/PandR,13,2018-05-06 14:51:44,0,0,1,0
2018-05-06 08:13:49,77,r/PandR,14,2018-05-06 15:05:22,0,0,1,0
2018-05-06 08:13:49,77,r/PandR,15,2018-05-06 15:06:16,0,0,1,0
2018-05-06 08:13:49,77,r/PandR,16,2018-05-06 15:09:54,0,0,1,0
2018-05-06 08:13:49,77,r/PandR,17,2018-05-06 12:15:57,0,0,1,0
2018-05-06 08:13:49,77,r/PandR,18,2018-05-06 14:02:47,0,0,1,0
2018-05-06 08:13:49,77,r/PandR,19,2018-05-06 12:01:55,0,0,-5,0
2018-05-06 08:13:49,77,r/PandR,20,2018-05-06 14:01:56,0,0,-1,0
2018-05-06 08:13:49,77,r/PandR,21,2018-05-06 13:47:47,0,0,-2,0
2018-05-06 08:13:49,77,r/PandR,22,2018-05-06 11:21:05,0,2,-35,0
2018-05-06 08:13:49,77,r/PandR,22,2018-05-06 11:52:26,1,2,36,0
2018-05-06 08:13:49,77,r/PandR,22,2018-05-06 12:06:31,2,1,14,0
2018-05-06 08:13:49,77,r/PandR,22,2018-05-06 13:12:10,3,0,3,0
2018-05-06 08:13:49,77,r/PandR,22,2018-05-06 13:51:54,2,1,-5,0
2018-05-06 08:13:49,77,r/PandR,22,2018-05-06 15:01:05,3,1,1,0
2018-05-06 08:13:49,77,r/PandR,22,2018-05-06 15:06:29,4,0,1,0
2018-05-06 08:13:49,77,r/PandR,22,2018-05-06 11:52:19,1,0,14,0
2018-05-06 02:49:37,78,r/Eyebleach,0,2018-05-06 03:24:09,0,1,358,0
2018-05-06 02:49:37,78,r/Eyebleach,0,2018-05-06 07:13:06,1,2,19,0
2018-05-06 02:49:37,78,r/Eyebleach,0,2018-05-06 07:18:03,2,2,77,0
2018-05-06 02:49:37,78,r/Eyebleach,0,2018-05-06 07:59:32,3,1,31,0
2018-05-06 02:49:37,78,r/Eyebleach,0,2018-05-06 08:12:08,4,1,19,0
2018-05-06 02:49:37,78,r/Eyebleach,0,2018-05-06 08:23:59,5,1,11,0
2018-05-06 02:49:37,78,r/Eyebleach,0,2018-05-06 08:33:17,6,0,13,0
2018-05-06 02:49:37,78,r/Eyebleach,0,2018-05-06 07:47:50,3,0,9,0
2018-05-06 02:49:37,78,r/Eyebleach,0,2018-05-06 07:23:39,2,0,15,0
2018-05-06 02:49:37,78,r/Eyebleach,1,2018-05-06 07:48:47,0,1,42,0
2018-05-06 02:49:37,78,r/Eyebleach,1,2018-05-06 09:54:24,1,0,16,0
2018-05-06 02:49:37,78,r/Eyebleach,2,2018-05-06 09:08:32,0,0,21,0
2018-05-06 02:49:37,78,r/Eyebleach,3,2018-05-06 03:51:52,0,0,36,0
2018-05-06 02:49:37,78,r/Eyebleach,4,2018-05-06 12:04:15,0,0,29,0
2018-05-06 02:49:37,78,r/Eyebleach,5,2018-05-06 03:28:55,0,0,67,0
2018-05-06 02:49:37,78,r/Eyebleach,6,2018-05-06 04:41:01,0,0,19,0
2018-05-06 02:49:37,78,r/Eyebleach,7,2018-05-06 05:11:05,0,0,16,0
2018-05-06 02:49:37,78,r/Eyebleach,8,2018-05-06 12:14:04,0,0,5,0
2018-05-06 02:49:37,78,r/Eyebleach,9,2018-05-06 05:02:47,0,0,10,0
2018-05-06 02:49:37,78,r/Eyebleach,10,2018-05-06 07:46:07,0,0,4,0
2018-05-06 02:49:37,78,r/Eyebleach,11,2018-05-06 06:28:53,0,2,38,0
2018-05-06 02:49:37,78,r/Eyebleach,11,2018-05-06 06:34:02,1,1,29,0
2018-05-06 02:49:37,78,r/Eyebleach,11,2018-05-06 06:51:50,2,3,20,0
2018-05-06 02:49:37,78,r/Eyebleach,11,2018-05-06 09:38:48,3,0,9,0
2018-05-06 02:49:37,78,r/Eyebleach,11,2018-05-06 09:55:14,3,0,3,0
2018-05-06 02:49:37,78,r/Eyebleach,11,2018-05-06 06:52:57,3,0,-1,0
2018-05-06 02:49:37,78,r/Eyebleach,11,2018-05-06 15:01:19,1,0,1,0
2018-05-06 02:49:37,78,r/Eyebleach,12,2018-05-06 06:23:51,0,3,28,0
2018-05-06 02:49:37,78,r/Eyebleach,12,2018-05-06 07:17:28,1,0,16,0
2018-05-06 02:49:37,78,r/Eyebleach,12,2018-05-06 12:45:19,1,0,2,0
2018-05-06 02:49:37,78,r/Eyebleach,12,2018-05-06 12:52:53,1,0,2,0
2018-05-06 02:49:37,78,r/Eyebleach,13,2018-05-06 07:50:51,0,0,2,0
2018-05-06 02:49:37,78,r/Eyebleach,14,2018-05-06 07:52:40,0,0,2,0
2018-05-06 02:49:37,78,r/Eyebleach,15,2018-05-06 08:57:35,0,0,2,0
2018-05-06 02:49:37,78,r/Eyebleach,16,2018-05-06 14:37:42,0,1,2,0
2018-05-06 02:49:37,78,r/Eyebleach,16,2018-05-06 14:44:48,1,0,2,0
2018-05-06 02:49:37,78,r/Eyebleach,17,2018-05-06 03:51:30,0,0,2,0
2018-05-06 02:49:37,78,r/Eyebleach,18,2018-05-06 06:16:26,0,0,3,0
2018-05-06 02:49:37,78,r/Eyebleach,19,2018-05-06 10:21:13,0,0,2,0
2018-05-06 02:49:37,78,r/Eyebleach,20,2018-05-06 06:06:29,0,0,2,0
2018-05-06 02:49:37,78,r/Eyebleach,21,2018-05-06 06:34:14,0,0,2,0
2018-05-06 02:49:37,78,r/Eyebleach,22,2018-05-06 07:18:49,0,0,2,0
2018-05-06 02:49:37,78,r/Eyebleach,23,2018-05-06 11:39:04,0,0,1,0
2018-05-06 02:49:37,78,r/Eyebleach,24,2018-05-06 12:57:35,0,0,1,0
2018-05-06 02:49:37,78,r/Eyebleach,25,2018-05-06 13:47:12,0,0,1,0
2018-05-06 02:49:37,78,r/Eyebleach,26,2018-05-06 13:55:52,0,0,1,0
2018-05-06 02:49:37,78,r/Eyebleach,27,2018-05-06 06:32:50,0,0,0,0
2018-05-06 02:49:37,78,r/Eyebleach,28,2018-05-06 07:43:41,0,0,1,0
2018-05-06 02:49:37,78,r/Eyebleach,29,2018-05-06 09:42:42,0,0,-4,0
2018-05-06 02:49:37,78,r/Eyebleach,30,2018-05-06 08:06:35,0,1,-15,0
2018-05-06 02:49:37,78,r/Eyebleach,30,2018-05-06 10:52:16,1,1,2,0
2018-05-06 02:49:37,78,r/Eyebleach,30,2018-05-06 12:49:23,2,1,-3,0
2018-05-06 02:49:37,78,r/Eyebleach,30,2018-05-06 12:51:53,3,1,1,0
2018-05-06 02:49:37,78,r/Eyebleach,30,2018-05-06 13:06:16,4,1,-2,0
2018-05-06 02:49:37,78,r/Eyebleach,30,2018-05-06 13:11:04,5,2,2,0
2018-05-06 02:49:37,78,r/Eyebleach,30,2018-05-06 13:53:52,6,0,3,0
2018-05-06 02:49:37,78,r/Eyebleach,30,2018-05-06 13:34:29,6,1,1,0
2018-05-06 02:49:37,78,r/Eyebleach,30,2018-05-06 13:53:41,7,0,1,0
2018-05-06 02:49:37,78,r/Eyebleach,31,2018-05-06 14:10:01,0,0,0,0
2018-05-06 02:49:37,78,r/Eyebleach,32,2018-05-06 13:48:59,0,0,-1,0
2018-05-06 07:20:12,79,r/oddlysatisfying,0,2018-05-06 07:40:16,0,1,343,0
2018-05-06 07:20:12,79,r/oddlysatisfying,0,2018-05-06 11:24:12,1,0,28,0
2018-05-06 07:20:12,79,r/oddlysatisfying,1,2018-05-06 07:50:59,0,2,55,0
2018-05-06 07:20:12,79,r/oddlysatisfying,1,2018-05-06 12:54:57,1,1,11,0
2018-05-06 07:20:12,79,r/oddlysatisfying,1,2018-05-06 13:32:12,2,0,2,0
2018-05-06 07:20:12,79,r/oddlysatisfying,1,2018-05-06 13:34:16,1,0,2,0
2018-05-06 07:20:12,79,r/oddlysatisfying,2,2018-05-06 09:58:19,0,1,143,0
2018-05-06 07:20:12,79,r/oddlysatisfying,2,2018-05-06 12:31:12,1,6,124,0
2018-05-06 07:20:12,79,r/oddlysatisfying,2,2018-05-06 12:43:04,2,1,49,0
2018-05-06 07:20:12,79,r/oddlysatisfying,2,2018-05-06 14:41:56,3,0,3,0
2018-05-06 07:20:12,79,r/oddlysatisfying,2,2018-05-06 12:39:41,2,1,34,0
2018-05-06 07:20:12,79,r/oddlysatisfying,2,2018-05-06 12:41:59,3,3,52,0
2018-05-06 07:20:12,79,r/oddlysatisfying,2,2018-05-06 12:51:14,4,0,14,0
2018-05-06 07:20:12,79,r/oddlysatisfying,2,2018-05-06 12:59:43,4,0,6,0
2018-05-06 07:20:12,79,r/oddlysatisfying,2,2018-05-06 13:08:11,4,0,-2,0
2018-05-06 07:20:12,79,r/oddlysatisfying,2,2018-05-06 13:29:31,2,0,4,0
2018-05-06 07:20:12,79,r/oddlysatisfying,2,2018-05-06 12:46:06,2,1,5,0
2018-05-06 07:20:12,79,r/oddlysatisfying,2,2018-05-06 13:00:51,3,1,10,0
2018-05-06 07:20:12,79,r/oddlysatisfying,2,2018-05-06 13:09:23,4,2,5,0
2018-05-06 07:20:12,79,r/oddlysatisfying,2,2018-05-06 13:10:46,5,0,1,0
2018-05-06 07:20:12,79,r/oddlysatisfying,2,2018-05-06 13:57:12,5,2,0,0
2018-05-06 07:20:12,79,r/oddlysatisfying,2,2018-05-06 14:10:56,6,2,5,0
2018-05-06 07:20:12,79,r/oddlysatisfying,2,2018-05-06 14:31:15,7,1,0,0
2018-05-06 07:20:12,79,r/oddlysatisfying,2,2018-05-06 14:33:38,8,1,0,0
2018-05-06 07:20:12,79,r/oddlysatisfying,2,2018-05-06 14:35:03,9,1,-1,0
2018-05-06 07:20:12,79,r/oddlysatisfying,2,2018-05-06 14:23:23,7,0,-2,0
2018-05-06 07:20:12,79,r/oddlysatisfying,2,2018-05-06 14:12:29,6,1,1,0
2018-05-06 07:20:12,79,r/oddlysatisfying,2,2018-05-06 14:34:09,7,2,2,0
2018-05-06 07:20:12,79,r/oddlysatisfying,2,2018-05-06 14:40:47,8,0,1,0
2018-05-06 07:20:12,79,r/oddlysatisfying,2,2018-05-06 14:43:05,8,0,1,0
2018-05-06 07:20:12,79,r/oddlysatisfying,2,2018-05-06 12:51:03,2,0,2,0
2018-05-06 07:20:12,79,r/oddlysatisfying,2,2018-05-06 13:58:25,2,0,1,0
2018-05-06 07:20:12,79,r/oddlysatisfying,3,2018-05-06 07:35:50,0,1,66,0
2018-05-06 07:20:12,79,r/oddlysatisfying,3,2018-05-06 12:41:18,1,2,12,0
2018-05-06 07:20:12,79,r/oddlysatisfying,3,2018-05-06 12:44:51,2,1,12,0
2018-05-06 07:20:12,79,r/oddlysatisfying,3,2018-05-06 12:57:44,3,0,3,0
2018-05-06 07:20:12,79,r/oddlysatisfying,3,2018-05-06 14:14:18,2,0,-1,0
2018-05-06 07:20:12,79,r/oddlysatisfying,4,2018-05-06 10:43:23,0,0,20,0
2018-05-06 07:20:12,79,r/oddlysatisfying,5,2018-05-06 12:54:13,0,1,28,0
2018-05-06 07:20:12,79,r/oddlysatisfying,5,2018-05-06 14:29:29,1,1,4,0
2018-05-06 07:20:12,79,r/oddlysatisfying,5,2018-05-06 15:04:46,2,0,1,0
2018-05-06 07:20:12,79,r/oddlysatisfying,6,2018-05-06 09:03:01,0,0,14,0
2018-05-06 07:20:12,79,r/oddlysatisfying,7,2018-05-06 09:14:24,0,1,11,0
2018-05-06 07:20:12,79,r/oddlysatisfying,7,2018-05-06 13:09:17,1,0,6,0
2018-05-06 07:20:12,79,r/oddlysatisfying,8,2018-05-06 11:34:26,0,0,6,0
2018-05-06 07:20:12,79,r/oddlysatisfying,9,2018-05-06 09:46:04,0,1,4,0
2018-05-06 07:20:12,79,r/oddlysatisfying,9,2018-05-06 13:18:35,1,0,2,0
2018-05-06 07:20:12,79,r/oddlysatisfying,10,2018-05-06 12:48:50,0,0,4,0
2018-05-06 07:20:12,79,r/oddlysatisfying,11,2018-05-06 09:13:42,0,0,9,0
2018-05-06 07:20:12,79,r/oddlysatisfying,12,2018-05-06 11:52:36,0,0,3,0
2018-05-06 07:20:12,79,r/oddlysatisfying,13,2018-05-06 12:11:29,0,1,2,0
2018-05-06 07:20:12,79,r/oddlysatisfying,13,2018-05-06 15:10:35,1,0,1,0
2018-05-06 07:20:12,79,r/oddlysatisfying,14,2018-05-06 12:12:56,0,0,2,0
2018-05-06 07:20:12,79,r/oddlysatisfying,15,2018-05-06 12:46:55,0,0,2,0
2018-05-06 07:20:12,79,r/oddlysatisfying,16,2018-05-06 12:49:48,0,0,2,0
2018-05-06 07:20:12,79,r/oddlysatisfying,17,2018-05-06 12:51:48,0,0,2,0
2018-05-06 07:20:12,79,r/oddlysatisfying,18,2018-05-06 12:51:52,0,0,2,0
2018-05-06 07:20:12,79,r/oddlysatisfying,19,2018-05-06 12:56:58,0,1,2,0
2018-05-06 07:20:12,79,r/oddlysatisfying,19,2018-05-06 12:57:02,1,0,1,0
2018-05-06 07:20:12,79,r/oddlysatisfying,20,2018-05-06 13:05:16,0,0,2,0
2018-05-06 07:20:12,79,r/oddlysatisfying,21,2018-05-06 13:17:04,0,1,2,0
2018-05-06 07:20:12,79,r/oddlysatisfying,21,2018-05-06 14:11:09,1,1,2,0
2018-05-06 07:20:12,79,r/oddlysatisfying,21,2018-05-06 14:22:01,2,0,1,0
2018-05-06 07:20:12,79,r/oddlysatisfying,22,2018-05-06 13:22:13,0,0,2,0
2018-05-06 07:20:12,79,r/oddlysatisfying,23,2018-05-06 13:22:47,0,0,2,0
2018-05-06 07:20:12,79,r/oddlysatisfying,24,2018-05-06 09:12:13,0,1,5,0
2018-05-06 07:20:12,79,r/oddlysatisfying,24,2018-05-06 09:23:18,1,1,3,0
2018-05-06 07:20:12,79,r/oddlysatisfying,24,2018-05-06 12:51:39,2,1,6,0
2018-05-06 07:20:12,79,r/oddlysatisfying,24,2018-05-06 13:00:42,3,0,1,0
2018-05-06 07:20:12,79,r/oddlysatisfying,25,2018-05-06 10:08:26,0,1,2,0
2018-05-06 07:20:12,79,r/oddlysatisfying,25,2018-05-06 12:38:53,1,1,2,0
2018-05-06 07:20:12,79,r/oddlysatisfying,25,2018-05-06 12:53:03,2,0,2,0
2018-05-06 07:20:12,79,r/oddlysatisfying,26,2018-05-06 10:08:41,0,0,2,0
2018-05-06 07:20:12,79,r/oddlysatisfying,27,2018-05-06 12:38:51,0,1,2,0
2018-05-06 07:20:12,79,r/oddlysatisfying,27,2018-05-06 13:18:16,1,0,6,0
2018-05-06 07:20:12,79,r/oddlysatisfying,28,2018-05-06 09:56:21,0,0,1,0
2018-05-06 07:20:12,79,r/oddlysatisfying,29,2018-05-06 11:11:31,0,0,1,0
2018-05-06 07:20:12,79,r/oddlysatisfying,30,2018-05-06 12:01:05,0,0,1,0
2018-05-06 07:20:12,79,r/oddlysatisfying,31,2018-05-06 12:47:39,0,0,1,0
2018-05-06 07:20:12,79,r/oddlysatisfying,32,2018-05-06 12:50:32,0,0,1,0
2018-05-06 07:20:12,79,r/oddlysatisfying,33,2018-05-06 13:05:01,0,0,1,0
2018-05-06 07:20:12,79,r/oddlysatisfying,34,2018-05-06 13:20:17,0,0,1,0
2018-05-06 07:20:12,79,r/oddlysatisfying,35,2018-05-06 13:28:53,0,0,1,0
2018-05-06 07:20:12,79,r/oddlysatisfying,36,2018-05-06 13:31:50,0,0,1,0
2018-05-06 07:20:12,79,r/oddlysatisfying,37,2018-05-06 13:39:32,0,0,1,0
2018-05-06 07:20:12,79,r/oddlysatisfying,38,2018-05-06 13:51:08,0,0,1,0
2018-05-06 07:20:12,79,r/oddlysatisfying,39,2018-05-06 14:10:37,0,0,1,0
2018-05-06 07:20:12,79,r/oddlysatisfying,40,2018-05-06 14:42:28,0,0,1,0
2018-05-06 07:20:12,79,r/oddlysatisfying,41,2018-05-06 14:48:22,0,0,1,0
2018-05-06 07:20:12,79,r/oddlysatisfying,42,2018-05-06 14:54:17,0,0,1,0
2018-05-06 07:20:12,79,r/oddlysatisfying,43,2018-05-06 15:04:15,0,0,1,0
2018-05-06 07:20:12,79,r/oddlysatisfying,44,2018-05-06 15:04:55,0,0,1,0
2018-05-06 07:20:12,79,r/oddlysatisfying,45,2018-05-06 15:07:05,0,0,1,0
2018-05-06 07:20:12,79,r/oddlysatisfying,46,2018-05-06 15:09:07,0,0,1,0
2018-05-06 07:20:12,79,r/oddlysatisfying,47,2018-05-06 12:54:57,0,0,1,0
2018-05-06 07:20:12,79,r/oddlysatisfying,48,2018-05-06 12:57:59,0,0,1,0
2018-05-06 07:20:12,79,r/oddlysatisfying,49,2018-05-06 11:03:33,0,0,-1,0
2018-05-06 07:20:12,79,r/oddlysatisfying,50,2018-05-06 12:36:32,0,0,-1,0
2018-05-06 07:20:12,79,r/oddlysatisfying,51,2018-05-06 13:19:30,0,0,0,0
2018-05-06 07:20:12,79,r/oddlysatisfying,52,2018-05-06 12:26:23,0,1,-2,0
2018-05-06 07:20:12,79,r/oddlysatisfying,52,2018-05-06 14:12:04,1,0,1,0
2018-05-06 02:54:41,80,r/freefolk,0,2018-05-06 05:59:41,0,2,326,0
2018-05-06 02:54:41,80,r/freefolk,0,2018-05-06 11:05:52,1,2,75,0
2018-05-06 02:54:41,80,r/freefolk,0,2018-05-06 11:45:46,2,1,25,0
2018-05-06 02:54:41,80,r/freefolk,0,2018-05-06 12:28:55,3,2,19,0
2018-05-06 02:54:41,80,r/freefolk,0,2018-05-06 12:33:58,4,0,6,0
2018-05-06 02:54:41,80,r/freefolk,0,2018-05-06 13:10:46,4,0,2,0
2018-05-06 02:54:41,80,r/freefolk,0,2018-05-06 13:09:22,2,0,3,0
2018-05-06 02:54:41,80,r/freefolk,0,2018-05-06 13:34:58,1,3,1,0
2018-05-06 02:54:41,80,r/freefolk,0,2018-05-06 14:36:21,2,0,1,0
2018-05-06 02:54:41,80,r/freefolk,0,2018-05-06 13:38:59,2,0,1,0
2018-05-06 02:54:41,80,r/freefolk,0,2018-05-06 14:02:57,2,0,1,0
2018-05-06 02:54:41,80,r/freefolk,1,2018-05-06 03:14:15,0,2,517,0
2018-05-06 02:54:41,80,r/freefolk,1,2018-05-06 03:16:23,1,3,137,0
2018-05-06 02:54:41,80,r/freefolk,1,2018-05-06 03:24:10,2,2,71,0
2018-05-06 02:54:41,80,r/freefolk,1,2018-05-06 03:24:59,3,2,40,0
2018-05-06 02:54:41,80,r/freefolk,1,2018-05-06 03:25:02,4,2,49,0
2018-05-06 02:54:41,80,r/freefolk,1,2018-05-06 03:29:16,5,1,23,0
2018-05-06 02:54:41,80,r/freefolk,1,2018-05-06 03:29:22,6,1,34,0
2018-05-06 02:54:41,80,r/freefolk,1,2018-05-06 03:29:54,7,1,17,0
2018-05-06 02:54:41,80,r/freefolk,1,2018-05-06 07:07:12,8,1,8,0
2018-05-06 02:54:41,80,r/freefolk,1,2018-05-06 07:07:19,9,1,22,0
2018-05-06 02:54:41,80,r/freefolk,1,2018-05-06 06:49:23,5,0,3,0
2018-05-06 02:54:41,80,r/freefolk,1,2018-05-06 14:06:50,4,0,1,0
2018-05-06 02:54:41,80,r/freefolk,1,2018-05-06 13:14:20,3,0,1,0
2018-05-06 02:54:41,80,r/freefolk,1,2018-05-06 12:16:29,2,0,4,0
2018-05-06 02:54:41,80,r/freefolk,1,2018-05-06 03:25:24,2,0,5,0
2018-05-06 02:54:41,80,r/freefolk,1,2018-05-06 11:34:41,1,0,11,0
2018-05-06 02:54:41,80,r/freefolk,2,2018-05-06 04:23:32,0,1,212,0
2018-05-06 02:54:41,80,r/freefolk,2,2018-05-06 05:32:49,1,1,12,0
2018-05-06 02:54:41,80,r/freefolk,2,2018-05-06 05:40:21,2,0,9,0
2018-05-06 02:54:41,80,r/freefolk,3,2018-05-06 05:07:09,0,0,91,0
2018-05-06 02:54:41,80,r/freefolk,4,2018-05-06 04:48:09,0,0,52,0
2018-05-06 02:54:41,80,r/freefolk,5,2018-05-06 04:24:30,0,0,69,0
2018-05-06 02:54:41,80,r/freefolk,6,2018-05-06 04:59:42,0,3,97,0
2018-05-06 02:54:41,80,r/freefolk,6,2018-05-06 13:10:04,1,1,7,0
2018-05-06 02:54:41,80,r/freefolk,6,2018-05-06 14:22:23,2,0,1,0
2018-05-06 02:54:41,80,r/freefolk,6,2018-05-06 09:56:45,1,0,17,0
2018-05-06 02:54:41,80,r/freefolk,6,2018-05-06 14:12:50,1,0,1,0
2018-05-06 02:54:41,80,r/freefolk,7,2018-05-06 06:07:19,0,13,171,0
2018-05-06 02:54:41,80,r/freefolk,7,2018-05-06 08:09:34,1,2,150,0
2018-05-06 02:54:41,80,r/freefolk,7,2018-05-06 12:41:53,2,1,10,0
2018-05-06 02:54:41,80,r/freefolk,7,2018-05-06 13:29:22,3,0,1,0
2018-05-06 02:54:41,80,r/freefolk,7,2018-05-06 09:54:52,2,2,46,0
2018-05-06 02:54:41,80,r/freefolk,7,2018-05-06 10:54:42,3,1,47,0
2018-05-06 02:54:41,80,r/freefolk,7,2018-05-06 10:56:44,4,1,36,0
2018-05-06 02:54:41,80,r/freefolk,7,2018-05-06 10:58:22,5,1,10,0
2018-05-06 02:54:41,80,r/freefolk,7,2018-05-06 11:18:30,6,2,50,0
2018-05-06 02:54:41,80,r/freefolk,7,2018-05-06 13:17:38,7,0,1,0
2018-05-06 02:54:41,80,r/freefolk,7,2018-05-06 13:50:00,7,2,1,0
2018-05-06 02:54:41,80,r/freefolk,7,2018-05-06 13:51:23,8,0,1,0
2018-05-06 02:54:41,80,r/freefolk,7,2018-05-06 14:25:37,8,1,1,0
2018-05-06 02:54:41,80,r/freefolk,7,2018-05-06 14:29:11,9,0,1,0
2018-05-06 02:54:41,80,r/freefolk,7,2018-05-06 11:41:15,3,0,6,0
2018-05-06 02:54:41,80,r/freefolk,7,2018-05-06 08:02:42,1,1,65,0
2018-05-06 02:54:41,80,r/freefolk,7,2018-05-06 09:49:05,2,4,-17,0
2018-05-06 02:54:41,80,r/freefolk,7,2018-05-06 10:05:22,3,3,44,0
2018-05-06 02:54:41,80,r/freefolk,7,2018-05-06 10:19:51,4,2,26,0
2018-05-06 02:54:41,80,r/freefolk,7,2018-05-06 10:29:27,5,0,10,0
2018-05-06 02:54:41,80,r/freefolk,7,2018-05-06 12:20:34,5,0,7,0
2018-05-06 02:54:41,80,r/freefolk,7,2018-05-06 11:33:53,4,2,7,0
2018-05-06 02:54:41,80,r/freefolk,7,2018-05-06 11:50:02,5,1,22,0
2018-05-06 02:54:41,80,r/freefolk,7,2018-05-06 11:51:38,6,0,-3,0
2018-05-06 02:54:41,80,r/freefolk,7,2018-05-06 11:41:47,5,2,13,0
2018-05-06 02:54:41,80,r/freefolk,7,2018-05-06 11:52:37,6,1,4,0
2018-05-06 02:54:41,80,r/freefolk,7,2018-05-06 12:23:23,7,1,4,0
2018-05-06 02:54:41,80,r/freefolk,7,2018-05-06 12:30:48,8,1,1,0
2018-05-06 02:54:41,80,r/freefolk,7,2018-05-06 12:35:11,9,1,2,0
2018-05-06 02:54:41,80,r/freefolk,7,2018-05-06 11:52:08,6,0,4,0
2018-05-06 02:54:41,80,r/freefolk,7,2018-05-06 13:34:16,4,0,1,0
2018-05-06 02:54:41,80,r/freefolk,7,2018-05-06 09:51:06,3,1,5,0
2018-05-06 02:54:41,80,r/freefolk,7,2018-05-06 10:57:13,4,0,3,0
2018-05-06 02:54:41,80,r/freefolk,7,2018-05-06 12:00:29,3,0,2,0
2018-05-06 02:54:41,80,r/freefolk,7,2018-05-06 13:40:12,3,0,1,0
2018-05-06 02:54:41,80,r/freefolk,7,2018-05-06 09:29:22,1,0,22,0
2018-05-06 02:54:41,80,r/freefolk,7,2018-05-06 10:04:16,1,0,8,0
2018-05-06 02:54:41,80,r/freefolk,7,2018-05-06 10:59:02,1,0,9,0
2018-05-06 02:54:41,80,r/freefolk,7,2018-05-06 11:23:06,1,1,8,0
2018-05-06 02:54:41,80,r/freefolk,7,2018-05-06 12:21:25,2,0,2,0
2018-05-06 02:54:41,80,r/freefolk,7,2018-05-06 08:54:15,1,0,16,0
2018-05-06 02:54:41,80,r/freefolk,7,2018-05-06 12:01:00,1,0,3,0
2018-05-06 02:54:41,80,r/freefolk,7,2018-05-06 08:37:42,1,1,9,0
2018-05-06 02:54:41,80,r/freefolk,7,2018-05-06 09:12:10,2,0,3,0
2018-05-06 02:54:41,80,r/freefolk,7,2018-05-06 09:04:12,1,1,3,0
2018-05-06 02:54:41,80,r/freefolk,7,2018-05-06 09:56:04,2,0,4,0
2018-05-06 02:54:41,80,r/freefolk,7,2018-05-06 11:56:18,1,1,2,0
2018-05-06 02:54:41,80,r/freefolk,7,2018-05-06 14:20:12,2,0,1,0
2018-05-06 02:54:41,80,r/freefolk,7,2018-05-06 08:04:12,1,1,4,0
2018-05-06 02:54:41,80,r/freefolk,7,2018-05-06 08:09:16,2,0,3,0
2018-05-06 02:54:41,80,r/freefolk,7,2018-05-06 11:04:10,1,1,-4,0
2018-05-06 02:54:41,80,r/freefolk,7,2018-05-06 11:42:32,2,0,4,0
2018-05-06 02:54:41,80,r/freefolk,8,2018-05-06 06:09:58,0,1,33,0
2018-05-06 02:54:41,80,r/freefolk,8,2018-05-06 09:49:13,1,1,7,0
2018-05-06 02:54:41,80,r/freefolk,8,2018-05-06 09:57:43,2,0,3,0
2018-05-06 02:54:41,80,r/freefolk,9,2018-05-06 07:09:34,0,0,21,0
2018-05-06 02:54:41,80,r/freefolk,10,2018-05-06 09:29:46,0,0,10,0
2018-05-06 02:54:41,80,r/freefolk,11,2018-05-06 06:04:31,0,1,75,0
2018-05-06 02:54:41,80,r/freefolk,11,2018-05-06 07:07:55,1,1,22,0
2018-05-06 02:54:41,80,r/freefolk,11,2018-05-06 12:41:53,2,0,4,0
2018-05-06 02:54:41,80,r/freefolk,12,2018-05-06 05:30:00,0,0,14,0
2018-05-06 02:54:41,80,r/freefolk,13,2018-05-06 07:07:46,0,1,6,0
2018-05-06 02:54:41,80,r/freefolk,13,2018-05-06 07:16:17,1,0,4,0
2018-05-06 02:54:41,80,r/freefolk,14,2018-05-06 08:06:04,0,0,6,0
2018-05-06 02:54:41,80,r/freefolk,15,2018-05-06 09:34:45,0,0,5,0
2018-05-06 02:54:41,80,r/freefolk,16,2018-05-06 11:18:10,0,0,5,0
2018-05-06 02:54:41,80,r/freefolk,17,2018-05-06 06:39:19,0,0,3,0
2018-05-06 02:54:41,80,r/freefolk,18,2018-05-06 07:17:53,0,1,4,0
2018-05-06 02:54:41,80,r/freefolk,18,2018-05-06 07:17:55,1,0,11,0
2018-05-06 02:54:41,80,r/freefolk,19,2018-05-06 08:15:12,0,0,4,0
2018-05-06 02:54:41,80,r/freefolk,20,2018-05-06 09:54:14,0,0,4,0
2018-05-06 02:54:41,80,r/freefolk,21,2018-05-06 07:38:57,0,4,12,0
2018-05-06 02:54:41,80,r/freefolk,21,2018-05-06 08:27:39,1,1,23,0
2018-05-06 02:54:41,80,r/freefolk,21,2018-05-06 08:38:07,2,3,7,0
2018-05-06 02:54:41,80,r/freefolk,21,2018-05-06 08:43:44,3,1,9,0
2018-05-06 02:54:41,80,r/freefolk,21,2018-05-06 08:46:56,4,0,3,0
2018-05-06 02:54:41,80,r/freefolk,21,2018-05-06 10:59:25,3,2,1,0
2018-05-06 02:54:41,80,r/freefolk,21,2018-05-06 11:31:53,4,1,3,0
2018-05-06 02:54:41,80,r/freefolk,21,2018-05-06 11:35:04,5,1,6,0
2018-05-06 02:54:41,80,r/freefolk,21,2018-05-06 12:41:46,6,1,2,0
2018-05-06 02:54:41,80,r/freefolk,21,2018-05-06 12:53:01,7,0,0,0
2018-05-06 02:54:41,80,r/freefolk,21,2018-05-06 11:33:33,4,0,-1,0
2018-05-06 02:54:41,80,r/freefolk,21,2018-05-06 11:43:21,3,0,1,0
2018-05-06 02:54:41,80,r/freefolk,21,2018-05-06 08:31:58,1,1,5,0
2018-05-06 02:54:41,80,r/freefolk,21,2018-05-06 08:38:44,2,0,1,0
2018-05-06 02:54:41,80,r/freefolk,21,2018-05-06 08:36:53,1,1,1,0
2018-05-06 02:54:41,80,r/freefolk,21,2018-05-06 08:39:42,2,0,1,0
2018-05-06 02:54:41,80,r/freefolk,21,2018-05-06 11:17:29,1,1,-2,0
2018-05-06 02:54:41,80,r/freefolk,21,2018-05-06 11:24:43,2,1,3,0
2018-05-06 02:54:41,80,r/freefolk,21,2018-05-06 12:14:29,3,0,-3,0
2018-05-06 02:54:41,80,r/freefolk,22,2018-05-06 06:52:35,0,0,3,0
2018-05-06 02:54:41,80,r/freefolk,23,2018-05-06 09:57:04,0,0,3,0
2018-05-06 02:54:41,80,r/freefolk,24,2018-05-06 10:32:54,0,0,3,0
2018-05-06 02:54:41,80,r/freefolk,25,2018-05-06 03:34:15,0,0,7,0
2018-05-06 02:54:41,80,r/freefolk,26,2018-05-06 06:24:45,0,0,5,0
2018-05-06 02:54:41,80,r/freefolk,27,2018-05-06 07:34:12,0,1,4,0
2018-05-06 02:54:41,80,r/freefolk,27,2018-05-06 09:29:10,1,0,5,0
2018-05-06 02:54:41,80,r/freefolk,28,2018-05-06 04:54:44,0,2,21,0
2018-05-06 02:54:41,80,r/freefolk,28,2018-05-06 05:36:12,1,1,21,0
2018-05-06 02:54:41,80,r/freefolk,28,2018-05-06 05:40:56,2,1,25,0
2018-05-06 02:54:41,80,r/freefolk,28,2018-05-06 06:07:04,3,0,9,0
2018-05-06 02:54:41,80,r/freefolk,28,2018-05-06 06:55:45,1,2,15,0
2018-05-06 02:54:41,80,r/freefolk,28,2018-05-06 07:05:12,2,0,11,0
2018-05-06 02:54:41,80,r/freefolk,28,2018-05-06 13:40:25,2,0,1,0
2018-05-06 02:54:41,80,r/freefolk,29,2018-05-06 07:13:33,0,0,5,0
2018-05-06 02:54:41,80,r/freefolk,30,2018-05-06 10:40:34,0,0,2,0
2018-05-06 02:54:41,80,r/freefolk,31,2018-05-06 11:05:00,0,0,2,0
2018-05-06 02:54:41,80,r/freefolk,32,2018-05-06 11:50:16,0,0,2,0
2018-05-06 02:54:41,80,r/freefolk,33,2018-05-06 12:14:31,0,1,2,0
2018-05-06 02:54:41,80,r/freefolk,33,2018-05-06 12:14:35,1,0,1,0
2018-05-06 02:54:41,80,r/freefolk,34,2018-05-06 06:14:05,0,0,3,0
2018-05-06 02:54:41,80,r/freefolk,35,2018-05-06 06:20:56,0,0,3,0
2018-05-06 02:54:41,80,r/freefolk,36,2018-05-06 05:29:23,0,1,7,0
2018-05-06 02:54:41,80,r/freefolk,36,2018-05-06 08:21:51,1,2,8,0
2018-05-06 02:54:41,80,r/freefolk,36,2018-05-06 11:35:00,2,1,10,0
2018-05-06 02:54:41,80,r/freefolk,36,2018-05-06 11:36:38,3,1,2,0
2018-05-06 02:54:41,80,r/freefolk,36,2018-05-06 12:47:50,4,1,4,0
2018-05-06 02:54:41,80,r/freefolk,36,2018-05-06 12:52:04,5,2,-1,0
2018-05-06 02:54:41,80,r/freefolk,36,2018-05-06 13:03:13,6,1,2,0
2018-05-06 02:54:41,80,r/freefolk,36,2018-05-06 13:28:30,7,0,1,0
2018-05-06 02:54:41,80,r/freefolk,36,2018-05-06 13:23:43,6,1,1,0
2018-05-06 02:54:41,80,r/freefolk,36,2018-05-06 13:27:14,7,1,1,0
2018-05-06 02:54:41,80,r/freefolk,36,2018-05-06 14:02:25,8,1,1,0
2018-05-06 02:54:41,80,r/freefolk,36,2018-05-06 14:16:18,9,0,1,0
2018-05-06 02:54:41,80,r/freefolk,36,2018-05-06 08:40:36,2,1,2,0
2018-05-06 02:54:41,80,r/freefolk,36,2018-05-06 08:41:58,3,1,9,0
2018-05-06 02:54:41,80,r/freefolk,36,2018-05-06 11:36:22,4,1,3,0
2018-05-06 02:54:41,80,r/freefolk,36,2018-05-06 11:44:20,5,1,-2,0
2018-05-06 02:54:41,80,r/freefolk,36,2018-05-06 12:09:51,6,1,4,0
2018-05-06 02:54:41,80,r/freefolk,36,2018-05-06 12:24:23,7,0,-1,0
2018-05-06 02:54:41,80,r/freefolk,37,2018-05-06 07:49:03,0,0,1,0
2018-05-06 02:54:41,80,r/freefolk,38,2018-05-06 12:23:37,0,0,1,0
2018-05-06 02:54:41,80,r/freefolk,39,2018-05-06 12:42:02,0,0,1,0
2018-05-06 02:54:41,80,r/freefolk,40,2018-05-06 13:05:18,0,0,1,0
2018-05-06 02:54:41,80,r/freefolk,41,2018-05-06 14:21:28,0,0,1,0
2018-05-06 02:54:41,80,r/freefolk,42,2018-05-06 14:26:58,0,1,1,0
2018-05-06 02:54:41,80,r/freefolk,42,2018-05-06 14:27:08,1,0,1,0
2018-05-06 02:54:41,80,r/freefolk,43,2018-05-06 14:59:32,0,0,1,0
2018-05-06 02:54:41,80,r/freefolk,44,2018-05-06 15:04:08,0,0,1,0
2018-05-06 02:54:41,80,r/freefolk,45,2018-05-06 03:12:00,0,0,-6,0
2018-05-06 11:26:27,81,r/philosophy,0,2018-05-06 12:32:51,0,2,188,0
2018-05-06 11:26:27,81,r/philosophy,0,2018-05-06 13:39:00,1,1,60,0
2018-05-06 11:26:27,81,r/philosophy,0,2018-05-06 14:12:51,2,3,6,0
2018-05-06 11:26:27,81,r/philosophy,0,2018-05-06 14:16:14,3,1,16,0
2018-05-06 11:26:27,81,r/philosophy,0,2018-05-06 14:18:36,4,1,14,0
2018-05-06 11:26:27,81,r/philosophy,0,2018-05-06 14:21:16,5,1,10,0
2018-05-06 11:26:27,81,r/philosophy,0,2018-05-06 14:22:23,6,1,4,0
2018-05-06 11:26:27,81,r/philosophy,0,2018-05-06 14:29:53,7,0,3,0
2018-05-06 11:26:27,81,r/philosophy,0,2018-05-06 15:04:51,3,0,2,0
2018-05-06 11:26:27,81,r/philosophy,0,2018-05-06 14:59:50,3,0,1,0
2018-05-06 11:26:27,81,r/philosophy,0,2018-05-06 12:48:47,1,1,97,0
2018-05-06 11:26:27,81,r/philosophy,0,2018-05-06 13:28:45,2,0,4,0
2018-05-06 11:26:27,81,r/philosophy,1,2018-05-06 13:24:04,0,2,15,0
2018-05-06 11:26:27,81,r/philosophy,1,2018-05-06 13:45:51,1,1,7,0
2018-05-06 11:26:27,81,r/philosophy,1,2018-05-06 14:17:11,2,0,5,0
2018-05-06 11:26:27,81,r/philosophy,1,2018-05-06 15:04:35,1,0,2,0
2018-05-06 11:26:27,81,r/philosophy,2,2018-05-06 13:03:08,0,2,57,0
2018-05-06 11:26:27,81,r/philosophy,2,2018-05-06 14:20:39,1,0,2,0
2018-05-06 11:26:27,81,r/philosophy,2,2018-05-06 15:07:08,1,0,1,0
2018-05-06 11:26:27,81,r/philosophy,3,2018-05-06 11:58:48,0,7,54,0
2018-05-06 11:26:27,81,r/philosophy,3,2018-05-06 12:56:21,1,2,14,0
2018-05-06 11:26:27,81,r/philosophy,3,2018-05-06 14:04:50,2,0,2,0
2018-05-06 11:26:27,81,r/philosophy,3,2018-05-06 13:04:12,2,2,-9,0
2018-05-06 11:26:27,81,r/philosophy,3,2018-05-06 13:32:43,3,1,5,0
2018-05-06 11:26:27,81,r/philosophy,3,2018-05-06 14:46:41,4,0,-2,0
2018-05-06 11:26:27,81,r/philosophy,3,2018-05-06 13:54:19,3,1,6,0
2018-05-06 11:26:27,81,r/philosophy,3,2018-05-06 14:45:56,4,0,0,0
2018-05-06 11:26:27,81,r/philosophy,3,2018-05-06 12:40:58,1,5,11,0
2018-05-06 11:26:27,81,r/philosophy,3,2018-05-06 12:46:18,2,1,29,0
2018-05-06 11:26:27,81,r/philosophy,3,2018-05-06 12:47:59,3,0,5,0
2018-05-06 11:26:27,81,r/philosophy,3,2018-05-06 13:36:22,2,0,7,0
2018-05-06 11:26:27,81,r/philosophy,3,2018-05-06 13:13:27,2,0,2,0
2018-05-06 11:26:27,81,r/philosophy,3,2018-05-06 14:25:24,2,0,2,0
2018-05-06 11:26:27,81,r/philosophy,3,2018-05-06 13:59:15,2,1,-1,0
2018-05-06 11:26:27,81,r/philosophy,3,2018-05-06 14:40:44,3,1,2,0
2018-05-06 11:26:27,81,r/philosophy,3,2018-05-06 14:52:59,4,1,1,0
2018-05-06 11:26:27,81,r/philosophy,3,2018-05-06 15:03:31,5,0,1,0
2018-05-06 11:26:27,81,r/philosophy,3,2018-05-06 12:54:09,1,1,3,0
2018-05-06 11:26:27,81,r/philosophy,3,2018-05-06 13:38:04,2,1,3,0
2018-05-06 11:26:27,81,r/philosophy,3,2018-05-06 14:14:08,3,0,1,0
2018-05-06 11:26:27,81,r/philosophy,3,2018-05-06 13:30:12,1,0,3,0
2018-05-06 11:26:27,81,r/philosophy,3,2018-05-06 13:00:24,1,1,8,0
2018-05-06 11:26:27,81,r/philosophy,3,2018-05-06 14:07:42,2,1,1,0
2018-05-06 11:26:27,81,r/philosophy,3,2018-05-06 14:38:59,3,2,1,0
2018-05-06 11:26:27,81,r/philosophy,3,2018-05-06 15:04:20,4,1,1,0
2018-05-06 11:26:27,81,r/philosophy,3,2018-05-06 15:04:49,5,0,1,0
2018-05-06 11:26:27,81,r/philosophy,3,2018-05-06 15:09:02,4,0,1,0
2018-05-06 11:26:27,81,r/philosophy,3,2018-05-06 13:58:10,1,0,2,0
2018-05-06 11:26:27,81,r/philosophy,3,2018-05-06 13:18:25,1,0,1,0
2018-05-06 11:26:27,81,r/philosophy,4,2018-05-06 13:11:37,0,0,18,0
2018-05-06 11:26:27,81,r/philosophy,5,2018-05-06 13:13:31,0,1,29,0
2018-05-06 11:26:27,81,r/philosophy,5,2018-05-06 14:41:16,1,0,0,0
2018-05-06 11:26:27,81,r/philosophy,6,2018-05-06 12:42:51,0,1,15,0
2018-05-06 11:26:27,81,r/philosophy,6,2018-05-06 12:56:11,1,1,-10,0
2018-05-06 11:26:27,81,r/philosophy,6,2018-05-06 13:02:55,2,1,16,0
2018-05-06 11:26:27,81,r/philosophy,6,2018-05-06 13:13:32,3,4,-16,0
2018-05-06 11:26:27,81,r/philosophy,6,2018-05-06 13:23:27,4,1,14,0
2018-05-06 11:26:27,81,r/philosophy,6,2018-05-06 13:26:57,5,2,-22,0
2018-05-06 11:26:27,81,r/philosophy,6,2018-05-06 13:29:39,6,2,16,0
2018-05-06 11:26:27,81,r/philosophy,6,2018-05-06 13:56:12,7,1,8,0
2018-05-06 11:26:27,81,r/philosophy,6,2018-05-06 14:35:37,8,3,-3,0
2018-05-06 11:26:27,81,r/philosophy,6,2018-05-06 14:51:35,9,0,3,0
2018-05-06 11:26:27,81,r/philosophy,6,2018-05-06 14:53:41,9,0,2,0
2018-05-06 11:26:27,81,r/philosophy,6,2018-05-06 14:54:51,9,0,2,0
2018-05-06 11:26:27,81,r/philosophy,6,2018-05-06 13:31:17,7,2,-15,0
2018-05-06 11:26:27,81,r/philosophy,6,2018-05-06 13:56:45,8,0,4,0
2018-05-06 11:26:27,81,r/philosophy,6,2018-05-06 13:35:44,8,1,9,0
2018-05-06 11:26:27,81,r/philosophy,6,2018-05-06 13:35:58,9,0,6,0
2018-05-06 11:26:27,81,r/philosophy,6,2018-05-06 14:06:16,6,0,2,0
2018-05-06 11:26:27,81,r/philosophy,6,2018-05-06 13:55:19,4,0,4,0
2018-05-06 11:26:27,81,r/philosophy,6,2018-05-06 14:14:21,4,1,6,0
2018-05-06 11:26:27,81,r/philosophy,6,2018-05-06 14:50:14,5,0,0,0
2018-05-06 11:26:27,81,r/philosophy,6,2018-05-06 14:41:14,4,0,-1,0
2018-05-06 11:26:27,81,r/philosophy,7,2018-05-06 14:19:46,0,1,4,0
2018-05-06 11:26:27,81,r/philosophy,7,2018-05-06 14:26:38,1,0,1,0
2018-05-06 11:26:27,81,r/philosophy,8,2018-05-06 14:02:19,0,0,5,0
2018-05-06 11:26:27,81,r/philosophy,9,2018-05-06 13:38:41,0,0,2,0
2018-05-06 11:26:27,81,r/philosophy,10,2018-05-06 14:52:26,0,0,2,0
2018-05-06 11:26:27,81,r/philosophy,11,2018-05-06 13:12:21,0,0,2,0
2018-05-06 11:26:27,81,r/philosophy,12,2018-05-06 14:29:16,0,0,0,0
2018-05-06 11:26:27,81,r/philosophy,13,2018-05-06 14:52:27,0,0,1,0
2018-05-06 11:26:27,81,r/philosophy,14,2018-05-06 15:11:07,0,0,1,0
2018-05-06 11:26:27,81,r/philosophy,15,2018-05-06 13:55:11,0,0,0,0
2018-05-06 11:26:27,81,r/philosophy,16,2018-05-06 13:12:06,0,0,1,0
2018-05-06 11:26:27,81,r/philosophy,17,2018-05-06 14:08:34,0,0,1,0
2018-05-06 11:26:27,81,r/philosophy,18,2018-05-06 13:41:45,0,1,-2,0
2018-05-06 11:26:27,81,r/philosophy,18,2018-05-06 14:06:14,1,0,5,0
2018-05-06 06:53:08,82,r/HistoryPorn,0,2018-05-06 12:55:54,0,0,1,0
2018-05-06 06:53:08,82,r/HistoryPorn,1,2018-05-06 11:05:39,0,1,161,0
2018-05-06 06:53:08,82,r/HistoryPorn,1,2018-05-06 11:35:16,1,1,68,0
2018-05-06 06:53:08,82,r/HistoryPorn,1,2018-05-06 11:52:37,2,1,23,0
2018-05-06 06:53:08,82,r/HistoryPorn,1,2018-05-06 12:26:21,3,1,22,0
2018-05-06 06:53:08,82,r/HistoryPorn,1,2018-05-06 12:56:49,4,0,18,0
2018-05-06 06:53:08,82,r/HistoryPorn,2,2018-05-06 11:47:24,0,2,61,0
2018-05-06 06:53:08,82,r/HistoryPorn,2,2018-05-06 11:59:39,1,3,35,0
2018-05-06 06:53:08,82,r/HistoryPorn,2,2018-05-06 12:41:38,2,1,6,0
2018-05-06 06:53:08,82,r/HistoryPorn,2,2018-05-06 13:35:17,3,1,3,0
2018-05-06 06:53:08,82,r/HistoryPorn,2,2018-05-06 14:46:44,4,0,2,0
2018-05-06 06:53:08,82,r/HistoryPorn,2,2018-05-06 13:11:00,2,1,6,0
2018-05-06 06:53:08,82,r/HistoryPorn,2,2018-05-06 13:39:12,3,0,2,0
2018-05-06 06:53:08,82,r/HistoryPorn,2,2018-05-06 15:01:16,2,0,5,0
2018-05-06 06:53:08,82,r/HistoryPorn,2,2018-05-06 12:58:34,1,0,9,0
2018-05-06 06:53:08,82,r/HistoryPorn,3,2018-05-06 10:45:16,0,9,380,0
2018-05-06 06:53:08,82,r/HistoryPorn,3,2018-05-06 11:21:31,1,0,198,0
2018-05-06 06:53:08,82,r/HistoryPorn,3,2018-05-06 12:10:45,1,1,46,0
2018-05-06 06:53:08,82,r/HistoryPorn,3,2018-05-06 14:33:54,2,0,4,0
2018-05-06 06:53:08,82,r/HistoryPorn,3,2018-05-06 13:03:12,1,4,50,0
2018-05-06 06:53:08,82,r/HistoryPorn,3,2018-05-06 14:02:02,2,0,11,0
2018-05-06 06:53:08,82,r/HistoryPorn,3,2018-05-06 13:46:08,2,1,14,0
2018-05-06 06:53:08,82,r/HistoryPorn,3,2018-05-06 14:16:22,3,1,20,0
2018-05-06 06:53:08,82,r/HistoryPorn,3,2018-05-06 14:22:26,4,0,9,0
2018-05-06 06:53:08,82,r/HistoryPorn,3,2018-05-06 13:35:03,2,2,-2,0
2018-05-06 06:53:08,82,r/HistoryPorn,3,2018-05-06 13:37:15,3,0,3,0
2018-05-06 06:53:08,82,r/HistoryPorn,3,2018-05-06 13:50:45,3,0,2,0
2018-05-06 06:53:08,82,r/HistoryPorn,3,2018-05-06 13:17:28,2,1,-10,0
2018-05-06 06:53:08,82,r/HistoryPorn,3,2018-05-06 13:25:00,3,0,10,0
2018-05-06 06:53:08,82,r/HistoryPorn,3,2018-05-06 10:48:29,1,2,82,0
2018-05-06 06:53:08,82,r/HistoryPorn,3,2018-05-06 11:13:37,2,2,89,0
2018-05-06 06:53:08,82,r/HistoryPorn,3,2018-05-06 11:39:30,3,2,38,0
2018-05-06 06:53:08,82,r/HistoryPorn,3,2018-05-06 12:43:33,4,2,20,0
2018-05-06 06:53:08,82,r/HistoryPorn,3,2018-05-06 13:19:33,5,1,9,0
2018-05-06 06:53:08,82,r/HistoryPorn,3,2018-05-06 13:22:18,6,1,9,0
2018-05-06 06:53:08,82,r/HistoryPorn,3,2018-05-06 13:23:44,7,1,6,0
2018-05-06 06:53:08,82,r/HistoryPorn,3,2018-05-06 13:42:09,8,1,-1,0
2018-05-06 06:53:08,82,r/HistoryPorn,3,2018-05-06 13:55:02,9,1,4,0
2018-05-06 06:53:08,82,r/HistoryPorn,3,2018-05-06 15:00:12,5,0,1,0
2018-05-06 06:53:08,82,r/HistoryPorn,3,2018-05-06 13:04:56,4,0,8,0
2018-05-06 06:53:08,82,r/HistoryPorn,3,2018-05-06 13:09:29,3,1,-5,0
2018-05-06 06:53:08,82,r/HistoryPorn,3,2018-05-06 13:11:45,4,2,3,0
2018-05-06 06:53:08,82,r/HistoryPorn,3,2018-05-06 14:04:02,5,0,1,0
2018-05-06 06:53:08,82,r/HistoryPorn,3,2018-05-06 13:14:40,5,1,-5,0
2018-05-06 06:53:08,82,r/HistoryPorn,3,2018-05-06 13:26:33,6,1,9,0
2018-05-06 06:53:08,82,r/HistoryPorn,3,2018-05-06 15:01:44,7,0,1,0
2018-05-06 06:53:08,82,r/HistoryPorn,3,2018-05-06 12:13:02,2,0,10,0
2018-05-06 06:53:08,82,r/HistoryPorn,3,2018-05-06 11:21:23,1,0,16,0
2018-05-06 06:53:08,82,r/HistoryPorn,3,2018-05-06 13:36:30,1,0,1,0
2018-05-06 06:53:08,82,r/HistoryPorn,3,2018-05-06 14:15:39,1,0,1,0
2018-05-06 06:53:08,82,r/HistoryPorn,3,2018-05-06 14:53:46,1,0,1,0
2018-05-06 06:53:08,82,r/HistoryPorn,3,2018-05-06 13:50:41,1,1,-2,0
2018-05-06 06:53:08,82,r/HistoryPorn,3,2018-05-06 14:15:59,2,1,2,0
2018-05-06 06:53:08,82,r/HistoryPorn,3,2018-05-06 14:36:12,3,2,1,0
2018-05-06 06:53:08,82,r/HistoryPorn,3,2018-05-06 14:53:44,4,1,1,0
2018-05-06 06:53:08,82,r/HistoryPorn,3,2018-05-06 14:58:20,5,1,1,0
2018-05-06 06:53:08,82,r/HistoryPorn,3,2018-05-06 15:04:32,6,0,1,0
2018-05-06 06:53:08,82,r/HistoryPorn,3,2018-05-06 14:54:13,4,0,1,0
2018-05-06 06:53:08,82,r/HistoryPorn,4,2018-05-06 12:39:34,0,2,93,0
2018-05-06 06:53:08,82,r/HistoryPorn,4,2018-05-06 13:07:43,1,0,26,0
2018-05-06 06:53:08,82,r/HistoryPorn,4,2018-05-06 14:06:34,1,0,1,0
2018-05-06 06:53:08,82,r/HistoryPorn,5,2018-05-06 12:12:07,0,2,27,0
2018-05-06 06:53:08,82,r/HistoryPorn,5,2018-05-06 12:24:59,1,1,39,0
2018-05-06 06:53:08,82,r/HistoryPorn,5,2018-05-06 12:54:54,2,3,13,0
2018-05-06 06:53:08,82,r/HistoryPorn,5,2018-05-06 13:47:40,3,0,11,0
2018-05-06 06:53:08,82,r/HistoryPorn,5,2018-05-06 14:13:12,3,0,7,0
2018-05-06 06:53:08,82,r/HistoryPorn,5,2018-05-06 14:53:32,3,0,1,0
2018-05-06 06:53:08,82,r/HistoryPorn,5,2018-05-06 12:24:39,1,1,21,0
2018-05-06 06:53:08,82,r/HistoryPorn,5,2018-05-06 13:30:16,2,0,6,0
2018-05-06 06:53:08,82,r/HistoryPorn,6,2018-05-06 11:29:47,0,2,87,0
2018-05-06 06:53:08,82,r/HistoryPorn,6,2018-05-06 11:52:32,1,1,33,0
2018-05-06 06:53:08,82,r/HistoryPorn,6,2018-05-06 13:20:36,2,0,18,0
2018-05-06 06:53:08,82,r/HistoryPorn,6,2018-05-06 13:30:56,1,0,12,0
2018-05-06 06:53:08,82,r/HistoryPorn,7,2018-05-06 12:57:10,0,2,44,0
2018-05-06 06:53:08,82,r/HistoryPorn,7,2018-05-06 13:28:12,1,0,6,0
2018-05-06 06:53:08,82,r/HistoryPorn,7,2018-05-06 13:31:02,1,0,1,0
2018-05-06 06:53:08,82,r/HistoryPorn,8,2018-05-06 13:23:04,0,0,13,0
2018-05-06 06:53:08,82,r/HistoryPorn,9,2018-05-06 13:27:45,0,1,11,0
2018-05-06 06:53:08,82,r/HistoryPorn,9,2018-05-06 14:08:26,1,0,2,0
2018-05-06 06:53:08,82,r/HistoryPorn,10,2018-05-06 13:04:37,0,0,10,0
2018-05-06 06:53:08,82,r/HistoryPorn,11,2018-05-06 13:30:46,0,0,6,0
2018-05-06 06:53:08,82,r/HistoryPorn,12,2018-05-06 12:09:26,0,0,8,0
2018-05-06 06:53:08,82,r/HistoryPorn,13,2018-05-06 13:58:49,0,1,4,0
2018-05-06 06:53:08,82,r/HistoryPorn,13,2018-05-06 14:06:38,1,2,2,0
2018-05-06 06:53:08,82,r/HistoryPorn,13,2018-05-06 14:13:53,2,1,7,0
2018-05-06 06:53:08,82,r/HistoryPorn,13,2018-05-06 14:26:26,3,0,2,0
2018-05-06 06:53:08,82,r/HistoryPorn,13,2018-05-06 14:23:58,2,2,2,0
2018-05-06 06:53:08,82,r/HistoryPorn,13,2018-05-06 14:30:45,3,0,1,0
2018-05-06 06:53:08,82,r/HistoryPorn,13,2018-05-06 14:26:15,3,1,1,0
2018-05-06 06:53:08,82,r/HistoryPorn,13,2018-05-06 14:32:58,4,0,1,0
2018-05-06 06:53:08,82,r/HistoryPorn,14,2018-05-06 13:11:57,0,0,3,0
2018-05-06 06:53:08,82,r/HistoryPorn,15,2018-05-06 10:49:54,0,0,5,0
2018-05-06 06:53:08,82,r/HistoryPorn,16,2018-05-06 13:01:01,0,0,1,0
2018-05-06 06:53:08,82,r/HistoryPorn,17,2018-05-06 14:35:57,0,0,1,0
2018-05-06 06:53:08,82,r/HistoryPorn,18,2018-05-06 14:41:43,0,0,1,0
2018-05-06 06:53:08,82,r/HistoryPorn,19,2018-05-06 14:58:27,0,1,1,0
2018-05-06 06:53:08,82,r/HistoryPorn,19,2018-05-06 15:10:02,1,0,1,0
2018-05-06 06:53:08,82,r/HistoryPorn,20,2018-05-06 15:05:26,0,0,1,0
2018-05-06 06:53:08,82,r/HistoryPorn,21,2018-05-06 14:15:58,0,0,0,0
2018-05-06 06:53:08,82,r/HistoryPorn,22,2018-05-06 13:26:44,0,0,-8,0
2018-05-06 11:12:38,83,r/AnimalsBeingBros,0,2018-05-06 11:29:57,0,0,62,0
2018-05-06 11:12:38,83,r/AnimalsBeingBros,1,2018-05-06 12:22:40,0,0,45,0
2018-05-06 11:12:38,83,r/AnimalsBeingBros,2,2018-05-06 14:50:42,0,0,5,0
2018-05-06 11:12:38,83,r/AnimalsBeingBros,3,2018-05-06 14:11:35,0,3,9,0
2018-05-06 11:12:38,83,r/AnimalsBeingBros,3,2018-05-06 14:19:47,1,0,60,0
2018-05-06 11:12:38,83,r/AnimalsBeingBros,3,2018-05-06 14:40:15,1,0,13,0
2018-05-06 11:12:38,83,r/AnimalsBeingBros,3,2018-05-06 15:04:23,1,1,2,0
2018-05-06 11:12:38,83,r/AnimalsBeingBros,3,2018-05-06 15:08:13,2,0,1,0
2018-05-06 11:12:38,83,r/AnimalsBeingBros,4,2018-05-06 14:04:22,0,0,7,0
2018-05-06 11:12:38,83,r/AnimalsBeingBros,5,2018-05-06 14:55:09,0,0,2,0
2018-05-06 11:12:38,83,r/AnimalsBeingBros,6,2018-05-06 15:04:23,0,0,1,0
2018-05-06 11:12:38,83,r/AnimalsBeingBros,7,2018-05-06 15:08:39,0,0,1,0
2018-05-06 11:12:38,83,r/AnimalsBeingBros,8,2018-05-06 15:09:08,0,0,1,0
2018-05-06 12:01:24,84,r/ireland,0,2018-05-06 13:07:52,0,0,27,0
2018-05-06 12:01:24,84,r/ireland,1,2018-05-06 13:44:41,0,0,7,0
2018-05-06 12:01:24,84,r/ireland,2,2018-05-06 12:48:03,0,2,23,0
2018-05-06 12:01:24,84,r/ireland,2,2018-05-06 12:56:22,1,3,72,0
2018-05-06 12:01:24,84,r/ireland,2,2018-05-06 13:20:27,2,1,44,0
2018-05-06 12:01:24,84,r/ireland,2,2018-05-06 14:04:02,3,0,9,0
2018-05-06 12:01:24,84,r/ireland,2,2018-05-06 13:01:14,2,2,11,0
2018-05-06 12:01:24,84,r/ireland,2,2018-05-06 13:11:33,3,0,26,0
2018-05-06 12:01:24,84,r/ireland,2,2018-05-06 14:55:08,3,0,1,0
2018-05-06 12:01:24,84,r/ireland,2,2018-05-06 15:02:22,2,0,1,0
2018-05-06 12:01:24,84,r/ireland,2,2018-05-06 13:30:49,1,0,5,0
2018-05-06 12:01:24,84,r/ireland,3,2018-05-06 12:51:09,0,2,-33,0
2018-05-06 12:01:24,84,r/ireland,3,2018-05-06 13:03:15,1,2,21,0
2018-05-06 12:01:24,84,r/ireland,3,2018-05-06 13:40:16,2,2,12,0
2018-05-06 12:01:24,84,r/ireland,3,2018-05-06 14:07:13,3,0,15,0
2018-05-06 12:01:24,84,r/ireland,3,2018-05-06 13:54:02,3,0,4,0
2018-05-06 12:01:24,84,r/ireland,3,2018-05-06 14:08:33,2,1,5,0
2018-05-06 12:01:24,84,r/ireland,3,2018-05-06 14:09:40,3,1,1,0
2018-05-06 12:01:24,84,r/ireland,3,2018-05-06 14:20:00,4,0,1,0
2018-05-06 12:01:24,84,r/ireland,3,2018-05-06 12:57:03,1,1,9,0
2018-05-06 12:01:24,84,r/ireland,3,2018-05-06 13:01:11,2,5,-23,0
2018-05-06 12:01:24,84,r/ireland,3,2018-05-06 14:05:38,3,1,6,0
2018-05-06 12:01:24,84,r/ireland,3,2018-05-06 14:51:20,4,0,1,0
2018-05-06 12:01:24,84,r/ireland,3,2018-05-06 13:51:30,3,0,2,0
2018-05-06 12:01:24,84,r/ireland,3,2018-05-06 13:02:22,3,0,2,0
2018-05-06 12:01:24,84,r/ireland,3,2018-05-06 14:03:59,3,0,1,0
2018-05-06 12:01:24,84,r/ireland,3,2018-05-06 14:51:44,3,0,1,0
2018-05-06 05:57:03,85,r/books,0,2018-05-06 08:52:43,0,15,888,0
2018-05-06 05:57:03,85,r/books,0,2018-05-06 09:15:03,1,2,173,0
2018-05-06 05:57:03,85,r/books,0,2018-05-06 14:35:52,2,0,4,0
2018-05-06 05:57:03,85,r/books,0,2018-05-06 15:06:13,2,0,1,0
2018-05-06 05:57:03,85,r/books,0,2018-05-06 09:47:08,1,5,307,0
2018-05-06 05:57:03,85,r/books,0,2018-05-06 10:54:04,2,5,384,0
2018-05-06 05:57:03,85,r/books,0,2018-05-06 11:15:42,3,5,137,0
2018-05-06 05:57:03,85,r/books,0,2018-05-06 12:46:36,4,3,38,0
2018-05-06 05:57:03,85,r/books,0,2018-05-06 12:50:44,5,4,93,0
2018-05-06 05:57:03,85,r/books,0,2018-05-06 13:06:06,6,1,35,0
2018-05-06 05:57:03,85,r/books,0,2018-05-06 13:51:01,7,1,6,0
2018-05-06 05:57:03,85,r/books,0,2018-05-06 14:21:35,8,2,0,0
2018-05-06 05:57:03,85,r/books,0,2018-05-06 14:35:05,9,0,11,0
2018-05-06 05:57:03,85,r/books,0,2018-05-06 14:38:18,9,0,1,0
2018-05-06 05:57:03,85,r/books,0,2018-05-06 13:50:02,6,0,3,0
2018-05-06 05:57:03,85,r/books,0,2018-05-06 13:22:45,6,0,15,0
2018-05-06 05:57:03,85,r/books,0,2018-05-06 13:30:16,6,0,1,0
2018-05-06 05:57:03,85,r/books,0,2018-05-06 12:49:15,5,1,19,0
2018-05-06 05:57:03,85,r/books,0,2018-05-06 13:21:04,6,1,25,0
2018-05-06 05:57:03,85,r/books,0,2018-05-06 14:38:30,7,1,2,0
2018-05-06 05:57:03,85,r/books,0,2018-05-06 14:50:28,8,0,1,0
2018-05-06 05:57:03,85,r/books,0,2018-05-06 14:24:02,5,0,3,0
2018-05-06 05:57:03,85,r/books,0,2018-05-06 14:35:56,4,0,1,0
2018-05-06 05:57:03,85,r/books,0,2018-05-06 14:49:40,4,0,1,0
2018-05-06 05:57:03,85,r/books,0,2018-05-06 15:07:22,4,0,1,0
2018-05-06 05:57:03,85,r/books,0,2018-05-06 11:24:18,3,2,62,0
2018-05-06 05:57:03,85,r/books,0,2018-05-06 11:41:00,4,1,25,0
2018-05-06 05:57:03,85,r/books,0,2018-05-06 12:50:53,5,0,6,0
2018-05-06 05:57:03,85,r/books,0,2018-05-06 12:04:00,4,0,-2,0
2018-05-06 05:57:03,85,r/books,0,2018-05-06 12:05:28,3,14,35,0
2018-05-06 05:57:03,85,r/books,0,2018-05-06 13:07:00,4,0,65,0
2018-05-06 05:57:03,85,r/books,0,2018-05-06 12:29:15,4,2,38,0
2018-05-06 05:57:03,85,r/books,0,2018-05-06 12:37:09,5,2,3,0
2018-05-06 05:57:03,85,r/books,0,2018-05-06 13:03:15,6,1,8,0
2018-05-06 05:57:03,85,r/books,0,2018-05-06 15:03:56,7,0,1,0
2018-05-06 05:57:03,85,r/books,0,2018-05-06 13:32:56,6,0,6,0
2018-05-06 05:57:03,85,r/books,0,2018-05-06 14:37:21,5,0,1,0
2018-05-06 05:57:03,85,r/books,0,2018-05-06 12:08:24,4,2,56,0
2018-05-06 05:57:03,85,r/books,0,2018-05-06 12:38:34,5,1,9,0
2018-05-06 05:57:03,85,r/books,0,2018-05-06 13:17:45,6,0,1,0
2018-05-06 05:57:03,85,r/books,0,2018-05-06 12:23:47,5,1,6,0
2018-05-06 05:57:03,85,r/books,0,2018-05-06 12:32:03,6,2,46,0
2018-05-06 05:57:03,85,r/books,0,2018-05-06 12:40:33,7,1,16,0
2018-05-06 05:57:03,85,r/books,0,2018-05-06 12:49:22,8,0,-1,0
2018-05-06 05:57:03,85,r/books,0,2018-05-06 12:44:27,7,1,9,0
2018-05-06 05:57:03,85,r/books,0,2018-05-06 13:46:19,8,2,5,0
2018-05-06 05:57:03,85,r/books,0,2018-05-06 14:31:09,9,0,2,0
2018-05-06 05:57:03,85,r/books,0,2018-05-06 14:47:15,9,0,1,0
2018-05-06 05:57:03,85,r/books,0,2018-05-06 13:16:15,4,2,15,0
2018-05-06 05:57:03,85,r/books,0,2018-05-06 14:31:08,5,0,2,0
2018-05-06 05:57:03,85,r/books,0,2018-05-06 15:07:05,5,0,1,0
2018-05-06 05:57:03,85,r/books,0,2018-05-06 12:36:14,4,1,10,0
2018-05-06 05:57:03,85,r/books,0,2018-05-06 12:37:39,5,1,7,0
2018-05-06 05:57:03,85,r/books,0,2018-05-06 12:50:45,6,1,7,0
2018-05-06 05:57:03,85,r/books,0,2018-05-06 13:14:44,7,1,4,0
2018-05-06 05:57:03,85,r/books,0,2018-05-06 13:32:22,8,0,4,0
2018-05-06 05:57:03,85,r/books,0,2018-05-06 12:39:10,4,3,10,0
2018-05-06 05:57:03,85,r/books,0,2018-05-06 12:58:00,5,0,11,0
2018-05-06 05:57:03,85,r/books,0,2018-05-06 12:47:41,5,1,2,0
2018-05-06 05:57:03,85,r/books,0,2018-05-06 13:33:05,6,0,5,0
2018-05-06 05:57:03,85,r/books,0,2018-05-06 12:52:22,5,0,1,0
2018-05-06 05:57:03,85,r/books,0,2018-05-06 13:07:29,4,0,3,0
2018-05-06 05:57:03,85,r/books,0,2018-05-06 12:08:57,4,1,4,0
2018-05-06 05:57:03,85,r/books,0,2018-05-06 12:25:15,5,1,0,0
2018-05-06 05:57:03,85,r/books,0,2018-05-06 12:30:50,6,1,4,0
2018-05-06 05:57:03,85,r/books,0,2018-05-06 12:31:10,7,0,1,0
2018-05-06 05:57:03,85,r/books,0,2018-05-06 12:40:28,4,1,1,0
2018-05-06 05:57:03,85,r/books,0,2018-05-06 12:46:47,5,0,4,0
2018-05-06 05:57:03,85,r/books,0,2018-05-06 13:23:56,4,0,1,0
2018-05-06 05:57:03,85,r/books,0,2018-05-06 14:44:26,4,0,1,0
2018-05-06 05:57:03,85,r/books,0,2018-05-06 14:44:32,4,0,1,0
2018-05-06 05:57:03,85,r/books,0,2018-05-06 14:47:20,4,0,1,0
2018-05-06 05:57:03,85,r/books,0,2018-05-06 14:56:41,4,0,1,0
2018-05-06 05:57:03,85,r/books,0,2018-05-06 14:37:49,3,0,1,0
2018-05-06 05:57:03,85,r/books,0,2018-05-06 15:08:19,3,0,1,0
2018-05-06 05:57:03,85,r/books,0,2018-05-06 11:55:55,2,1,23,0
2018-05-06 05:57:03,85,r/books,0,2018-05-06 13:06:05,3,2,10,0
2018-05-06 05:57:03,85,r/books,0,2018-05-06 13:06:43,4,0,5,0
2018-05-06 05:57:03,85,r/books,0,2018-05-06 15:10:49,4,0,1,0
2018-05-06 05:57:03,85,r/books,0,2018-05-06 11:30:09,2,0,3,0
2018-05-06 05:57:03,85,r/books,0,2018-05-06 15:05:33,2,0,1,0
2018-05-06 05:57:03,85,r/books,0,2018-05-06 15:07:29,2,0,1,0
2018-05-06 05:57:03,85,r/books,0,2018-05-06 14:01:17,1,0,12,0
2018-05-06 05:57:03,85,r/books,0,2018-05-06 10:05:41,1,6,31,0
2018-05-06 05:57:03,85,r/books,0,2018-05-06 10:31:25,2,2,15,0
2018-05-06 05:57:03,85,r/books,0,2018-05-06 10:36:14,3,0,2,0
2018-05-06 05:57:03,85,r/books,0,2018-05-06 10:38:41,3,1,0,0
2018-05-06 05:57:03,85,r/books,0,2018-05-06 10:42:56,4,1,1,0
2018-05-06 05:57:03,85,r/books,0,2018-05-06 12:20:09,5,1,2,0
2018-05-06 05:57:03,85,r/books,0,2018-05-06 12:52:07,6,0,1,0
2018-05-06 05:57:03,85,r/books,0,2018-05-06 11:49:16,2,2,11,0
2018-05-06 05:57:03,85,r/books,0,2018-05-06 14:13:36,3,0,1,0
2018-05-06 05:57:03,85,r/books,0,2018-05-06 13:19:14,3,0,0,0
2018-05-06 05:57:03,85,r/books,0,2018-05-06 12:32:40,2,1,7,0
2018-05-06 05:57:03,85,r/books,0,2018-05-06 12:52:42,3,0,0,0
2018-05-06 05:57:03,85,r/books,0,2018-05-06 12:19:28,2,2,7,0
2018-05-06 05:57:03,85,r/books,0,2018-05-06 12:55:40,3,0,17,0
2018-05-06 05:57:03,85,r/books,0,2018-05-06 12:31:30,3,0,10,0
2018-05-06 05:57:03,85,r/books,0,2018-05-06 10:36:51,2,1,2,0
2018-05-06 05:57:03,85,r/books,0,2018-05-06 10:56:40,3,0,4,0
2018-05-06 05:57:03,85,r/books,0,2018-05-06 12:12:10,2,1,-1,0
2018-05-06 05:57:03,85,r/books,0,2018-05-06 12:51:14,3,1,2,0
2018-05-06 05:57:03,85,r/books,0,2018-05-06 11:38:48,1,1,7,0
2018-05-06 05:57:03,85,r/books,0,2018-05-06 09:08:43,1,1,12,0
2018-05-06 05:57:03,85,r/books,0,2018-05-06 10:48:08,2,0,-1,0
2018-05-06 05:57:03,85,r/books,0,2018-05-06 13:25:01,1,0,1,0
2018-05-06 05:57:03,85,r/books,0,2018-05-06 14:24:03,1,0,1,0
2018-05-06 05:57:03,85,r/books,0,2018-05-06 14:27:07,1,0,1,0
2018-05-06 05:57:03,85,r/books,0,2018-05-06 15:03:07,1,0,1,0
2018-05-06 05:57:03,85,r/books,0,2018-05-06 15:05:05,1,0,1,0
2018-05-06 05:57:03,85,r/books,0,2018-05-06 15:08:00,1,0,1,0
2018-05-06 05:57:03,85,r/books,0,2018-05-06 13:18:16,1,2,1,0
2018-05-06 05:57:03,85,r/books,0,2018-05-06 13:34:12,2,0,7,0
2018-05-06 05:57:03,85,r/books,0,2018-05-06 14:21:18,2,0,2,0
2018-05-06 05:57:03,85,r/books,0,2018-05-06 11:21:34,1,0,-2,0
2018-05-06 05:57:03,85,r/books,1,2018-05-06 13:13:32,0,0,31,0
2018-05-06 05:57:03,85,r/books,2,2018-05-06 08:47:28,0,1,290,0
2018-05-06 05:57:03,85,r/books,2,2018-05-06 08:49:51,1,0,57,0
2018-05-06 05:57:03,85,r/books,3,2018-05-06 10:28:55,0,10,206,0
2018-05-06 05:57:03,85,r/books,3,2018-05-06 11:48:51,1,3,57,0
2018-05-06 05:57:03,85,r/books,3,2018-05-06 13:19:05,2,1,13,0
2018-05-06 05:57:03,85,r/books,3,2018-05-06 14:36:45,3,1,4,0
2018-05-06 05:57:03,85,r/books,3,2018-05-06 14:54:29,4,0,1,0
2018-05-06 05:57:03,85,r/books,3,2018-05-06 12:08:35,2,3,14,0
2018-05-06 05:57:03,85,r/books,3,2018-05-06 13:03:12,3,2,44,0
2018-05-06 05:57:03,85,r/books,3,2018-05-06 13:09:32,4,0,12,0
2018-05-06 05:57:03,85,r/books,3,2018-05-06 13:37:47,4,0,1,0
2018-05-06 05:57:03,85,r/books,3,2018-05-06 14:09:58,3,0,6,0
2018-05-06 05:57:03,85,r/books,3,2018-05-06 14:42:03,3,0,1,0
2018-05-06 05:57:03,85,r/books,3,2018-05-06 15:08:06,2,0,1,0
2018-05-06 05:57:03,85,r/books,3,2018-05-06 12:30:10,1,0,15,0
2018-05-06 05:57:03,85,r/books,3,2018-05-06 11:41:38,1,2,18,0
2018-05-06 05:57:03,85,r/books,3,2018-05-06 13:01:54,2,1,8,0
2018-05-06 05:57:03,85,r/books,3,2018-05-06 13:32:54,3,1,12,0
2018-05-06 05:57:03,85,r/books,3,2018-05-06 13:37:13,4,0,2,0
2018-05-06 05:57:03,85,r/books,3,2018-05-06 13:43:10,2,0,4,0
2018-05-06 05:57:03,85,r/books,3,2018-05-06 13:18:38,1,1,5,0
2018-05-06 05:57:03,85,r/books,3,2018-05-06 14:36:05,2,0,0,0
2018-05-06 05:57:03,85,r/books,3,2018-05-06 14:22:51,1,0,1,0
2018-05-06 05:57:03,85,r/books,3,2018-05-06 14:34:30,1,0,1,0
2018-05-06 05:57:03,85,r/books,3,2018-05-06 14:44:06,1,0,1,0
2018-05-06 05:57:03,85,r/books,3,2018-05-06 14:47:55,1,0,1,0
2018-05-06 05:57:03,85,r/books,3,2018-05-06 14:57:35,1,0,1,0
2018-05-06 05:57:03,85,r/books,3,2018-05-06 11:32:37,1,0,0,0
2018-05-06 05:57:03,85,r/books,4,2018-05-06 06:05:26,0,10,479,0
2018-05-06 05:57:03,85,r/books,4,2018-05-06 08:41:27,1,10,628,0
2018-05-06 05:57:03,85,r/books,4,2018-05-06 09:02:13,2,4,225,0
2018-05-06 05:57:03,85,r/books,4,2018-05-06 09:09:35,3,1,41,0
2018-05-06 05:57:03,85,r/books,4,2018-05-06 09:35:43,4,0,12,0
2018-05-06 05:57:03,85,r/books,4,2018-05-06 09:41:06,3,0,12,0
2018-05-06 05:57:03,85,r/books,4,2018-05-06 14:27:36,3,0,1,0
2018-05-06 05:57:03,85,r/books,4,2018-05-06 11:15:05,3,0,0,0
2018-05-06 05:57:03,85,r/books,4,2018-05-06 10:01:34,2,3,35,0
2018-05-06 05:57:03,85,r/books,4,2018-05-06 10:12:33,3,0,23,0
2018-05-06 05:57:03,85,r/books,4,2018-05-06 15:04:05,3,0,1,0
2018-05-06 05:57:03,85,r/books,4,2018-05-06 09:27:57,2,1,113,0
2018-05-06 05:57:03,85,r/books,4,2018-05-06 09:51:33,3,5,-14,0
2018-05-06 05:57:03,85,r/books,4,2018-05-06 09:53:38,4,1,118,0
2018-05-06 05:57:03,85,r/books,4,2018-05-06 09:56:01,5,1,14,0
2018-05-06 05:57:03,85,r/books,4,2018-05-06 10:06:41,6,2,78,0
2018-05-06 05:57:03,85,r/books,4,2018-05-06 10:15:05,7,1,10,0
2018-05-06 05:57:03,85,r/books,4,2018-05-06 10:31:33,8,3,72,0
2018-05-06 05:57:03,85,r/books,4,2018-05-06 10:45:45,9,1,15,0
2018-05-06 05:57:03,85,r/books,4,2018-05-06 12:56:47,9,0,3,0
2018-05-06 05:57:03,85,r/books,4,2018-05-06 11:25:25,9,0,-2,0
2018-05-06 05:57:03,85,r/books,4,2018-05-06 13:36:26,7,0,1,0
2018-05-06 05:57:03,85,r/books,4,2018-05-06 10:21:12,4,3,41,0
2018-05-06 05:57:03,85,r/books,4,2018-05-06 11:04:16,5,3,4,0
2018-05-06 05:57:03,85,r/books,4,2018-05-06 11:35:26,6,1,9,0
2018-05-06 05:57:03,85,r/books,4,2018-05-06 11:45:24,7,3,11,0
2018-05-06 05:57:03,85,r/books,4,2018-05-06 12:03:35,8,0,4,0
2018-05-06 05:57:03,85,r/books,4,2018-05-06 12:11:37,8,1,2,0
2018-05-06 05:57:03,85,r/books,4,2018-05-06 12:31:45,9,0,-1,0
2018-05-06 05:57:03,85,r/books,4,2018-05-06 13:28:06,8,0,-1,0
2018-05-06 05:57:03,85,r/books,4,2018-05-06 11:15:22,6,0,3,0
2018-05-06 05:57:03,85,r/books,4,2018-05-06 11:11:51,6,2,1,0
2018-05-06 05:57:03,85,r/books,4,2018-05-06 11:33:08,7,1,9,0
2018-05-06 05:57:03,85,r/books,4,2018-05-06 14:26:30,8,0,1,0
2018-05-06 05:57:03,85,r/books,4,2018-05-06 11:14:32,7,1,2,0
2018-05-06 05:57:03,85,r/books,4,2018-05-06 11:17:42,8,1,1,0
2018-05-06 05:57:03,85,r/books,4,2018-05-06 12:07:39,9,1,2,0
2018-05-06 05:57:03,85,r/books,4,2018-05-06 12:02:43,5,0,1,0
2018-05-06 05:57:03,85,r/books,4,2018-05-06 12:20:17,4,0,5,0
2018-05-06 05:57:03,85,r/books,4,2018-05-06 10:04:20,4,5,3,0
2018-05-06 05:57:03,85,r/books,4,2018-05-06 10:06:30,5,0,10,0
2018-05-06 05:57:03,85,r/books,4,2018-05-06 11:55:27,5,0,9,0
2018-05-06 05:57:03,85,r/books,4,2018-05-06 10:19:36,5,1,10,0
2018-05-06 05:57:03,85,r/books,4,2018-05-06 12:01:04,6,0,4,0
2018-05-06 05:57:03,85,r/books,4,2018-05-06 10:06:45,5,0,1,0
2018-05-06 05:57:03,85,r/books,4,2018-05-06 12:25:07,5,0,1,0
2018-05-06 05:57:03,85,r/books,4,2018-05-06 11:58:18,4,0,1,0
2018-05-06 05:57:03,85,r/books,4,2018-05-06 09:49:38,2,2,19,0
2018-05-06 05:57:03,85,r/books,4,2018-05-06 10:01:40,3,2,23,0
2018-05-06 05:57:03,85,r/books,4,2018-05-06 10:07:42,4,3,20,0
2018-05-06 05:57:03,85,r/books,4,2018-05-06 10:23:10,5,0,22,0
2018-05-06 05:57:03,85,r/books,4,2018-05-06 10:20:19,5,0,20,0
2018-05-06 05:57:03,85,r/books,4,2018-05-06 13:18:30,5,0,1,0
2018-05-06 05:57:03,85,r/books,4,2018-05-06 14:27:45,4,0,1,0
2018-05-06 05:57:03,85,r/books,4,2018-05-06 12:52:57,3,1,4,0
2018-05-06 05:57:03,85,r/books,4,2018-05-06 14:27:28,4,0,1,0
2018-05-06 05:57:03,85,r/books,4,2018-05-06 10:54:34,2,0,1,0
2018-05-06 05:57:03,85,r/books,4,2018-05-06 12:32:52,2,0,1,0
2018-05-06 05:57:03,85,r/books,4,2018-05-06 12:56:03,2,0,1,0
2018-05-06 05:57:03,85,r/books,4,2018-05-06 13:00:06,2,0,1,0
2018-05-06 05:57:03,85,r/books,4,2018-05-06 15:03:19,2,0,1,0
2018-05-06 05:57:03,85,r/books,4,2018-05-06 10:10:45,2,0,0,0
2018-05-06 05:57:03,85,r/books,4,2018-05-06 13:17:28,1,0,19,0
2018-05-06 05:57:03,85,r/books,4,2018-05-06 12:08:36,1,1,25,0
2018-05-06 05:57:03,85,r/books,4,2018-05-06 14:32:14,2,0,1,0
2018-05-06 05:57:03,85,r/books,4,2018-05-06 12:12:35,1,0,2,0
2018-05-06 05:57:03,85,r/books,4,2018-05-06 12:40:06,1,0,1,0
2018-05-06 05:57:03,85,r/books,4,2018-05-06 13:01:56,1,0,1,0
2018-05-06 05:57:03,85,r/books,4,2018-05-06 14:22:29,1,0,1,0
2018-05-06 05:57:03,85,r/books,4,2018-05-06 14:43:02,1,0,1,0
2018-05-06 05:57:03,85,r/books,4,2018-05-06 13:17:35,1,1,1,0
2018-05-06 05:57:03,85,r/books,4,2018-05-06 14:55:53,2,0,1,0
2018-05-06 05:57:03,85,r/books,4,2018-05-06 09:01:00,1,2,-31,0
2018-05-06 05:57:03,85,r/books,4,2018-05-06 09:56:16,2,0,41,0
2018-05-06 05:57:03,85,r/books,4,2018-05-06 11:16:53,2,0,10,0
2018-05-06 05:57:03,85,r/books,5,2018-05-06 06:57:27,0,3,205,0
2018-05-06 05:57:03,85,r/books,5,2018-05-06 06:58:09,1,1,83,0
2018-05-06 05:57:03,85,r/books,5,2018-05-06 08:17:28,2,1,19,0
2018-05-06 05:57:03,85,r/books,5,2018-05-06 08:57:53,3,0,18,0
2018-05-06 05:57:03,85,r/books,5,2018-05-06 08:55:56,1,0,13,0
2018-05-06 05:57:03,85,r/books,5,2018-05-06 14:18:07,1,0,1,0
2018-05-06 05:57:03,85,r/books,6,2018-05-06 12:35:50,0,3,35,0
2018-05-06 05:57:03,85,r/books,6,2018-05-06 12:57:17,1,2,16,0
2018-05-06 05:57:03,85,r/books,6,2018-05-06 13:26:58,2,0,1,0
2018-05-06 05:57:03,85,r/books,6,2018-05-06 13:15:55,2,1,0,0
2018-05-06 05:57:03,85,r/books,6,2018-05-06 13:31:34,3,0,6,0
2018-05-06 05:57:03,85,r/books,6,2018-05-06 13:20:10,1,1,2,0
2018-05-06 05:57:03,85,r/books,6,2018-05-06 13:26:30,2,1,4,0
2018-05-06 05:57:03,85,r/books,6,2018-05-06 13:33:22,3,0,5,0
2018-05-06 05:57:03,85,r/books,6,2018-05-06 14:44:48,1,0,1,0
2018-05-06 05:57:03,85,r/books,7,2018-05-06 10:11:43,0,1,28,0
2018-05-06 05:57:03,85,r/books,7,2018-05-06 12:25:36,1,1,12,0
2018-05-06 05:57:03,85,r/books,7,2018-05-06 12:33:14,2,1,11,0
2018-05-06 05:57:03,85,r/books,7,2018-05-06 12:50:00,3,0,4,0
2018-05-06 05:57:03,85,r/books,8,2018-05-06 08:51:34,0,7,167,0
2018-05-06 05:57:03,85,r/books,8,2018-05-06 09:43:52,1,1,53,0
2018-05-06 05:57:03,85,r/books,8,2018-05-06 09:49:36,2,2,26,0
2018-05-06 05:57:03,85,r/books,8,2018-05-06 11:43:17,3,0,9,0
2018-05-06 05:57:03,85,r/books,8,2018-05-06 14:43:56,3,0,1,0
2018-05-06 05:57:03,85,r/books,8,2018-05-06 12:32:56,1,0,9,0
2018-05-06 05:57:03,85,r/books,8,2018-05-06 14:47:27,1,0,1,0
2018-05-06 05:57:03,85,r/books,8,2018-05-06 09:42:08,1,1,-25,0
2018-05-06 05:57:03,85,r/books,8,2018-05-06 09:43:20,2,2,24,0
2018-05-06 05:57:03,85,r/books,8,2018-05-06 13:59:11,3,1,0,0
2018-05-06 05:57:03,85,r/books,8,2018-05-06 14:04:13,4,0,2,0
2018-05-06 05:57:03,85,r/books,8,2018-05-06 09:49:11,3,1,-21,0
2018-05-06 05:57:03,85,r/books,8,2018-05-06 09:50:56,4,1,18,0
2018-05-06 05:57:03,85,r/books,8,2018-05-06 09:58:08,5,2,-10,0
2018-05-06 05:57:03,85,r/books,8,2018-05-06 10:01:16,6,1,25,0
2018-05-06 05:57:03,85,r/books,8,2018-05-06 10:09:50,7,1,-2,0
2018-05-06 05:57:03,85,r/books,8,2018-05-06 10:23:08,8,2,12,0
2018-05-06 05:57:03,85,r/books,8,2018-05-06 10:27:25,9,1,4,0
2018-05-06 05:57:03,85,r/books,8,2018-05-06 13:40:53,9,0,1,0
2018-05-06 05:57:03,85,r/books,8,2018-05-06 10:05:06,6,1,15,0
2018-05-06 05:57:03,85,r/books,8,2018-05-06 10:06:04,7,1,1,0
2018-05-06 05:57:03,85,r/books,8,2018-05-06 10:17:53,8,0,0,0
2018-05-06 05:57:03,85,r/books,8,2018-05-06 11:17:00,1,1,-8,0
2018-05-06 05:57:03,85,r/books,8,2018-05-06 13:13:39,2,0,9,0
2018-05-06 05:57:03,85,r/books,8,2018-05-06 09:22:36,1,1,-29,0
2018-05-06 05:57:03,85,r/books,8,2018-05-06 09:31:33,2,0,33,0
2018-05-06 05:57:03,85,r/books,9,2018-05-06 07:06:13,0,15,245,0
2018-05-06 05:57:03,85,r/books,9,2018-05-06 10:59:18,1,1,78,0
2018-05-06 05:57:03,85,r/books,9,2018-05-06 15:01:23,2,0,1,0
2018-05-06 05:57:03,85,r/books,9,2018-05-06 10:18:57,1,4,59,0
2018-05-06 05:57:03,85,r/books,9,2018-05-06 11:26:21,2,1,31,0
2018-05-06 05:57:03,85,r/books,9,2018-05-06 11:39:03,3,0,31,0
2018-05-06 05:57:03,85,r/books,9,2018-05-06 14:11:53,2,0,2,0
2018-05-06 05:57:03,85,r/books,9,2018-05-06 14:45:16,2,0,1,0
2018-05-06 05:57:03,85,r/books,9,2018-05-06 15:05:22,2,0,1,0
2018-05-06 05:57:03,85,r/books,9,2018-05-06 07:23:02,1,1,65,0
2018-05-06 05:57:03,85,r/books,9,2018-05-06 14:42:03,2,0,1,0
2018-05-06 05:57:03,85,r/books,9,2018-05-06 11:12:11,1,0,8,0
2018-05-06 05:57:03,85,r/books,9,2018-05-06 09:17:35,1,1,11,0
2018-05-06 05:57:03,85,r/books,9,2018-05-06 10:28:15,2,2,7,0
2018-05-06 05:57:03,85,r/books,9,2018-05-06 10:55:53,3,0,24,0
2018-05-06 05:57:03,85,r/books,9,2018-05-06 12:38:46,1,0,13,0
2018-05-06 05:57:03,85,r/books,9,2018-05-06 14:29:33,1,1,1,0
2018-05-06 05:57:03,85,r/books,9,2018-05-06 14:46:40,2,0,1,0
2018-05-06 05:57:03,85,r/books,9,2018-05-06 11:29:49,1,1,8,0
2018-05-06 05:57:03,85,r/books,9,2018-05-06 12:24:40,2,1,17,0
2018-05-06 05:57:03,85,r/books,9,2018-05-06 13:11:44,3,2,11,0
2018-05-06 05:57:03,85,r/books,9,2018-05-06 13:40:13,4,1,5,0
2018-05-06 05:57:03,85,r/books,9,2018-05-06 14:43:33,5,0,1,0
2018-05-06 05:57:03,85,r/books,9,2018-05-06 13:27:39,4,0,4,0
2018-05-06 05:57:03,85,r/books,9,2018-05-06 10:54:45,1,0,8,0
2018-05-06 05:57:03,85,r/books,9,2018-05-06 08:47:52,1,1,4,0
2018-05-06 05:57:03,85,r/books,9,2018-05-06 08:51:28,2,1,8,0
2018-05-06 05:57:03,85,r/books,9,2018-05-06 14:53:14,1,0,1,0
2018-05-06 05:57:03,85,r/books,9,2018-05-06 15:03:01,1,0,1,0
2018-05-06 05:57:03,85,r/books,9,2018-05-06 09:20:05,1,2,-6,0
2018-05-06 05:57:03,85,r/books,9,2018-05-06 12:17:03,2,0,12,0
2018-05-06 05:57:03,85,r/books,9,2018-05-06 13:09:55,2,1,3,0
2018-05-06 05:57:03,85,r/books,9,2018-05-06 14:45:41,3,0,1,0
2018-05-06 05:57:03,85,r/books,9,2018-05-06 13:04:16,1,0,1,0
2018-05-06 05:57:03,85,r/books,9,2018-05-06 14:35:15,1,0,1,0
2018-05-06 05:57:03,85,r/books,10,2018-05-06 09:09:42,0,6,154,0
2018-05-06 05:57:03,85,r/books,10,2018-05-06 09:51:46,1,1,59,0
2018-05-06 05:57:03,85,r/books,10,2018-05-06 09:59:57,2,2,61,0
2018-05-06 05:57:03,85,r/books,10,2018-05-06 10:53:44,3,1,10,0
2018-05-06 05:57:03,85,r/books,10,2018-05-06 11:00:46,4,0,19,0
2018-05-06 05:57:03,85,r/books,10,2018-05-06 10:57:48,3,3,2,0
2018-05-06 05:57:03,85,r/books,10,2018-05-06 11:05:57,4,0,7,0
2018-05-06 05:57:03,85,r/books,10,2018-05-06 11:28:22,4,0,4,0
2018-05-06 05:57:03,85,r/books,10,2018-05-06 14:38:42,4,0,1,0
2018-05-06 05:57:03,85,r/books,10,2018-05-06 12:36:17,1,0,7,0
2018-05-06 05:57:03,85,r/books,10,2018-05-06 09:31:31,1,2,6,0
2018-05-06 05:57:03,85,r/books,10,2018-05-06 09:38:40,2,1,89,0
2018-05-06 05:57:03,85,r/books,10,2018-05-06 10:09:32,3,1,29,0
2018-05-06 05:57:03,85,r/books,10,2018-05-06 10:49:08,4,1,26,0
2018-05-06 05:57:03,85,r/books,10,2018-05-06 12:29:09,5,0,5,0
2018-05-06 05:57:03,85,r/books,10,2018-05-06 11:31:03,2,0,34,0
2018-05-06 05:57:03,85,r/books,10,2018-05-06 12:15:17,1,1,-1,0
2018-05-06 05:57:03,85,r/books,10,2018-05-06 12:43:03,2,0,6,0
2018-05-06 05:57:03,85,r/books,10,2018-05-06 14:23:16,1,0,0,0
2018-05-06 05:57:03,85,r/books,11,2018-05-06 11:59:28,0,1,17,0
2018-05-06 05:57:03,85,r/books,11,2018-05-06 14:35:18,1,0,3,0
2018-05-06 05:57:03,85,r/books,12,2018-05-06 12:05:45,0,0,15,0
2018-05-06 05:57:03,85,r/books,13,2018-05-06 10:28:46,0,3,28,0
2018-05-06 05:57:03,85,r/books,13,2018-05-06 12:21:15,1,0,16,0
2018-05-06 05:57:03,85,r/books,13,2018-05-06 10:58:53,1,0,13,0
2018-05-06 05:57:03,85,r/books,13,2018-05-06 14:17:27,1,0,0,0
2018-05-06 05:57:03,85,r/books,14,2018-05-06 09:09:02,0,0,15,0
2018-05-06 05:57:03,85,r/books,15,2018-05-06 14:05:01,0,0,8,0
2018-05-06 05:57:03,85,r/books,16,2018-05-06 08:23:50,0,3,48,0
2018-05-06 05:57:03,85,r/books,16,2018-05-06 09:22:03,1,0,81,0
2018-05-06 05:57:03,85,r/books,16,2018-05-06 08:52:10,1,0,11,0
2018-05-06 05:57:03,85,r/books,16,2018-05-06 10:38:17,1,5,38,0
2018-05-06 05:57:03,85,r/books,16,2018-05-06 10:49:03,2,1,49,0
2018-05-06 05:57:03,85,r/books,16,2018-05-06 11:20:30,3,1,11,0
2018-05-06 05:57:03,85,r/books,16,2018-05-06 12:42:56,4,0,5,0
2018-05-06 05:57:03,85,r/books,16,2018-05-06 12:58:44,2,0,4,0
2018-05-06 05:57:03,85,r/books,16,2018-05-06 12:56:04,2,0,7,0
2018-05-06 05:57:03,85,r/books,16,2018-05-06 14:33:24,2,0,1,0
2018-05-06 05:57:03,85,r/books,16,2018-05-06 13:36:25,2,0,0,0
2018-05-06 05:57:03,85,r/books,17,2018-05-06 10:07:48,0,0,23,0
2018-05-06 05:57:03,85,r/books,18,2018-05-06 13:27:11,0,1,5,0
2018-05-06 05:57:03,85,r/books,18,2018-05-06 15:02:19,1,0,1,0
2018-05-06 05:57:03,85,r/books,19,2018-05-06 13:34:04,0,1,4,0
2018-05-06 05:57:03,85,r/books,19,2018-05-06 14:52:31,1,1,1,0
2018-05-06 05:57:03,85,r/books,19,2018-05-06 15:05:39,2,0,1,0
2018-05-06 05:57:03,85,r/books,20,2018-05-06 12:17:45,0,4,13,0
2018-05-06 05:57:03,85,r/books,20,2018-05-06 13:38:12,1,0,7,0
2018-05-06 05:57:03,85,r/books,20,2018-05-06 12:36:39,1,1,4,0
2018-05-06 05:57:03,85,r/books,20,2018-05-06 13:06:55,1,0,2,0
2018-05-06 05:57:03,85,r/books,20,2018-05-06 15:04:07,1,0,1,0
2018-05-06 05:57:03,85,r/books,21,2018-05-06 14:55:22,0,0,1,0
2018-05-06 05:57:03,85,r/books,22,2018-05-06 12:27:38,0,1,7,0
2018-05-06 05:57:03,85,r/books,22,2018-05-06 13:24:42,1,0,1,0
2018-05-06 05:57:03,85,r/books,23,2018-05-06 11:57:08,0,0,8,0
2018-05-06 05:57:03,85,r/books,24,2018-05-06 13:05:52,0,0,5,0
2018-05-06 05:57:03,85,r/books,25,2018-05-06 07:18:44,0,9,21,0
2018-05-06 05:57:03,85,r/books,25,2018-05-06 07:38:47,1,5,72,0
2018-05-06 05:57:03,85,r/books,25,2018-05-06 09:22:25,2,3,39,0
2018-05-06 05:57:03,85,r/books,25,2018-05-06 10:59:52,3,1,0,0
2018-05-06 05:57:03,85,r/books,25,2018-05-06 11:22:50,4,0,5,0
2018-05-06 05:57:03,85,r/books,25,2018-05-06 13:36:46,3,1,0,0
2018-05-06 05:57:03,85,r/books,25,2018-05-06 13:55:16,4,1,3,0
2018-05-06 05:57:03,85,r/books,25,2018-05-06 14:05:58,5,0,1,0
2018-05-06 05:57:03,85,r/books,25,2018-05-06 14:20:04,3,0,0,0
2018-05-06 05:57:03,85,r/books,25,2018-05-06 07:44:38,2,2,16,0
2018-05-06 05:57:03,85,r/books,25,2018-05-06 08:01:27,3,2,48,0
2018-05-06 05:57:03,85,r/books,25,2018-05-06 08:10:11,4,0,-16,0
2018-05-06 05:57:03,85,r/books,25,2018-05-06 08:28:16,2,0,1,0
2018-05-06 05:57:03,85,r/books,25,2018-05-06 14:11:36,2,0,1,0
2018-05-06 05:57:03,85,r/books,25,2018-05-06 14:29:17,1,1,5,0
2018-05-06 05:57:03,85,r/books,25,2018-05-06 14:39:21,2,0,0,0
2018-05-06 05:57:03,85,r/books,25,2018-05-06 12:20:40,1,0,7,0
2018-05-06 05:57:03,85,r/books,25,2018-05-06 09:23:16,1,2,11,0
2018-05-06 05:57:03,85,r/books,25,2018-05-06 11:01:09,2,0,11,0
2018-05-06 05:57:03,85,r/books,25,2018-05-06 10:51:20,2,0,0,0
2018-05-06 05:57:03,85,r/books,25,2018-05-06 08:10:27,1,2,13,0
2018-05-06 05:57:03,85,r/books,25,2018-05-06 09:16:38,2,1,20,0
2018-05-06 05:57:03,85,r/books,25,2018-05-06 09:25:57,3,1,7,0
2018-05-06 05:57:03,85,r/books,25,2018-05-06 09:32:26,4,1,5,0
2018-05-06 05:57:03,85,r/books,25,2018-05-06 12:40:52,5,1,3,0
2018-05-06 05:57:03,85,r/books,25,2018-05-06 12:57:26,6,0,1,0
2018-05-06 05:57:03,85,r/books,25,2018-05-06 12:19:33,2,0,4,0
2018-05-06 05:57:03,85,r/books,25,2018-05-06 08:30:06,1,1,-3,0
2018-05-06 05:57:03,85,r/books,25,2018-05-06 09:07:09,2,0,6,0
2018-05-06 05:57:03,85,r/books,25,2018-05-06 13:17:12,1,0,0,0
2018-05-06 05:57:03,85,r/books,25,2018-05-06 09:33:31,1,0,-17,0
2018-05-06 05:57:03,85,r/books,26,2018-05-06 11:35:28,0,1,6,0
2018-05-06 05:57:03,85,r/books,26,2018-05-06 12:26:36,1,1,9,0
2018-05-06 05:57:03,85,r/books,26,2018-05-06 12:35:56,2,1,0,0
2018-05-06 05:57:03,85,r/books,26,2018-05-06 13:38:38,3,1,5,0
2018-05-06 05:57:03,85,r/books,26,2018-05-06 13:42:53,4,0,1,0
2018-05-06 05:57:03,85,r/books,27,2018-05-06 07:16:19,0,2,4,0
2018-05-06 05:57:03,85,r/books,27,2018-05-06 12:03:59,1,1,12,0
2018-05-06 05:57:03,85,r/books,27,2018-05-06 12:34:04,2,1,3,0
2018-05-06 05:57:03,85,r/books,27,2018-05-06 14:21:33,3,1,1,0
2018-05-06 05:57:03,85,r/books,27,2018-05-06 14:26:06,4,0,1,0
2018-05-06 05:57:03,85,r/books,27,2018-05-06 15:04:44,1,0,1,0
2018-05-06 05:57:03,85,r/books,28,2018-05-06 14:08:54,0,1,2,0
2018-05-06 05:57:03,85,r/books,28,2018-05-06 15:05:43,1,0,1,0
2018-05-06 05:57:03,85,r/books,29,2018-05-06 12:29:51,0,1,1,0
2018-05-06 05:57:03,85,r/books,29,2018-05-06 14:23:17,1,1,1,0
2018-05-06 05:57:03,85,r/books,29,2018-05-06 14:25:00,2,1,2,0
2018-05-06 05:57:03,85,r/books,29,2018-05-06 14:52:42,3,1,1,0
2018-05-06 05:57:03,85,r/books,29,2018-05-06 14:59:17,4,0,1,0
2018-05-06 05:57:03,85,r/books,30,2018-05-06 14:30:38,0,0,0,0
2018-05-06 05:57:03,85,r/books,31,2018-05-06 14:33:38,0,0,1,0
2018-05-06 05:57:03,85,r/books,32,2018-05-06 14:38:12,0,0,1,0
2018-05-06 05:57:03,85,r/books,33,2018-05-06 14:47:45,0,0,1,0
2018-05-06 05:57:03,85,r/books,34,2018-05-06 14:48:49,0,0,1,0
2018-05-06 05:57:03,85,r/books,35,2018-05-06 14:50:21,0,0,1,0
2018-05-06 05:57:03,85,r/books,36,2018-05-06 14:56:50,0,0,1,0
2018-05-06 05:57:03,85,r/books,37,2018-05-06 15:03:10,0,0,1,0
2018-05-06 05:57:03,85,r/books,38,2018-05-06 08:50:53,0,1,-2,0
2018-05-06 05:57:03,85,r/books,38,2018-05-06 08:59:17,1,0,5,0
2018-05-06 05:57:03,85,r/books,39,2018-05-06 08:49:49,0,5,-16,0
2018-05-06 05:57:03,85,r/books,39,2018-05-06 09:00:13,1,3,62,0
2018-05-06 05:57:03,85,r/books,39,2018-05-06 09:20:51,2,1,18,0
2018-05-06 05:57:03,85,r/books,39,2018-05-06 13:40:51,2,0,3,0
2018-05-06 05:57:03,85,r/books,39,2018-05-06 09:15:06,1,0,33,0
2018-05-06 05:57:03,85,r/books,39,2018-05-06 08:56:56,1,1,22,0
2018-05-06 05:57:03,85,r/books,39,2018-05-06 09:03:44,1,4,12,0
2018-05-06 05:57:03,85,r/books,39,2018-05-06 11:34:01,2,0,7,0
2018-05-06 05:57:03,85,r/books,39,2018-05-06 09:19:38,2,0,0,0
2018-05-06 05:57:03,85,r/books,39,2018-05-06 10:39:51,2,2,-6,0
2018-05-06 05:57:03,85,r/books,39,2018-05-06 11:51:22,3,0,4,0
2018-05-06 05:57:03,85,r/books,39,2018-05-06 10:59:02,3,0,-2,0
2018-05-06 05:57:03,85,r/books,39,2018-05-06 10:55:12,2,0,0,0
2018-05-06 05:57:03,85,r/books,39,2018-05-06 10:23:18,1,0,-1,0
2018-05-06 05:57:03,85,r/books,40,2018-05-06 10:03:49,0,1,-6,0
2018-05-06 05:57:03,85,r/books,40,2018-05-06 11:53:22,1,1,6,0
2018-05-06 05:57:03,85,r/books,40,2018-05-06 11:53:29,2,0,0,0
2018-05-06 05:57:03,85,r/books,41,2018-05-06 14:29:54,0,0,1,0
2018-05-06 05:57:03,85,r/books,42,2018-05-06 08:54:57,0,0,-28,0
2018-05-06 05:57:03,85,r/books,43,2018-05-06 10:24:12,0,2,-10,0
2018-05-06 05:57:03,85,r/books,43,2018-05-06 12:35:29,1,0,9,0
2018-05-06 05:57:03,85,r/books,43,2018-05-06 11:36:13,1,0,-6,0
2018-05-06 05:57:03,85,r/books,44,2018-05-06 10:10:51,0,1,-11,0
2018-05-06 05:57:03,85,r/books,44,2018-05-06 10:39:48,1,1,19,0
2018-05-06 05:57:03,85,r/books,44,2018-05-06 11:37:56,2,1,-6,0
2018-05-06 05:57:03,85,r/books,44,2018-05-06 11:45:57,3,0,8,0
2018-05-06 05:57:03,85,r/books,45,2018-05-06 09:16:33,0,0,-1,0
2018-05-06 05:57:03,85,r/books,46,2018-05-06 08:02:40,0,0,-29,0
2018-05-06 05:57:03,85,r/books,47,2018-05-06 09:24:14,0,1,-20,0
2018-05-06 05:57:03,85,r/books,48,2018-05-06 08:47:14,0,2,-28,0
2018-05-06 05:57:03,85,r/books,48,2018-05-06 08:56:12,1,3,19,0
2018-05-06 05:57:03,85,r/books,48,2018-05-06 15:11:15,2,0,1,0
2018-05-06 05:57:03,85,r/books,48,2018-05-06 08:58:37,2,3,-11,0
2018-05-06 05:57:03,85,r/books,48,2018-05-06 09:15:33,3,2,20,0
2018-05-06 05:57:03,85,r/books,48,2018-05-06 09:17:44,4,0,-7,0
2018-05-06 05:57:03,85,r/books,48,2018-05-06 09:11:23,3,1,10,0
2018-05-06 05:57:03,85,r/books,48,2018-05-06 13:46:36,3,0,1,0
2018-05-06 05:57:03,85,r/books,48,2018-05-06 13:45:27,1,0,2,0
2018-05-06 05:57:03,85,r/books,49,2018-05-06 14:23:36,0,1,-2,0
2018-05-06 05:57:03,85,r/books,49,2018-05-06 15:03:47,1,0,1,0
2018-05-06 05:57:03,85,r/books,50,2018-05-06 12:59:12,0,0,-7,0
2018-05-06 05:57:03,85,r/books,51,2018-05-06 09:17:56,0,0,-18,0
2018-05-06 05:57:03,85,r/books,52,2018-05-06 11:08:15,0,1,-5,0
2018-05-06 05:57:03,85,r/books,52,2018-05-06 15:08:28,1,0,1,0
2018-05-06 05:57:03,85,r/books,53,2018-05-06 11:59:21,0,0,-5,0
2018-05-06 05:57:03,85,r/books,54,2018-05-06 13:11:35,0,0,-1,0
2018-05-06 05:57:03,85,r/books,55,2018-05-06 13:13:53,0,0,-1,0
2018-05-06 05:57:03,85,r/books,56,2018-05-06 06:39:45,0,0,-48,0
2018-05-06 05:57:03,85,r/books,57,2018-05-06 13:05:24,0,0,0,0
2018-05-06 05:57:03,85,r/books,58,2018-05-06 13:08:03,0,0,0,0
2018-05-06 05:57:03,85,r/books,59,2018-05-06 13:33:36,0,0,0,0
2018-05-06 05:57:03,85,r/books,60,2018-05-06 13:36:23,0,0,0,0
2018-05-06 05:57:03,85,r/books,61,2018-05-06 14:28:48,0,0,0,0
2018-05-06 05:57:03,85,r/books,62,2018-05-06 14:30:12,0,0,1,0
2018-05-06 05:57:03,85,r/books,63,2018-05-06 14:35:01,0,0,0,0
2018-05-06 05:57:03,85,r/books,64,2018-05-06 14:43:55,0,0,1,0
2018-05-06 05:57:03,85,r/books,65,2018-05-06 15:10:28,0,0,1,0
2018-05-06 05:57:03,85,r/books,66,2018-05-06 11:55:38,0,0,-7,0
2018-05-06 01:59:30,86,r/WhitePeopleTwitter,0,2018-05-06 04:45:29,0,3,2390,0
2018-05-06 01:59:30,86,r/WhitePeopleTwitter,0,2018-05-06 05:56:55,1,2,373,0
2018-05-06 01:59:30,86,r/WhitePeopleTwitter,0,2018-05-06 11:37:41,2,1,84,0
2018-05-06 01:59:30,86,r/WhitePeopleTwitter,0,2018-05-06 12:01:15,3,1,46,0
2018-05-06 01:59:30,86,r/WhitePeopleTwitter,0,2018-05-06 12:09:19,4,1,-27,0
2018-05-06 01:59:30,86,r/WhitePeopleTwitter,0,2018-05-06 12:25:16,5,1,11,0
2018-05-06 01:59:30,86,r/WhitePeopleTwitter,0,2018-05-06 12:42:39,6,0,10,0
2018-05-06 01:59:30,86,r/WhitePeopleTwitter,0,2018-05-06 13:21:36,2,0,5,0
2018-05-06 01:59:30,86,r/WhitePeopleTwitter,0,2018-05-06 08:33:44,1,2,136,0
2018-05-06 01:59:30,86,r/WhitePeopleTwitter,0,2018-05-06 08:33:52,2,5,110,0
2018-05-06 01:59:30,86,r/WhitePeopleTwitter,0,2018-05-06 10:34:08,3,1,16,0
2018-05-06 01:59:30,86,r/WhitePeopleTwitter,0,2018-05-06 12:15:58,4,0,6,0
2018-05-06 01:59:30,86,r/WhitePeopleTwitter,0,2018-05-06 08:45:00,3,1,59,0
2018-05-06 01:59:30,86,r/WhitePeopleTwitter,0,2018-05-06 08:45:09,4,2,30,0
2018-05-06 01:59:30,86,r/WhitePeopleTwitter,0,2018-05-06 11:37:32,5,1,19,0
2018-05-06 01:59:30,86,r/WhitePeopleTwitter,0,2018-05-06 12:15:24,6,1,16,0
2018-05-06 01:59:30,86,r/WhitePeopleTwitter,0,2018-05-06 12:36:23,7,2,30,0
2018-05-06 01:59:30,86,r/WhitePeopleTwitter,0,2018-05-06 13:14:04,8,0,5,0
2018-05-06 01:59:30,86,r/WhitePeopleTwitter,0,2018-05-06 14:57:30,8,0,1,0
2018-05-06 01:59:30,86,r/WhitePeopleTwitter,0,2018-05-06 09:38:40,5,1,-57,0
2018-05-06 01:59:30,86,r/WhitePeopleTwitter,0,2018-05-06 12:41:15,6,0,5,0
2018-05-06 01:59:30,86,r/WhitePeopleTwitter,0,2018-05-06 11:02:41,3,0,7,0
2018-05-06 01:59:30,86,r/WhitePeopleTwitter,0,2018-05-06 10:50:44,3,1,-4,0
2018-05-06 01:59:30,86,r/WhitePeopleTwitter,0,2018-05-06 12:27:24,4,1,11,0
2018-05-06 01:59:30,86,r/WhitePeopleTwitter,0,2018-05-06 12:33:33,5,0,1,0
2018-05-06 01:59:30,86,r/WhitePeopleTwitter,0,2018-05-06 12:22:19,3,0,-1,0
2018-05-06 01:59:30,86,r/WhitePeopleTwitter,0,2018-05-06 08:38:12,2,1,8,0
2018-05-06 01:59:30,86,r/WhitePeopleTwitter,0,2018-05-06 08:44:00,3,0,17,0
2018-05-06 01:59:30,86,r/WhitePeopleTwitter,0,2018-05-06 08:30:00,1,0,6,0
2018-05-06 01:59:30,86,r/WhitePeopleTwitter,1,2018-05-06 02:38:27,0,0,466,0
2018-05-06 01:59:30,86,r/WhitePeopleTwitter,2,2018-05-06 03:47:23,0,13,1340,0
2018-05-06 01:59:30,86,r/WhitePeopleTwitter,2,2018-05-06 07:37:35,1,4,1204,0
2018-05-06 01:59:30,86,r/WhitePeopleTwitter,2,2018-05-06 11:30:57,2,6,485,0
2018-05-06 01:59:30,86,r/WhitePeopleTwitter,2,2018-05-06 11:48:44,3,5,194,0
2018-05-06 01:59:30,86,r/WhitePeopleTwitter,2,2018-05-06 12:17:41,4,1,112,0
2018-05-06 01:59:30,86,r/WhitePeopleTwitter,2,2018-05-06 12:20:47,5,3,159,0
2018-05-06 01:59:30,86,r/WhitePeopleTwitter,2,2018-05-06 12:35:48,6,0,108,0
2018-05-06 01:59:30,86,r/WhitePeopleTwitter,2,2018-05-06 12:58:28,6,0,14,0
2018-05-06 01:59:30,86,r/WhitePeopleTwitter,2,2018-05-06 14:39:14,6,0,3,0
2018-05-06 01:59:30,86,r/WhitePeopleTwitter,2,2018-05-06 12:33:17,4,2,63,0
2018-05-06 01:59:30,86,r/WhitePeopleTwitter,2,2018-05-06 13:00:06,5,2,55,0
2018-05-06 01:59:30,86,r/WhitePeopleTwitter,2,2018-05-06 13:19:14,6,2,41,0
2018-05-06 01:59:30,86,r/WhitePeopleTwitter,2,2018-05-06 13:22:11,7,1,45,0
2018-05-06 01:59:30,86,r/WhitePeopleTwitter,2,2018-05-06 14:15:44,8,1,19,0
2018-05-06 01:59:30,86,r/WhitePeopleTwitter,2,2018-05-06 14:34:02,9,1,0,0
2018-05-06 01:59:30,86,r/WhitePeopleTwitter,2,2018-05-06 14:59:59,7,0,2,0
2018-05-06 01:59:30,86,r/WhitePeopleTwitter,2,2018-05-06 13:46:44,6,2,15,0
2018-05-06 01:59:30,86,r/WhitePeopleTwitter,2,2018-05-06 14:27:30,7,0,8,0
2018-05-06 01:59:30,86,r/WhitePeopleTwitter,2,2018-05-06 15:05:50,7,0,1,0
2018-05-06 01:59:30,86,r/WhitePeopleTwitter,2,2018-05-06 14:52:13,5,1,1,0
2018-05-06 01:59:30,86,r/WhitePeopleTwitter,2,2018-05-06 14:59:30,6,0,1,0
2018-05-06 01:59:30,86,r/WhitePeopleTwitter,2,2018-05-06 11:53:09,4,0,17,0
2018-05-06 01:59:30,86,r/WhitePeopleTwitter,2,2018-05-06 12:30:54,4,1,6,0
2018-05-06 01:59:30,86,r/WhitePeopleTwitter,2,2018-05-06 12:44:21,5,0,7,0
2018-05-06 01:59:30,86,r/WhitePeopleTwitter,2,2018-05-06 15:08:51,4,0,1,0
2018-05-06 01:59:30,86,r/WhitePeopleTwitter,2,2018-05-06 13:26:58,3,4,36,0
2018-05-06 01:59:30,86,r/WhitePeopleTwitter,2,2018-05-06 13:59:35,4,0,21,0
2018-05-06 01:59:30,86,r/WhitePeopleTwitter,2,2018-05-06 13:51:57,4,1,4,0
2018-05-06 01:59:30,86,r/WhitePeopleTwitter,2,2018-05-06 14:28:11,5,1,7,0
2018-05-06 01:59:30,86,r/WhitePeopleTwitter,2,2018-05-06 15:06:59,6,0,1,0
2018-05-06 01:59:30,86,r/WhitePeopleTwitter,2,2018-05-06 14:54:28,4,1,1,0
2018-05-06 01:59:30,86,r/WhitePeopleTwitter,2,2018-05-06 15:10:08,5,0,1,0
2018-05-06 01:59:30,86,r/WhitePeopleTwitter,2,2018-05-06 13:54:45,4,0,-10,0
2018-05-06 01:59:30,86,r/WhitePeopleTwitter,2,2018-05-06 13:09:21,3,0,27,0
2018-05-06 01:59:30,86,r/WhitePeopleTwitter,2,2018-05-06 15:01:29,3,0,2,0
2018-05-06 01:59:30,86,r/WhitePeopleTwitter,2,2018-05-06 13:49:25,3,1,-2,0
2018-05-06 01:59:30,86,r/WhitePeopleTwitter,2,2018-05-06 13:50:00,4,0,18,0
2018-05-06 01:59:30,86,r/WhitePeopleTwitter,2,2018-05-06 13:21:48,3,1,-29,0
2018-05-06 01:59:30,86,r/WhitePeopleTwitter,2,2018-05-06 13:22:12,4,0,23,0
2018-05-06 01:59:30,86,r/WhitePeopleTwitter,2,2018-05-06 07:43:12,2,1,243,0
2018-05-06 01:59:30,86,r/WhitePeopleTwitter,2,2018-05-06 13:14:24,3,0,2,0
2018-05-06 01:59:30,86,r/WhitePeopleTwitter,2,2018-05-06 12:49:33,2,0,1,0
2018-05-06 01:59:30,86,r/WhitePeopleTwitter,2,2018-05-06 09:54:46,2,9,-182,0
2018-05-06 01:59:30,86,r/WhitePeopleTwitter,2,2018-05-06 10:41:18,3,0,36,0
2018-05-06 01:59:30,86,r/WhitePeopleTwitter,2,2018-05-06 09:57:42,3,2,231,0
2018-05-06 01:59:30,86,r/WhitePeopleTwitter,2,2018-05-06 10:00:59,4,0,27,0
2018-05-06 01:59:30,86,r/WhitePeopleTwitter,2,2018-05-06 12:31:54,4,0,8,0
2018-05-06 01:59:30,86,r/WhitePeopleTwitter,2,2018-05-06 10:42:16,3,0,31,0
2018-05-06 01:59:30,86,r/WhitePeopleTwitter,2,2018-05-06 11:30:32,3,1,43,0
2018-05-06 01:59:30,86,r/WhitePeopleTwitter,2,2018-05-06 11:50:52,4,2,71,0
2018-05-06 01:59:30,86,r/WhitePeopleTwitter,2,2018-05-06 12:02:36,5,0,11,0
2018-05-06 01:59:30,86,r/WhitePeopleTwitter,2,2018-05-06 12:48:22,5,0,9,0
2018-05-06 01:59:30,86,r/WhitePeopleTwitter,2,2018-05-06 11:27:12,3,0,25,0
2018-05-06 01:59:30,86,r/WhitePeopleTwitter,2,2018-05-06 10:43:34,3,3,39,0
2018-05-06 01:59:30,86,r/WhitePeopleTwitter,2,2018-05-06 11:03:52,4,1,88,0
2018-05-06 01:59:30,86,r/WhitePeopleTwitter,2,2018-05-06 11:32:42,5,0,4,0
2018-05-06 01:59:30,86,r/WhitePeopleTwitter,2,2018-05-06 11:27:59,4,2,17,0
2018-05-06 01:59:30,86,r/WhitePeopleTwitter,2,2018-05-06 11:32:11,5,0,6,0
2018-05-06 01:59:30,86,r/WhitePeopleTwitter,2,2018-05-06 12:32:10,5,1,0,0
2018-05-06 01:59:30,86,r/WhitePeopleTwitter,2,2018-05-06 13:57:16,6,0,1,0
2018-05-06 01:59:30,86,r/WhitePeopleTwitter,2,2018-05-06 12:43:59,4,0,0,0
2018-05-06 01:59:30,86,r/WhitePeopleTwitter,2,2018-05-06 12:22:33,3,0,2,0
2018-05-06 01:59:30,86,r/WhitePeopleTwitter,2,2018-05-06 12:31:44,3,0,2,0
2018-05-06 01:59:30,86,r/WhitePeopleTwitter,2,2018-05-06 12:27:45,3,0,0,0
2018-05-06 01:59:30,86,r/WhitePeopleTwitter,2,2018-05-06 04:09:34,1,1,310,0
2018-05-06 01:59:30,86,r/WhitePeopleTwitter,2,2018-05-06 08:43:44,2,0,45,0
2018-05-06 01:59:30,86,r/WhitePeopleTwitter,2,2018-05-06 08:43:12,1,2,85,0
2018-05-06 01:59:30,86,r/WhitePeopleTwitter,2,2018-05-06 14:33:30,2,0,14,0
2018-05-06 01:59:30,86,r/WhitePeopleTwitter,2,2018-05-06 11:25:44,2,1,-7,0
2018-05-06 01:59:30,86,r/WhitePeopleTwitter,2,2018-05-06 12:12:04,3,2,5,0
2018-05-06 01:59:30,86,r/WhitePeopleTwitter,2,2018-05-06 12:19:12,4,0,4,0
2018-05-06 01:59:30,86,r/WhitePeopleTwitter,2,2018-05-06 12:32:26,4,0,1,0
2018-05-06 01:59:30,86,r/WhitePeopleTwitter,2,2018-05-06 10:17:33,1,3,96,0
2018-05-06 01:59:30,86,r/WhitePeopleTwitter,2,2018-05-06 12:13:53,2,2,35,0
2018-05-06 01:59:30,86,r/WhitePeopleTwitter,2,2018-05-06 12:25:36,3,0,8,0
2018-05-06 01:59:30,86,r/WhitePeopleTwitter,2,2018-05-06 14:00:32,3,1,4,0
2018-05-06 01:59:30,86,r/WhitePeopleTwitter,2,2018-05-06 14:32:55,4,0,2,0
2018-05-06 01:59:30,86,r/WhitePeopleTwitter,2,2018-05-06 11:29:27,2,0,-10,0
2018-05-06 01:59:30,86,r/WhitePeopleTwitter,2,2018-05-06 13:08:07,2,0,-4,0
2018-05-06 01:59:30,86,r/WhitePeopleTwitter,2,2018-05-06 12:05:37,1,1,34,0
2018-05-06 01:59:30,86,r/WhitePeopleTwitter,2,2018-05-06 13:31:20,2,1,4,0
2018-05-06 01:59:30,86,r/WhitePeopleTwitter,2,2018-05-06 13:35:26,3,0,10,0
2018-05-06 01:59:30,86,r/WhitePeopleTwitter,2,2018-05-06 10:25:17,1,0,11,0
2018-05-06 01:59:30,86,r/WhitePeopleTwitter,2,2018-05-06 09:14:51,1,0,9,0
2018-05-06 01:59:30,86,r/WhitePeopleTwitter,2,2018-05-06 11:44:15,1,0,3,0
2018-05-06 01:59:30,86,r/WhitePeopleTwitter,2,2018-05-06 13:20:31,1,0,1,0
2018-05-06 01:59:30,86,r/WhitePeopleTwitter,2,2018-05-06 14:14:49,1,0,1,0
2018-05-06 01:59:30,86,r/WhitePeopleTwitter,2,2018-05-06 14:21:41,1,0,1,0
2018-05-06 01:59:30,86,r/WhitePeopleTwitter,2,2018-05-06 14:47:45,1,0,1,0
2018-05-06 01:59:30,86,r/WhitePeopleTwitter,2,2018-05-06 10:41:20,1,0,-6,0
2018-05-06 01:59:30,86,r/WhitePeopleTwitter,3,2018-05-06 02:58:16,0,0,127,0
2018-05-06 01:59:30,86,r/WhitePeopleTwitter,4,2018-05-06 12:14:43,0,1,83,0
2018-05-06 01:59:30,86,r/WhitePeopleTwitter,4,2018-05-06 14:44:21,1,0,10,0
2018-05-06 01:59:30,86,r/WhitePeopleTwitter,5,2018-05-06 03:11:40,0,6,137,0
2018-05-06 01:59:30,86,r/WhitePeopleTwitter,5,2018-05-06 06:19:56,1,1,92,0
2018-05-06 01:59:30,86,r/WhitePeopleTwitter,5,2018-05-06 07:09:40,2,2,64,0
2018-05-06 01:59:30,86,r/WhitePeopleTwitter,5,2018-05-06 07:48:02,3,0,55,0
2018-05-06 01:59:30,86,r/WhitePeopleTwitter,5,2018-05-06 14:20:29,3,0,1,0
2018-05-06 01:59:30,86,r/WhitePeopleTwitter,5,2018-05-06 09:51:13,1,2,52,0
2018-05-06 01:59:30,86,r/WhitePeopleTwitter,5,2018-05-06 13:07:32,2,1,22,0
2018-05-06 01:59:30,86,r/WhitePeopleTwitter,5,2018-05-06 13:48:10,3,1,6,0
2018-05-06 01:59:30,86,r/WhitePeopleTwitter,5,2018-05-06 14:31:14,4,0,2,0
2018-05-06 01:59:30,86,r/WhitePeopleTwitter,5,2018-05-06 12:55:15,2,1,1,0
2018-05-06 01:59:30,86,r/WhitePeopleTwitter,5,2018-05-06 13:16:03,3,0,0,0
2018-05-06 01:59:30,86,r/WhitePeopleTwitter,5,2018-05-06 09:15:06,1,1,27,0
2018-05-06 01:59:30,86,r/WhitePeopleTwitter,5,2018-05-06 12:50:07,2,2,12,0
2018-05-06 01:59:30,86,r/WhitePeopleTwitter,5,2018-05-06 13:20:06,3,0,9,0
2018-05-06 01:59:30,86,r/WhitePeopleTwitter,5,2018-05-06 14:22:11,3,0,1,0
2018-05-06 01:59:30,86,r/WhitePeopleTwitter,5,2018-05-06 13:01:10,1,0,8,0
2018-05-06 01:59:30,86,r/WhitePeopleTwitter,5,2018-05-06 12:57:03,1,0,6,0
2018-05-06 01:59:30,86,r/WhitePeopleTwitter,5,2018-05-06 10:05:28,1,2,21,0
2018-05-06 01:59:30,86,r/WhitePeopleTwitter,5,2018-05-06 12:39:05,2,0,9,0
2018-05-06 01:59:30,86,r/WhitePeopleTwitter,5,2018-05-06 11:01:43,2,0,9,0
2018-05-06 01:59:30,86,r/WhitePeopleTwitter,6,2018-05-06 06:51:31,0,2,93,0
2018-05-06 01:59:30,86,r/WhitePeopleTwitter,6,2018-05-06 07:30:52,1,3,443,0
2018-05-06 01:59:30,86,r/WhitePeopleTwitter,6,2018-05-06 08:07:52,2,6,202,0
2018-05-06 01:59:30,86,r/WhitePeopleTwitter,6,2018-05-06 09:10:26,3,3,119,0
2018-05-06 01:59:30,86,r/WhitePeopleTwitter,6,2018-05-06 09:14:04,4,2,92,0
2018-05-06 01:59:30,86,r/WhitePeopleTwitter,6,2018-05-06 09:15:53,5,4,71,0
2018-05-06 01:59:30,86,r/WhitePeopleTwitter,6,2018-05-06 09:30:40,6,2,71,0
2018-05-06 01:59:30,86,r/WhitePeopleTwitter,6,2018-05-06 09:49:44,7,0,39,0
2018-05-06 01:59:30,86,r/WhitePeopleTwitter,6,2018-05-06 12:37:54,7,0,3,0
2018-05-06 01:59:30,86,r/WhitePeopleTwitter,6,2018-05-06 09:25:42,6,2,134,0
2018-05-06 01:59:30,86,r/WhitePeopleTwitter,6,2018-05-06 13:15:16,7,0,17,0
2018-05-06 01:59:30,86,r/WhitePeopleTwitter,6,2018-05-06 12:10:03,7,2,-4,0
2018-05-06 01:59:30,86,r/WhitePeopleTwitter,6,2018-05-06 12:33:01,8,0,16,0
2018-05-06 01:59:30,86,r/WhitePeopleTwitter,6,2018-05-06 13:58:37,8,0,4,0
2018-05-06 01:59:30,86,r/WhitePeopleTwitter,6,2018-05-06 09:20:47,6,2,15,0
2018-05-06 01:59:30,86,r/WhitePeopleTwitter,6,2018-05-06 09:27:42,7,1,22,0
2018-05-06 01:59:30,86,r/WhitePeopleTwitter,6,2018-05-06 10:12:21,8,1,7,0
2018-05-06 01:59:30,86,r/WhitePeopleTwitter,6,2018-05-06 11:04:07,9,0,10,0
2018-05-06 01:59:30,86,r/WhitePeopleTwitter,6,2018-05-06 09:59:28,7,1,10,0
2018-05-06 01:59:30,86,r/WhitePeopleTwitter,6,2018-05-06 12:38:40,8,0,1,0
2018-05-06 01:59:30,86,r/WhitePeopleTwitter,6,2018-05-06 09:44:03,6,1,8,0
2018-05-06 01:59:30,86,r/WhitePeopleTwitter,6,2018-05-06 10:28:38,7,0,4,0
2018-05-06 01:59:30,86,r/WhitePeopleTwitter,6,2018-05-06 14:55:15,5,0,1,0
2018-05-06 01:59:30,86,r/WhitePeopleTwitter,6,2018-05-06 13:13:12,4,0,1,0
2018-05-06 01:59:30,86,r/WhitePeopleTwitter,6,2018-05-06 10:33:37,4,2,-14,0
2018-05-06 01:59:30,86,r/WhitePeopleTwitter,6,2018-05-06 10:38:19,5,2,4,0
2018-05-06 01:59:30,86,r/WhitePeopleTwitter,6,2018-05-06 11:30:25,6,0,1,0
2018-05-06 01:59:30,86,r/WhitePeopleTwitter,6,2018-05-06 10:40:14,6,1,-4,0
2018-05-06 01:59:30,86,r/WhitePeopleTwitter,6,2018-05-06 11:13:56,7,0,0,0
2018-05-06 01:59:30,86,r/WhitePeopleTwitter,6,2018-05-06 11:07:32,5,0,2,0
2018-05-06 01:59:30,86,r/WhitePeopleTwitter,6,2018-05-06 09:34:01,3,2,17,0
2018-05-06 01:59:30,86,r/WhitePeopleTwitter,6,2018-05-06 09:41:49,4,1,1,0
2018-05-06 01:59:30,86,r/WhitePeopleTwitter,6,2018-05-06 10:18:21,5,0,4,0
2018-05-06 01:59:30,86,r/WhitePeopleTwitter,6,2018-05-06 10:34:16,4,0,1,0
2018-05-06 01:59:30,86,r/WhitePeopleTwitter,6,2018-05-06 09:15:12,3,3,20,0
2018-05-06 01:59:30,86,r/WhitePeopleTwitter,6,2018-05-06 09:32:34,4,0,10,0
2018-05-06 01:59:30,86,r/WhitePeopleTwitter,6,2018-05-06 11:20:34,4,0,3,0
2018-05-06 01:59:30,86,r/WhitePeopleTwitter,6,2018-05-06 10:31:13,4,0,1,0
2018-05-06 01:59:30,86,r/WhitePeopleTwitter,6,2018-05-06 09:21:21,3,3,43,0
2018-05-06 01:59:30,86,r/WhitePeopleTwitter,6,2018-05-06 09:30:36,4,1,14,0
2018-05-06 01:59:30,86,r/WhitePeopleTwitter,6,2018-05-06 11:31:07,5,1,5,0
2018-05-06 01:59:30,86,r/WhitePeopleTwitter,6,2018-05-06 12:12:28,6,1,1,0
2018-05-06 01:59:30,86,r/WhitePeopleTwitter,6,2018-05-06 12:39:45,7,0,1,0
2018-05-06 01:59:30,86,r/WhitePeopleTwitter,6,2018-05-06 11:51:38,4,0,3,0
2018-05-06 01:59:30,86,r/WhitePeopleTwitter,6,2018-05-06 09:41:18,4,2,1,0
2018-05-06 01:59:30,86,r/WhitePeopleTwitter,6,2018-05-06 11:05:37,5,0,9,0
2018-05-06 01:59:30,86,r/WhitePeopleTwitter,6,2018-05-06 09:44:38,5,0,25,0
2018-05-06 01:59:30,86,r/WhitePeopleTwitter,6,2018-05-06 09:37:09,3,1,3,0
2018-05-06 01:59:30,86,r/WhitePeopleTwitter,6,2018-05-06 09:41:32,4,1,4,0
2018-05-06 01:59:30,86,r/WhitePeopleTwitter,6,2018-05-06 11:50:21,5,0,1,0
2018-05-06 01:59:30,86,r/WhitePeopleTwitter,6,2018-05-06 12:07:09,3,0,1,0
2018-05-06 01:59:30,86,r/WhitePeopleTwitter,6,2018-05-06 07:44:02,2,3,6,0
2018-05-06 01:59:30,86,r/WhitePeopleTwitter,6,2018-05-06 07:56:49,3,1,30,0
2018-05-06 01:59:30,86,r/WhitePeopleTwitter,6,2018-05-06 08:04:14,4,0,5,0
2018-05-06 01:59:30,86,r/WhitePeopleTwitter,6,2018-05-06 09:30:35,3,1,14,0
2018-05-06 01:59:30,86,r/WhitePeopleTwitter,6,2018-05-06 09:36:37,4,1,11,0
2018-05-06 01:59:30,86,r/WhitePeopleTwitter,6,2018-05-06 11:08:19,5,1,-2,0
2018-05-06 01:59:30,86,r/WhitePeopleTwitter,6,2018-05-06 11:43:57,6,0,9,0
2018-05-06 01:59:30,86,r/WhitePeopleTwitter,6,2018-05-06 08:56:06,3,0,39,0
2018-05-06 01:59:30,86,r/WhitePeopleTwitter,6,2018-05-06 13:12:19,2,1,1,0
2018-05-06 01:59:30,86,r/WhitePeopleTwitter,6,2018-05-06 13:42:25,3,0,1,0
2018-05-06 01:59:30,86,r/WhitePeopleTwitter,6,2018-05-06 12:56:51,1,0,-1,0
2018-05-06 01:59:30,86,r/WhitePeopleTwitter,7,2018-05-06 09:14:55,0,0,55,0
2018-05-06 01:59:30,86,r/WhitePeopleTwitter,8,2018-05-06 12:01:35,0,0,8,0
2018-05-06 01:59:30,86,r/WhitePeopleTwitter,9,2018-05-06 07:22:27,0,4,199,0
2018-05-06 01:59:30,86,r/WhitePeopleTwitter,9,2018-05-06 09:42:41,1,1,112,0
2018-05-06 01:59:30,86,r/WhitePeopleTwitter,9,2018-05-06 10:41:42,2,1,-15,0
2018-05-06 01:59:30,86,r/WhitePeopleTwitter,9,2018-05-06 12:55:50,3,1,21,0
2018-05-06 01:59:30,86,r/WhitePeopleTwitter,9,2018-05-06 13:45:49,4,0,5,0
2018-05-06 01:59:30,86,r/WhitePeopleTwitter,9,2018-05-06 07:58:13,1,5,387,0
2018-05-06 01:59:30,86,r/WhitePeopleTwitter,9,2018-05-06 09:26:13,2,0,158,0
2018-05-06 01:59:30,86,r/WhitePeopleTwitter,9,2018-05-06 08:31:08,2,2,-69,0
2018-05-06 01:59:30,86,r/WhitePeopleTwitter,9,2018-05-06 08:39:44,3,1,185,0
2018-05-06 01:59:30,86,r/WhitePeopleTwitter,9,2018-05-06 09:42:43,4,4,101,0
2018-05-06 01:59:30,86,r/WhitePeopleTwitter,9,2018-05-06 10:25:59,5,1,29,0
2018-05-06 01:59:30,86,r/WhitePeopleTwitter,9,2018-05-06 11:02:00,6,1,3,0
2018-05-06 01:59:30,86,r/WhitePeopleTwitter,9,2018-05-06 11:15:41,7,0,27,0
2018-05-06 01:59:30,86,r/WhitePeopleTwitter,9,2018-05-06 10:43:29,5,1,26,0
2018-05-06 01:59:30,86,r/WhitePeopleTwitter,9,2018-05-06 11:37:33,6,2,6,0
2018-05-06 01:59:30,86,r/WhitePeopleTwitter,9,2018-05-06 13:01:05,7,1,5,0
2018-05-06 01:59:30,86,r/WhitePeopleTwitter,9,2018-05-06 14:03:06,8,0,0,0
2018-05-06 01:59:30,86,r/WhitePeopleTwitter,9,2018-05-06 13:38:00,7,0,2,0
2018-05-06 01:59:30,86,r/WhitePeopleTwitter,9,2018-05-06 10:44:49,5,1,-7,0
2018-05-06 01:59:30,86,r/WhitePeopleTwitter,9,2018-05-06 11:29:20,6,2,0,0
2018-05-06 01:59:30,86,r/WhitePeopleTwitter,9,2018-05-06 11:50:00,7,0,3,0
2018-05-06 01:59:30,86,r/WhitePeopleTwitter,9,2018-05-06 12:10:45,7,0,2,0
2018-05-06 01:59:30,86,r/WhitePeopleTwitter,9,2018-05-06 10:34:19,5,2,-9,0
2018-05-06 01:59:30,86,r/WhitePeopleTwitter,9,2018-05-06 11:25:21,6,1,5,0
2018-05-06 01:59:30,86,r/WhitePeopleTwitter,9,2018-05-06 11:41:06,7,0,-3,0
2018-05-06 01:59:30,86,r/WhitePeopleTwitter,9,2018-05-06 10:48:11,6,0,0,0
2018-05-06 01:59:30,86,r/WhitePeopleTwitter,9,2018-05-06 08:40:41,3,5,-34,0
2018-05-06 01:59:30,86,r/WhitePeopleTwitter,9,2018-05-06 08:52:15,4,0,47,0
2018-05-06 01:59:30,86,r/WhitePeopleTwitter,9,2018-05-06 09:41:29,4,2,21,0
2018-05-06 01:59:30,86,r/WhitePeopleTwitter,9,2018-05-06 10:10:58,5,2,8,0
2018-05-06 01:59:30,86,r/WhitePeopleTwitter,9,2018-05-06 13:24:21,6,0,1,0
2018-05-06 01:59:30,86,r/WhitePeopleTwitter,9,2018-05-06 12:52:38,6,0,1,0
2018-05-06 01:59:30,86,r/WhitePeopleTwitter,9,2018-05-06 13:18:37,5,0,1,0
2018-05-06 01:59:30,86,r/WhitePeopleTwitter,9,2018-05-06 10:18:43,4,1,10,0
2018-05-06 01:59:30,86,r/WhitePeopleTwitter,9,2018-05-06 10:18:50,5,0,1,0
2018-05-06 01:59:30,86,r/WhitePeopleTwitter,9,2018-05-06 10:03:42,4,0,4,0
2018-05-06 01:59:30,86,r/WhitePeopleTwitter,9,2018-05-06 11:12:24,4,0,1,0
2018-05-06 01:59:30,86,r/WhitePeopleTwitter,9,2018-05-06 10:28:16,2,1,-25,0
2018-05-06 01:59:30,86,r/WhitePeopleTwitter,9,2018-05-06 11:22:53,3,0,-2,0
2018-05-06 01:59:30,86,r/WhitePeopleTwitter,9,2018-05-06 10:54:14,2,0,-19,0
2018-05-06 01:59:30,86,r/WhitePeopleTwitter,9,2018-05-06 12:43:13,2,4,-21,0
2018-05-06 01:59:30,86,r/WhitePeopleTwitter,9,2018-05-06 12:51:27,3,1,16,0
2018-05-06 01:59:30,86,r/WhitePeopleTwitter,9,2018-05-06 13:14:07,4,0,-6,0
2018-05-06 01:59:30,86,r/WhitePeopleTwitter,9,2018-05-06 13:08:45,3,1,13,0
2018-05-06 01:59:30,86,r/WhitePeopleTwitter,9,2018-05-06 13:13:56,4,1,-6,0
2018-05-06 01:59:30,86,r/WhitePeopleTwitter,9,2018-05-06 13:30:10,5,1,4,0
2018-05-06 01:59:30,86,r/WhitePeopleTwitter,9,2018-05-06 13:47:11,6,1,0,0
2018-05-06 01:59:30,86,r/WhitePeopleTwitter,9,2018-05-06 13:53:19,7,1,2,0
2018-05-06 01:59:30,86,r/WhitePeopleTwitter,9,2018-05-06 13:58:09,8,1,1,0
2018-05-06 01:59:30,86,r/WhitePeopleTwitter,9,2018-05-06 14:04:04,9,1,1,0
2018-05-06 01:59:30,86,r/WhitePeopleTwitter,9,2018-05-06 13:35:52,3,0,1,0
2018-05-06 01:59:30,86,r/WhitePeopleTwitter,9,2018-05-06 13:15:20,3,1,-4,0
2018-05-06 01:59:30,86,r/WhitePeopleTwitter,9,2018-05-06 13:48:06,4,1,0,0
2018-05-06 01:59:30,86,r/WhitePeopleTwitter,9,2018-05-06 14:11:27,5,1,3,0
2018-05-06 01:59:30,86,r/WhitePeopleTwitter,9,2018-05-06 14:48:02,6,0,1,0
2018-05-06 01:59:30,86,r/WhitePeopleTwitter,9,2018-05-06 12:01:20,1,0,17,0
2018-05-06 01:59:30,86,r/WhitePeopleTwitter,9,2018-05-06 13:04:56,1,0,1,0
2018-05-06 01:59:30,86,r/WhitePeopleTwitter,10,2018-05-06 09:47:20,0,0,11,0
2018-05-06 01:59:30,86,r/WhitePeopleTwitter,11,2018-05-06 13:04:31,0,0,3,0
2018-05-06 01:59:30,86,r/WhitePeopleTwitter,12,2018-05-06 07:11:07,0,2,26,0
2018-05-06 01:59:30,86,r/WhitePeopleTwitter,12,2018-05-06 10:26:32,1,1,22,0
2018-05-06 01:59:30,86,r/WhitePeopleTwitter,12,2018-05-06 13:00:29,2,1,1,0
2018-05-06 01:59:30,86,r/WhitePeopleTwitter,12,2018-05-06 13:45:00,3,0,2,0
2018-05-06 01:59:30,86,r/WhitePeopleTwitter,12,2018-05-06 10:52:43,1,0,5,0
2018-05-06 01:59:30,86,r/WhitePeopleTwitter,13,2018-05-06 11:43:31,0,2,14,0
2018-05-06 01:59:30,86,r/WhitePeopleTwitter,13,2018-05-06 13:33:12,1,0,3,0
2018-05-06 01:59:30,86,r/WhitePeopleTwitter,13,2018-05-06 14:41:00,1,1,-1,0
2018-05-06 01:59:30,86,r/WhitePeopleTwitter,13,2018-05-06 14:49:33,2,0,1,0
2018-05-06 01:59:30,86,r/WhitePeopleTwitter,14,2018-05-06 11:04:51,0,2,9,0
2018-05-06 01:59:30,86,r/WhitePeopleTwitter,14,2018-05-06 11:06:04,1,0,20,0
2018-05-06 01:59:30,86,r/WhitePeopleTwitter,14,2018-05-06 13:35:55,1,0,0,0
2018-05-06 01:59:30,86,r/WhitePeopleTwitter,15,2018-05-06 09:43:33,0,0,3,0
2018-05-06 01:59:30,86,r/WhitePeopleTwitter,16,2018-05-06 09:44:40,0,0,3,0
2018-05-06 01:59:30,86,r/WhitePeopleTwitter,17,2018-05-06 11:55:26,0,0,3,0
2018-05-06 01:59:30,86,r/WhitePeopleTwitter,18,2018-05-06 12:23:52,0,0,3,0
2018-05-06 01:59:30,86,r/WhitePeopleTwitter,19,2018-05-06 09:44:47,0,2,7,0
2018-05-06 01:59:30,86,r/WhitePeopleTwitter,19,2018-05-06 11:17:46,1,2,10,0
2018-05-06 01:59:30,86,r/WhitePeopleTwitter,19,2018-05-06 13:53:47,2,0,4,0
2018-05-06 01:59:30,86,r/WhitePeopleTwitter,19,2018-05-06 12:06:55,2,0,2,0
2018-05-06 01:59:30,86,r/WhitePeopleTwitter,19,2018-05-06 10:32:21,1,0,3,0
2018-05-06 01:59:30,86,r/WhitePeopleTwitter,20,2018-05-06 10:25:31,0,2,5,0
2018-05-06 01:59:30,86,r/WhitePeopleTwitter,20,2018-05-06 12:55:21,1,1,5,0
2018-05-06 01:59:30,86,r/WhitePeopleTwitter,20,2018-05-06 12:56:40,2,1,3,0
2018-05-06 01:59:30,86,r/WhitePeopleTwitter,20,2018-05-06 14:43:14,3,0,1,0
2018-05-06 01:59:30,86,r/WhitePeopleTwitter,20,2018-05-06 13:40:23,1,0,1,0
2018-05-06 01:59:30,86,r/WhitePeopleTwitter,21,2018-05-06 13:42:13,0,1,3,0
2018-05-06 01:59:30,86,r/WhitePeopleTwitter,21,2018-05-06 14:41:15,1,0,1,0
2018-05-06 01:59:30,86,r/WhitePeopleTwitter,22,2018-05-06 09:15:39,0,0,1,0
2018-05-06 01:59:30,86,r/WhitePeopleTwitter,23,2018-05-06 10:49:11,0,0,1,0
2018-05-06 01:59:30,86,r/WhitePeopleTwitter,24,2018-05-06 11:46:35,0,0,1,0
2018-05-06 01:59:30,86,r/WhitePeopleTwitter,25,2018-05-06 12:05:46,0,0,1,0
2018-05-06 01:59:30,86,r/WhitePeopleTwitter,26,2018-05-06 13:24:25,0,0,1,0
2018-05-06 01:59:30,86,r/WhitePeopleTwitter,27,2018-05-06 14:00:46,0,0,1,0
2018-05-06 01:59:30,86,r/WhitePeopleTwitter,28,2018-05-06 14:03:06,0,0,1,0
2018-05-06 01:59:30,86,r/WhitePeopleTwitter,29,2018-05-06 14:07:20,0,0,1,0
2018-05-06 01:59:30,86,r/WhitePeopleTwitter,30,2018-05-06 14:39:43,0,0,1,0
2018-05-06 01:59:30,86,r/WhitePeopleTwitter,31,2018-05-06 14:57:56,0,0,1,0
2018-05-06 01:59:30,86,r/WhitePeopleTwitter,32,2018-05-06 12:02:10,0,0,-2,0
2018-05-06 01:59:30,86,r/WhitePeopleTwitter,33,2018-05-06 11:47:26,0,0,2,0
2018-05-06 01:59:30,86,r/WhitePeopleTwitter,34,2018-05-06 10:57:52,0,0,-5,0
2018-05-06 01:59:30,86,r/WhitePeopleTwitter,35,2018-05-06 12:15:32,0,0,0,0
2018-05-06 01:59:30,86,r/WhitePeopleTwitter,36,2018-05-06 13:03:55,0,0,-5,0
2018-05-06 01:59:30,86,r/WhitePeopleTwitter,37,2018-05-06 13:11:35,0,0,-6,0
2018-05-06 04:24:15,87,r/Tinder,0,2018-05-06 09:38:23,0,2,1160,0
2018-05-06 04:24:15,87,r/Tinder,0,2018-05-06 13:49:01,1,1,78,0
2018-05-06 04:24:15,87,r/Tinder,0,2018-05-06 14:34:00,2,0,1,0
2018-05-06 04:24:15,87,r/Tinder,0,2018-05-06 12:50:27,1,1,143,0
2018-05-06 04:24:15,87,r/Tinder,0,2018-05-06 14:31:46,2,0,1,0
2018-05-06 04:24:15,87,r/Tinder,1,2018-05-06 13:13:25,0,3,307,0
2018-05-06 04:24:15,87,r/Tinder,1,2018-05-06 14:19:46,1,0,1,0
2018-05-06 04:24:15,87,r/Tinder,1,2018-05-06 14:38:04,1,0,1,0
2018-05-06 04:24:15,87,r/Tinder,1,2018-05-06 15:08:22,1,0,1,0
2018-05-06 04:24:15,87,r/Tinder,2,2018-05-06 04:35:42,0,1,416,0
2018-05-06 04:24:15,87,r/Tinder,2,2018-05-06 11:49:41,1,3,193,0
2018-05-06 04:24:15,87,r/Tinder,2,2018-05-06 13:11:00,2,0,98,0
2018-05-06 04:24:15,87,r/Tinder,2,2018-05-06 12:26:43,2,3,121,0
2018-05-06 04:24:15,87,r/Tinder,2,2018-05-06 13:14:06,3,1,126,0
2018-05-06 04:24:15,87,r/Tinder,2,2018-05-06 13:52:23,4,2,15,0
2018-05-06 04:24:15,87,r/Tinder,2,2018-05-06 14:08:25,5,1,10,0
2018-05-06 04:24:15,87,r/Tinder,2,2018-05-06 14:19:36,6,0,1,0
2018-05-06 04:24:15,87,r/Tinder,2,2018-05-06 14:41:17,5,0,1,0
2018-05-06 04:24:15,87,r/Tinder,2,2018-05-06 14:03:18,3,1,13,0
2018-05-06 04:24:15,87,r/Tinder,2,2018-05-06 14:23:23,4,1,1,0
2018-05-06 04:24:15,87,r/Tinder,2,2018-05-06 14:51:47,5,0,1,0
2018-05-06 04:24:15,87,r/Tinder,2,2018-05-06 15:02:21,3,0,1,0
2018-05-06 04:24:15,87,r/Tinder,2,2018-05-06 14:16:03,2,0,1,0
2018-05-06 04:24:15,87,r/Tinder,3,2018-05-06 12:36:48,0,0,75,0
2018-05-06 04:24:15,87,r/Tinder,4,2018-05-06 12:56:21,0,0,41,0
2018-05-06 04:24:15,87,r/Tinder,5,2018-05-06 13:17:24,0,0,10,0
2018-05-06 04:24:15,87,r/Tinder,6,2018-05-06 12:33:57,0,1,20,0
2018-05-06 04:24:15,87,r/Tinder,6,2018-05-06 12:35:58,1,0,12,0
2018-05-06 04:24:15,87,r/Tinder,7,2018-05-06 12:47:46,0,1,25,0
2018-05-06 04:24:15,87,r/Tinder,7,2018-05-06 14:44:21,1,0,1,0
2018-05-06 04:24:15,87,r/Tinder,8,2018-05-06 13:38:07,0,0,18,0
2018-05-06 04:24:15,87,r/Tinder,9,2018-05-06 05:27:11,0,2,159,0
2018-05-06 04:24:15,87,r/Tinder,9,2018-05-06 08:46:45,1,3,236,0
2018-05-06 04:24:15,87,r/Tinder,9,2018-05-06 10:38:43,2,2,41,0
2018-05-06 04:24:15,87,r/Tinder,9,2018-05-06 12:44:41,3,0,73,0
2018-05-06 04:24:15,87,r/Tinder,9,2018-05-06 13:28:16,3,1,14,0
2018-05-06 04:24:15,87,r/Tinder,9,2018-05-06 14:45:40,4,0,1,0
2018-05-06 04:24:15,87,r/Tinder,9,2018-05-06 12:52:52,2,1,-20,0
2018-05-06 04:24:15,87,r/Tinder,9,2018-05-06 13:09:48,3,1,22,0
2018-05-06 04:24:15,87,r/Tinder,9,2018-05-06 13:13:04,4,0,-1,0
2018-05-06 04:24:15,87,r/Tinder,9,2018-05-06 11:54:59,2,1,-40,0
2018-05-06 04:24:15,87,r/Tinder,9,2018-05-06 12:13:15,3,1,44,0
2018-05-06 04:24:15,87,r/Tinder,9,2018-05-06 12:27:32,4,1,-19,0
2018-05-06 04:24:15,87,r/Tinder,9,2018-05-06 12:35:43,5,2,-15,0
2018-05-06 04:24:15,87,r/Tinder,9,2018-05-06 13:49:04,6,1,13,0
2018-05-06 04:24:15,87,r/Tinder,9,2018-05-06 14:41:37,7,0,1,0
2018-05-06 04:24:15,87,r/Tinder,9,2018-05-06 12:59:07,6,1,-1,0
2018-05-06 04:24:15,87,r/Tinder,9,2018-05-06 13:03:41,7,0,-2,0
2018-05-06 04:24:15,87,r/Tinder,9,2018-05-06 08:12:18,1,2,5,0
2018-05-06 04:24:15,87,r/Tinder,9,2018-05-06 13:39:28,2,1,11,0
2018-05-06 04:24:15,87,r/Tinder,9,2018-05-06 13:41:54,3,1,-3,0
2018-05-06 04:24:15,87,r/Tinder,9,2018-05-06 14:05:42,4,1,2,0
2018-05-06 04:24:15,87,r/Tinder,9,2018-05-06 14:30:05,5,0,1,0
2018-05-06 04:24:15,87,r/Tinder,9,2018-05-06 12:27:40,2,3,17,0
2018-05-06 04:24:15,87,r/Tinder,9,2018-05-06 14:28:03,3,1,1,0
2018-05-06 04:24:15,87,r/Tinder,9,2018-05-06 14:31:28,4,0,1,0
2018-05-06 04:24:15,87,r/Tinder,9,2018-05-06 12:48:11,3,1,-16,0
2018-05-06 04:24:15,87,r/Tinder,9,2018-05-06 13:39:48,4,0,4,0
2018-05-06 04:24:15,87,r/Tinder,9,2018-05-06 13:40:41,3,0,-2,0
2018-05-06 04:24:15,87,r/Tinder,10,2018-05-06 13:30:41,0,0,9,0
2018-05-06 04:24:15,87,r/Tinder,11,2018-05-06 13:57:52,0,0,9,0
2018-05-06 04:24:15,87,r/Tinder,12,2018-05-06 11:53:36,0,1,22,0
2018-05-06 04:24:15,87,r/Tinder,12,2018-05-06 12:12:17,1,2,22,0
2018-05-06 04:24:15,87,r/Tinder,12,2018-05-06 14:12:10,2,1,1,0
2018-05-06 04:24:15,87,r/Tinder,12,2018-05-06 14:17:31,3,0,1,0
2018-05-06 04:24:15,87,r/Tinder,12,2018-05-06 12:29:19,2,0,2,0
2018-05-06 04:24:15,87,r/Tinder,13,2018-05-06 14:02:10,0,1,5,0
2018-05-06 04:24:15,87,r/Tinder,13,2018-05-06 14:51:18,1,0,1,0
2018-05-06 04:24:15,87,r/Tinder,14,2018-05-06 13:49:25,0,0,1,0
2018-05-06 04:24:15,87,r/Tinder,15,2018-05-06 04:34:12,0,0,4,0
2018-05-06 04:24:15,87,r/Tinder,16,2018-05-06 11:43:41,0,2,4,0
2018-05-06 04:24:15,87,r/Tinder,16,2018-05-06 11:45:03,1,1,4,0
2018-05-06 04:24:15,87,r/Tinder,16,2018-05-06 11:46:22,2,1,7,0
2018-05-06 04:24:15,87,r/Tinder,16,2018-05-06 12:32:48,3,0,3,0
2018-05-06 04:24:15,87,r/Tinder,16,2018-05-06 13:25:41,1,1,-5,0
2018-05-06 04:24:15,87,r/Tinder,16,2018-05-06 14:03:35,2,0,-3,0
2018-05-06 04:24:15,87,r/Tinder,17,2018-05-06 13:10:02,0,0,4,0
2018-05-06 04:24:15,87,r/Tinder,18,2018-05-06 13:35:53,0,0,1,0
2018-05-06 04:24:15,87,r/Tinder,19,2018-05-06 14:11:04,0,0,0,0
2018-05-06 04:24:15,87,r/Tinder,20,2018-05-06 14:14:01,0,0,1,0
2018-05-06 04:24:15,87,r/Tinder,21,2018-05-06 14:19:11,0,0,1,0
2018-05-06 04:24:15,87,r/Tinder,22,2018-05-06 14:49:38,0,0,1,0
2018-05-06 04:24:15,87,r/Tinder,23,2018-05-06 14:52:15,0,0,1,0
2018-05-06 04:24:15,87,r/Tinder,24,2018-05-06 14:54:07,0,0,1,0
2018-05-06 04:24:15,87,r/Tinder,25,2018-05-06 15:02:18,0,0,1,0
2018-05-06 04:24:15,87,r/Tinder,26,2018-05-06 12:55:16,0,0,1,0
2018-05-06 04:24:15,87,r/Tinder,27,2018-05-06 13:48:27,0,0,1,0
2018-05-06 04:24:15,87,r/Tinder,28,2018-05-06 14:15:07,0,0,1,0
2018-05-06 04:24:15,87,r/Tinder,29,2018-05-06 14:20:24,0,0,1,0
2018-05-06 04:24:15,87,r/Tinder,30,2018-05-06 14:23:23,0,0,1,0
2018-05-06 04:24:15,87,r/Tinder,31,2018-05-06 12:24:31,0,0,-1,0
2018-05-06 04:24:15,87,r/Tinder,32,2018-05-06 09:40:22,0,0,-28,0
2018-05-06 04:24:15,87,r/Tinder,33,2018-05-06 13:32:43,0,1,-13,0
2018-05-06 04:24:15,87,r/Tinder,33,2018-05-06 13:55:44,1,0,2,0
2018-05-06 04:24:15,87,r/Tinder,34,2018-05-06 13:03:46,0,1,-4,0
2018-05-06 04:24:15,87,r/Tinder,34,2018-05-06 13:50:50,1,1,2,0
2018-05-06 04:24:15,87,r/Tinder,34,2018-05-06 14:01:49,2,0,1,0
2018-05-06 04:24:15,87,r/Tinder,35,2018-05-06 08:12:31,0,0,-14,0
2018-05-06 08:24:16,88,r/likeus,0,2018-05-06 11:07:29,0,1,138,0
2018-05-06 08:24:16,88,r/likeus,0,2018-05-06 14:24:49,1,0,8,0
2018-05-06 08:24:16,88,r/likeus,1,2018-05-06 11:54:43,0,1,63,0
2018-05-06 08:24:16,88,r/likeus,1,2018-05-06 12:48:36,1,1,3,0
2018-05-06 08:24:16,88,r/likeus,1,2018-05-06 13:42:35,2,1,9,0
2018-05-06 08:24:16,88,r/likeus,1,2018-05-06 13:42:57,3,0,3,0
2018-05-06 08:24:16,88,r/likeus,2,2018-05-06 13:01:57,0,0,29,0
2018-05-06 08:24:16,88,r/likeus,3,2018-05-06 13:22:02,0,1,26,0
2018-05-06 08:24:16,88,r/likeus,3,2018-05-06 14:16:05,1,0,1,0
2018-05-06 08:24:16,88,r/likeus,4,2018-05-06 13:22:19,0,0,21,0
2018-05-06 08:24:16,88,r/likeus,5,2018-05-06 13:03:09,0,0,16,0
2018-05-06 08:24:16,88,r/likeus,6,2018-05-06 13:23:43,0,0,12,0
2018-05-06 08:24:16,88,r/likeus,7,2018-05-06 13:10:25,0,0,8,0
2018-05-06 08:24:16,88,r/likeus,8,2018-05-06 14:24:34,0,0,3,0
2018-05-06 08:24:16,88,r/likeus,9,2018-05-06 13:46:59,0,2,10,0
2018-05-06 08:24:16,88,r/likeus,9,2018-05-06 13:53:14,1,0,1,0
2018-05-06 08:24:16,88,r/likeus,9,2018-05-06 15:07:35,1,0,1,0
2018-05-06 08:24:16,88,r/likeus,10,2018-05-06 13:21:18,0,0,5,0
2018-05-06 08:24:16,88,r/likeus,11,2018-05-06 14:28:02,0,0,2,0
2018-05-06 08:24:16,88,r/likeus,12,2018-05-06 14:32:43,0,0,2,0
2018-05-06 08:24:16,88,r/likeus,13,2018-05-06 14:40:56,0,0,1,0
2018-05-06 08:24:16,88,r/likeus,14,2018-05-06 14:45:08,0,0,1,0
2018-05-06 08:24:16,88,r/likeus,15,2018-05-06 15:04:41,0,0,1,0
2018-05-06 08:24:16,88,r/likeus,16,2018-05-06 12:57:43,0,0,-8,0
2018-05-06 02:02:36,89,r/TwoXChromosomes,0,2018-05-06 03:56:09,0,5,3389,0
2018-05-06 02:02:36,89,r/TwoXChromosomes,0,2018-05-06 04:18:30,1,3,2914,0
2018-05-06 02:02:36,89,r/TwoXChromosomes,0,2018-05-06 04:43:46,2,1,532,0
2018-05-06 02:02:36,89,r/TwoXChromosomes,0,2018-05-06 04:25:36,2,1,630,0
2018-05-06 02:02:36,89,r/TwoXChromosomes,0,2018-05-06 04:37:41,1,1,49,0
2018-05-06 02:02:36,89,r/TwoXChromosomes,0,2018-05-06 04:44:58,1,1,117,0
2018-05-06 02:02:36,89,r/TwoXChromosomes,0,2018-05-06 06:16:29,1,1,102,0
2018-05-06 02:02:36,89,r/TwoXChromosomes,1,2018-05-06 02:06:52,0,2,4139,0
2018-05-06 02:02:36,89,r/TwoXChromosomes,1,2018-05-06 02:28:00,1,4,1929,0
2018-05-06 02:02:36,89,r/TwoXChromosomes,1,2018-05-06 04:21:19,2,2,1151,0
2018-05-06 02:02:36,89,r/TwoXChromosomes,1,2018-05-06 04:25:06,3,2,795,0
2018-05-06 02:02:36,89,r/TwoXChromosomes,1,2018-05-06 05:43:43,4,1,193,0
2018-05-06 02:02:36,89,r/TwoXChromosomes,1,2018-05-06 04:27:26,2,1,249,0
2018-05-06 02:02:36,89,r/TwoXChromosomes,1,2018-05-06 06:30:56,2,1,64,0
2018-05-06 02:02:36,89,r/TwoXChromosomes,2,2018-05-06 04:27:32,0,1,875,0
2018-05-06 02:02:36,89,r/TwoXChromosomes,3,2018-05-06 03:58:53,0,1,731,0
2018-05-06 02:02:36,89,r/TwoXChromosomes,4,2018-05-06 04:17:42,0,2,690,0
2018-05-06 02:02:36,89,r/TwoXChromosomes,4,2018-05-06 04:26:31,1,3,354,0
2018-05-06 02:02:36,89,r/TwoXChromosomes,4,2018-05-06 05:46:01,2,1,275,0
2018-05-06 02:02:36,89,r/TwoXChromosomes,4,2018-05-06 05:39:08,2,1,183,0
2018-05-06 02:02:36,89,r/TwoXChromosomes,5,2018-05-06 04:51:27,0,1,128,0
2018-05-06 02:02:36,89,r/TwoXChromosomes,6,2018-05-06 03:00:34,0,2,227,0
2018-05-06 02:02:36,89,r/TwoXChromosomes,6,2018-05-06 04:08:14,1,1,31,0
2018-05-06 02:02:36,89,r/TwoXChromosomes,7,2018-05-06 04:23:17,0,1,218,0
2018-05-06 02:02:36,89,r/TwoXChromosomes,8,2018-05-06 03:45:21,0,1,557,0
2018-05-06 02:02:36,89,r/TwoXChromosomes,9,2018-05-06 02:54:27,0,3,222,0
2018-05-06 02:02:36,89,r/TwoXChromosomes,9,2018-05-06 03:39:56,1,1,166,0
2018-05-06 02:02:36,89,r/TwoXChromosomes,9,2018-05-06 04:25:00,1,1,71,0
2018-05-06 02:02:36,89,r/TwoXChromosomes,10,2018-05-06 02:27:08,0,1,125,0
2018-05-06 02:02:36,89,r/TwoXChromosomes,11,2018-05-06 04:00:17,0,2,99,0
2018-05-06 02:02:36,89,r/TwoXChromosomes,11,2018-05-06 04:26:00,1,1,37,0
2018-05-06 02:02:36,89,r/TwoXChromosomes,12,2018-05-06 02:05:57,0,1,61,0
2018-05-06 02:02:36,89,r/TwoXChromosomes,13,2018-05-06 03:49:48,0,2,71,0
2018-05-06 02:02:36,89,r/TwoXChromosomes,13,2018-05-06 03:56:07,1,2,188,0
2018-05-06 02:02:36,89,r/TwoXChromosomes,13,2018-05-06 04:25:42,2,1,179,0
2018-05-06 02:02:36,89,r/TwoXChromosomes,13,2018-05-06 04:28:08,2,1,128,0
2018-05-06 02:02:36,89,r/TwoXChromosomes,14,2018-05-06 03:18:07,0,4,45,0
2018-05-06 02:02:36,89,r/TwoXChromosomes,14,2018-05-06 04:16:23,1,0,99,0
2018-05-06 02:02:36,89,r/TwoXChromosomes,14,2018-05-06 04:05:13,1,1,10,0
2018-05-06 02:02:36,89,r/TwoXChromosomes,14,2018-05-06 04:14:26,2,1,20,0
2018-05-06 02:02:36,89,r/TwoXChromosomes,14,2018-05-06 03:59:31,1,0,5,0
2018-05-06 02:02:36,89,r/TwoXChromosomes,15,2018-05-06 03:51:49,0,1,62,0
2018-05-06 02:02:36,89,r/TwoXChromosomes,16,2018-05-06 02:37:40,0,1,69,0
2018-05-06 02:02:36,89,r/TwoXChromosomes,17,2018-05-06 04:24:28,0,1,59,0
2018-05-06 02:02:36,89,r/TwoXChromosomes,18,2018-05-06 04:23:37,0,1,36,0
2018-05-06 02:02:36,89,r/TwoXChromosomes,19,2018-05-06 03:36:33,0,1,58,0
2018-05-06 02:02:36,89,r/TwoXChromosomes,20,2018-05-06 02:22:49,0,1,31,0
2018-05-06 02:02:36,89,r/TwoXChromosomes,20,2018-05-06 04:03:10,1,0,23,0
2018-05-06 02:02:36,89,r/TwoXChromosomes,21,2018-05-06 04:01:55,0,0,23,0
2018-05-06 02:02:36,89,r/TwoXChromosomes,22,2018-05-06 03:56:25,0,0,8,0
2018-05-06 02:02:36,89,r/TwoXChromosomes,23,2018-05-06 13:13:06,0,0,1,0
2018-05-06 07:56:35,90,r/tattoos,0,2018-05-06 07:56:36,0,0,1,0
2018-05-06 07:56:35,90,r/tattoos,1,2018-05-06 10:57:59,0,1,34,0
2018-05-06 07:56:35,90,r/tattoos,1,2018-05-06 11:21:31,1,1,12,0
2018-05-06 07:56:35,90,r/tattoos,1,2018-05-06 14:05:34,2,1,-47,0
2018-05-06 07:56:35,90,r/tattoos,1,2018-05-06 14:39:54,3,0,13,0
2018-05-06 07:56:35,90,r/tattoos,2,2018-05-06 12:26:10,0,2,22,0
2018-05-06 07:56:35,90,r/tattoos,2,2018-05-06 13:50:17,1,1,4,0
2018-05-06 07:56:35,90,r/tattoos,2,2018-05-06 14:23:04,2,0,1,0
2018-05-06 07:56:35,90,r/tattoos,2,2018-05-06 14:21:36,1,0,2,0
2018-05-06 07:56:35,90,r/tattoos,3,2018-05-06 13:12:01,0,0,15,0
2018-05-06 07:56:35,90,r/tattoos,4,2018-05-06 11:34:01,0,0,6,0
2018-05-06 07:56:35,90,r/tattoos,5,2018-05-06 11:39:09,0,0,7,0
2018-05-06 07:56:35,90,r/tattoos,6,2018-05-06 13:15:52,0,1,8,0
2018-05-06 07:56:35,90,r/tattoos,6,2018-05-06 13:18:06,1,1,10,0
2018-05-06 07:56:35,90,r/tattoos,6,2018-05-06 14:09:34,2,1,2,0
2018-05-06 07:56:35,90,r/tattoos,6,2018-05-06 14:30:57,3,0,5,0
2018-05-06 07:56:35,90,r/tattoos,7,2018-05-06 12:37:39,0,0,3,0
2018-05-06 07:56:35,90,r/tattoos,8,2018-05-06 14:30:06,0,0,3,0
2018-05-06 07:56:35,90,r/tattoos,9,2018-05-06 12:50:10,0,0,2,0
2018-05-06 07:56:35,90,r/tattoos,10,2018-05-06 13:18:40,0,1,1,0
2018-05-06 07:56:35,90,r/tattoos,10,2018-05-06 13:21:22,1,1,5,0
2018-05-06 07:56:35,90,r/tattoos,10,2018-05-06 14:54:08,2,0,1,0
2018-05-06 07:56:35,90,r/tattoos,11,2018-05-06 15:08:59,0,0,1,0
2018-05-06 07:56:35,90,r/tattoos,12,2018-05-06 14:34:36,0,0,1,0
2018-05-06 07:56:35,90,r/tattoos,13,2018-05-06 14:26:50,0,0,1,0
2018-05-06 07:56:35,90,r/tattoos,14,2018-05-06 14:29:49,0,0,1,0
2018-05-06 07:56:35,90,r/tattoos,15,2018-05-06 14:44:57,0,1,1,0
2018-05-06 07:56:35,90,r/tattoos,15,2018-05-06 14:57:31,1,0,1,0
2018-05-06 07:56:35,90,r/tattoos,16,2018-05-06 12:34:46,0,2,-31,0
2018-05-06 07:56:35,90,r/tattoos,16,2018-05-06 12:57:08,1,0,14,0
2018-05-06 07:56:35,90,r/tattoos,16,2018-05-06 12:48:56,1,1,-28,0
2018-05-06 07:56:35,90,r/tattoos,16,2018-05-06 13:19:30,2,0,-26,0
2018-05-06 07:56:35,90,r/tattoos,17,2018-05-06 14:13:43,0,0,-16,0
2018-05-06 13:01:33,91,r/disneyvacation,0,2018-05-06 13:38:08,0,0,78,0
2018-05-06 13:01:33,91,r/disneyvacation,1,2018-05-06 13:46:44,0,1,36,0
2018-05-06 13:01:33,91,r/disneyvacation,1,2018-05-06 14:35:34,1,1,11,0
2018-05-06 13:01:33,91,r/disneyvacation,1,2018-05-06 14:54:35,2,0,8,0
2018-05-06 13:01:33,91,r/disneyvacation,2,2018-05-06 13:15:08,0,0,16,0
2018-05-06 13:01:33,91,r/disneyvacation,3,2018-05-06 14:42:07,0,0,9,0
2018-05-06 13:01:33,91,r/disneyvacation,4,2018-05-06 13:02:38,0,1,5,0
2018-05-06 13:01:33,91,r/disneyvacation,4,2018-05-06 13:55:29,1,0,2,0
2018-05-06 13:01:33,91,r/disneyvacation,5,2018-05-06 15:00:45,0,1,5,0
2018-05-06 13:01:33,91,r/disneyvacation,5,2018-05-06 15:10:50,1,0,1,0
2018-05-06 13:01:33,91,r/disneyvacation,6,2018-05-06 13:10:07,0,0,1,0
2018-05-06 13:01:33,91,r/disneyvacation,7,2018-05-06 15:06:36,0,0,1,0
2018-05-06 09:35:16,92,r/PewdiepieSubmissions,0,2018-05-06 10:40:14,0,1,86,0
2018-05-06 09:35:16,92,r/PewdiepieSubmissions,0,2018-05-06 10:42:39,1,0,22,0
2018-05-06 09:35:16,92,r/PewdiepieSubmissions,1,2018-05-06 11:05:40,0,1,52,0
2018-05-06 09:35:16,92,r/PewdiepieSubmissions,1,2018-05-06 11:08:16,1,0,23,0
2018-05-06 09:35:16,92,r/PewdiepieSubmissions,2,2018-05-06 10:18:58,0,1,178,0
2018-05-06 09:35:16,92,r/PewdiepieSubmissions,2,2018-05-06 10:19:55,1,0,188,0
2018-05-06 09:35:16,92,r/PewdiepieSubmissions,3,2018-05-06 09:57:44,0,1,14,0
2018-05-06 09:35:16,92,r/PewdiepieSubmissions,3,2018-05-06 09:59:24,1,0,5,0
2018-05-06 09:35:16,92,r/PewdiepieSubmissions,4,2018-05-06 09:41:38,0,1,61,0
2018-05-06 09:35:16,92,r/PewdiepieSubmissions,4,2018-05-06 13:07:21,1,0,3,0
2018-05-06 09:35:16,92,r/PewdiepieSubmissions,5,2018-05-06 10:55:33,0,1,6,0
2018-05-06 09:35:16,92,r/PewdiepieSubmissions,5,2018-05-06 10:58:54,1,0,7,0
2018-05-06 09:35:16,92,r/PewdiepieSubmissions,6,2018-05-06 11:04:53,0,1,6,0
2018-05-06 09:35:16,92,r/PewdiepieSubmissions,6,2018-05-06 11:10:03,1,1,12,0
2018-05-06 09:35:16,92,r/PewdiepieSubmissions,6,2018-05-06 11:10:11,2,1,5,0
2018-05-06 09:35:16,92,r/PewdiepieSubmissions,6,2018-05-06 11:27:49,3,1,8,0
2018-05-06 09:35:16,92,r/PewdiepieSubmissions,6,2018-05-06 13:05:01,4,1,5,0
2018-05-06 09:35:16,92,r/PewdiepieSubmissions,6,2018-05-06 13:12:37,5,0,1,0
2018-05-06 09:35:16,92,r/PewdiepieSubmissions,7,2018-05-06 11:00:35,0,0,8,0
2018-05-06 09:35:16,92,r/PewdiepieSubmissions,8,2018-05-06 10:12:02,0,1,3,0
2018-05-06 09:35:16,92,r/PewdiepieSubmissions,8,2018-05-06 10:14:54,1,1,10,0
2018-05-06 09:35:16,92,r/PewdiepieSubmissions,8,2018-05-06 10:30:03,2,1,3,0
2018-05-06 09:35:16,92,r/PewdiepieSubmissions,8,2018-05-06 10:36:35,3,1,5,0
2018-05-06 09:35:16,92,r/PewdiepieSubmissions,8,2018-05-06 10:54:41,4,0,3,0
2018-05-06 09:35:16,92,r/PewdiepieSubmissions,9,2018-05-06 11:08:47,0,0,3,0
2018-05-06 09:35:16,92,r/PewdiepieSubmissions,10,2018-05-06 12:06:16,0,0,3,0
2018-05-06 09:35:16,92,r/PewdiepieSubmissions,11,2018-05-06 13:00:44,0,0,3,0
2018-05-06 09:35:16,92,r/PewdiepieSubmissions,12,2018-05-06 14:42:15,0,0,2,0
2018-05-06 09:35:16,92,r/PewdiepieSubmissions,13,2018-05-06 10:55:31,0,1,6,0
2018-05-06 09:35:16,92,r/PewdiepieSubmissions,13,2018-05-06 10:58:08,1,1,5,0
2018-05-06 09:35:16,92,r/PewdiepieSubmissions,13,2018-05-06 11:00:38,2,0,1,0
2018-05-06 09:35:16,92,r/PewdiepieSubmissions,14,2018-05-06 11:07:07,0,1,2,0
2018-05-06 09:35:16,92,r/PewdiepieSubmissions,14,2018-05-06 11:12:18,1,0,4,0
2018-05-06 09:35:16,92,r/PewdiepieSubmissions,15,2018-05-06 10:24:10,0,1,2,0
2018-05-06 09:35:16,92,r/PewdiepieSubmissions,15,2018-05-06 10:29:45,1,0,3,0
2018-05-06 09:35:16,92,r/PewdiepieSubmissions,16,2018-05-06 11:30:39,0,0,1,0
2018-05-06 09:35:16,92,r/PewdiepieSubmissions,17,2018-05-06 11:31:57,0,0,1,0
2018-05-06 09:35:16,92,r/PewdiepieSubmissions,18,2018-05-06 12:13:02,0,0,1,0
2018-05-06 09:35:16,92,r/PewdiepieSubmissions,19,2018-05-06 12:21:32,0,0,1,0
2018-05-06 09:35:16,92,r/PewdiepieSubmissions,20,2018-05-06 12:35:24,0,0,1,0
2018-05-06 09:35:16,92,r/PewdiepieSubmissions,21,2018-05-06 12:39:27,0,0,1,0
2018-05-06 09:35:16,92,r/PewdiepieSubmissions,22,2018-05-06 12:41:58,0,0,1,0
2018-05-06 09:35:16,92,r/PewdiepieSubmissions,23,2018-05-06 12:56:00,0,0,1,0
2018-05-06 09:35:16,92,r/PewdiepieSubmissions,24,2018-05-06 13:02:24,0,0,1,0
2018-05-06 09:35:16,92,r/PewdiepieSubmissions,25,2018-05-06 13:10:12,0,0,1,0
2018-05-06 09:35:16,92,r/PewdiepieSubmissions,26,2018-05-06 13:11:50,0,0,1,0
2018-05-06 09:35:16,92,r/PewdiepieSubmissions,27,2018-05-06 13:13:17,0,0,1,0
2018-05-06 09:35:16,92,r/PewdiepieSubmissions,28,2018-05-06 13:21:45,0,0,1,0
2018-05-06 09:35:16,92,r/PewdiepieSubmissions,29,2018-05-06 13:35:42,0,0,1,0
2018-05-06 09:35:16,92,r/PewdiepieSubmissions,30,2018-05-06 13:38:44,0,0,1,0
2018-05-06 09:35:16,92,r/PewdiepieSubmissions,31,2018-05-06 13:44:05,0,0,1,0
2018-05-06 09:35:16,92,r/PewdiepieSubmissions,32,2018-05-06 13:56:07,0,0,1,0
2018-05-06 09:35:16,92,r/PewdiepieSubmissions,33,2018-05-06 13:59:17,0,0,1,0
2018-05-06 09:35:16,92,r/PewdiepieSubmissions,34,2018-05-06 14:00:23,0,0,1,0
2018-05-06 09:35:16,92,r/PewdiepieSubmissions,35,2018-05-06 14:03:03,0,0,1,0
2018-05-06 09:35:16,92,r/PewdiepieSubmissions,36,2018-05-06 14:24:38,0,0,1,0
2018-05-06 09:35:16,92,r/PewdiepieSubmissions,37,2018-05-06 14:40:27,0,0,1,0
2018-05-06 09:35:16,92,r/PewdiepieSubmissions,38,2018-05-06 14:43:25,0,0,1,0
2018-05-06 09:35:16,92,r/PewdiepieSubmissions,39,2018-05-06 14:44:28,0,1,1,0
2018-05-06 09:35:16,92,r/PewdiepieSubmissions,39,2018-05-06 14:44:43,1,0,1,0
2018-05-06 09:35:16,92,r/PewdiepieSubmissions,40,2018-05-06 14:49:05,0,0,1,0
2018-05-06 09:35:16,92,r/PewdiepieSubmissions,41,2018-05-06 14:53:03,0,0,1,0
2018-05-06 09:35:16,92,r/PewdiepieSubmissions,42,2018-05-06 14:57:55,0,0,1,0
2018-05-06 09:35:16,92,r/PewdiepieSubmissions,43,2018-05-06 14:59:08,0,0,1,0
2018-05-06 09:35:16,92,r/PewdiepieSubmissions,44,2018-05-06 15:01:12,0,0,1,0
2018-05-06 09:35:16,92,r/PewdiepieSubmissions,45,2018-05-06 11:45:31,0,0,1,0
2018-05-06 09:35:16,92,r/PewdiepieSubmissions,46,2018-05-06 13:32:58,0,0,1,0
2018-05-06 09:35:16,92,r/PewdiepieSubmissions,47,2018-05-06 12:26:21,0,0,0,0
2018-05-06 09:35:16,92,r/PewdiepieSubmissions,48,2018-05-06 11:51:26,0,0,0,0
2018-05-06 09:35:16,92,r/PewdiepieSubmissions,49,2018-05-06 12:19:22,0,0,0,0
2018-05-06 09:35:16,92,r/PewdiepieSubmissions,50,2018-05-06 12:27:07,0,0,0,0
2018-05-06 09:35:16,92,r/PewdiepieSubmissions,51,2018-05-06 09:42:11,0,2,-13,0
2018-05-06 09:35:16,92,r/PewdiepieSubmissions,51,2018-05-06 10:21:01,1,0,6,0
2018-05-06 09:35:16,92,r/PewdiepieSubmissions,51,2018-05-06 11:59:05,1,1,1,0
2018-05-06 09:35:16,92,r/PewdiepieSubmissions,51,2018-05-06 15:02:12,2,0,1,0
2018-05-06 09:35:16,92,r/PewdiepieSubmissions,52,2018-05-06 10:21:28,0,1,-2,0
2018-05-06 09:35:16,92,r/PewdiepieSubmissions,52,2018-05-06 10:31:10,1,0,0,0
2018-05-06 09:35:16,92,r/PewdiepieSubmissions,53,2018-05-06 09:42:25,0,1,-11,0
2018-05-06 09:35:16,92,r/PewdiepieSubmissions,53,2018-05-06 09:50:12,1,0,5,0
2018-05-06 02:20:45,93,r/holdmybeer,0,2018-05-06 04:03:56,0,9,1376,0
2018-05-06 02:20:45,93,r/holdmybeer,0,2018-05-06 08:01:17,1,1,225,0
2018-05-06 02:20:45,93,r/holdmybeer,0,2018-05-06 12:42:32,2,1,89,0
2018-05-06 02:20:45,93,r/holdmybeer,0,2018-05-06 13:21:30,3,0,44,0
2018-05-06 02:20:45,93,r/holdmybeer,0,2018-05-06 07:06:36,1,1,506,0
2018-05-06 02:20:45,93,r/holdmybeer,0,2018-05-06 14:28:31,2,0,10,0
2018-05-06 02:20:45,93,r/holdmybeer,0,2018-05-06 06:48:45,1,0,30,0
2018-05-06 02:20:45,93,r/holdmybeer,0,2018-05-06 08:55:11,1,0,26,0
2018-05-06 02:20:45,93,r/holdmybeer,0,2018-05-06 13:44:27,1,0,4,0
2018-05-06 02:20:45,93,r/holdmybeer,0,2018-05-06 10:44:23,1,0,6,0
2018-05-06 02:20:45,93,r/holdmybeer,0,2018-05-06 11:35:52,1,0,7,0
2018-05-06 02:20:45,93,r/holdmybeer,0,2018-05-06 11:36:17,1,4,5,0
2018-05-06 02:20:45,93,r/holdmybeer,0,2018-05-06 12:27:35,2,0,62,0
2018-05-06 02:20:45,93,r/holdmybeer,0,2018-05-06 12:49:09,2,2,24,0
2018-05-06 02:20:45,93,r/holdmybeer,0,2018-05-06 13:22:23,3,2,23,0
2018-05-06 02:20:45,93,r/holdmybeer,0,2018-05-06 13:53:28,4,0,4,0
2018-05-06 02:20:45,93,r/holdmybeer,0,2018-05-06 14:35:27,4,0,1,0
2018-05-06 02:20:45,93,r/holdmybeer,0,2018-05-06 13:16:36,3,0,1,0
2018-05-06 02:20:45,93,r/holdmybeer,0,2018-05-06 12:32:18,2,0,6,0
2018-05-06 02:20:45,93,r/holdmybeer,0,2018-05-06 14:32:12,2,0,2,0
2018-05-06 02:20:45,93,r/holdmybeer,0,2018-05-06 14:36:51,1,0,1,0
2018-05-06 02:20:45,93,r/holdmybeer,1,2018-05-06 02:43:20,0,5,1798,0
2018-05-06 02:20:45,93,r/holdmybeer,1,2018-05-06 08:50:02,1,4,289,0
2018-05-06 02:20:45,93,r/holdmybeer,1,2018-05-06 09:27:34,2,3,161,0
2018-05-06 02:20:45,93,r/holdmybeer,1,2018-05-06 09:52:08,3,0,62,0
2018-05-06 02:20:45,93,r/holdmybeer,1,2018-05-06 11:32:11,3,0,15,0
2018-05-06 02:20:45,93,r/holdmybeer,1,2018-05-06 15:04:52,3,0,1,0
2018-05-06 02:20:45,93,r/holdmybeer,1,2018-05-06 11:18:38,2,0,5,0
2018-05-06 02:20:45,93,r/holdmybeer,1,2018-05-06 12:12:29,2,0,5,0
2018-05-06 02:20:45,93,r/holdmybeer,1,2018-05-06 11:55:24,2,2,10,0
2018-05-06 02:20:45,93,r/holdmybeer,1,2018-05-06 12:51:56,3,0,3,0
2018-05-06 02:20:45,93,r/holdmybeer,1,2018-05-06 13:35:15,3,0,2,0
2018-05-06 02:20:45,93,r/holdmybeer,1,2018-05-06 11:37:55,1,0,8,0
2018-05-06 02:20:45,93,r/holdmybeer,1,2018-05-06 11:37:18,1,0,5,0
2018-05-06 02:20:45,93,r/holdmybeer,1,2018-05-06 12:38:52,1,0,3,0
2018-05-06 02:20:45,93,r/holdmybeer,1,2018-05-06 09:13:50,1,3,-106,0
2018-05-06 02:20:45,93,r/holdmybeer,1,2018-05-06 10:13:12,2,0,72,0
2018-05-06 02:20:45,93,r/holdmybeer,1,2018-05-06 09:50:11,2,0,29,0
2018-05-06 02:20:45,93,r/holdmybeer,1,2018-05-06 11:47:23,2,1,2,0
2018-05-06 02:20:45,93,r/holdmybeer,1,2018-05-06 11:49:15,3,0,1,0
2018-05-06 02:20:45,93,r/holdmybeer,2,2018-05-06 06:54:47,0,3,115,0
2018-05-06 02:20:45,93,r/holdmybeer,2,2018-05-06 09:25:07,1,2,147,0
2018-05-06 02:20:45,93,r/holdmybeer,2,2018-05-06 10:32:05,2,2,26,0
2018-05-06 02:20:45,93,r/holdmybeer,2,2018-05-06 11:24:51,3,1,30,0
2018-05-06 02:20:45,93,r/holdmybeer,2,2018-05-06 11:31:52,4,0,15,0
2018-05-06 02:20:45,93,r/holdmybeer,2,2018-05-06 11:08:34,3,0,5,0
2018-05-06 02:20:45,93,r/holdmybeer,2,2018-05-06 10:44:45,2,0,5,0
2018-05-06 02:20:45,93,r/holdmybeer,2,2018-05-06 07:56:47,1,1,14,0
2018-05-06 02:20:45,93,r/holdmybeer,2,2018-05-06 08:12:36,2,1,14,0
2018-05-06 02:20:45,93,r/holdmybeer,2,2018-05-06 09:58:54,3,0,2,0
2018-05-06 02:20:45,93,r/holdmybeer,2,2018-05-06 11:56:59,1,1,3,0
2018-05-06 02:20:45,93,r/holdmybeer,2,2018-05-06 12:47:17,2,0,1,0
2018-05-06 02:20:45,93,r/holdmybeer,3,2018-05-06 02:22:51,0,1,91,0
2018-05-06 02:20:45,93,r/holdmybeer,3,2018-05-06 06:51:04,1,1,20,0
2018-05-06 02:20:45,93,r/holdmybeer,3,2018-05-06 12:05:36,2,1,11,0
2018-05-06 02:20:45,93,r/holdmybeer,3,2018-05-06 12:41:02,3,0,1,0
2018-05-06 02:20:45,93,r/holdmybeer,4,2018-05-06 02:45:24,0,6,305,0
2018-05-06 02:20:45,93,r/holdmybeer,4,2018-05-06 08:01:48,1,2,213,0
2018-05-06 02:20:45,93,r/holdmybeer,4,2018-05-06 08:32:17,2,0,31,0
2018-05-06 02:20:45,93,r/holdmybeer,4,2018-05-06 12:17:49,2,0,-6,0
2018-05-06 02:20:45,93,r/holdmybeer,4,2018-05-06 10:19:05,1,1,29,0
2018-05-06 02:20:45,93,r/holdmybeer,4,2018-05-06 10:36:55,2,1,37,0
2018-05-06 02:20:45,93,r/holdmybeer,4,2018-05-06 13:38:31,3,0,-1,0
2018-05-06 02:20:45,93,r/holdmybeer,4,2018-05-06 12:45:39,1,0,3,0
2018-05-06 02:20:45,93,r/holdmybeer,4,2018-05-06 12:34:52,1,0,2,0
2018-05-06 02:20:45,93,r/holdmybeer,4,2018-05-06 13:49:28,1,0,1,0
2018-05-06 02:20:45,93,r/holdmybeer,4,2018-05-06 12:51:49,1,0,1,0
2018-05-06 02:20:45,93,r/holdmybeer,5,2018-05-06 06:15:45,0,1,233,0
2018-05-06 02:20:45,93,r/holdmybeer,5,2018-05-06 07:10:50,1,3,77,0
2018-05-06 02:20:45,93,r/holdmybeer,5,2018-05-06 07:19:53,2,2,42,0
2018-05-06 02:20:45,93,r/holdmybeer,5,2018-05-06 07:29:04,3,1,59,0
2018-05-06 02:20:45,93,r/holdmybeer,5,2018-05-06 07:42:43,4,0,25,0
2018-05-06 02:20:45,93,r/holdmybeer,5,2018-05-06 07:28:48,3,0,3,0
2018-05-06 02:20:45,93,r/holdmybeer,5,2018-05-06 14:29:23,2,0,2,0
2018-05-06 02:20:45,93,r/holdmybeer,5,2018-05-06 09:29:55,2,0,-14,0
2018-05-06 02:20:45,93,r/holdmybeer,6,2018-05-06 04:35:47,0,3,141,0
2018-05-06 02:20:45,93,r/holdmybeer,6,2018-05-06 06:32:46,1,1,63,0
2018-05-06 02:20:45,93,r/holdmybeer,6,2018-05-06 11:35:54,2,0,0,0
2018-05-06 02:20:45,93,r/holdmybeer,6,2018-05-06 06:59:01,1,0,20,0
2018-05-06 02:20:45,93,r/holdmybeer,6,2018-05-06 11:12:14,1,0,6,0
2018-05-06 02:20:45,93,r/holdmybeer,7,2018-05-06 05:49:06,0,1,41,0
2018-05-06 02:20:45,93,r/holdmybeer,7,2018-05-06 09:28:52,1,0,46,0
2018-05-06 02:20:45,93,r/holdmybeer,8,2018-05-06 06:21:34,0,1,11,0
2018-05-06 02:20:45,93,r/holdmybeer,8,2018-05-06 08:01:21,1,0,3,0
2018-05-06 02:20:45,93,r/holdmybeer,9,2018-05-06 05:52:59,0,1,15,0
2018-05-06 02:20:45,93,r/holdmybeer,9,2018-05-06 13:18:29,1,0,3,0
2018-05-06 02:20:45,93,r/holdmybeer,10,2018-05-06 07:36:27,0,0,7,0
2018-05-06 02:20:45,93,r/holdmybeer,11,2018-05-06 11:05:31,0,1,3,0
2018-05-06 02:20:45,93,r/holdmybeer,11,2018-05-06 11:13:22,1,0,3,0
2018-05-06 02:20:45,93,r/holdmybeer,12,2018-05-06 06:13:39,0,0,14,0
2018-05-06 02:20:45,93,r/holdmybeer,13,2018-05-06 10:39:37,0,1,3,0
2018-05-06 02:20:45,93,r/holdmybeer,13,2018-05-06 11:59:18,1,0,3,0
2018-05-06 02:20:45,93,r/holdmybeer,14,2018-05-06 06:30:49,0,0,2,0
2018-05-06 02:20:45,93,r/holdmybeer,15,2018-05-06 06:55:42,0,0,2,0
2018-05-06 02:20:45,93,r/holdmybeer,16,2018-05-06 08:18:48,0,0,2,0
2018-05-06 02:20:45,93,r/holdmybeer,17,2018-05-06 09:17:46,0,0,2,0
2018-05-06 02:20:45,93,r/holdmybeer,18,2018-05-06 09:54:59,0,0,2,0
2018-05-06 02:20:45,93,r/holdmybeer,19,2018-05-06 10:44:48,0,0,2,0
2018-05-06 02:20:45,93,r/holdmybeer,20,2018-05-06 10:47:56,0,1,2,0
2018-05-06 02:20:45,93,r/holdmybeer,20,2018-05-06 11:50:13,1,0,2,0
2018-05-06 02:20:45,93,r/holdmybeer,21,2018-05-06 11:06:24,0,0,2,0
2018-05-06 02:20:45,93,r/holdmybeer,22,2018-05-06 11:28:28,0,0,2,0
2018-05-06 02:20:45,93,r/holdmybeer,23,2018-05-06 11:57:55,0,0,2,0
2018-05-06 02:20:45,93,r/holdmybeer,24,2018-05-06 13:49:53,0,0,2,0
2018-05-06 02:20:45,93,r/holdmybeer,25,2018-05-06 08:49:06,0,0,3,0
2018-05-06 02:20:45,93,r/holdmybeer,26,2018-05-06 08:20:52,0,0,1,0
2018-05-06 02:20:45,93,r/holdmybeer,27,2018-05-06 10:52:11,0,0,1,0
2018-05-06 02:20:45,93,r/holdmybeer,28,2018-05-06 11:06:09,0,0,1,0
2018-05-06 02:20:45,93,r/holdmybeer,29,2018-05-06 11:11:06,0,0,1,0
2018-05-06 02:20:45,93,r/holdmybeer,30,2018-05-06 11:29:54,0,0,1,0
2018-05-06 02:20:45,93,r/holdmybeer,31,2018-05-06 11:45:44,0,0,1,0
2018-05-06 02:20:45,93,r/holdmybeer,32,2018-05-06 12:12:27,0,0,1,0
2018-05-06 02:20:45,93,r/holdmybeer,33,2018-05-06 12:27:28,0,0,1,0
2018-05-06 02:20:45,93,r/holdmybeer,34,2018-05-06 12:32:50,0,0,1,0
2018-05-06 02:20:45,93,r/holdmybeer,35,2018-05-06 12:34:43,0,0,1,0
2018-05-06 02:20:45,93,r/holdmybeer,36,2018-05-06 12:58:23,0,0,1,0
2018-05-06 02:20:45,93,r/holdmybeer,37,2018-05-06 12:59:09,0,0,1,0
2018-05-06 02:20:45,93,r/holdmybeer,38,2018-05-06 13:13:19,0,0,1,0
2018-05-06 02:20:45,93,r/holdmybeer,39,2018-05-06 13:13:35,0,0,1,0
2018-05-06 02:20:45,93,r/holdmybeer,40,2018-05-06 13:20:51,0,0,1,0
2018-05-06 02:20:45,93,r/holdmybeer,41,2018-05-06 13:31:20,0,0,1,0
2018-05-06 02:20:45,93,r/holdmybeer,42,2018-05-06 13:51:40,0,0,1,0
2018-05-06 02:20:45,93,r/holdmybeer,43,2018-05-06 13:52:39,0,0,1,0
2018-05-06 02:20:45,93,r/holdmybeer,44,2018-05-06 14:06:17,0,0,1,0
2018-05-06 02:20:45,93,r/holdmybeer,45,2018-05-06 14:06:34,0,0,1,0
2018-05-06 02:20:45,93,r/holdmybeer,46,2018-05-06 14:15:00,0,0,1,0
2018-05-06 02:20:45,93,r/holdmybeer,47,2018-05-06 14:25:49,0,0,1,0
2018-05-06 02:20:45,93,r/holdmybeer,48,2018-05-06 14:27:21,0,0,1,0
2018-05-06 02:20:45,93,r/holdmybeer,49,2018-05-06 14:33:31,0,0,1,0
2018-05-06 02:20:45,93,r/holdmybeer,50,2018-05-06 14:33:57,0,0,1,0
2018-05-06 02:20:45,93,r/holdmybeer,51,2018-05-06 14:35:34,0,0,1,0
2018-05-06 02:20:45,93,r/holdmybeer,52,2018-05-06 15:00:00,0,0,1,0
2018-05-06 02:20:45,93,r/holdmybeer,53,2018-05-06 03:38:40,0,0,0,0
2018-05-06 02:20:45,93,r/holdmybeer,54,2018-05-06 11:24:14,0,0,1,0
2018-05-06 02:20:45,93,r/holdmybeer,55,2018-05-06 09:11:55,0,0,0,0
2018-05-06 02:20:45,93,r/holdmybeer,56,2018-05-06 10:40:37,0,0,-1,0
2018-05-06 02:20:45,93,r/holdmybeer,57,2018-05-06 08:53:55,0,0,-1,0
2018-05-06 02:20:45,93,r/holdmybeer,58,2018-05-06 10:05:32,0,0,-1,0
2018-05-06 02:20:45,93,r/holdmybeer,59,2018-05-06 10:50:18,0,0,-1,0
2018-05-06 02:20:45,93,r/holdmybeer,60,2018-05-06 09:44:19,0,2,-16,0
2018-05-06 02:20:45,93,r/holdmybeer,60,2018-05-06 10:05:12,1,1,5,0
2018-05-06 02:20:45,93,r/holdmybeer,60,2018-05-06 13:39:00,2,0,1,0
2018-05-06 02:20:45,93,r/holdmybeer,60,2018-05-06 14:15:06,1,0,1,0
2018-05-06 02:20:45,93,r/holdmybeer,61,2018-05-06 10:22:10,0,0,-4,0
2018-05-06 02:20:45,93,r/holdmybeer,62,2018-05-06 08:04:31,0,0,-6,0
2018-05-06 02:20:45,93,r/holdmybeer,63,2018-05-06 08:03:10,0,0,-7,0
2018-05-06 10:32:06,94,r/puns,0,2018-05-06 11:59:20,0,3,114,0
2018-05-06 10:32:06,94,r/puns,0,2018-05-06 12:15:52,1,1,20,0
2018-05-06 10:32:06,94,r/puns,0,2018-05-06 12:17:25,2,1,16,0
2018-05-06 10:32:06,94,r/puns,0,2018-05-06 12:28:06,3,1,11,0
2018-05-06 10:32:06,94,r/puns,0,2018-05-06 12:33:33,4,1,5,0
2018-05-06 10:32:06,94,r/puns,0,2018-05-06 13:07:19,5,1,0,0
2018-05-06 10:32:06,94,r/puns,0,2018-05-06 14:33:59,6,0,1,0
2018-05-06 10:32:06,94,r/puns,0,2018-05-06 14:30:11,1,0,1,0
2018-05-06 10:32:06,94,r/puns,0,2018-05-06 14:28:08,1,1,1,0
2018-05-06 10:32:06,94,r/puns,0,2018-05-06 15:10:36,2,0,1,0
2018-05-06 10:32:06,94,r/puns,1,2018-05-06 12:37:10,0,1,24,0
2018-05-06 10:32:06,94,r/puns,1,2018-05-06 14:22:03,1,0,1,0
2018-05-06 10:32:06,94,r/puns,2,2018-05-06 12:32:41,0,1,12,0
2018-05-06 10:32:06,94,r/puns,2,2018-05-06 12:34:01,1,0,6,0
2018-05-06 10:32:06,94,r/puns,3,2018-05-06 13:29:31,0,0,5,0
2018-05-06 10:32:06,94,r/puns,4,2018-05-06 14:21:17,0,0,1,0
2018-05-06 10:32:06,94,r/puns,5,2018-05-06 14:33:55,0,1,1,0
2018-05-06 10:32:06,94,r/puns,5,2018-05-06 15:00:50,1,1,1,0
2018-05-06 10:32:06,94,r/puns,5,2018-05-06 15:03:14,2,0,1,0
2018-05-06 10:32:06,94,r/puns,6,2018-05-06 15:10:42,0,0,1,0
2018-05-06 08:06:21,95,r/nasa,0,2018-05-06 09:35:11,0,2,79,0
2018-05-06 08:06:21,95,r/nasa,0,2018-05-06 10:38:48,1,0,21,0
2018-05-06 08:06:21,95,r/nasa,0,2018-05-06 13:21:06,1,1,8,0
2018-05-06 08:06:21,95,r/nasa,0,2018-05-06 14:53:23,2,0,2,0
2018-05-06 08:06:21,95,r/nasa,1,2018-05-06 12:47:24,0,0,20,0
2018-05-06 08:06:21,95,r/nasa,2,2018-05-06 10:10:08,0,1,20,0
2018-05-06 08:06:21,95,r/nasa,2,2018-05-06 10:39:50,1,1,15,0
2018-05-06 08:06:21,95,r/nasa,2,2018-05-06 11:03:06,2,2,15,0
2018-05-06 08:06:21,95,r/nasa,2,2018-05-06 13:23:08,3,1,3,0
2018-05-06 08:06:21,95,r/nasa,2,2018-05-06 13:38:52,4,0,5,0
2018-05-06 08:06:21,95,r/nasa,2,2018-05-06 14:37:15,3,0,3,0
2018-05-06 08:06:21,95,r/nasa,3,2018-05-06 12:32:50,0,0,5,0
2018-05-06 08:06:21,95,r/nasa,4,2018-05-06 12:07:12,0,0,6,0
2018-05-06 08:06:21,95,r/nasa,5,2018-05-06 13:40:43,0,0,2,0
2018-05-06 08:06:21,95,r/nasa,6,2018-05-06 14:54:24,0,0,-1,0
2018-05-06 08:06:21,95,r/nasa,7,2018-05-06 12:56:38,0,0,-13,0
2018-05-06 13:53:51,96,r/INEEEEDIT,0,2018-05-06 13:56:37,0,3,152,0
2018-05-06 13:53:51,96,r/INEEEEDIT,0,2018-05-06 14:09:31,1,1,53,0
2018-05-06 13:53:51,96,r/INEEEEDIT,0,2018-05-06 14:17:25,2,0,15,0
2018-05-06 13:53:51,96,r/INEEEEDIT,0,2018-05-06 14:53:32,1,1,3,0
2018-05-06 13:53:51,96,r/INEEEEDIT,0,2018-05-06 15:09:42,2,0,1,0
2018-05-06 13:53:51,96,r/INEEEEDIT,0,2018-05-06 14:48:54,1,1,-8,0
2018-05-06 13:53:51,96,r/INEEEEDIT,0,2018-05-06 15:04:50,2,0,1,0
2018-05-06 13:53:51,96,r/INEEEEDIT,1,2018-05-06 14:08:41,0,1,28,0
2018-05-06 13:53:51,96,r/INEEEEDIT,1,2018-05-06 14:12:22,1,2,21,0
2018-05-06 13:53:51,96,r/INEEEEDIT,1,2018-05-06 14:31:48,2,0,14,0
2018-05-06 13:53:51,96,r/INEEEEDIT,1,2018-05-06 15:03:33,2,0,2,0
2018-05-06 13:53:51,96,r/INEEEEDIT,2,2018-05-06 14:22:58,0,1,8,0
2018-05-06 13:53:51,96,r/INEEEEDIT,2,2018-05-06 14:52:46,1,0,3,0
2018-05-06 13:53:51,96,r/INEEEEDIT,3,2018-05-06 13:54:52,0,0,6,0
2018-05-06 13:53:51,96,r/INEEEEDIT,4,2018-05-06 14:50:30,0,0,3,0
2018-05-06 13:53:51,96,r/INEEEEDIT,5,2018-05-06 14:18:54,0,0,4,0
2018-05-06 13:53:51,96,r/INEEEEDIT,6,2018-05-06 15:03:34,0,0,1,0
2018-05-06 13:53:51,96,r/INEEEEDIT,7,2018-05-06 14:45:31,0,0,0,0
2018-05-06 13:53:51,96,r/INEEEEDIT,8,2018-05-06 14:11:50,0,4,-69,0
2018-05-06 13:53:51,96,r/INEEEEDIT,8,2018-05-06 14:16:55,1,1,34,0
2018-05-06 13:53:51,96,r/INEEEEDIT,8,2018-05-06 14:35:21,2,0,-9,0
2018-05-06 13:53:51,96,r/INEEEEDIT,8,2018-05-06 14:46:30,1,0,2,0
2018-05-06 13:53:51,96,r/INEEEEDIT,8,2018-05-06 15:03:57,1,0,1,0
2018-05-06 13:53:51,96,r/INEEEEDIT,8,2018-05-06 14:25:05,1,0,0,0
2018-05-06 12:56:25,97,r/GamePhysics,0,2018-05-06 14:12:40,0,1,59,0
2018-05-06 12:56:25,97,r/GamePhysics,0,2018-05-06 15:08:32,1,1,1,0
2018-05-06 12:56:25,97,r/GamePhysics,0,2018-05-06 15:10:48,2,0,2,0
2018-05-06 12:56:25,97,r/GamePhysics,1,2018-05-06 14:06:21,0,1,36,0
2018-05-06 12:56:25,97,r/GamePhysics,1,2018-05-06 14:57:57,1,0,7,0
2018-05-06 12:56:25,97,r/GamePhysics,2,2018-05-06 14:16:58,0,0,19,0
2018-05-06 12:56:25,97,r/GamePhysics,3,2018-05-06 14:16:41,0,0,6,0
2018-05-06 12:56:25,97,r/GamePhysics,4,2018-05-06 14:25:58,0,0,5,0
2018-05-06 12:56:25,97,r/GamePhysics,5,2018-05-06 13:35:42,0,0,9,0
2018-05-06 12:56:25,97,r/GamePhysics,6,2018-05-06 14:14:17,0,0,2,0
2018-05-06 12:56:25,97,r/GamePhysics,7,2018-05-06 15:00:05,0,0,2,0
2018-05-06 12:56:25,97,r/GamePhysics,8,2018-05-06 14:38:09,0,0,1,0
2018-05-06 12:56:25,97,r/GamePhysics,9,2018-05-06 14:47:29,0,0,1,0
2018-05-06 12:56:25,97,r/GamePhysics,10,2018-05-06 14:56:10,0,0,1,0
2018-05-06 12:56:25,97,r/GamePhysics,11,2018-05-06 15:03:08,0,0,1,0
2018-05-06 05:47:07,98,r/bestof,0,2018-05-06 12:27:27,0,3,390,0
2018-05-06 05:47:07,98,r/bestof,0,2018-05-06 14:10:51,1,2,69,0
2018-05-06 05:47:07,98,r/bestof,0,2018-05-06 14:49:01,2,0,15,0
2018-05-06 05:47:07,98,r/bestof,0,2018-05-06 14:57:43,2,0,9,0
2018-05-06 05:47:07,98,r/bestof,0,2018-05-06 13:34:38,1,2,49,0
2018-05-06 05:47:07,98,r/bestof,0,2018-05-06 14:31:04,2,0,7,0
2018-05-06 05:47:07,98,r/bestof,0,2018-05-06 13:45:04,2,2,23,0
2018-05-06 05:47:07,98,r/bestof,0,2018-05-06 13:54:50,3,0,26,0
2018-05-06 05:47:07,98,r/bestof,0,2018-05-06 13:56:47,3,2,10,0
2018-05-06 05:47:07,98,r/bestof,0,2018-05-06 14:20:39,4,1,8,0
2018-05-06 05:47:07,98,r/bestof,0,2018-05-06 15:05:36,5,0,2,0
2018-05-06 05:47:07,98,r/bestof,0,2018-05-06 14:45:39,4,0,3,0
2018-05-06 05:47:07,98,r/bestof,0,2018-05-06 14:04:41,1,0,2,0
2018-05-06 05:47:07,98,r/bestof,1,2018-05-06 12:46:35,0,4,96,0
2018-05-06 05:47:07,98,r/bestof,1,2018-05-06 13:32:26,1,0,60,0
2018-05-06 05:47:07,98,r/bestof,1,2018-05-06 14:09:30,1,0,16,0
2018-05-06 05:47:07,98,r/bestof,1,2018-05-06 14:20:52,1,0,13,0
2018-05-06 05:47:07,98,r/bestof,1,2018-05-06 15:04:33,1,0,2,0
2018-05-06 05:47:07,98,r/bestof,2,2018-05-06 10:06:49,0,3,493,0
2018-05-06 05:47:07,98,r/bestof,2,2018-05-06 13:16:17,1,1,69,0
2018-05-06 05:47:07,98,r/bestof,2,2018-05-06 13:27:44,2,3,21,0
2018-05-06 05:47:07,98,r/bestof,2,2018-05-06 13:31:18,3,0,6,0
2018-05-06 05:47:07,98,r/bestof,2,2018-05-06 13:39:18,3,1,2,0
2018-05-06 05:47:07,98,r/bestof,2,2018-05-06 14:22:39,4,0,3,0
2018-05-06 05:47:07,98,r/bestof,2,2018-05-06 13:58:57,3,0,1,0
2018-05-06 05:47:07,98,r/bestof,2,2018-05-06 13:31:26,1,0,8,0
2018-05-06 05:47:07,98,r/bestof,2,2018-05-06 14:13:06,1,0,1,0
2018-05-06 05:47:07,98,r/bestof,3,2018-05-06 06:30:15,0,5,140,0
2018-05-06 05:47:07,98,r/bestof,3,2018-05-06 08:56:07,1,2,121,0
2018-05-06 05:47:07,98,r/bestof,3,2018-05-06 09:50:14,2,2,33,0
2018-05-06 05:47:07,98,r/bestof,3,2018-05-06 10:46:47,3,1,16,0
2018-05-06 05:47:07,98,r/bestof,3,2018-05-06 11:03:21,4,3,18,0
2018-05-06 05:47:07,98,r/bestof,3,2018-05-06 11:08:31,5,0,15,0
2018-05-06 05:47:07,98,r/bestof,3,2018-05-06 12:20:31,5,0,5,0
2018-05-06 05:47:07,98,r/bestof,3,2018-05-06 13:15:56,5,0,0,0
2018-05-06 05:47:07,98,r/bestof,3,2018-05-06 10:46:19,3,1,5,0
2018-05-06 05:47:07,98,r/bestof,3,2018-05-06 11:25:08,4,1,2,0
2018-05-06 05:47:07,98,r/bestof,3,2018-05-06 11:33:38,5,1,4,0
2018-05-06 05:47:07,98,r/bestof,3,2018-05-06 11:38:19,6,0,2,0
2018-05-06 05:47:07,98,r/bestof,3,2018-05-06 10:08:59,2,2,12,0
2018-05-06 05:47:07,98,r/bestof,3,2018-05-06 10:45:44,3,0,5,0
2018-05-06 05:47:07,98,r/bestof,3,2018-05-06 12:56:23,3,0,2,0
2018-05-06 05:47:07,98,r/bestof,3,2018-05-06 12:15:51,1,1,7,0
2018-05-06 05:47:07,98,r/bestof,3,2018-05-06 14:01:16,2,0,1,0
2018-05-06 05:47:07,98,r/bestof,3,2018-05-06 12:57:50,1,1,4,0
2018-05-06 05:47:07,98,r/bestof,3,2018-05-06 14:03:21,2,0,2,0
2018-05-06 05:47:07,98,r/bestof,3,2018-05-06 11:49:53,1,0,6,0
2018-05-06 05:47:07,98,r/bestof,3,2018-05-06 12:11:23,1,0,3,0
2018-05-06 05:47:07,98,r/bestof,4,2018-05-06 11:51:53,0,3,50,0
2018-05-06 05:47:07,98,r/bestof,4,2018-05-06 12:28:49,1,1,36,0
2018-05-06 05:47:07,98,r/bestof,4,2018-05-06 13:01:28,2,2,23,0
2018-05-06 05:47:07,98,r/bestof,4,2018-05-06 14:35:09,3,1,9,0
2018-05-06 05:47:07,98,r/bestof,4,2018-05-06 14:53:06,4,0,0,0
2018-05-06 05:47:07,98,r/bestof,4,2018-05-06 14:56:05,3,0,1,0
2018-05-06 05:47:07,98,r/bestof,4,2018-05-06 13:17:38,1,0,3,0
2018-05-06 05:47:07,98,r/bestof,4,2018-05-06 13:52:09,1,1,2,0
2018-05-06 05:47:07,98,r/bestof,4,2018-05-06 14:24:18,2,0,2,0
2018-05-06 05:47:07,98,r/bestof,5,2018-05-06 10:10:40,0,1,42,0
2018-05-06 05:47:07,98,r/bestof,5,2018-05-06 10:14:22,1,2,55,0
2018-05-06 05:47:07,98,r/bestof,5,2018-05-06 11:07:41,2,0,30,0
2018-05-06 05:47:07,98,r/bestof,5,2018-05-06 13:28:31,2,0,4,0
2018-05-06 05:47:07,98,r/bestof,6,2018-05-06 09:59:36,0,0,30,0
2018-05-06 05:47:07,98,r/bestof,7,2018-05-06 13:02:05,0,1,11,0
2018-05-06 05:47:07,98,r/bestof,7,2018-05-06 14:04:54,1,0,0,0
2018-05-06 05:47:07,98,r/bestof,8,2018-05-06 13:04:44,0,1,7,0
2018-05-06 05:47:07,98,r/bestof,8,2018-05-06 13:17:51,1,0,6,0
2018-05-06 05:47:07,98,r/bestof,9,2018-05-06 14:32:14,0,0,2,0
2018-05-06 05:47:07,98,r/bestof,10,2018-05-06 14:50:59,0,0,1,0
2018-05-06 05:47:07,98,r/bestof,11,2018-05-06 14:00:44,0,0,0,0
2018-05-06 05:47:07,98,r/bestof,12,2018-05-06 06:26:14,0,4,-60,0
2018-05-06 05:47:07,98,r/bestof,12,2018-05-06 10:12:15,1,2,80,0
2018-05-06 05:47:07,98,r/bestof,12,2018-05-06 11:56:39,2,1,8,0
2018-05-06 05:47:07,98,r/bestof,12,2018-05-06 12:29:49,3,0,2,0
2018-05-06 05:47:07,98,r/bestof,12,2018-05-06 12:24:26,2,0,1,0
2018-05-06 05:47:07,98,r/bestof,12,2018-05-06 11:13:55,1,0,23,0
2018-05-06 05:47:07,98,r/bestof,12,2018-05-06 08:33:05,1,0,13,0
2018-05-06 05:47:07,98,r/bestof,12,2018-05-06 13:08:46,1,0,-1,0
2018-05-06 08:39:29,99,r/EngineeringPorn,0,2018-05-06 09:21:21,0,3,101,0
2018-05-06 08:39:29,99,r/EngineeringPorn,0,2018-05-06 10:36:00,1,2,35,0
2018-05-06 08:39:29,99,r/EngineeringPorn,0,2018-05-06 10:47:51,2,2,112,0
2018-05-06 08:39:29,99,r/EngineeringPorn,0,2018-05-06 11:02:07,3,2,85,0
2018-05-06 08:39:29,99,r/EngineeringPorn,0,2018-05-06 11:40:30,4,1,17,0
2018-05-06 08:39:29,99,r/EngineeringPorn,0,2018-05-06 12:21:40,5,0,4,0
2018-05-06 08:39:29,99,r/EngineeringPorn,0,2018-05-06 14:25:09,4,0,5,0
2018-05-06 08:39:29,99,r/EngineeringPorn,0,2018-05-06 13:30:04,3,2,9,0
2018-05-06 08:39:29,99,r/EngineeringPorn,0,2018-05-06 13:42:31,4,2,5,0
2018-05-06 08:39:29,99,r/EngineeringPorn,0,2018-05-06 14:40:58,5,1,1,0
2018-05-06 08:39:29,99,r/EngineeringPorn,0,2018-05-06 14:50:42,6,1,2,0
2018-05-06 08:39:29,99,r/EngineeringPorn,0,2018-05-06 14:52:33,7,0,1,0
2018-05-06 08:39:29,99,r/EngineeringPorn,0,2018-05-06 14:05:48,5,0,1,0
2018-05-06 08:39:29,99,r/EngineeringPorn,0,2018-05-06 13:32:08,4,1,3,0
2018-05-06 08:39:29,99,r/EngineeringPorn,0,2018-05-06 13:33:36,5,1,-3,0
2018-05-06 08:39:29,99,r/EngineeringPorn,0,2018-05-06 14:19:25,6,0,3,0
2018-05-06 08:39:29,99,r/EngineeringPorn,0,2018-05-06 13:57:04,2,0,5,0
2018-05-06 08:39:29,99,r/EngineeringPorn,0,2018-05-06 13:46:00,1,0,4,0
2018-05-06 08:39:29,99,r/EngineeringPorn,0,2018-05-06 15:08:18,1,0,1,0
2018-05-06 08:39:29,99,r/EngineeringPorn,1,2018-05-06 11:32:00,0,1,27,0
2018-05-06 08:39:29,99,r/EngineeringPorn,1,2018-05-06 12:04:11,1,1,18,0
2018-05-06 08:39:29,99,r/EngineeringPorn,1,2018-05-06 14:26:32,2,0,4,0
2018-05-06 08:39:29,99,r/EngineeringPorn,2,2018-05-06 11:35:53,0,3,14,0
2018-05-06 08:39:29,99,r/EngineeringPorn,2,2018-05-06 13:02:10,1,0,15,0
2018-05-06 08:39:29,99,r/EngineeringPorn,2,2018-05-06 14:23:47,1,1,3,0
2018-05-06 08:39:29,99,r/EngineeringPorn,2,2018-05-06 14:51:07,2,1,2,0
2018-05-06 08:39:29,99,r/EngineeringPorn,2,2018-05-06 14:59:27,3,1,1,0
2018-05-06 08:39:29,99,r/EngineeringPorn,2,2018-05-06 15:08:00,4,1,1,0
2018-05-06 08:39:29,99,r/EngineeringPorn,2,2018-05-06 15:09:26,5,0,1,0
2018-05-06 08:39:29,99,r/EngineeringPorn,2,2018-05-06 14:30:07,1,0,3,0
2018-05-06 08:39:29,99,r/EngineeringPorn,3,2018-05-06 10:03:08,0,2,8,0
2018-05-06 08:39:29,99,r/EngineeringPorn,3,2018-05-06 10:20:25,1,2,23,0
2018-05-06 08:39:29,99,r/EngineeringPorn,3,2018-05-06 11:06:27,2,3,5,0
2018-05-06 08:39:29,99,r/EngineeringPorn,3,2018-05-06 11:49:59,3,1,9,0
2018-05-06 08:39:29,99,r/EngineeringPorn,3,2018-05-06 11:58:26,4,0,2,0
2018-05-06 08:39:29,99,r/EngineeringPorn,3,2018-05-06 11:38:18,3,0,4,0
2018-05-06 08:39:29,99,r/EngineeringPorn,3,2018-05-06 13:44:29,3,0,2,0
2018-05-06 08:39:29,99,r/EngineeringPorn,3,2018-05-06 12:51:47,2,0,5,0
2018-05-06 08:39:29,99,r/EngineeringPorn,3,2018-05-06 11:45:58,1,1,3,0
2018-05-06 08:39:29,99,r/EngineeringPorn,3,2018-05-06 14:31:01,2,0,2,0
2018-05-06 08:39:29,99,r/EngineeringPorn,4,2018-05-06 09:52:17,0,1,6,0
2018-05-06 08:39:29,99,r/EngineeringPorn,4,2018-05-06 13:42:49,1,1,9,0
2018-05-06 08:39:29,99,r/EngineeringPorn,4,2018-05-06 14:42:21,2,1,3,0
2018-05-06 08:39:29,99,r/EngineeringPorn,4,2018-05-06 14:51:38,3,0,2,0
2018-05-06 08:39:29,99,r/EngineeringPorn,5,2018-05-06 12:06:55,0,1,3,0
2018-05-06 08:39:29,99,r/EngineeringPorn,5,2018-05-06 14:43:20,1,0,1,0
2018-05-06 08:39:29,99,r/EngineeringPorn,6,2018-05-06 09:15:44,0,0,3,0
2018-05-06 08:39:29,99,r/EngineeringPorn,7,2018-05-06 12:41:23,0,0,3,0
2018-05-06 08:39:29,99,r/EngineeringPorn,8,2018-05-06 12:19:28,0,3,3,0
2018-05-06 08:39:29,99,r/EngineeringPorn,8,2018-05-06 12:28:56,1,1,8,0
2018-05-06 08:39:29,99,r/EngineeringPorn,8,2018-05-06 12:30:05,2,0,5,0
2018-05-06 08:39:29,99,r/EngineeringPorn,8,2018-05-06 13:26:43,1,1,4,0
2018-05-06 08:39:29,99,r/EngineeringPorn,8,2018-05-06 15:07:24,2,0,1,0
2018-05-06 08:39:29,99,r/EngineeringPorn,8,2018-05-06 14:45:55,1,2,2,0
2018-05-06 08:39:29,99,r/EngineeringPorn,8,2018-05-06 15:06:26,2,0,1,0
2018-05-06 08:39:29,99,r/EngineeringPorn,8,2018-05-06 14:55:04,2,1,-1,0
2018-05-06 08:39:29,99,r/EngineeringPorn,8,2018-05-06 15:03:46,3,0,2,0
2018-05-06 08:39:29,99,r/EngineeringPorn,9,2018-05-06 12:51:24,0,0,1,0
2018-05-06 08:39:29,99,r/EngineeringPorn,10,2018-05-06 13:23:50,0,2,1,0
2018-05-06 08:39:29,99,r/EngineeringPorn,10,2018-05-06 13:46:05,1,0,3,0
2018-05-06 08:39:29,99,r/EngineeringPorn,10,2018-05-06 13:47:11,1,0,2,0
2018-05-06 08:39:29,99,r/EngineeringPorn,11,2018-05-06 13:42:49,0,0,1,0
2018-05-06 08:39:29,99,r/EngineeringPorn,12,2018-05-06 13:57:32,0,1,1,0
2018-05-06 08:39:29,99,r/EngineeringPorn,12,2018-05-06 14:44:54,1,0,1,0
2018-05-06 08:39:29,99,r/EngineeringPorn,13,2018-05-06 14:27:50,0,0,1,0
2018-05-06 08:39:29,99,r/EngineeringPorn,14,2018-05-06 14:47:23,0,0,1,0
2018-05-06 08:39:29,99,r/EngineeringPorn,15,2018-05-06 14:50:11,0,0,1,0
2018-05-06 08:39:29,99,r/EngineeringPorn,16,2018-05-06 15:08:30,0,0,1,0
2018-05-06 11:54:18,100,r/MostBeautiful,0,2018-05-06 13:52:50,0,0,4,0
2018-05-06 11:54:18,100,r/MostBeautiful,1,2018-05-06 11:55:36,0,0,5,0
2018-05-06 11:54:18,100,r/MostBeautiful,2,2018-05-06 14:19:37,0,0,2,0
2018-05-06 11:54:18,100,r/MostBeautiful,3,2018-05-06 14:56:57,0,1,2,0
2018-05-06 11:54:18,100,r/MostBeautiful,3,2018-05-06 15:07:57,1,0,1,0
2018-05-06 11:54:18,100,r/MostBeautiful,4,2018-05-06 14:56:08,0,0,1,0
2018-05-06 11:54:18,100,r/MostBeautiful,5,2018-05-06 13:27:23,0,0,0,0
